9.638164304713360053e+00,9.638164304713360053e+00
2.537675622568068334e+00,2.537675622568068334e+00
6.156548565062929690e+00,6.156548565062929690e+00
4.573119414752619072e+00,4.573119414752619072e+00
9.864005795797432086e+00,9.864005795797432086e+00
3.196961824907438743e+00,3.196961824907438743e+00
6.983322016725113102e+00,6.983322016725113102e+00
1.481308535354272093e+00,1.481308535354272093e+00
6.969435216280816192e+00,6.969435216280816192e+00
8.940409058098406803e+00,8.940409058098406803e+00
6.598385642107114535e+00,6.598385642107114535e+00
4.452581129060160237e+00,4.452581129060160237e+00
5.646828075392476443e+00,5.646828075392476443e+00
3.599054591073298504e+00,3.599054591073298504e+00
4.733502482292292868e+00,4.733502482292292868e+00
2.329865981765785410e+00,2.329865981765785410e+00
8.316275458251976005e+00,8.316275458251976005e+00
5.003780484060047051e+00,5.003780484060047051e+00
7.125063083998175451e+00,7.125063083998175451e+00
3.658233489999048960e+00,3.658233489999048960e+00
9.909011021484609216e+00,9.909011021484609216e+00
7.678891919972493874e+00,7.678891919972493874e+00
5.366835788460318390e+00,5.366835788460318390e+00
7.447062081373187148e+00,7.447062081373187148e+00
4.610892385313182906e+00,4.610892385313182906e+00
4.603808916007690044e+00,4.603808916007690044e+00
1.003666586326308874e+01,1.003666586326308874e+01
7.819334825341530681e+00,7.819334825341530681e+00
6.336019112872822490e+00,6.336019112872822490e+00
3.506846865453161044e+00,3.506846865453161044e+00
4.096009195722527529e+00,4.096009195722527529e+00
4.362988345147807756e+00,4.362988345147807756e+00
6.077749248159431517e+00,6.077749248159431517e+00
6.268586203334981732e+00,6.268586203334981732e+00
4.903740180801889004e+00,4.903740180801889004e+00
7.455898452719487146e+00,7.455898452719487146e+00
3.726033665460083188e+00,3.726033665460083188e+00
5.986546180029848507e+00,5.986546180029848507e+00
9.455136274406436669e+00,9.455136274406436669e+00
3.617241776959671196e+00,3.617241776959671196e+00
2.628470400025994635e+00,2.628470400025994635e+00
2.595350194992312787e+00,2.595350194992312787e+00
6.132826176804293539e+00,6.132826176804293539e+00
1.000569591233514899e+01,1.000569591233514899e+01
7.756022958619807284e+00,7.756022958619807284e+00
6.149419449978363872e+00,6.149419449978363872e+00
3.626806350292067105e+00,3.626806350292067105e+00
5.648797376934536985e+00,5.648797376934536985e+00
6.012892528266799097e+00,6.012892528266799097e+00
8.354296778401888446e+00,8.354296778401888446e+00
4.545704994076877448e+00,4.545704994076877448e+00
5.206239729067732469e+00,5.206239729067732469e+00
8.849365986030189646e+00,8.849365986030189646e+00
8.975226725286457707e+00,8.975226725286457707e+00
2.115067489089759167e+00,2.115067489089759167e+00
5.811825450915735658e+00,5.811825450915735658e+00
4.745306774144690820e+00,4.745306774144690820e+00
2.477241314331986022e-01,2.477241314331986022e-01
5.414122860629626999e+00,5.414122860629626999e+00
4.886251167437575482e+00,4.886251167437575482e+00
5.488677423765851771e+00,5.488677423765851771e+00
5.338623332557942192e+00,5.338623332557942192e+00
7.393629038037868639e+00,7.393629038037868639e+00
5.553243944008809052e+00,5.553243944008809052e+00
5.873698239074151672e+00,5.873698239074151672e+00
2.742151092095340914e+00,2.742151092095340914e+00
6.387785322651191144e+00,6.387785322651191144e+00
5.223400957202330552e+00,5.223400957202330552e+00
5.086163876268728679e+00,5.086163876268728679e+00
9.343680026206472533e+00,9.343680026206472533e+00
5.955854932045513195e+00,5.955854932045513195e+00
6.280061334108002491e+00,6.280061334108002491e+00
9.302431922234657424e-01,9.302431922234657424e-01
7.172624892333880453e+00,7.172624892333880453e+00
4.035475557821080805e+00,4.035475557821080805e+00
2.552951180200117243e+00,2.552951180200117243e+00
9.837819556638567775e+00,9.837819556638567775e+00
5.075569840870713278e+00,5.075569840870713278e+00
4.764558768057419513e+00,4.764558768057419513e+00
7.187666009737659678e+00,7.187666009737659678e+00
8.037780239119154402e+00,8.037780239119154402e+00
7.941787253513758138e+00,7.941787253513758138e+00
4.080118429158674509e+00,4.080118429158674509e+00
7.950734881421716693e+00,7.950734881421716693e+00
5.236857109584831527e+00,5.236857109584831527e+00
7.000418560260984080e+00,7.000418560260984080e+00
1.157839205602701149e+01,1.157839205602701149e+01
9.918477366292826058e-01,9.918477366292826058e-01
1.418792993482550280e+00,1.418792993482550280e+00
1.111060533130164174e+01,1.111060533130164174e+01
5.528639047752234248e+00,5.528639047752234248e+00
4.288365211578835101e+00,4.288365211578835101e+00
1.218547668174026910e+01,1.218547668174026910e+01
7.344713620953308819e+00,7.344713620953308819e+00
6.738451354997833320e+00,6.738451354997833320e+00
5.456284990252109779e+00,5.456284990252109779e+00
3.229889371536236009e+00,3.229889371536236009e+00
9.400092530874781360e+00,9.400092530874781360e+00
6.683447837236876410e+00,6.683447837236876410e+00
4.625396671176220664e+00,4.625396671176220664e+00
8.286716790064160065e+00,8.286716790064160065e+00
5.081117849403639752e+00,5.081117849403639752e+00
5.893642362714803795e+00,5.893642362714803795e+00
1.746640934122852151e+00,1.746640934122852151e+00
6.146643290414335326e+00,6.146643290414335326e+00
8.856397048563712460e+00,8.856397048563712460e+00
4.170400238299148299e+00,4.170400238299148299e+00
1.125479291431965301e+01,1.125479291431965301e+01
5.268231187679350391e+00,5.268231187679350391e+00
2.914284342117734905e+00,2.914284342117734905e+00
7.754639071443486742e+00,7.754639071443486742e+00
5.027383040963166572e+00,5.027383040963166572e+00
3.635372469675494322e+00,3.635372469675494322e+00
1.221833036100097480e+01,1.221833036100097480e+01
7.464312444816957104e+00,7.464312444816957104e+00
6.497751782149022937e+00,6.497751782149022937e+00
7.446419195234048161e+00,7.446419195234048161e+00
2.464802707479830435e+00,2.464802707479830435e+00
8.363222562628612522e+00,8.363222562628612522e+00
7.379745663375453013e+00,7.379745663375453013e+00
7.687529297643549420e+00,7.687529297643549420e+00
6.809767448789696864e+00,6.809767448789696864e+00
6.814150469247484132e+00,6.814150469247484132e+00
8.669468562622268948e+00,8.669468562622268948e+00
5.310088246482015606e+00,5.310088246482015606e+00
4.767012641108021143e+00,4.767012641108021143e+00
7.130209461309064523e+00,7.130209461309064523e+00
3.297868867243788138e+00,3.297868867243788138e+00
8.406915110067680885e+00,8.406915110067680885e+00
9.755608404098934372e+00,9.755608404098934372e+00
3.592402674662600326e+00,3.592402674662600326e+00
4.278095271508225217e+00,4.278095271508225217e+00
4.608288499860869081e+00,4.608288499860869081e+00
6.317814053548628017e+00,6.317814053548628017e+00
4.735740178582806159e+00,4.735740178582806159e+00
8.679197162558258682e+00,8.679197162558258682e+00
2.217762464879016626e+00,2.217762464879016626e+00
8.179912069422170973e+00,8.179912069422170973e+00
7.361836597716219011e+00,7.361836597716219011e+00
8.576702984119163986e+00,8.576702984119163986e+00
4.589294502702973233e+00,4.589294502702973233e+00
1.178337217453042740e+01,1.178337217453042740e+01
3.575544266113835690e+00,3.575544266113835690e+00
5.136358408134216624e+00,5.136358408134216624e+00
4.274605253883664524e+00,4.274605253883664524e+00
3.950716890242188750e+00,3.950716890242188750e+00
8.006353336514807850e+00,8.006353336514807850e+00
3.667094396825536506e+00,3.667094396825536506e+00
8.424284998612082020e+00,8.424284998612082020e+00
2.900036604184651701e+00,2.900036604184651701e+00
6.827329789879159172e+00,6.827329789879159172e+00
6.309249115390406004e+00,6.309249115390406004e+00
5.062350585169101969e+00,5.062350585169101969e+00
5.684630178765081254e+00,5.684630178765081254e+00
4.269004780454543457e+00,4.269004780454543457e+00
8.022729965427780385e+00,8.022729965427780385e+00
7.808195175484093475e+00,7.808195175484093475e+00
3.836911048723977480e+00,3.836911048723977480e+00
3.865815675134864904e+00,3.865815675134864904e+00
1.076236467559749954e+01,1.076236467559749954e+01
6.058255824670156997e+00,6.058255824670156997e+00
7.278336211787677534e+00,7.278336211787677534e+00
1.660209111353883493e+00,1.660209111353883493e+00
4.588821599056709388e+00,4.588821599056709388e+00
1.171547894449270544e+01,1.171547894449270544e+01
6.548046371090197937e+00,6.548046371090197937e+00
5.900347088887127001e+00,5.900347088887127001e+00
5.938225702110043080e+00,5.938225702110043080e+00
4.656351824462922728e+00,4.656351824462922728e+00
4.333240673708250945e+00,4.333240673708250945e+00
5.344395078517403697e+00,5.344395078517403697e+00
5.587433228765503301e+00,5.587433228765503301e+00
6.191924958960579595e+00,6.191924958960579595e+00
7.904786240455931257e+00,7.904786240455931257e+00
5.603096183121980545e+00,5.603096183121980545e+00
9.461990605348191252e+00,9.461990605348191252e+00
7.814532512258300478e+00,7.814532512258300478e+00
6.111323675856386473e+00,6.111323675856386473e+00
3.083462335813226929e+00,3.083462335813226929e+00
7.641314555138003506e+00,7.641314555138003506e+00
2.457435414311373023e+00,2.457435414311373023e+00
8.086060044997392282e+00,8.086060044997392282e+00
5.033052090040719406e+00,5.033052090040719406e+00
8.455780723888668859e+00,8.455780723888668859e+00
6.375533393239745550e+00,6.375533393239745550e+00
3.907953480154888304e+00,3.907953480154888304e+00
4.883945071995968057e+00,4.883945071995968057e+00
6.439919934204630714e+00,6.439919934204630714e+00
7.733233333933908327e+00,7.733233333933908327e+00
1.090905455346541331e+01,1.090905455346541331e+01
7.349110799169332076e+00,7.349110799169332076e+00
3.937736007147158546e+00,3.937736007147158546e+00
1.090065008851614436e+01,1.090065008851614436e+01
5.176595133783598257e+00,5.176595133783598257e+00
7.676503146373196529e+00,7.676503146373196529e+00
2.203054899367675290e+00,2.203054899367675290e+00
6.028221044090387615e+00,6.028221044090387615e+00
7.603946281929653495e+00,7.603946281929653495e+00
9.548731410182163870e+00,9.548731410182163870e+00
3.394825864257520198e+00,3.394825864257520198e+00
3.168777757771453540e+00,3.168777757771453540e+00
7.984409776212196164e+00,7.984409776212196164e+00
6.869031390430318851e+00,6.869031390430318851e+00
8.210910792432388305e+00,8.210910792432388305e+00
6.840374699684240056e+00,6.840374699684240056e+00
3.865402381690923761e+00,3.865402381690923761e+00
4.528223430745295985e+00,4.528223430745295985e+00
1.013413597669473987e+01,1.013413597669473987e+01
4.831883617615961413e+00,4.831883617615961413e+00
6.207737397442015137e+00,6.207737397442015137e+00
5.725194615374582519e+00,5.725194615374582519e+00
6.059197839810944508e+00,6.059197839810944508e+00
4.284420863906493793e+00,4.284420863906493793e+00
7.173493061275642901e+00,7.173493061275642901e+00
8.011236996043388459e+00,8.011236996043388459e+00
8.538121171005519372e+00,8.538121171005519372e+00
5.721976789463970370e+00,5.721976789463970370e+00
5.806173328396832645e+00,5.806173328396832645e+00
8.236669528244712879e+00,8.236669528244712879e+00
5.733314683745042828e+00,5.733314683745042828e+00
6.379535077204872451e+00,6.379535077204872451e+00
6.388051395741431548e+00,6.388051395741431548e+00
5.464705466980912085e+00,5.464705466980912085e+00
7.717773013418303130e+00,7.717773013418303130e+00
5.266390321918182238e+00,5.266390321918182238e+00
2.412229204263528271e+00,2.412229204263528271e+00
6.431388361154123601e+00,6.431388361154123601e+00
6.840879981304849977e+00,6.840879981304849977e+00
7.073031844503240961e+00,7.073031844503240961e+00
5.533010888551615380e+00,5.533010888551615380e+00
2.941230798325365381e+00,2.941230798325365381e+00
3.782127977798215857e-01,3.782127977798215857e-01
8.686916673235327124e+00,8.686916673235327124e+00
3.512284889781335462e+00,3.512284889781335462e+00
8.751276627951789067e+00,8.751276627951789067e+00
4.791424346200165552e+00,4.791424346200165552e+00
2.028976641218893207e+00,2.028976641218893207e+00
5.075679214565423258e+00,5.075679214565423258e+00
4.628850135896534823e+00,4.628850135896534823e+00
6.064392508000755910e+00,6.064392508000755910e+00
7.155300603984386498e+00,7.155300603984386498e+00
-3.347773107004118343e-01,-3.347773107004118343e-01
1.486626232559523197e+00,1.486626232559523197e+00
5.998948604741016766e+00,5.998948604741016766e+00
6.266955885735644216e+00,6.266955885735644216e+00
7.044053421764867373e+00,7.044053421764867373e+00
7.580065624486915787e+00,7.580065624486915787e+00
2.461264964498586227e+00,2.461264964498586227e+00
5.214618365418425938e+00,5.214618365418425938e+00
3.285954048238830527e+00,3.285954048238830527e+00
7.573948379643157480e+00,7.573948379643157480e+00
8.154905657640281191e+00,8.154905657640281191e+00
8.394032192684353078e+00,8.394032192684353078e+00
1.127837566325668917e+01,1.127837566325668917e+01
5.433524476271693437e+00,5.433524476271693437e+00
8.094918590524713409e+00,8.094918590524713409e+00
1.045118561459090500e+01,1.045118561459090500e+01
4.077518357571519481e+00,4.077518357571519481e+00
6.418769418019516948e+00,6.418769418019516948e+00
4.321419499412235687e+00,4.321419499412235687e+00
2.848494467191955426e-01,2.848494467191955426e-01
5.313886953449862283e+00,5.313886953449862283e+00
5.025333421634052833e+00,5.025333421634052833e+00
7.422007620685281637e+00,7.422007620685281637e+00
5.002755338514800698e+00,5.002755338514800698e+00
6.027795010602192249e+00,6.027795010602192249e+00
8.783571301496660766e+00,8.783571301496660766e+00
6.180638395199846258e+00,6.180638395199846258e+00
7.158776827716220481e+00,7.158776827716220481e+00
2.619005795657699309e+00,2.619005795657699309e+00
7.899428513127793039e-01,7.899428513127793039e-01
4.475612376799965375e+00,4.475612376799965375e+00
1.026558615867868340e+01,1.026558615867868340e+01
6.525335115497679972e+00,6.525335115497679972e+00
9.189368365506172864e+00,9.189368365506172864e+00
9.520622862712755818e+00,9.520622862712755818e+00
4.130957303814671633e+00,4.130957303814671633e+00
5.788475678498198107e+00,5.788475678498198107e+00
8.679393328335660129e+00,8.679393328335660129e+00
2.656217089620239946e+00,2.656217089620239946e+00
-1.206369754992541843e+00,-1.206369754992541843e+00
3.870428543383280129e+00,3.870428543383280129e+00
2.687200428898594673e+00,2.687200428898594673e+00
5.105657006959469335e+00,5.105657006959469335e+00
5.694056988708663170e+00,5.694056988708663170e+00
7.005658498131504430e+00,7.005658498131504430e+00
6.167145111488061993e+00,6.167145111488061993e+00
4.673729437239712681e+00,4.673729437239712681e+00
4.256443808052535083e+00,4.256443808052535083e+00
8.320565112754579218e+00,8.320565112754579218e+00
6.212755188249074578e+00,6.212755188249074578e+00
4.653732556406444232e+00,4.653732556406444232e+00
3.971008774606477054e+00,3.971008774606477054e+00
8.841257812020629103e+00,8.841257812020629103e+00
7.079267934638828308e+00,7.079267934638828308e+00
7.365615754543267890e+00,7.365615754543267890e+00
4.342637860198569122e+00,4.342637860198569122e+00
4.803949977158010753e+00,4.803949977158010753e+00
1.128019293487922070e+01,1.128019293487922070e+01
7.955817366905026056e+00,7.955817366905026056e+00
7.500757825616312324e+00,7.500757825616312324e+00
5.936532567595210530e+00,5.936532567595210530e+00
5.516871260110817410e+00,5.516871260110817410e+00
7.567810903630600272e+00,7.567810903630600272e+00
4.946390137049836433e+00,4.946390137049836433e+00
6.959574065267466914e+00,6.959574065267466914e+00
1.038518717650182843e+01,1.038518717650182843e+01
6.228328788466807708e+00,6.228328788466807708e+00
1.490026061227358589e+00,1.490026061227358589e+00
8.224185168875459695e+00,8.224185168875459695e+00
5.430562823349903034e+00,5.430562823349903034e+00
2.535360216249032295e+00,2.535360216249032295e+00
4.174336059119264419e+00,4.174336059119264419e+00
6.411699713564666503e+00,6.411699713564666503e+00
7.155115759291853728e+00,7.155115759291853728e+00
8.939258552229627952e+00,8.939258552229627952e+00
4.668446273735541219e+00,4.668446273735541219e+00
8.939439762612609641e+00,8.939439762612609641e+00
5.766583670006420803e+00,5.766583670006420803e+00
6.999879676401281614e+00,6.999879676401281614e+00
4.205700815178500029e+00,4.205700815178500029e+00
5.855250335351898983e+00,5.855250335351898983e+00
7.611767661314231326e+00,7.611767661314231326e+00
9.264821102860956614e+00,9.264821102860956614e+00
6.744038350989363551e+00,6.744038350989363551e+00
2.960934177220126529e+00,2.960934177220126529e+00
9.126385307888227771e+00,9.126385307888227771e+00
7.477659484329750583e+00,7.477659484329750583e+00
6.790019453526656257e+00,6.790019453526656257e+00
1.045874817418985003e+01,1.045874817418985003e+01
7.260535526924673633e+00,7.260535526924673633e+00
8.983784185382159393e+00,8.983784185382159393e+00
7.354074782890922535e+00,7.354074782890922535e+00
6.387753982914953887e+00,6.387753982914953887e+00
4.296024938294444873e+00,4.296024938294444873e+00
5.365096757036100783e+00,5.365096757036100783e+00
7.318689310859642916e+00,7.318689310859642916e+00
6.529791595007750971e+00,6.529791595007750971e+00
8.852136541761373323e+00,8.852136541761373323e+00
8.063270242038997893e+00,8.063270242038997893e+00
9.104381574988803294e+00,9.104381574988803294e+00
1.926968359216854054e+00,1.926968359216854054e+00
4.067016991400507209e+00,4.067016991400507209e+00
2.445227271366101629e+00,2.445227271366101629e+00
7.170615404310233920e+00,7.170615404310233920e+00
2.980405834243123664e+00,2.980405834243123664e+00
6.549293481939881367e+00,6.549293481939881367e+00
5.591188465818665243e+00,5.591188465818665243e+00
4.818687564536672241e+00,4.818687564536672241e+00
4.869966375976678030e+00,4.869966375976678030e+00
4.536849071974299541e+00,4.536849071974299541e+00
5.585620112486561872e+00,5.585620112486561872e+00
1.029024500003912657e+01,1.029024500003912657e+01
9.259224862274896495e+00,9.259224862274896495e+00
8.165672814629143517e+00,8.165672814629143517e+00
1.909638431238558365e+00,1.909638431238558365e+00
8.191906489267918090e+00,8.191906489267918090e+00
4.768316836303412742e+00,4.768316836303412742e+00
6.087968013245596666e+00,6.087968013245596666e+00
1.018520084751205168e+01,1.018520084751205168e+01
7.276752067363772447e+00,7.276752067363772447e+00
5.112535468125274818e+00,5.112535468125274818e+00
3.868612739557094837e+00,3.868612739557094837e+00
4.200771249298278498e+00,4.200771249298278498e+00
9.551229106400526803e+00,9.551229106400526803e+00
6.113290979810569681e+00,6.113290979810569681e+00
8.619264334873918187e+00,8.619264334873918187e+00
3.356982750488570311e+00,3.356982750488570311e+00
7.125123750562909031e+00,7.125123750562909031e+00
8.153067175965428959e+00,8.153067175965428959e+00
4.551371884982240879e+00,4.551371884982240879e+00
6.182113244946709329e+00,6.182113244946709329e+00
8.120516810486311243e+00,8.120516810486311243e+00
2.668296992654132893e+00,2.668296992654132893e+00
3.915175686119849008e+00,3.915175686119849008e+00
7.260933855503869161e+00,7.260933855503869161e+00
1.766741616820179273e+00,1.766741616820179273e+00
5.730693688647150452e+00,5.730693688647150452e+00
3.614003195624754028e+00,3.614003195624754028e+00
7.525638189194875594e+00,7.525638189194875594e+00
8.108635920084122262e+00,8.108635920084122262e+00
7.969292064093848715e+00,7.969292064093848715e+00
5.740562863748262856e+00,5.740562863748262856e+00
5.646653307857288695e+00,5.646653307857288695e+00
4.551726570442579778e+00,4.551726570442579778e+00
7.328951295463140170e+00,7.328951295463140170e+00
4.999784027254815300e+00,4.999784027254815300e+00
9.302319273920184983e+00,9.302319273920184983e+00
3.580255906275681799e+00,3.580255906275681799e+00
5.766982479515695204e+00,5.766982479515695204e+00
5.197597126149072544e+00,5.197597126149072544e+00
5.309575382335690819e+00,5.309575382335690819e+00
2.911184951633420948e+00,2.911184951633420948e+00
7.401178314215139942e+00,7.401178314215139942e+00
1.746168142803155909e+00,1.746168142803155909e+00
4.449485827068703436e+00,4.449485827068703436e+00
5.166967138197103182e+00,5.166967138197103182e+00
6.104789601026666901e+00,6.104789601026666901e+00
4.662642755516644755e+00,4.662642755516644755e+00
5.752569942770250577e+00,5.752569942770250577e+00
6.886503173336862460e+00,6.886503173336862460e+00
4.205625336240757406e+00,4.205625336240757406e+00
5.874168671027133470e+00,5.874168671027133470e+00
4.205843629511255344e+00,4.205843629511255344e+00
5.090062692058991978e+00,5.090062692058991978e+00
6.100962337467007224e+00,6.100962337467007224e+00
7.579211687837541511e+00,7.579211687837541511e+00
6.092472395110052119e+00,6.092472395110052119e+00
7.688590827105184822e+00,7.688590827105184822e+00
7.138092588853848675e+00,7.138092588853848675e+00
6.061304926118896041e+00,6.061304926118896041e+00
5.805136831956647647e+00,5.805136831956647647e+00
4.125720004822824194e+00,4.125720004822824194e+00
5.481560196515665950e+00,5.481560196515665950e+00
4.517525591022554465e+00,4.517525591022554465e+00
9.466630305591323236e+00,9.466630305591323236e+00
5.227749187684564980e+00,5.227749187684564980e+00
3.163107207957176925e+00,3.163107207957176925e+00
3.801718347745690618e+00,3.801718347745690618e+00
5.411609224044504174e+00,5.411609224044504174e+00
4.597690204044426743e+00,4.597690204044426743e+00
6.234168769101382512e-01,6.234168769101382512e-01
7.230433756072714324e+00,7.230433756072714324e+00
5.442516619372104181e+00,5.442516619372104181e+00
4.136528238771184363e+00,4.136528238771184363e+00
3.134542410381035982e+00,3.134542410381035982e+00
7.432389573155402829e+00,7.432389573155402829e+00
8.852374969519093639e+00,8.852374969519093639e+00
8.425304291312396998e+00,8.425304291312396998e+00
5.446348605874608673e+00,5.446348605874608673e+00
6.918663925385244440e+00,6.918663925385244440e+00
4.915894896270056158e+00,4.915894896270056158e+00
2.874045178589691218e+00,2.874045178589691218e+00
4.951333029849144474e+00,4.951333029849144474e+00
2.912382209558931123e+00,2.912382209558931123e+00
4.983825502775115268e+00,4.983825502775115268e+00
5.422915202030275772e+00,5.422915202030275772e+00
8.449566879049264401e+00,8.449566879049264401e+00
2.092191644448496923e+00,2.092191644448496923e+00
5.391611452818190209e+00,5.391611452818190209e+00
4.057765204087925071e+00,4.057765204087925071e+00
7.768576088309066208e+00,7.768576088309066208e+00
6.402829820415752771e+00,6.402829820415752771e+00
6.268668042190673972e+00,6.268668042190673972e+00
9.313957285647738615e+00,9.313957285647738615e+00
6.803449220193865443e+00,6.803449220193865443e+00
2.030224351709195574e+00,2.030224351709195574e+00
5.557915862185820899e+00,5.557915862185820899e+00
5.008456563582977417e+00,5.008456563582977417e+00
8.031150390432207686e+00,8.031150390432207686e+00
6.823276409961178679e+00,6.823276409961178679e+00
6.486271807377388399e+00,6.486271807377388399e+00
6.930129251884741493e+00,6.930129251884741493e+00
4.950401480997896897e+00,4.950401480997896897e+00
6.878222825644920491e+00,6.878222825644920491e+00
5.173696177083015435e+00,5.173696177083015435e+00
4.479866496977972012e+00,4.479866496977972012e+00
5.539326545899285748e+00,5.539326545899285748e+00
4.414518985480263780e+00,4.414518985480263780e+00
5.824197363119393955e+00,5.824197363119393955e+00
7.441388673970114276e+00,7.441388673970114276e+00
4.170255487115654525e+00,4.170255487115654525e+00
6.805082113018793066e+00,6.805082113018793066e+00
3.668544837472803799e+00,3.668544837472803799e+00
3.940755498622334319e+00,3.940755498622334319e+00
2.671353262426210406e+00,2.671353262426210406e+00
4.364853065270735577e+00,4.364853065270735577e+00
5.730168552694057560e+00,5.730168552694057560e+00
4.535653878633166158e+00,4.535653878633166158e+00
7.236636213304921128e+00,7.236636213304921128e+00
6.694066148358813528e+00,6.694066148358813528e+00
9.155714542468993855e+00,9.155714542468993855e+00
9.600382344449018390e+00,9.600382344449018390e+00
5.430645691973972511e+00,5.430645691973972511e+00
5.515442907898741254e+00,5.515442907898741254e+00
5.993509810831969986e+00,5.993509810831969986e+00
2.359324807694832327e+00,2.359324807694832327e+00
8.029318931805590864e+00,8.029318931805590864e+00
6.275384063495588194e+00,6.275384063495588194e+00
1.592625976871945293e+00,1.592625976871945293e+00
7.767082169094469357e+00,7.767082169094469357e+00
7.900940579745826753e+00,7.900940579745826753e+00
9.661488977136443168e+00,9.661488977136443168e+00
5.405842917730339536e+00,5.405842917730339536e+00
7.197843078311940701e+00,7.197843078311940701e+00
4.380963586218448391e+00,4.380963586218448391e+00
7.893596745744400955e+00,7.893596745744400955e+00
3.214089349451985100e+00,3.214089349451985100e+00
1.063097902172368325e+00,1.063097902172368325e+00
7.893619949034214045e-01,7.893619949034214045e-01
6.075478105631412440e+00,6.075478105631412440e+00
8.960622898482554888e+00,8.960622898482554888e+00
5.673409828658254384e+00,5.673409828658254384e+00
7.909606365618895296e+00,7.909606365618895296e+00
6.294610527175011683e+00,6.294610527175011683e+00
8.649405947771503733e+00,8.649405947771503733e+00
7.206404447145410508e+00,7.206404447145410508e+00
4.136110877402932928e+00,4.136110877402932928e+00
4.162453037599589400e+00,4.162453037599589400e+00
5.445880794654397450e-01,5.445880794654397450e-01
5.711284029823591624e+00,5.711284029823591624e+00
5.298662215954501598e+00,5.298662215954501598e+00
3.608584626636652359e+00,3.608584626636652359e+00
4.397881514523618307e+00,4.397881514523618307e+00
7.677615744459562741e+00,7.677615744459562741e+00
4.053911967377175074e+00,4.053911967377175074e+00
6.636140350651581699e+00,6.636140350651581699e+00
6.348329616700974398e+00,6.348329616700974398e+00
6.899318241784205163e+00,6.899318241784205163e+00
3.565611276131195329e+00,3.565611276131195329e+00
4.228858217335756287e+00,4.228858217335756287e+00
-3.033351529231987920e-01,-3.033351529231987920e-01
6.279444009417463057e+00,6.279444009417463057e+00
9.338402726956800848e+00,9.338402726956800848e+00
4.506383269912250356e+00,4.506383269912250356e+00
6.505863825457258720e+00,6.505863825457258720e+00
6.367347492025388966e+00,6.367347492025388966e+00
6.258726910959333978e+00,6.258726910959333978e+00
1.587110528198241388e+00,1.587110528198241388e+00
6.463763632328659803e+00,6.463763632328659803e+00
6.274909199321512254e+00,6.274909199321512254e+00
3.108512749884384974e+00,3.108512749884384974e+00
6.346128036481158752e+00,6.346128036481158752e+00
4.785407215294215533e+00,4.785407215294215533e+00
4.995271086155378626e+00,4.995271086155378626e+00
4.950423109772036590e+00,4.950423109772036590e+00
6.902886847740386855e+00,6.902886847740386855e+00
8.540749828474115901e+00,8.540749828474115901e+00
7.282222934141014292e+00,7.282222934141014292e+00
5.135390512266935659e+00,5.135390512266935659e+00
5.596424642902148250e+00,5.596424642902148250e+00
1.018806950355417307e+01,1.018806950355417307e+01
5.998313389353228331e+00,5.998313389353228331e+00
3.975744902921160673e+00,3.975744902921160673e+00
8.379412650431723009e+00,8.379412650431723009e+00
4.455093405689249941e+00,4.455093405689249941e+00
8.360887179627976451e+00,8.360887179627976451e+00
4.065555871496698614e+00,4.065555871496698614e+00
6.019617170592734823e+00,6.019617170592734823e+00
7.049033155346947410e+00,7.049033155346947410e+00
5.191986099011320022e+00,5.191986099011320022e+00
6.230713695452992695e+00,6.230713695452992695e+00
5.092435364349186422e+00,5.092435364349186422e+00
7.703849546147656824e+00,7.703849546147656824e+00
7.893521050707210662e+00,7.893521050707210662e+00
7.408745358187005081e+00,7.408745358187005081e+00
5.641887016952003009e+00,5.641887016952003009e+00
5.172477496054760593e+00,5.172477496054760593e+00
5.549406322349614840e+00,5.549406322349614840e+00
7.205426702555976171e+00,7.205426702555976171e+00
2.585727432444591134e+00,2.585727432444591134e+00
4.559230732097580230e+00,4.559230732097580230e+00
7.905946307836954290e+00,7.905946307836954290e+00
8.293770121186371469e+00,8.293770121186371469e+00
5.725491468981956267e+00,5.725491468981956267e+00
5.456589654211953189e+00,5.456589654211953189e+00
6.658482233668906680e+00,6.658482233668906680e+00
7.131413894751347016e+00,7.131413894751347016e+00
6.584650676594952401e+00,6.584650676594952401e+00
3.399751655840709041e+00,3.399751655840709041e+00
8.705654245198592989e+00,8.705654245198592989e+00
8.055270141439835996e+00,8.055270141439835996e+00
9.400429740465543915e+00,9.400429740465543915e+00
6.235865512490357254e+00,6.235865512490357254e+00
4.731849781296683766e+00,4.731849781296683766e+00
3.991089904967620505e+00,3.991089904967620505e+00
8.712404549980909962e+00,8.712404549980909962e+00
6.826364948041423020e+00,6.826364948041423020e+00
1.182926492355410097e+01,1.182926492355410097e+01
7.961075260669047360e+00,7.961075260669047360e+00
9.710263906804751599e+00,9.710263906804751599e+00
6.299981406582306320e+00,6.299981406582306320e+00
6.920267433245028688e-01,6.920267433245028688e-01
9.117451234246358283e+00,9.117451234246358283e+00
2.216861673089104201e+00,2.216861673089104201e+00
7.326710115530985057e+00,7.326710115530985057e+00
7.465177219220903382e+00,7.465177219220903382e+00
5.494418075309726035e+00,5.494418075309726035e+00
1.963624160162076304e+00,1.963624160162076304e+00
9.026720893521952505e+00,9.026720893521952505e+00
7.209415382554895224e+00,7.209415382554895224e+00
3.922788109391239786e+00,3.922788109391239786e+00
7.457050434997804622e+00,7.457050434997804622e+00
9.847936859535337817e+00,9.847936859535337817e+00
6.537070647176349780e+00,6.537070647176349780e+00
4.521406159524000046e+00,4.521406159524000046e+00
5.775790753129372845e+00,5.775790753129372845e+00
7.008677549981685573e+00,7.008677549981685573e+00
7.888880957138003858e+00,7.888880957138003858e+00
8.363030218175548924e+00,8.363030218175548924e+00
8.894735348454060997e+00,8.894735348454060997e+00
4.034037022290227981e+00,4.034037022290227981e+00
1.041634304685932833e+01,1.041634304685932833e+01
7.665573220636898277e+00,7.665573220636898277e+00
7.913626239931164541e+00,7.913626239931164541e+00
6.201421939764906632e+00,6.201421939764906632e+00
5.127401870458086819e+00,5.127401870458086819e+00
9.401886721795285951e+00,9.401886721795285951e+00
6.070791108031637684e+00,6.070791108031637684e+00
7.797800194734533008e+00,7.797800194734533008e+00
5.233860352103865132e+00,5.233860352103865132e+00
7.837845844377165250e+00,7.837845844377165250e+00
4.335474269293485783e+00,4.335474269293485783e+00
7.021340369922684843e+00,7.021340369922684843e+00
5.716819195287033750e+00,5.716819195287033750e+00
1.002670857363337298e+01,1.002670857363337298e+01
2.460931932648576126e+00,2.460931932648576126e+00
7.704895943912014822e+00,7.704895943912014822e+00
6.633386179715780706e+00,6.633386179715780706e+00
4.693546521098997282e+00,4.693546521098997282e+00
5.293394971090971346e+00,5.293394971090971346e+00
5.525748590246386094e+00,5.525748590246386094e+00
4.312492193555552689e+00,4.312492193555552689e+00
9.819265368118763604e+00,9.819265368118763604e+00
8.087995216704799262e+00,8.087995216704799262e+00
2.905331180704989968e+00,2.905331180704989968e+00
1.106989840992197438e+00,1.106989840992197438e+00
4.358890518758913757e+00,4.358890518758913757e+00
5.244091898184207956e+00,5.244091898184207956e+00
5.330827568171441655e+00,5.330827568171441655e+00
2.436852636310223197e+00,2.436852636310223197e+00
7.268039884696067432e+00,7.268039884696067432e+00
5.802987300484122812e+00,5.802987300484122812e+00
8.805008874969107779e+00,8.805008874969107779e+00
6.820327524116946982e+00,6.820327524116946982e+00
8.399699143434492754e+00,8.399699143434492754e+00
4.521683875606128389e+00,4.521683875606128389e+00
7.302294861930620051e+00,7.302294861930620051e+00
6.395806245999811068e+00,6.395806245999811068e+00
5.723901481863400420e+00,5.723901481863400420e+00
2.743587322599808864e+00,2.743587322599808864e+00
9.185892348883088587e+00,9.185892348883088587e+00
7.553835186911740607e+00,7.553835186911740607e+00
6.531662416745207089e+00,6.531662416745207089e+00
4.498626621459670183e+00,4.498626621459670183e+00
6.144943192021334433e+00,6.144943192021334433e+00
5.720962678104998922e+00,5.720962678104998922e+00
5.362106712064175440e+00,5.362106712064175440e+00
9.819188134134322343e-01,9.819188134134322343e-01
1.070952413876719511e+01,1.070952413876719511e+01
4.707622548188562739e+00,4.707622548188562739e+00
7.297652892535843705e+00,7.297652892535843705e+00
7.527050626633698727e+00,7.527050626633698727e+00
6.321030107937587239e+00,6.321030107937587239e+00
3.861551614450641878e+00,3.861551614450641878e+00
5.139391378785691522e+00,5.139391378785691522e+00
5.060324386634314386e+00,5.060324386634314386e+00
7.471523591547359011e+00,7.471523591547359011e+00
4.342361637531702456e+00,4.342361637531702456e+00
7.330659443303026990e+00,7.330659443303026990e+00
6.123274428896028354e+00,6.123274428896028354e+00
7.107569505802279863e+00,7.107569505802279863e+00
6.308443237359282918e+00,6.308443237359282918e+00
4.375017177040009919e+00,4.375017177040009919e+00
6.765415631816884989e+00,6.765415631816884989e+00
4.572438713134457267e+00,4.572438713134457267e+00
2.984001271340179784e+00,2.984001271340179784e+00
8.188310953869006426e+00,8.188310953869006426e+00
7.895729779181965391e+00,7.895729779181965391e+00
5.591845267909472117e-01,5.591845267909472117e-01
6.386194055617248289e+00,6.386194055617248289e+00
5.001408079673206331e+00,5.001408079673206331e+00
3.241263938687228396e+00,3.241263938687228396e+00
3.661672105401510890e+00,3.661672105401510890e+00
7.309366947289665184e+00,7.309366947289665184e+00
3.116245846968370703e+00,3.116245846968370703e+00
7.700692084672175142e+00,7.700692084672175142e+00
4.925518182472007567e+00,4.925518182472007567e+00
3.559435314783820914e+00,3.559435314783820914e+00
4.801922430560022548e+00,4.801922430560022548e+00
-1.140700356608261856e+00,-1.140700356608261856e+00
7.366502208249444905e+00,7.366502208249444905e+00
5.257235308843243082e+00,5.257235308843243082e+00
7.017180871863113900e+00,7.017180871863113900e+00
4.729002636357344080e+00,4.729002636357344080e+00
8.439125964620100007e+00,8.439125964620100007e+00
8.017981591955980036e+00,8.017981591955980036e+00
6.483964417851982631e+00,6.483964417851982631e+00
6.747966200929806035e+00,6.747966200929806035e+00
7.679021719117159250e+00,7.679021719117159250e+00
6.170151767492115802e+00,6.170151767492115802e+00
5.905101812896149660e+00,5.905101812896149660e+00
3.089361479903971475e+00,3.089361479903971475e+00
6.355899744671730467e+00,6.355899744671730467e+00
9.436985882852500396e+00,9.436985882852500396e+00
5.918832463101807662e+00,5.918832463101807662e+00
7.852577680487888401e+00,7.852577680487888401e+00
9.622455832225316641e+00,9.622455832225316641e+00
7.996716290107041658e+00,7.996716290107041658e+00
7.412445363027385881e+00,7.412445363027385881e+00
9.329364926972955274e+00,9.329364926972955274e+00
9.640030254142301303e+00,9.640030254142301303e+00
5.338736722208657248e+00,5.338736722208657248e+00
4.810056927916411595e+00,4.810056927916411595e+00
6.160774971879766859e+00,6.160774971879766859e+00
5.517873055677537053e+00,5.517873055677537053e+00
6.930600288052628066e+00,6.930600288052628066e+00
9.955231994400287832e+00,9.955231994400287832e+00
5.295801844539296255e+00,5.295801844539296255e+00
6.058297374770104327e+00,6.058297374770104327e+00
6.158072434171257825e+00,6.158072434171257825e+00
4.842119432569918835e+00,4.842119432569918835e+00
5.283802852909401437e+00,5.283802852909401437e+00
1.141695526814100603e+01,1.141695526814100603e+01
8.844004189079765155e+00,8.844004189079765155e+00
5.829998674015165250e+00,5.829998674015165250e+00
6.133075907482915312e+00,6.133075907482915312e+00
8.893192120487357855e+00,8.893192120487357855e+00
6.721218132564744430e+00,6.721218132564744430e+00
6.452699425239165620e+00,6.452699425239165620e+00
5.370413142816214958e+00,5.370413142816214958e+00
4.656603099533189294e+00,4.656603099533189294e+00
2.656525321646002524e+00,2.656525321646002524e+00
7.420350994419528945e+00,7.420350994419528945e+00
9.400146867352223268e+00,9.400146867352223268e+00
8.286719887591701195e+00,8.286719887591701195e+00
3.943591672965066408e+00,3.943591672965066408e+00
5.240590642384511888e+00,5.240590642384511888e+00
3.227816349067601287e+00,3.227816349067601287e+00
5.800620144276572354e+00,5.800620144276572354e+00
5.401518261271179178e+00,5.401518261271179178e+00
6.595930445849207402e+00,6.595930445849207402e+00
1.056903710609003078e+01,1.056903710609003078e+01
7.483511299452683119e+00,7.483511299452683119e+00
2.300111508585906073e+00,2.300111508585906073e+00
5.353233460719446057e+00,5.353233460719446057e+00
3.484558921062784975e+00,3.484558921062784975e+00
3.010618072009528134e+00,3.010618072009528134e+00
5.354699371202361391e+00,5.354699371202361391e+00
6.477916291827293449e+00,6.477916291827293449e+00
1.222649829458698534e+01,1.222649829458698534e+01
6.106712204991403325e+00,6.106712204991403325e+00
6.085907204378138147e+00,6.085907204378138147e+00
7.836065280179079551e+00,7.836065280179079551e+00
8.115355470881850053e+00,8.115355470881850053e+00
2.281524427691365098e+00,2.281524427691365098e+00
7.184816773057387529e+00,7.184816773057387529e+00
4.270206286995980705e+00,4.270206286995980705e+00
3.285248029726313135e+00,3.285248029726313135e+00
1.139910050805417008e+01,1.139910050805417008e+01
5.199689719963975776e+00,5.199689719963975776e+00
5.739932855835244929e+00,5.739932855835244929e+00
5.135742851741040838e+00,5.135742851741040838e+00
5.114718358893417083e+00,5.114718358893417083e+00
8.015663038857438139e+00,8.015663038857438139e+00
7.930832446561065119e+00,7.930832446561065119e+00
7.452222619016396266e+00,7.452222619016396266e+00
5.237667451855910095e+00,5.237667451855910095e+00
9.053809387034002398e+00,9.053809387034002398e+00
7.200065640775488163e+00,7.200065640775488163e+00
5.006490320829775520e+00,5.006490320829775520e+00
9.072918856292888634e+00,9.072918856292888634e+00
5.064236009496398516e+00,5.064236009496398516e+00
4.051265826444770290e+00,4.051265826444770290e+00
4.426151366594686110e+00,4.426151366594686110e+00
5.605230679770913049e+00,5.605230679770913049e+00
7.108086386849850058e+00,7.108086386849850058e+00
3.497520237420818301e+00,3.497520237420818301e+00
7.483350529181645783e+00,7.483350529181645783e+00
8.096153297379645508e+00,8.096153297379645508e+00
4.343138398805711731e+00,4.343138398805711731e+00
9.981489633578169318e+00,9.981489633578169318e+00
7.481968588314385826e+00,7.481968588314385826e+00
4.053221558635226707e+00,4.053221558635226707e+00
3.744688639104330363e+00,3.744688639104330363e+00
4.744498926656665283e+00,4.744498926656665283e+00
5.758615467178350045e+00,5.758615467178350045e+00
4.435438957282698880e+00,4.435438957282698880e+00
5.815914274643111170e+00,5.815914274643111170e+00
4.890312378107861235e+00,4.890312378107861235e+00
1.966115234196865735e+00,1.966115234196865735e+00
6.956884917596542373e+00,6.956884917596542373e+00
7.536699136035919011e+00,7.536699136035919011e+00
7.115326143484645094e+00,7.115326143484645094e+00
7.313300528581812010e+00,7.313300528581812010e+00
7.695807737963084705e+00,7.695807737963084705e+00
3.477997423368674568e+00,3.477997423368674568e+00
8.478426539528157946e+00,8.478426539528157946e+00
4.346680859835832855e+00,4.346680859835832855e+00
3.553379616864953849e+00,3.553379616864953849e+00
1.091952075596190674e+00,1.091952075596190674e+00
8.074724971605771628e+00,8.074724971605771628e+00
8.618582009311495540e+00,8.618582009311495540e+00
1.309695299818343983e+00,1.309695299818343983e+00
9.412340549199869955e+00,9.412340549199869955e+00
7.283126755783289497e+00,7.283126755783289497e+00
5.723479551715373148e+00,5.723479551715373148e+00
1.044256009367001425e+01,1.044256009367001425e+01
7.293151315362196740e+00,7.293151315362196740e+00
7.818576977961177121e+00,7.818576977961177121e+00
1.119262719214519031e+01,1.119262719214519031e+01
5.612492757989106629e+00,5.612492757989106629e+00
6.584074931158204080e+00,6.584074931158204080e+00
4.853421901858688159e+00,4.853421901858688159e+00
7.203814622909797016e+00,7.203814622909797016e+00
2.128674361986159447e+00,2.128674361986159447e+00
5.553977023094077481e+00,5.553977023094077481e+00
4.810871501990982679e+00,4.810871501990982679e+00
4.471624927009656858e+00,4.471624927009656858e+00
6.199558693055380765e+00,6.199558693055380765e+00
2.432917732812842626e+00,2.432917732812842626e+00
4.011013011221347568e+00,4.011013011221347568e+00
9.203680500678613541e+00,9.203680500678613541e+00
6.442710539802790848e+00,6.442710539802790848e+00
7.124044270189655137e+00,7.124044270189655137e+00
7.338568729806801194e+00,7.338568729806801194e+00
5.480703543665186750e+00,5.480703543665186750e+00
4.760214003952147443e+00,4.760214003952147443e+00
7.559565784294315804e+00,7.559565784294315804e+00
3.014270493634906956e+00,3.014270493634906956e+00
8.676900670039412233e+00,8.676900670039412233e+00
4.271468186138969614e+00,4.271468186138969614e+00
5.976473883858829161e+00,5.976473883858829161e+00
1.044628637740497545e+01,1.044628637740497545e+01
6.899598937913737018e+00,6.899598937913737018e+00
5.794620200680042466e+00,5.794620200680042466e+00
7.250897769025047346e+00,7.250897769025047346e+00
5.694641562281352876e+00,5.694641562281352876e+00
7.469938580479945855e+00,7.469938580479945855e+00
8.126904563773340584e+00,8.126904563773340584e+00
2.458763301534597545e+00,2.458763301534597545e+00
8.735393180110022637e-01,8.735393180110022637e-01
5.383261043118874767e+00,5.383261043118874767e+00
4.418949051970140651e+00,4.418949051970140651e+00
4.108748616246780117e+00,4.108748616246780117e+00
4.976959238201333235e+00,4.976959238201333235e+00
5.326952498426648752e+00,5.326952498426648752e+00
5.948071354238997799e+00,5.948071354238997799e+00
8.211215041062990494e+00,8.211215041062990494e+00
1.130976501104351684e+01,1.130976501104351684e+01
3.426356249081142114e+00,3.426356249081142114e+00
5.108063732486523456e+00,5.108063732486523456e+00
3.453976573441790432e+00,3.453976573441790432e+00
4.495480916198866694e+00,4.495480916198866694e+00
6.604821211570778949e+00,6.604821211570778949e+00
3.021855961892198739e+00,3.021855961892198739e+00
7.704819062661903750e+00,7.704819062661903750e+00
3.177091895192099003e+00,3.177091895192099003e+00
2.502698924038432526e+00,2.502698924038432526e+00
6.735438162608464729e+00,6.735438162608464729e+00
1.008203147185014714e+01,1.008203147185014714e+01
7.941575101615140575e+00,7.941575101615140575e+00
3.397453180622687086e+00,3.397453180622687086e+00
8.756322169966257007e+00,8.756322169966257007e+00
5.334891833409969308e+00,5.334891833409969308e+00
6.392459350873353152e+00,6.392459350873353152e+00
6.459785499393533748e+00,6.459785499393533748e+00
1.964284654383671835e+00,1.964284654383671835e+00
6.739085148345437482e+00,6.739085148345437482e+00
8.789590416508909598e+00,8.789590416508909598e+00
3.365462702628910563e+00,3.365462702628910563e+00
7.062094578372326126e+00,7.062094578372326126e+00
6.037813825527146072e+00,6.037813825527146072e+00
9.612836308469816515e+00,9.612836308469816515e+00
7.050897035082716258e+00,7.050897035082716258e+00
7.942506204131220215e+00,7.942506204131220215e+00
6.772498269393078196e+00,6.772498269393078196e+00
7.570510157640257809e+00,7.570510157640257809e+00
7.244191552384908306e+00,7.244191552384908306e+00
7.622454919363167214e+00,7.622454919363167214e+00
5.741897055968798291e+00,5.741897055968798291e+00
4.493019448190834986e+00,4.493019448190834986e+00
4.863579227650756565e+00,4.863579227650756565e+00
3.577299185328986386e+00,3.577299185328986386e+00
1.128843682642421342e+01,1.128843682642421342e+01
1.172274415938627712e+01,1.172274415938627712e+01
8.738378274903300991e+00,8.738378274903300991e+00
8.007261117315453092e+00,8.007261117315453092e+00
7.227332177331837748e+00,7.227332177331837748e+00
9.306838126117536802e+00,9.306838126117536802e+00
4.709440431054041198e+00,4.709440431054041198e+00
6.926066031319372485e+00,6.926066031319372485e+00
8.919013050902920625e+00,8.919013050902920625e+00
7.558400403045514082e+00,7.558400403045514082e+00
5.966736109677512445e+00,5.966736109677512445e+00
2.024824901849395786e+00,2.024824901849395786e+00
8.138956080559649919e+00,8.138956080559649919e+00
5.374436550376429977e+00,5.374436550376429977e+00
8.552282986732421932e+00,8.552282986732421932e+00
3.608013345369558422e+00,3.608013345369558422e+00
3.582008973691947595e+00,3.582008973691947595e+00
5.990806829459959459e+00,5.990806829459959459e+00
4.463694277585358305e-01,4.463694277585358305e-01
5.229966491598319500e+00,5.229966491598319500e+00
9.659834995693229232e+00,9.659834995693229232e+00
4.596805138347411557e+00,4.596805138347411557e+00
7.095480119252600915e+00,7.095480119252600915e+00
2.160428947080286655e+00,2.160428947080286655e+00
8.186398539500379101e+00,8.186398539500379101e+00
9.670298842471940493e-01,9.670298842471940493e-01
-1.333093427240414464e+00,-1.333093427240414464e+00
7.571115715946881153e+00,7.571115715946881153e+00
5.673384358909715708e+00,5.673384358909715708e+00
7.755443416287461034e+00,7.755443416287461034e+00
6.850189992752892643e+00,6.850189992752892643e+00
9.043101531541662297e+00,9.043101531541662297e+00
6.683025745924197736e+00,6.683025745924197736e+00
4.693558974794700411e+00,4.693558974794700411e+00
8.222963713750374382e+00,8.222963713750374382e+00
5.831515601536848337e+00,5.831515601536848337e+00
4.558616818350416544e+00,4.558616818350416544e+00
7.823573237784037460e+00,7.823573237784037460e+00
9.123231383807288708e+00,9.123231383807288708e+00
3.302069892283494568e+00,3.302069892283494568e+00
7.264811123839804097e+00,7.264811123839804097e+00
6.168128071076365515e+00,6.168128071076365515e+00
8.626307193942915674e+00,8.626307193942915674e+00
5.126218297070954222e+00,5.126218297070954222e+00
7.666068490581182893e+00,7.666068490581182893e+00
6.024558397054516234e+00,6.024558397054516234e+00
6.403813635291707662e+00,6.403813635291707662e+00
9.994614325030886093e+00,9.994614325030886093e+00
4.099917031660537781e+00,4.099917031660537781e+00
3.932144112835538330e+00,3.932144112835538330e+00
6.570591302589955163e+00,6.570591302589955163e+00
6.754306524754103869e+00,6.754306524754103869e+00
4.022486538470698036e+00,4.022486538470698036e+00
5.752265141803972526e+00,5.752265141803972526e+00
8.136050302673554668e+00,8.136050302673554668e+00
4.275878367802391722e+00,4.275878367802391722e+00
4.197791384450485275e+00,4.197791384450485275e+00
4.465609423130034727e+00,4.465609423130034727e+00
9.781045783584517039e+00,9.781045783584517039e+00
5.676069874770221624e+00,5.676069874770221624e+00
6.228091612504620400e+00,6.228091612504620400e+00
5.002754256311934711e+00,5.002754256311934711e+00
9.217043461054990061e+00,9.217043461054990061e+00
5.908743742501491703e+00,5.908743742501491703e+00
4.273385929851095000e+00,4.273385929851095000e+00
1.462162569244188415e+00,1.462162569244188415e+00
4.053253230609760394e+00,4.053253230609760394e+00
8.895115320708422146e+00,8.895115320708422146e+00
6.495508006804715961e+00,6.495508006804715961e+00
6.608305278913083392e+00,6.608305278913083392e+00
1.054107347961506491e+01,1.054107347961506491e+01
3.518859819477747397e+00,3.518859819477747397e+00
3.831415804358635047e+00,3.831415804358635047e+00
7.583691983126131575e+00,7.583691983126131575e+00
6.929963313051769269e+00,6.929963313051769269e+00
6.803790855738640175e+00,6.803790855738640175e+00
7.385453295025143916e+00,7.385453295025143916e+00
4.285833392462385483e+00,4.285833392462385483e+00
9.670158636367181870e+00,9.670158636367181870e+00
1.025689322079556653e+01,1.025689322079556653e+01
6.495318534312157333e+00,6.495318534312157333e+00
7.983917148694725796e+00,7.983917148694725796e+00
5.027501206461695737e+00,5.027501206461695737e+00
3.912427033789021014e+00,3.912427033789021014e+00
5.306880971183593587e+00,5.306880971183593587e+00
5.927979892764337677e+00,5.927979892764337677e+00
7.508947022830956719e+00,7.508947022830956719e+00
4.877120073878222328e+00,4.877120073878222328e+00
5.058493652621331549e+00,5.058493652621331549e+00
7.769684066847369230e+00,7.769684066847369230e+00
3.019427493628044523e+00,3.019427493628044523e+00
8.342330987262133846e+00,8.342330987262133846e+00
3.224153732239479098e+00,3.224153732239479098e+00
6.594460024854626568e+00,6.594460024854626568e+00
1.006287908336171988e+01,1.006287908336171988e+01
3.181405149915763175e+00,3.181405149915763175e+00
4.100970469439034538e+00,4.100970469439034538e+00
7.837714998503669150e+00,7.837714998503669150e+00
5.098571048446434162e+00,5.098571048446434162e+00
9.167194503566935992e+00,9.167194503566935992e+00
7.493937568295629070e+00,7.493937568295629070e+00
5.457305360630163804e+00,5.457305360630163804e+00
5.077307869128123485e+00,5.077307869128123485e+00
4.257159686377683272e+00,4.257159686377683272e+00
5.372118289469340446e+00,5.372118289469340446e+00
5.915878371393428203e+00,5.915878371393428203e+00
1.005839510317521857e+01,1.005839510317521857e+01
9.649361360325883652e+00,9.649361360325883652e+00
6.110819924122064428e+00,6.110819924122064428e+00
4.517400271478005713e+00,4.517400271478005713e+00
2.547276435601808497e+00,2.547276435601808497e+00
8.968630098859179611e+00,8.968630098859179611e+00
6.413493068065172054e+00,6.413493068065172054e+00
1.007441500288593339e+01,1.007441500288593339e+01
1.054888373029563731e+01,1.054888373029563731e+01
6.477310595279852201e+00,6.477310595279852201e+00
7.324253073874145592e+00,7.324253073874145592e+00
4.607595964887130080e+00,4.607595964887130080e+00
4.457576476432487667e+00,4.457576476432487667e+00
7.158329829667657407e+00,7.158329829667657407e+00
1.036972804656130265e+01,1.036972804656130265e+01
7.314208927407497285e+00,7.314208927407497285e+00
8.251804482005013597e+00,8.251804482005013597e+00
5.029395736398067029e+00,5.029395736398067029e+00
7.894929616776980907e+00,7.894929616776980907e+00
2.249485422353979747e+00,2.249485422353979747e+00
5.714603298222712624e+00,5.714603298222712624e+00
1.215805204540234286e+01,1.215805204540234286e+01
9.522191493538661788e+00,9.522191493538661788e+00
8.236694818078982294e+00,8.236694818078982294e+00
-3.009849983515291427e-01,-3.009849983515291427e-01
6.994386938051451175e+00,6.994386938051451175e+00
2.442656440177087163e+00,2.442656440177087163e+00
1.006284152879075933e+01,1.006284152879075933e+01
5.869252511250619975e+00,5.869252511250619975e+00
7.296610376105244988e+00,7.296610376105244988e+00
3.777754137040572502e+00,3.777754137040572502e+00
6.997140716266002869e+00,6.997140716266002869e+00
3.498042617145702415e+00,3.498042617145702415e+00
4.894241704062498144e+00,4.894241704062498144e+00
4.378993332919577597e+00,4.378993332919577597e+00
8.734132597453882596e+00,8.734132597453882596e+00
3.573531231349227788e+00,3.573531231349227788e+00
1.055120251078609606e+01,1.055120251078609606e+01
8.151550314014796683e+00,8.151550314014796683e+00
4.889398306683087725e+00,4.889398306683087725e+00
3.503475210367999360e+00,3.503475210367999360e+00
4.329178166891314739e+00,4.329178166891314739e+00
1.200825411301242873e+01,1.200825411301242873e+01
9.910997093250399459e+00,9.910997093250399459e+00
8.452789519188903533e-01,8.452789519188903533e-01
2.053516251729829545e+00,2.053516251729829545e+00
4.482080295667268288e+00,4.482080295667268288e+00
9.377666920110913296e+00,9.377666920110913296e+00
8.323355341140363350e+00,8.323355341140363350e+00
6.722138672767452583e+00,6.722138672767452583e+00
8.166298335229587479e+00,8.166298335229587479e+00
1.496509649484174309e+00,1.496509649484174309e+00
4.607732881497199173e+00,4.607732881497199173e+00
7.420028534743297932e+00,7.420028534743297932e+00
1.484100046896312808e+00,1.484100046896312808e+00
3.975897506641495660e+00,3.975897506641495660e+00
8.562811700720036612e+00,8.562811700720036612e+00
5.553468630214114299e+00,5.553468630214114299e+00
4.075558781500018490e+00,4.075558781500018490e+00
2.565210953282845541e+00,2.565210953282845541e+00
2.954140486509488461e+00,2.954140486509488461e+00
7.156297885361880162e+00,7.156297885361880162e+00
7.519638138917551728e+00,7.519638138917551728e+00
6.119435811885456822e+00,6.119435811885456822e+00
8.063978024296295288e+00,8.063978024296295288e+00
6.292154776505769931e+00,6.292154776505769931e+00
6.693727643683972772e+00,6.693727643683972772e+00
9.153871435745589480e+00,9.153871435745589480e+00
5.830666850465824780e+00,5.830666850465824780e+00
7.280458982871694573e+00,7.280458982871694573e+00
6.346403527374849141e+00,6.346403527374849141e+00
3.154763312320977509e+00,3.154763312320977509e+00
4.218841700616619228e+00,4.218841700616619228e+00
1.170339977701475576e-01,1.170339977701475576e-01
9.530362885048621280e+00,9.530362885048621280e+00
4.827582162296890189e+00,4.827582162296890189e+00
4.928416725459523917e+00,4.928416725459523917e+00
2.989182190878718171e+00,2.989182190878718171e+00
7.518516849830287896e+00,7.518516849830287896e+00
5.144428443846352117e+00,5.144428443846352117e+00
7.950839838557746120e+00,7.950839838557746120e+00
4.635651672320005190e+00,4.635651672320005190e+00
5.913704457787826385e+00,5.913704457787826385e+00
2.382621372658995096e+00,2.382621372658995096e+00
5.948379151068809101e+00,5.948379151068809101e+00
7.147551981669800547e+00,7.147551981669800547e+00
5.507850033886143581e-01,5.507850033886143581e-01
3.708677941085625207e+00,3.708677941085625207e+00
7.416832861535200827e+00,7.416832861535200827e+00
8.107981766726437556e+00,8.107981766726437556e+00
1.196672987193181825e+01,1.196672987193181825e+01
4.629863252711817090e+00,4.629863252711817090e+00
3.774011444821787187e+00,3.774011444821787187e+00
5.139933565542590621e+00,5.139933565542590621e+00
5.746594577076871602e+00,5.746594577076871602e+00
4.932576703564983234e+00,4.932576703564983234e+00
7.148465395860179150e+00,7.148465395860179150e+00
7.503534343042898236e+00,7.503534343042898236e+00
6.410408002624385482e+00,6.410408002624385482e+00
7.321479851186932564e+00,7.321479851186932564e+00
8.927077541218132239e+00,8.927077541218132239e+00
5.008320086474789434e+00,5.008320086474789434e+00
7.769848551148549554e+00,7.769848551148549554e+00
1.910410518752557296e+00,1.910410518752557296e+00
5.316352991391747551e+00,5.316352991391747551e+00
3.779399490045705079e+00,3.779399490045705079e+00
3.970555857182047621e+00,3.970555857182047621e+00
5.163759462167463177e+00,5.163759462167463177e+00
7.179289467870233032e+00,7.179289467870233032e+00
8.082811128100003017e+00,8.082811128100003017e+00
7.956623826850997894e+00,7.956623826850997894e+00
8.981837211638881158e+00,8.981837211638881158e+00
3.011599139059026431e+00,3.011599139059026431e+00
5.493440245845812697e+00,5.493440245845812697e+00
7.908397819176657961e+00,7.908397819176657961e+00
4.931688741627244355e+00,4.931688741627244355e+00
5.909362013251968193e+00,5.909362013251968193e+00
3.425562665673121732e+00,3.425562665673121732e+00
8.732982234342753003e+00,8.732982234342753003e+00
8.519619401152418448e+00,8.519619401152418448e+00
6.018014707028899402e+00,6.018014707028899402e+00
2.949186879084394253e+00,2.949186879084394253e+00
5.402721753191463527e+00,5.402721753191463527e+00
5.195810823866259476e+00,5.195810823866259476e+00
7.804829494943886559e+00,7.804829494943886559e+00
5.508793088667260918e+00,5.508793088667260918e+00
1.587915051735090177e+00,1.587915051735090177e+00
1.016421110751605106e+01,1.016421110751605106e+01
7.415109292145643849e+00,7.415109292145643849e+00
3.883887926712560557e+00,3.883887926712560557e+00
4.884801703738374634e+00,4.884801703738374634e+00
6.435918439564124682e+00,6.435918439564124682e+00
6.609561719769162735e+00,6.609561719769162735e+00
7.441372043458260421e+00,7.441372043458260421e+00
6.305647342674899569e+00,6.305647342674899569e+00
5.763041762427069337e+00,5.763041762427069337e+00
2.798172337402236032e+00,2.798172337402236032e+00
6.049007994407187283e+00,6.049007994407187283e+00
6.845531789099597475e+00,6.845531789099597475e+00
9.209843753729344940e+00,9.209843753729344940e+00
4.240334788690903522e+00,4.240334788690903522e+00
6.017430781659773409e+00,6.017430781659773409e+00
6.799189792801669796e+00,6.799189792801669796e+00
2.674107172678644062e+00,2.674107172678644062e+00
9.236920169437446759e+00,9.236920169437446759e+00
6.353649338394781187e-01,6.353649338394781187e-01
7.986651722865295788e+00,7.986651722865295788e+00
5.481198211448814028e+00,5.481198211448814028e+00
7.052989218086607615e+00,7.052989218086607615e+00
7.907049708394342069e+00,7.907049708394342069e+00
8.075857088794741401e+00,8.075857088794741401e+00
6.519928897229388731e+00,6.519928897229388731e+00
6.871456191401806635e+00,6.871456191401806635e+00
4.327291493591378213e+00,4.327291493591378213e+00
9.070376104309570309e+00,9.070376104309570309e+00
5.849038506619337774e+00,5.849038506619337774e+00
6.924077132091710496e+00,6.924077132091710496e+00
1.022389525493077933e+00,1.022389525493077933e+00
7.491736037876683518e+00,7.491736037876683518e+00
1.157332721962653821e+01,1.157332721962653821e+01
1.167506315511945836e+01,1.167506315511945836e+01
2.668238311227887127e+00,2.668238311227887127e+00
7.705446610045798117e+00,7.705446610045798117e+00
4.674563037435754076e+00,4.674563037435754076e+00
7.905041797370483181e+00,7.905041797370483181e+00
6.641830794288534179e+00,6.641830794288534179e+00
6.247888185533962968e+00,6.247888185533962968e+00
4.412786472634744328e+00,4.412786472634744328e+00
5.720823528999583907e+00,5.720823528999583907e+00
4.182695054180294747e+00,4.182695054180294747e+00
3.125368664691056786e+00,3.125368664691056786e+00
9.070977730212828050e+00,9.070977730212828050e+00
3.184778863895555645e+00,3.184778863895555645e+00
2.972370843147476016e+00,2.972370843147476016e+00
5.601579522017785528e+00,5.601579522017785528e+00
2.386155058238982996e+00,2.386155058238982996e+00
8.987157665768876313e+00,8.987157665768876313e+00
7.120968900645728183e+00,7.120968900645728183e+00
3.884752464953437290e+00,3.884752464953437290e+00
3.409971861254056602e+00,3.409971861254056602e+00
5.257010634762968593e+00,5.257010634762968593e+00
6.344337883494213237e+00,6.344337883494213237e+00
3.199501379361398001e+00,3.199501379361398001e+00
5.304056147882561412e+00,5.304056147882561412e+00
6.370429933754135909e+00,6.370429933754135909e+00
1.012736771318911622e+01,1.012736771318911622e+01
7.855566148700700246e+00,7.855566148700700246e+00
8.184811699971385579e+00,8.184811699971385579e+00
6.485035804675572280e+00,6.485035804675572280e+00
7.880127195510167049e+00,7.880127195510167049e+00
6.317692628838472935e+00,6.317692628838472935e+00
6.965157792584812491e+00,6.965157792584812491e+00
4.952206730735600360e+00,4.952206730735600360e+00
8.553329486918324065e+00,8.553329486918324065e+00
4.023067670877978230e+00,4.023067670877978230e+00
9.240612644416858146e+00,9.240612644416858146e+00
6.243258743321483450e+00,6.243258743321483450e+00
6.973567572622790145e+00,6.973567572622790145e+00
5.991556584178666434e+00,5.991556584178666434e+00
6.684298873681199460e+00,6.684298873681199460e+00
4.892974777932836083e+00,4.892974777932836083e+00
7.571029055467668911e+00,7.571029055467668911e+00
8.402967142889552932e+00,8.402967142889552932e+00
8.711196146210575364e+00,8.711196146210575364e+00
6.748375504286036275e+00,6.748375504286036275e+00
5.456949715199885809e+00,5.456949715199885809e+00
3.809626235312111309e-01,3.809626235312111309e-01
4.409344925956132144e+00,4.409344925956132144e+00
8.214331512609259534e+00,8.214331512609259534e+00
4.677135157612117844e+00,4.677135157612117844e+00
2.889410507281484630e+00,2.889410507281484630e+00
4.138544306535112405e+00,4.138544306535112405e+00
1.089985720315981865e+01,1.089985720315981865e+01
1.968044927071290084e+00,1.968044927071290084e+00
7.846962901554807246e+00,7.846962901554807246e+00
1.100587985337773134e+01,1.100587985337773134e+01
3.609020480617651572e+00,3.609020480617651572e+00
6.324538245806667902e+00,6.324538245806667902e+00
9.607322147485636066e+00,9.607322147485636066e+00
6.904623452162535813e+00,6.904623452162535813e+00
3.147030958567876624e+00,3.147030958567876624e+00
4.505131933116818921e+00,4.505131933116818921e+00
5.565976103983400591e+00,5.565976103983400591e+00
2.481828755641987794e+00,2.481828755641987794e+00
4.912556467913996805e+00,4.912556467913996805e+00
8.223529181445895730e+00,8.223529181445895730e+00
3.357854601852902299e+00,3.357854601852902299e+00
1.012200283456939154e+01,1.012200283456939154e+01
6.417861422129073290e+00,6.417861422129073290e+00
5.008609297091701329e+00,5.008609297091701329e+00
4.093535666463331779e+00,4.093535666463331779e+00
5.912689982669201427e+00,5.912689982669201427e+00
4.597253146507007671e+00,4.597253146507007671e+00
4.134036200185978949e+00,4.134036200185978949e+00
4.770874418716855914e+00,4.770874418716855914e+00
7.211630076895815478e+00,7.211630076895815478e+00
4.209545497146983450e+00,4.209545497146983450e+00
2.536295648245335599e+00,2.536295648245335599e+00
6.847497587807736430e+00,6.847497587807736430e+00
8.672574824508954450e+00,8.672574824508954450e+00
6.716481343084016231e+00,6.716481343084016231e+00
1.065111217578407476e+01,1.065111217578407476e+01
6.772622839795185534e+00,6.772622839795185534e+00
5.334681419210413722e+00,5.334681419210413722e+00
6.305120400403851022e+00,6.305120400403851022e+00
4.435375514272281272e+00,4.435375514272281272e+00
5.187182517831695705e+00,5.187182517831695705e+00
8.036605238163303966e+00,8.036605238163303966e+00
5.103101075687927590e+00,5.103101075687927590e+00
3.703041094673308997e+00,3.703041094673308997e+00
2.996207198463429755e+00,2.996207198463429755e+00
8.562481178184794928e+00,8.562481178184794928e+00
5.357581728027863477e+00,5.357581728027863477e+00
3.086265799644093200e+00,3.086265799644093200e+00
5.205043955508067199e+00,5.205043955508067199e+00
5.920360035893436290e+00,5.920360035893436290e+00
3.750711791383679383e+00,3.750711791383679383e+00
6.471223232856205598e+00,6.471223232856205598e+00
4.505686145052124836e+00,4.505686145052124836e+00
6.287849252549049694e+00,6.287849252549049694e+00
7.262389832514923427e+00,7.262389832514923427e+00
2.163232439384215944e+00,2.163232439384215944e+00
4.188607369101998934e+00,4.188607369101998934e+00
3.710802755259234864e+00,3.710802755259234864e+00
8.182856806722329068e+00,8.182856806722329068e+00
8.613858946814094253e+00,8.613858946814094253e+00
8.300431799807542532e+00,8.300431799807542532e+00
5.674740458937804988e+00,5.674740458937804988e+00
7.921022182669762657e+00,7.921022182669762657e+00
5.730982063625194911e+00,5.730982063625194911e+00
6.011316065365379657e+00,6.011316065365379657e+00
6.415220168440693982e+00,6.415220168440693982e+00
2.982842147137671152e+00,2.982842147137671152e+00
6.452890669413159586e+00,6.452890669413159586e+00
6.797275269311853663e+00,6.797275269311853663e+00
1.157607793656888084e+01,1.157607793656888084e+01
9.185134800562392954e+00,9.185134800562392954e+00
9.344484370076134638e+00,9.344484370076134638e+00
8.269376890397358792e+00,8.269376890397358792e+00
5.841032853570085059e+00,5.841032853570085059e+00
3.305493302355059004e+00,3.305493302355059004e+00
4.551423451532208730e+00,4.551423451532208730e+00
3.046688001301866233e+00,3.046688001301866233e+00
9.615573259853713139e+00,9.615573259853713139e+00
3.361799647642694122e+00,3.361799647642694122e+00
4.007310377097718757e+00,4.007310377097718757e+00
1.049651776759351662e+01,1.049651776759351662e+01
4.367808127142987829e+00,4.367808127142987829e+00
4.474304941752618170e+00,4.474304941752618170e+00
8.291394184450396665e+00,8.291394184450396665e+00
3.312516777190421813e+00,3.312516777190421813e+00
2.676906510697055097e+00,2.676906510697055097e+00
3.399593100695969650e+00,3.399593100695969650e+00
8.371683450907896784e+00,8.371683450907896784e+00
6.083137285846677678e+00,6.083137285846677678e+00
5.105340904119195500e+00,5.105340904119195500e+00
3.588245976449409014e+00,3.588245976449409014e+00
5.675004526065623445e+00,5.675004526065623445e+00
1.727357781205240972e+00,1.727357781205240972e+00
4.197153697365643588e+00,4.197153697365643588e+00
3.775715738922793108e+00,3.775715738922793108e+00
3.789503699962996297e+00,3.789503699962996297e+00
6.879742580115581596e+00,6.879742580115581596e+00
5.448629175587218931e+00,5.448629175587218931e+00
6.711394077338127317e+00,6.711394077338127317e+00
7.277511223423679176e+00,7.277511223423679176e+00
4.750185783963181585e+00,4.750185783963181585e+00
7.685264541585864251e+00,7.685264541585864251e+00
6.552057612589961444e+00,6.552057612589961444e+00
6.285154177572749745e+00,6.285154177572749745e+00
4.628743207437584495e+00,4.628743207437584495e+00
7.042819250648046925e+00,7.042819250648046925e+00
3.770105502860308100e+00,3.770105502860308100e+00
4.143459874621791883e+00,4.143459874621791883e+00
1.220669956251191834e+01,1.220669956251191834e+01
8.016823583786427676e+00,8.016823583786427676e+00
7.004589949350124911e+00,7.004589949350124911e+00
1.522768197121411760e+00,1.522768197121411760e+00
4.800022921326284830e+00,4.800022921326284830e+00
5.265352502985396477e+00,5.265352502985396477e+00
1.984923954783397892e+00,1.984923954783397892e+00
8.960387833272310587e+00,8.960387833272310587e+00
2.965795485820133415e+00,2.965795485820133415e+00
5.582486004412335667e+00,5.582486004412335667e+00
5.664322747757370102e+00,5.664322747757370102e+00
6.052429921887338082e+00,6.052429921887338082e+00
4.444879577189108311e+00,4.444879577189108311e+00
4.146119179990595427e+00,4.146119179990595427e+00
6.991958398032925182e+00,6.991958398032925182e+00
5.351844982332019995e+00,5.351844982332019995e+00
1.083880286837476348e+01,1.083880286837476348e+01
8.440483335980692559e+00,8.440483335980692559e+00
8.149809582505302075e+00,8.149809582505302075e+00
9.401349839909286743e+00,9.401349839909286743e+00
4.191972616926666007e+00,4.191972616926666007e+00
6.677644114916185814e+00,6.677644114916185814e+00
5.939863183423192083e+00,5.939863183423192083e+00
6.320287814991767839e+00,6.320287814991767839e+00
5.843928845859342580e+00,5.843928845859342580e+00
5.524706046515329483e+00,5.524706046515329483e+00
1.021226736761589216e+01,1.021226736761589216e+01
2.962235855491937020e+00,2.962235855491937020e+00
2.565708670773628963e+00,2.565708670773628963e+00
3.326992815504538292e+00,3.326992815504538292e+00
7.784588880732448146e+00,7.784588880732448146e+00
1.015654624129671646e+01,1.015654624129671646e+01
9.583469193443695744e+00,9.583469193443695744e+00
5.165901279887716413e+00,5.165901279887716413e+00
7.946037092965363868e+00,7.946037092965363868e+00
4.109026627832663259e+00,4.109026627832663259e+00
2.828662232587289438e+00,2.828662232587289438e+00
7.271444186453464908e+00,7.271444186453464908e+00
1.535657638505401268e+00,1.535657638505401268e+00
7.424029217301800543e+00,7.424029217301800543e+00
7.465811989194194531e+00,7.465811989194194531e+00
4.871278128868376633e+00,4.871278128868376633e+00
6.311349248271859835e+00,6.311349248271859835e+00
4.468909002939925657e+00,4.468909002939925657e+00
3.393466773746478538e+00,3.393466773746478538e+00
7.309591979253086791e+00,7.309591979253086791e+00
6.196612210559594658e+00,6.196612210559594658e+00
6.941444417306817272e+00,6.941444417306817272e+00
5.450539279436742213e+00,5.450539279436742213e+00
4.867668505185028138e+00,4.867668505185028138e+00
7.374401335478910191e+00,7.374401335478910191e+00
6.264793784174001345e+00,6.264793784174001345e+00
8.805654386255435284e+00,8.805654386255435284e+00
4.781779719488502778e+00,4.781779719488502778e+00
9.156829882934001574e+00,9.156829882934001574e+00
6.190267653607280707e+00,6.190267653607280707e+00
9.323971988857230997e+00,9.323971988857230997e+00
1.133590599899155649e+01,1.133590599899155649e+01
8.697357144154816311e+00,8.697357144154816311e+00
7.941217599762266488e+00,7.941217599762266488e+00
6.154048341368571151e+00,6.154048341368571151e+00
3.026332962159368645e+00,3.026332962159368645e+00
6.353225789703818016e+00,6.353225789703818016e+00
4.483824169693162887e+00,4.483824169693162887e+00
7.827295207669358490e+00,7.827295207669358490e+00
4.152780968213919621e+00,4.152780968213919621e+00
2.977373986101902403e+00,2.977373986101902403e+00
1.496801653528445186e+00,1.496801653528445186e+00
8.668490858565588653e+00,8.668490858565588653e+00
5.200103217922225518e+00,5.200103217922225518e+00
3.898740079889180254e+00,3.898740079889180254e+00
8.166534590678693917e+00,8.166534590678693917e+00
3.982544238023205452e+00,3.982544238023205452e+00
5.596319198873308309e+00,5.596319198873308309e+00
5.297295206800001210e+00,5.297295206800001210e+00
5.939702492242435738e+00,5.939702492242435738e+00
4.677525559845070013e+00,4.677525559845070013e+00
5.134734325617328565e+00,5.134734325617328565e+00
1.186715842238491625e+01,1.186715842238491625e+01
5.210363653381508975e+00,5.210363653381508975e+00
8.724033132570626847e+00,8.724033132570626847e+00
6.608848343103167267e+00,6.608848343103167267e+00
1.024434657049711461e+01,1.024434657049711461e+01
6.532464751357759170e+00,6.532464751357759170e+00
7.075826860561821086e+00,7.075826860561821086e+00
4.710592642822162723e+00,4.710592642822162723e+00
8.789254939570849245e+00,8.789254939570849245e+00
5.448265412032066379e+00,5.448265412032066379e+00
3.231239177360331283e+00,3.231239177360331283e+00
8.891464662473762104e+00,8.891464662473762104e+00
5.517697304850927686e+00,5.517697304850927686e+00
1.157973309899707459e+01,1.157973309899707459e+01
4.653849023823836362e+00,4.653849023823836362e+00
5.354736393203244127e+00,5.354736393203244127e+00
5.153337514597122748e+00,5.153337514597122748e+00
9.503470052176592020e+00,9.503470052176592020e+00
3.397738563640602116e-01,3.397738563640602116e-01
6.200223381270369316e+00,6.200223381270369316e+00
5.143977131323864249e+00,5.143977131323864249e+00
7.388706342855921427e+00,7.388706342855921427e+00
8.330174774329927700e+00,8.330174774329927700e+00
5.261468813578313863e+00,5.261468813578313863e+00
3.321716797666343535e+00,3.321716797666343535e+00
1.030058005574169755e+01,1.030058005574169755e+01
6.623085117230925079e+00,6.623085117230925079e+00
8.523037996759363466e+00,8.523037996759363466e+00
4.077583388283969157e+00,4.077583388283969157e+00
8.548426814096483639e+00,8.548426814096483639e+00
6.193734353529931624e+00,6.193734353529931624e+00
3.700906610308929423e+00,3.700906610308929423e+00
1.560415492364287671e+00,1.560415492364287671e+00
2.464742457932781683e+00,2.464742457932781683e+00
4.354097011029740116e+00,4.354097011029740116e+00
1.319403848463468476e+00,1.319403848463468476e+00
7.123404497881356434e+00,7.123404497881356434e+00
5.974942728754992771e+00,5.974942728754992771e+00
7.440976979842254480e+00,7.440976979842254480e+00
2.320406085635261739e+00,2.320406085635261739e+00
6.290669568699462033e+00,6.290669568699462033e+00
5.679525340602760153e+00,5.679525340602760153e+00
1.040167539336785829e+01,1.040167539336785829e+01
8.883741786570421795e+00,8.883741786570421795e+00
6.087121367186510312e+00,6.087121367186510312e+00
7.117275171950327994e+00,7.117275171950327994e+00
5.051705296107364518e+00,5.051705296107364518e+00
2.552554567998545743e+00,2.552554567998545743e+00
6.575846527373580663e+00,6.575846527373580663e+00
1.088166181322962167e+01,1.088166181322962167e+01
5.575430993152344250e+00,5.575430993152344250e+00
6.632492803382338487e+00,6.632492803382338487e+00
7.130875147503480171e+00,7.130875147503480171e+00
3.829172047235170240e+00,3.829172047235170240e+00
5.972111437442737092e+00,5.972111437442737092e+00
7.718941057071412537e+00,7.718941057071412537e+00
4.247554296812112717e+00,4.247554296812112717e+00
6.717562719345496092e+00,6.717562719345496092e+00
2.999327577043100490e+00,2.999327577043100490e+00
-1.665478778228099976e-01,-1.665478778228099976e-01
4.066606072880871281e+00,4.066606072880871281e+00
5.702726375263367231e+00,5.702726375263367231e+00
9.371764254489844959e+00,9.371764254489844959e+00
7.712113754379773312e+00,7.712113754379773312e+00
7.704361590404432469e+00,7.704361590404432469e+00
6.017256843168058644e+00,6.017256843168058644e+00
9.552946417816171376e+00,9.552946417816171376e+00
4.464847375935261931e-01,4.464847375935261931e-01
1.615965905038887263e+00,1.615965905038887263e+00
7.655297401757755971e+00,7.655297401757755971e+00
7.835938899555912052e+00,7.835938899555912052e+00
4.988975882113560800e+00,4.988975882113560800e+00
7.673852337439079463e+00,7.673852337439079463e+00
9.000563681459992083e+00,9.000563681459992083e+00
8.032079885820662568e+00,8.032079885820662568e+00
3.557792794245671963e+00,3.557792794245671963e+00
4.352334753371644105e+00,4.352334753371644105e+00
7.574471343455954297e+00,7.574471343455954297e+00
5.856397610380821739e+00,5.856397610380821739e+00
5.365895997158418140e+00,5.365895997158418140e+00
5.703336535485805214e+00,5.703336535485805214e+00
6.416347263325835826e+00,6.416347263325835826e+00
9.689169190209847571e+00,9.689169190209847571e+00
5.286625872361974565e+00,5.286625872361974565e+00
6.245729006856974408e+00,6.245729006856974408e+00
6.160749441379779867e+00,6.160749441379779867e+00
4.655775311379786174e+00,4.655775311379786174e+00
4.525357753100720970e+00,4.525357753100720970e+00
6.142178454450634817e+00,6.142178454450634817e+00
3.366815706784765716e+00,3.366815706784765716e+00
7.073846656682066580e+00,7.073846656682066580e+00
5.389299109565917512e+00,5.389299109565917512e+00
1.061688940177643836e+01,1.061688940177643836e+01
9.601308471575922709e+00,9.601308471575922709e+00
2.146594078712162457e+00,2.146594078712162457e+00
5.195639100332981819e+00,5.195639100332981819e+00
5.335576198931016201e+00,5.335576198931016201e+00
7.421260426608347949e+00,7.421260426608347949e+00
1.137129231221340753e+01,1.137129231221340753e+01
8.692648117582274736e+00,8.692648117582274736e+00
6.807059568143313477e+00,6.807059568143313477e+00
5.463249521201730019e+00,5.463249521201730019e+00
4.318096572966390490e+00,4.318096572966390490e+00
7.994236424627312765e+00,7.994236424627312765e+00
6.248306566383479144e+00,6.248306566383479144e+00
2.780433707098288743e+00,2.780433707098288743e+00
6.336217959193715998e+00,6.336217959193715998e+00
3.535168015559179366e+00,3.535168015559179366e+00
3.189881482414890890e+00,3.189881482414890890e+00
5.506896766650384301e+00,5.506896766650384301e+00
5.761827039557706698e+00,5.761827039557706698e+00
7.344741576253801085e+00,7.344741576253801085e+00
1.651288571933286153e+00,1.651288571933286153e+00
9.400631738438951501e+00,9.400631738438951501e+00
3.713825624796437186e+00,3.713825624796437186e+00
4.189878465262519391e+00,4.189878465262519391e+00
4.920286914973119430e+00,4.920286914973119430e+00
6.719847875631467460e+00,6.719847875631467460e+00
6.476386432231745260e+00,6.476386432231745260e+00
9.987047007124585818e+00,9.987047007124585818e+00
2.072371893835580181e+00,2.072371893835580181e+00
6.592164426699008928e+00,6.592164426699008928e+00
6.521941429373403487e+00,6.521941429373403487e+00
4.265137160611923051e+00,4.265137160611923051e+00
7.750035736642878703e+00,7.750035736642878703e+00
5.071469867198369563e+00,5.071469867198369563e+00
7.653760223971178611e+00,7.653760223971178611e+00
3.639083144241109569e+00,3.639083144241109569e+00
1.035502815092993423e+01,1.035502815092993423e+01
5.652497979260187932e+00,5.652497979260187932e+00
6.802712171452037992e+00,6.802712171452037992e+00
5.785390506154479695e+00,5.785390506154479695e+00
5.897413034541956200e+00,5.897413034541956200e+00
8.683253743340772601e+00,8.683253743340772601e+00
4.068128358495673780e+00,4.068128358495673780e+00
6.490601897570972056e+00,6.490601897570972056e+00
7.087339939424793123e+00,7.087339939424793123e+00
3.104367696344414895e+00,3.104367696344414895e+00
-1.642950165057270873e-01,-1.642950165057270873e-01
3.037667246269014854e+00,3.037667246269014854e+00
1.107759679306296263e+00,1.107759679306296263e+00
7.163084412623141439e+00,7.163084412623141439e+00
6.480788886649533787e+00,6.480788886649533787e+00
5.244219167579685426e+00,5.244219167579685426e+00
6.834222634807171737e+00,6.834222634807171737e+00
7.014214565376800437e+00,7.014214565376800437e+00
7.961831655938557795e+00,7.961831655938557795e+00
5.311724806592590831e+00,5.311724806592590831e+00
3.051720956579229593e+00,3.051720956579229593e+00
5.996498480299875311e+00,5.996498480299875311e+00
7.870141908721449475e+00,7.870141908721449475e+00
3.399388379176553343e+00,3.399388379176553343e+00
6.476429959988921681e+00,6.476429959988921681e+00
6.327700459845532421e+00,6.327700459845532421e+00
7.282466206611092119e+00,7.282466206611092119e+00
6.011184160411795929e+00,6.011184160411795929e+00
9.522855684247382158e+00,9.522855684247382158e+00
1.185614887260706318e+01,1.185614887260706318e+01
4.001224629770511854e+00,4.001224629770511854e+00
8.032128620442184896e+00,8.032128620442184896e+00
3.712266081011597940e+00,3.712266081011597940e+00
7.496666580160955107e+00,7.496666580160955107e+00
8.465001004841992582e+00,8.465001004841992582e+00
7.569282050436324738e+00,7.569282050436324738e+00
4.460969132385979030e+00,4.460969132385979030e+00
1.159043278222753770e+01,1.159043278222753770e+01
4.582934087354009201e+00,4.582934087354009201e+00
7.371532146293993115e+00,7.371532146293993115e+00
2.724590926561247350e+00,2.724590926561247350e+00
5.983372639893904221e+00,5.983372639893904221e+00
2.946135012845243484e+00,2.946135012845243484e+00
5.110912371408483423e+00,5.110912371408483423e+00
2.729410941970633608e+00,2.729410941970633608e+00
7.278088053717378436e+00,7.278088053717378436e+00
9.052801410764653056e+00,9.052801410764653056e+00
7.548186078074304639e+00,7.548186078074304639e+00
5.609022467900852682e+00,5.609022467900852682e+00
6.990124909250104324e+00,6.990124909250104324e+00
3.980280599390451535e+00,3.980280599390451535e+00
1.950554331646531026e+00,1.950554331646531026e+00
4.859935507542047617e+00,4.859935507542047617e+00
6.513435519472768220e+00,6.513435519472768220e+00
1.060757854807884826e+01,1.060757854807884826e+01
6.901625519773545436e-01,6.901625519773545436e-01
5.762255496477405536e+00,5.762255496477405536e+00
3.930453827557415458e+00,3.930453827557415458e+00
9.860386318691784169e+00,9.860386318691784169e+00
1.017372693838736630e+01,1.017372693838736630e+01
4.440893730911832371e+00,4.440893730911832371e+00
6.305950893486860664e+00,6.305950893486860664e+00
9.838902138739586078e+00,9.838902138739586078e+00
3.556622189218668240e+00,3.556622189218668240e+00
7.869279427920334413e+00,7.869279427920334413e+00
3.806981128570485762e+00,3.806981128570485762e+00
3.767117666324222292e+00,3.767117666324222292e+00
3.349579283121979500e+00,3.349579283121979500e+00
7.287489211499975639e+00,7.287489211499975639e+00
6.739981932464568892e+00,6.739981932464568892e+00
3.981337578928717313e+00,3.981337578928717313e+00
6.804288137056625274e+00,6.804288137056625274e+00
5.487235946994495350e+00,5.487235946994495350e+00
8.752744124044435026e+00,8.752744124044435026e+00
7.379669382243114306e+00,7.379669382243114306e+00
8.450118715200424901e+00,8.450118715200424901e+00
4.198456978989310251e+00,4.198456978989310251e+00
4.996725615896836281e+00,4.996725615896836281e+00
7.803001124513662567e+00,7.803001124513662567e+00
5.383088897457832367e+00,5.383088897457832367e+00
5.751836684815993195e+00,5.751836684815993195e+00
6.946232463680694025e+00,6.946232463680694025e+00
4.859233060141066929e+00,4.859233060141066929e+00
6.077865574349948119e+00,6.077865574349948119e+00
3.469109275599928210e+00,3.469109275599928210e+00
4.862735526667352204e+00,4.862735526667352204e+00
5.043183323390628914e+00,5.043183323390628914e+00
5.636550429063011514e+00,5.636550429063011514e+00
4.455905833399235405e+00,4.455905833399235405e+00
4.892247188162736293e+00,4.892247188162736293e+00
6.899707891543198635e+00,6.899707891543198635e+00
7.138493629850241717e+00,7.138493629850241717e+00
9.391248428814382265e+00,9.391248428814382265e+00
1.599644691271410180e+00,1.599644691271410180e+00
4.034108154867060314e+00,4.034108154867060314e+00
4.994757914475345117e+00,4.994757914475345117e+00
1.078301722684693376e+00,1.078301722684693376e+00
7.293298969824916433e+00,7.293298969824916433e+00
7.666046539379323121e+00,7.666046539379323121e+00
6.338673156528037644e+00,6.338673156528037644e+00
5.570992726661414984e+00,5.570992726661414984e+00
7.744388266744120841e+00,7.744388266744120841e+00
5.800443843083201045e+00,5.800443843083201045e+00
5.818435539806100287e+00,5.818435539806100287e+00
5.037294812204995864e+00,5.037294812204995864e+00
6.499903929454879048e+00,6.499903929454879048e+00
1.306190286292026048e-01,1.306190286292026048e-01
5.996691928346515432e+00,5.996691928346515432e+00
9.292092892833535345e+00,9.292092892833535345e+00
9.622666540605067098e-01,9.622666540605067098e-01
4.937665702401198509e+00,4.937665702401198509e+00
6.987038379658901732e+00,6.987038379658901732e+00
5.933093603189699472e+00,5.933093603189699472e+00
3.289831921308710161e+00,3.289831921308710161e+00
4.720432090794607127e+00,4.720432090794607127e+00
9.183964068202049802e+00,9.183964068202049802e+00
4.735859349620686665e+00,4.735859349620686665e+00
4.920069532525642941e+00,4.920069532525642941e+00
4.660526139001568424e+00,4.660526139001568424e+00
6.645276360666739990e+00,6.645276360666739990e+00
5.827413566223988539e+00,5.827413566223988539e+00
3.037103187056671150e+00,3.037103187056671150e+00
4.695716532688377853e+00,4.695716532688377853e+00
5.221871514532351100e+00,5.221871514532351100e+00
8.420987606092412037e+00,8.420987606092412037e+00
3.588967453111553851e+00,3.588967453111553851e+00
6.708786442436833752e+00,6.708786442436833752e+00
3.837918202576938054e+00,3.837918202576938054e+00
6.063745662827440874e+00,6.063745662827440874e+00
7.085801170906799840e+00,7.085801170906799840e+00
5.020100951721977900e+00,5.020100951721977900e+00
5.017060009056423908e+00,5.017060009056423908e+00
6.142025960270321328e+00,6.142025960270321328e+00
9.687887195421163611e+00,9.687887195421163611e+00
7.549808846886535640e+00,7.549808846886535640e+00
5.381466717196866867e+00,5.381466717196866867e+00
3.168250614762008865e+00,3.168250614762008865e+00
4.528670412486119901e+00,4.528670412486119901e+00
1.500736623221986532e+00,1.500736623221986532e+00
6.232495837464862909e+00,6.232495837464862909e+00
2.110310203536234219e+00,2.110310203536234219e+00
5.036105196035718379e+00,5.036105196035718379e+00
6.303889437868901879e+00,6.303889437868901879e+00
6.519973510108507675e+00,6.519973510108507675e+00
4.551033533852963942e+00,4.551033533852963942e+00
3.259133815891645192e+00,3.259133815891645192e+00
2.294550536998783308e+00,2.294550536998783308e+00
3.992270737003047465e+00,3.992270737003047465e+00
8.084335825268137654e+00,8.084335825268137654e+00
6.556854484486490442e+00,6.556854484486490442e+00
4.364508499605810776e+00,4.364508499605810776e+00
4.225093201487192474e+00,4.225093201487192474e+00
4.061223187885890873e+00,4.061223187885890873e+00
5.870685793390370222e+00,5.870685793390370222e+00
6.266018996817046549e+00,6.266018996817046549e+00
6.075521539380985381e+00,6.075521539380985381e+00
8.463932929713472220e+00,8.463932929713472220e+00
6.139465607357283083e+00,6.139465607357283083e+00
4.676495342337916306e+00,4.676495342337916306e+00
4.640614163936238601e-01,4.640614163936238601e-01
6.547942983772404801e+00,6.547942983772404801e+00
1.435651257235774914e+00,1.435651257235774914e+00
3.360822671528465921e+00,3.360822671528465921e+00
7.871546526500110552e+00,7.871546526500110552e+00
6.031035532281422640e+00,6.031035532281422640e+00
3.738858780046953711e+00,3.738858780046953711e+00
4.888257639558769796e+00,4.888257639558769796e+00
2.585399960329327396e+00,2.585399960329327396e+00
8.553024711988941320e+00,8.553024711988941320e+00
6.851133952674643091e+00,6.851133952674643091e+00
3.748297268102771529e+00,3.748297268102771529e+00
4.505385602398011891e+00,4.505385602398011891e+00
5.583222472441537576e+00,5.583222472441537576e+00
5.305471908773269796e+00,5.305471908773269796e+00
5.303617132584048655e+00,5.303617132584048655e+00
4.083320926065621137e+00,4.083320926065621137e+00
5.924194059556980640e+00,5.924194059556980640e+00
8.154366900213837255e+00,8.154366900213837255e+00
7.554537259693773876e+00,7.554537259693773876e+00
4.271567624139799513e+00,4.271567624139799513e+00
8.658914989786854477e+00,8.658914989786854477e+00
8.149539805840422702e+00,8.149539805840422702e+00
3.570963686924589098e+00,3.570963686924589098e+00
3.776666182368350722e+00,3.776666182368350722e+00
4.408657038613321255e+00,4.408657038613321255e+00
1.657430564357624370e+00,1.657430564357624370e+00
3.861889114747493412e+00,3.861889114747493412e+00
6.592748768055195718e+00,6.592748768055195718e+00
3.628252794218814969e+00,3.628252794218814969e+00
7.852057564229283138e+00,7.852057564229283138e+00
6.867890671436828853e+00,6.867890671436828853e+00
4.454853473837171229e+00,4.454853473837171229e+00
5.334122787697143764e+00,5.334122787697143764e+00
6.281605701564473065e+00,6.281605701564473065e+00
7.965703782834435920e+00,7.965703782834435920e+00
6.362852435115675220e+00,6.362852435115675220e+00
3.349220408207310928e+00,3.349220408207310928e+00
8.413496803954483738e+00,8.413496803954483738e+00
3.527906581135993314e+00,3.527906581135993314e+00
5.445165467863124498e+00,5.445165467863124498e+00
8.189240291696030738e+00,8.189240291696030738e+00
3.800046197294408401e+00,3.800046197294408401e+00
6.319920336210020473e+00,6.319920336210020473e+00
9.753521458052967219e+00,9.753521458052967219e+00
5.254815082369150403e+00,5.254815082369150403e+00
3.641950441132659311e+00,3.641950441132659311e+00
4.230786256612243612e+00,4.230786256612243612e+00
3.191796167938975692e+00,3.191796167938975692e+00
5.255603428561885337e+00,5.255603428561885337e+00
2.963596563295523012e+00,2.963596563295523012e+00
9.215395742664071577e+00,9.215395742664071577e+00
6.142878367676406270e+00,6.142878367676406270e+00
8.290435576513610627e+00,8.290435576513610627e+00
7.602413990153985779e+00,7.602413990153985779e+00
6.267797641246435347e+00,6.267797641246435347e+00
5.096388789593052415e+00,5.096388789593052415e+00
7.422066604342017371e+00,7.422066604342017371e+00
9.043587597861515448e+00,9.043587597861515448e+00
4.262020567102143609e+00,4.262020567102143609e+00
6.387396815499917224e+00,6.387396815499917224e+00
7.926783568826524906e+00,7.926783568826524906e+00
7.609926026330617432e+00,7.609926026330617432e+00
1.993338765277875790e+00,1.993338765277875790e+00
5.060093035208549139e+00,5.060093035208549139e+00
6.900676269362345572e+00,6.900676269362345572e+00
3.591205850023859281e+00,3.591205850023859281e+00
5.987804603089143640e+00,5.987804603089143640e+00
5.484572329870010421e+00,5.484572329870010421e+00
6.797450111936355732e+00,6.797450111936355732e+00
3.371363861904339121e+00,3.371363861904339121e+00
