5.214265642125401889e-01,5.214265642125401889e-01
5.231188678223765987e-01,5.231188678223765987e-01
6.288644378516453637e-01,6.288644378516453637e-01
7.573601052575964498e-01,7.573601052575964498e-01
5.316332413288428205e-01,5.316332413288428205e-01
6.104493486789428491e-01,6.104493486789428491e-01
6.274339139526969866e-01,6.274339139526969866e-01
6.636512056869127152e-01,6.636512056869127152e-01
7.682517880139296818e-01,7.682517880139296818e-01
6.879833561062284053e-01,6.879833561062284053e-01
6.549744647307292889e-01,6.549744647307292889e-01
7.044520416383942552e-01,7.044520416383942552e-01
7.681690095751512182e-01,7.681690095751512182e-01
7.406512779319276429e-01,7.406512779319276429e-01
7.409011044786595335e-01,7.409011044786595335e-01
5.447650147712357338e-01,5.447650147712357338e-01
7.132761980303558014e-01,7.132761980303558014e-01
6.367357211902697767e-01,6.367357211902697767e-01
6.165426222751975160e-01,6.165426222751975160e-01
6.739448363014015619e-01,6.739448363014015619e-01
6.393320866691032389e-01,6.393320866691032389e-01
8.789636118648129770e-01,8.789636118648129770e-01
5.598770545689608635e-01,5.598770545689608635e-01
7.259644380784571194e-01,7.259644380784571194e-01
8.476581428338419988e-01,8.476581428338419988e-01
4.437861354423660587e-01,4.437861354423660587e-01
7.557952141845080130e-01,7.557952141845080130e-01
3.269469723383260362e-01,3.269469723383260362e-01
5.876080203939254565e-01,5.876080203939254565e-01
7.040799489604531169e-01,7.040799489604531169e-01
4.978700683827339546e-01,4.978700683827339546e-01
6.071863703153319580e-01,6.071863703153319580e-01
8.557494968063374952e-01,8.557494968063374952e-01
6.614955384880325528e-01,6.614955384880325528e-01
6.806645526420656012e-01,6.806645526420656012e-01
4.658010183064938969e-01,4.658010183064938969e-01
7.112666491548547132e-01,7.112666491548547132e-01
5.365759941024810242e-01,5.365759941024810242e-01
7.061035037482396026e-01,7.061035037482396026e-01
5.827889802846771827e-01,5.827889802846771827e-01
7.263177163764443778e-01,7.263177163764443778e-01
6.519296785134749417e-01,6.519296785134749417e-01
4.689926283749423774e-01,4.689926283749423774e-01
6.766494908253259943e-01,6.766494908253259943e-01
7.360667358824692919e-01,7.360667358824692919e-01
7.249435325637375582e-01,7.249435325637375582e-01
6.313057371709034360e-01,6.313057371709034360e-01
7.069342366323589921e-01,7.069342366323589921e-01
7.736840611252293609e-01,7.736840611252293609e-01
8.596884101472344053e-01,8.596884101472344053e-01
7.699134264154710028e-01,7.699134264154710028e-01
5.948920341234658071e-01,5.948920341234658071e-01
5.841181622956479469e-01,5.841181622956479469e-01
5.321743481301208778e-01,5.321743481301208778e-01
6.360995847296337935e-01,6.360995847296337935e-01
6.636650438177101874e-01,6.636650438177101874e-01
6.372865369561313553e-01,6.372865369561313553e-01
6.726869726981542508e-01,6.726869726981542508e-01
5.541329762603791620e-01,5.541329762603791620e-01
6.717381989125743580e-01,6.717381989125743580e-01
7.315679916791968385e-01,7.315679916791968385e-01
6.533596110379906730e-01,6.533596110379906730e-01
6.947610847992236049e-01,6.947610847992236049e-01
7.910842956645192103e-01,7.910842956645192103e-01
6.425885954794305910e-01,6.425885954794305910e-01
4.712421091347210877e-01,4.712421091347210877e-01
6.425952758409441135e-01,6.425952758409441135e-01
6.982347987331878336e-01,6.982347987331878336e-01
5.714121042791218130e-01,5.714121042791218130e-01
6.753030304363231151e-01,6.753030304363231151e-01
5.819539447713403257e-01,5.819539447713403257e-01
4.152594404449286847e-01,4.152594404449286847e-01
4.957630912802458156e-01,4.957630912802458156e-01
6.767171601245468571e-01,6.767171601245468571e-01
6.553979796199604912e-01,6.553979796199604912e-01
7.141439730844898470e-01,7.141439730844898470e-01
7.286919746319424629e-01,7.286919746319424629e-01
5.571857246352629467e-01,5.571857246352629467e-01
6.403559909133034189e-01,6.403559909133034189e-01
7.608285837761391557e-01,7.608285837761391557e-01
5.431561751686483364e-01,5.431561751686483364e-01
8.103897471651859696e-01,8.103897471651859696e-01
6.673457032577619907e-01,6.673457032577619907e-01
5.320192856436452011e-01,5.320192856436452011e-01
4.224202210650643829e-01,4.224202210650643829e-01
8.319662294987084650e-01,8.319662294987084650e-01
7.713939041386596029e-01,7.713939041386596029e-01
5.059282779692667598e-01,5.059282779692667598e-01
6.616197163206014586e-01,6.616197163206014586e-01
5.400445115079087754e-01,5.400445115079087754e-01
5.199366511770147081e-01,5.199366511770147081e-01
5.888331455336257569e-01,5.888331455336257569e-01
8.161190320246941576e-01,8.161190320246941576e-01
6.512631629978969938e-01,6.512631629978969938e-01
4.525219152577573678e-01,4.525219152577573678e-01
7.188347444643924389e-01,7.188347444643924389e-01
6.158952630554065388e-01,6.158952630554065388e-01
6.445200932776569136e-01,6.445200932776569136e-01
4.689640174686043883e-01,4.689640174686043883e-01
8.809404962248190696e-01,8.809404962248190696e-01
4.920570393287503341e-01,4.920570393287503341e-01
6.908511038462877840e-01,6.908511038462877840e-01
7.691073564651065286e-01,7.691073564651065286e-01
6.813155344825290172e-01,6.813155344825290172e-01
6.712361005152747140e-01,6.712361005152747140e-01
5.071276943774386536e-01,5.071276943774386536e-01
6.116567617018416891e-01,6.116567617018416891e-01
7.631272233262222926e-01,7.631272233262222926e-01
6.509906430329167604e-01,6.509906430329167604e-01
6.756062730960574747e-01,6.756062730960574747e-01
7.433603979998811839e-01,7.433603979998811839e-01
6.274244615877715425e-01,6.274244615877715425e-01
4.489492544105218030e-01,4.489492544105218030e-01
7.306494918724516507e-01,7.306494918724516507e-01
4.986369504751081427e-01,4.986369504751081427e-01
4.922604966169404905e-01,4.922604966169404905e-01
4.380871315066000582e-01,4.380871315066000582e-01
7.399325636405275075e-01,7.399325636405275075e-01
8.021073546705962398e-01,8.021073546705962398e-01
5.407310958956061953e-01,5.407310958956061953e-01
7.141134839422887959e-01,7.141134839422887959e-01
6.437818697367642118e-01,6.437818697367642118e-01
6.250465302443399818e-01,6.250465302443399818e-01
5.078788202424938669e-01,5.078788202424938669e-01
6.904061813171087358e-01,6.904061813171087358e-01
8.274876842975391611e-01,8.274876842975391611e-01
5.365767719590852636e-01,5.365767719590852636e-01
8.368051040345686475e-01,8.368051040345686475e-01
6.770137463366645569e-01,6.770137463366645569e-01
7.261250642075197659e-01,7.261250642075197659e-01
6.232738000376576437e-01,6.232738000376576437e-01
3.851789547046993167e-01,3.851789547046993167e-01
6.017064050078335669e-01,6.017064050078335669e-01
6.918194635848178287e-01,6.918194635848178287e-01
6.325969062541778598e-01,6.325969062541778598e-01
6.212815325779073028e-01,6.212815325779073028e-01
8.860112078034825256e-01,8.860112078034825256e-01
5.833169077322790663e-01,5.833169077322790663e-01
6.040692535961693643e-01,6.040692535961693643e-01
5.916235982903605972e-01,5.916235982903605972e-01
7.482209087519923196e-01,7.482209087519923196e-01
5.674679487386788956e-01,5.674679487386788956e-01
6.668320777586708159e-01,6.668320777586708159e-01
8.176386510733039126e-01,8.176386510733039126e-01
8.645943467477266164e-01,8.645943467477266164e-01
6.705117985897525168e-01,6.705117985897525168e-01
5.817570646858896133e-01,5.817570646858896133e-01
6.276869099867169455e-01,6.276869099867169455e-01
6.790199672577797996e-01,6.790199672577797996e-01
5.872670077152071233e-01,5.872670077152071233e-01
6.247340963749561382e-01,6.247340963749561382e-01
6.093380689521237237e-01,6.093380689521237237e-01
6.670187799401837703e-01,6.670187799401837703e-01
5.645876651025469872e-01,5.645876651025469872e-01
6.343500467281292243e-01,6.343500467281292243e-01
5.131287682777656567e-01,5.131287682777656567e-01
5.326878334938766058e-01,5.326878334938766058e-01
5.174056612961015489e-01,5.174056612961015489e-01
7.250048961675581438e-01,7.250048961675581438e-01
6.407209593608317322e-01,6.407209593608317322e-01
8.449642774369707787e-01,8.449642774369707787e-01
7.064282835260340399e-01,7.064282835260340399e-01
6.369703531607292524e-01,6.369703531607292524e-01
7.077999709113867999e-01,7.077999709113867999e-01
6.788369857563065768e-01,6.788369857563065768e-01
6.483050739476696744e-01,6.483050739476696744e-01
6.756989830943853637e-01,6.756989830943853637e-01
7.717509872574772611e-01,7.717509872574772611e-01
7.386455992931686421e-01,7.386455992931686421e-01
8.749474198359322719e-01,8.749474198359322719e-01
8.531060159304840740e-01,8.531060159304840740e-01
7.322033443592367297e-01,7.322033443592367297e-01
7.235200345657946119e-01,7.235200345657946119e-01
7.561826444990737972e-01,7.561826444990737972e-01
6.384309197948786485e-01,6.384309197948786485e-01
5.823126741378016336e-01,5.823126741378016336e-01
6.565443372344047512e-01,6.565443372344047512e-01
6.248617829356968301e-01,6.248617829356968301e-01
4.963159703936638190e-01,4.963159703936638190e-01
4.557740260594387305e-01,4.557740260594387305e-01
4.645804310483268584e-01,4.645804310483268584e-01
4.475821687004590266e-01,4.475821687004590266e-01
4.015187339352733753e-01,4.015187339352733753e-01
7.842967059202224922e-01,7.842967059202224922e-01
6.862531151700435039e-01,6.862531151700435039e-01
7.242659662417860744e-01,7.242659662417860744e-01
6.919026370454486319e-01,6.919026370454486319e-01
7.626911877237384507e-01,7.626911877237384507e-01
7.184151539072398673e-01,7.184151539072398673e-01
5.942343322872731814e-01,5.942343322872731814e-01
6.251542640332815592e-01,6.251542640332815592e-01
8.456978015397031978e-01,8.456978015397031978e-01
5.679450482211471085e-01,5.679450482211471085e-01
6.644180196913170855e-01,6.644180196913170855e-01
5.933943285238418852e-01,5.933943285238418852e-01
6.216931402318299771e-01,6.216931402318299771e-01
8.257554754901275107e-01,8.257554754901275107e-01
6.032138469040840834e-01,6.032138469040840834e-01
8.046627610374393891e-01,8.046627610374393891e-01
6.254776954170230274e-01,6.254776954170230274e-01
4.379344037665260925e-01,4.379344037665260925e-01
5.806981649027010972e-01,5.806981649027010972e-01
6.816920305889466736e-01,6.816920305889466736e-01
7.640881814252098447e-01,7.640881814252098447e-01
7.168370597245119491e-01,7.168370597245119491e-01
5.202593458512949631e-01,5.202593458512949631e-01
5.835504792488341863e-01,5.835504792488341863e-01
7.276906447185792493e-01,7.276906447185792493e-01
5.035483159514285711e-01,5.035483159514285711e-01
6.549567601459130861e-01,6.549567601459130861e-01
6.964945901669319372e-01,6.964945901669319372e-01
6.602023041637201661e-01,6.602023041637201661e-01
6.276019072929238662e-01,6.276019072929238662e-01
7.085576338635507510e-01,7.085576338635507510e-01
7.051352975893083741e-01,7.051352975893083741e-01
5.644522080754247328e-01,5.644522080754247328e-01
5.330071194969421278e-01,5.330071194969421278e-01
6.539093225298768797e-01,6.539093225298768797e-01
8.215195432923834140e-01,8.215195432923834140e-01
6.454925141426772761e-01,6.454925141426772761e-01
6.034009437173170065e-01,6.034009437173170065e-01
5.773194351845919448e-01,5.773194351845919448e-01
4.601907564550024587e-01,4.601907564550024587e-01
6.194012609790375823e-01,6.194012609790375823e-01
7.677930810259717687e-01,7.677930810259717687e-01
5.833935506497727186e-01,5.833935506497727186e-01
6.275644720170288071e-01,6.275644720170288071e-01
5.840805519026582848e-01,5.840805519026582848e-01
8.295848970081197704e-01,8.295848970081197704e-01
6.923099653983931789e-01,6.923099653983931789e-01
4.886524782991078508e-01,4.886524782991078508e-01
5.071869025621518201e-01,5.071869025621518201e-01
7.011792289100106101e-01,7.011792289100106101e-01
3.929595992351661016e-01,3.929595992351661016e-01
5.808256515996975677e-01,5.808256515996975677e-01
4.974800652221665898e-01,4.974800652221665898e-01
5.565831450369194133e-01,5.565831450369194133e-01
8.764142122558320480e-01,8.764142122558320480e-01
8.996278935117600906e-01,8.996278935117600906e-01
8.353832817532602650e-01,8.353832817532602650e-01
7.728108141792419117e-01,7.728108141792419117e-01
6.149320992729295776e-01,6.149320992729295776e-01
5.983722843684244896e-01,5.983722843684244896e-01
4.927583895022505933e-01,4.927583895022505933e-01
4.836747494731588604e-01,4.836747494731588604e-01
6.693248109969320847e-01,6.693248109969320847e-01
5.251461740851099957e-01,5.251461740851099957e-01
5.706609632964741996e-01,5.706609632964741996e-01
5.284330252672145845e-01,5.284330252672145845e-01
4.573574889455503945e-01,4.573574889455503945e-01
6.408490271916592596e-01,6.408490271916592596e-01
7.966081512721081559e-01,7.966081512721081559e-01
7.946206762347924890e-01,7.946206762347924890e-01
8.068446405264393384e-01,8.068446405264393384e-01
7.126050566937612851e-01,7.126050566937612851e-01
5.604832122850578191e-01,5.604832122850578191e-01
7.959272675041983991e-01,7.959272675041983991e-01
6.795957347541843330e-01,6.795957347541843330e-01
6.138637489455864849e-01,6.138637489455864849e-01
6.683031634024256817e-01,6.683031634024256817e-01
3.914278531764194824e-01,3.914278531764194824e-01
5.141284757308963727e-01,5.141284757308963727e-01
5.387945158346223451e-01,5.387945158346223451e-01
6.403711648104937204e-01,6.403711648104937204e-01
7.957837230574474896e-01,7.957837230574474896e-01
7.948733965306488125e-01,7.948733965306488125e-01
6.174640467381160569e-01,6.174640467381160569e-01
7.130607504721316880e-01,7.130607504721316880e-01
5.819407650648475983e-01,5.819407650648475983e-01
6.201284102055728553e-01,6.201284102055728553e-01
7.815142904411724878e-01,7.815142904411724878e-01
7.193409928596958824e-01,7.193409928596958824e-01
7.575844086806914346e-01,7.575844086806914346e-01
6.246532583555117757e-01,6.246532583555117757e-01
7.031360504659402988e-01,7.031360504659402988e-01
6.523283967062675215e-01,6.523283967062675215e-01
6.157112610795476559e-01,6.157112610795476559e-01
3.565076687638563113e-01,3.565076687638563113e-01
5.977989931248387512e-01,5.977989931248387512e-01
6.594724627035808417e-01,6.594724627035808417e-01
5.341438064167766120e-01,5.341438064167766120e-01
4.713491016296911251e-01,4.713491016296911251e-01
6.123288555351497076e-01,6.123288555351497076e-01
6.207898893688014175e-01,6.207898893688014175e-01
4.876483004042859726e-01,4.876483004042859726e-01
6.685916752264321472e-01,6.685916752264321472e-01
5.896535193605926262e-01,5.896535193605926262e-01
5.273046744973410860e-01,5.273046744973410860e-01
6.587189306744934969e-01,6.587189306744934969e-01
5.097266718052761991e-01,5.097266718052761991e-01
7.700884277141755163e-01,7.700884277141755163e-01
8.703412531707067634e-01,8.703412531707067634e-01
7.350153808474959582e-01,7.350153808474959582e-01
5.288404803051141023e-01,5.288404803051141023e-01
4.959636275457951493e-01,4.959636275457951493e-01
6.833079313278811462e-01,6.833079313278811462e-01
4.559175799059095868e-01,4.559175799059095868e-01
6.598807165366817884e-01,6.598807165366817884e-01
5.553350076934686630e-01,5.553350076934686630e-01
5.977716172170879361e-01,5.977716172170879361e-01
6.320409801056561250e-01,6.320409801056561250e-01
5.867154475704091654e-01,5.867154475704091654e-01
6.046295900975646731e-01,6.046295900975646731e-01
5.460219193512123592e-01,5.460219193512123592e-01
4.834021559359458209e-01,4.834021559359458209e-01
4.877169382404624165e-01,4.877169382404624165e-01
6.985409839931799869e-01,6.985409839931799869e-01
5.346812146715994585e-01,5.346812146715994585e-01
6.473116278879986751e-01,6.473116278879986751e-01
5.510475665462037931e-01,5.510475665462037931e-01
7.763625721488133236e-01,7.763625721488133236e-01
8.155344556327331906e-01,8.155344556327331906e-01
7.087745995062222359e-01,7.087745995062222359e-01
5.966974680634289374e-01,5.966974680634289374e-01
7.502075995386279228e-01,7.502075995386279228e-01
6.340643570259542061e-01,6.340643570259542061e-01
4.250018627934882276e-01,4.250018627934882276e-01
5.833821897162880799e-01,5.833821897162880799e-01
6.016873961398756521e-01,6.016873961398756521e-01
7.009963139000122689e-01,7.009963139000122689e-01
6.284810717686108994e-01,6.284810717686108994e-01
6.899450879707837991e-01,6.899450879707837991e-01
7.350197084817686743e-01,7.350197084817686743e-01
5.516708689330691584e-01,5.516708689330691584e-01
5.050520427105271715e-01,5.050520427105271715e-01
6.227741766309693450e-01,6.227741766309693450e-01
8.601486454789135649e-01,8.601486454789135649e-01
7.511259914711364560e-01,7.511259914711364560e-01
7.131103271078607087e-01,7.131103271078607087e-01
4.643703209842725554e-01,4.643703209842725554e-01
6.381480592504764626e-01,6.381480592504764626e-01
5.448556668529558333e-01,5.448556668529558333e-01
5.979520236045662296e-01,5.979520236045662296e-01
6.483692126901079433e-01,6.483692126901079433e-01
5.463159973131777036e-01,5.463159973131777036e-01
7.147362036551490050e-01,7.147362036551490050e-01
4.218419525794281366e-01,4.218419525794281366e-01
7.486685160929553717e-01,7.486685160929553717e-01
4.448945831151405184e-01,4.448945831151405184e-01
7.941114591285173274e-01,7.941114591285173274e-01
8.581781355881070716e-01,8.581781355881070716e-01
6.186080377052906032e-01,6.186080377052906032e-01
5.219000124450497990e-01,5.219000124450497990e-01
7.733647476986654778e-01,7.733647476986654778e-01
8.299583397024997700e-01,8.299583397024997700e-01
5.643159300593244554e-01,5.643159300593244554e-01
7.499666893775079890e-01,7.499666893775079890e-01
8.615127326056942758e-01,8.615127326056942758e-01
5.976767952772078507e-01,5.976767952772078507e-01
7.799196615444633496e-01,7.799196615444633496e-01
1.006740799188054369e+00,1.006740799188054369e+00
7.766503627948759814e-01,7.766503627948759814e-01
7.291053594850700481e-01,7.291053594850700481e-01
7.253460395089190715e-01,7.253460395089190715e-01
6.742540292950469638e-01,6.742540292950469638e-01
6.917250554607875523e-01,6.917250554607875523e-01
6.723718907085669549e-01,6.723718907085669549e-01
6.950714530035286831e-01,6.950714530035286831e-01
7.277258712916911954e-01,7.277258712916911954e-01
5.978279093755534124e-01,5.978279093755534124e-01
4.935744197963639612e-01,4.935744197963639612e-01
7.316870233436458815e-01,7.316870233436458815e-01
6.965636491770588190e-01,6.965636491770588190e-01
5.437246165391368402e-01,5.437246165391368402e-01
5.067712230333449863e-01,5.067712230333449863e-01
6.205360052549979688e-01,6.205360052549979688e-01
6.624487537370443713e-01,6.624487537370443713e-01
6.477427325693836391e-01,6.477427325693836391e-01
6.252034898851753786e-01,6.252034898851753786e-01
3.984310389819348819e-01,3.984310389819348819e-01
7.025033665956010864e-01,7.025033665956010864e-01
5.144107559930393148e-01,5.144107559930393148e-01
4.840523342079462443e-01,4.840523342079462443e-01
4.183039867214551344e-01,4.183039867214551344e-01
6.405322420333493527e-01,6.405322420333493527e-01
8.421166798829443634e-01,8.421166798829443634e-01
7.125494307778439396e-01,7.125494307778439396e-01
6.325162761420328739e-01,6.325162761420328739e-01
8.427013281129317468e-01,8.427013281129317468e-01
5.231930723465227917e-01,5.231930723465227917e-01
7.310882666272473518e-01,7.310882666272473518e-01
8.247462305008929073e-01,8.247462305008929073e-01
5.369362658524474696e-01,5.369362658524474696e-01
8.461686774921244325e-01,8.461686774921244325e-01
5.745379205263092537e-01,5.745379205263092537e-01
7.042699841130972693e-01,7.042699841130972693e-01
6.273107324075533064e-01,6.273107324075533064e-01
7.363863178848161217e-01,7.363863178848161217e-01
5.740297066174387952e-01,5.740297066174387952e-01
6.107531333666207374e-01,6.107531333666207374e-01
6.727219802559051276e-01,6.727219802559051276e-01
5.868833970895738217e-01,5.868833970895738217e-01
5.203086839263434404e-01,5.203086839263434404e-01
4.954681358855543838e-01,4.954681358855543838e-01
5.879845361450484198e-01,5.879845361450484198e-01
5.554632248174574682e-01,5.554632248174574682e-01
6.395015572702269502e-01,6.395015572702269502e-01
6.569623574983772807e-01,6.569623574983772807e-01
4.922930239780130002e-01,4.922930239780130002e-01
6.266609036678890687e-01,6.266609036678890687e-01
5.559252878431522049e-01,5.559252878431522049e-01
5.579810236824496172e-01,5.579810236824496172e-01
4.780948648777962884e-01,4.780948648777962884e-01
8.696970277627982249e-01,8.696970277627982249e-01
5.730059753765736064e-01,5.730059753765736064e-01
7.976304710025273748e-01,7.976304710025273748e-01
8.568233082296179415e-01,8.568233082296179415e-01
6.061877268428560450e-01,6.061877268428560450e-01
7.346817961575958789e-01,7.346817961575958789e-01
8.233648712640286860e-01,8.233648712640286860e-01
6.177507926536475180e-01,6.177507926536475180e-01
5.553548435096802294e-01,5.553548435096802294e-01
7.285749456836854154e-01,7.285749456836854154e-01
6.584385490664863561e-01,6.584385490664863561e-01
5.823607990131255407e-01,5.823607990131255407e-01
6.148278884961174695e-01,6.148278884961174695e-01
6.121958686380224446e-01,6.121958686380224446e-01
5.542544159118232283e-01,5.542544159118232283e-01
8.753113457250288887e-01,8.753113457250288887e-01
6.926028948379782113e-01,6.926028948379782113e-01
6.392302235038805902e-01,6.392302235038805902e-01
6.923091739602323935e-01,6.923091739602323935e-01
6.821011118003939000e-01,6.821011118003939000e-01
6.995392726251076221e-01,6.995392726251076221e-01
8.656505474394834421e-01,8.656505474394834421e-01
5.605329218445201933e-01,5.605329218445201933e-01
5.571313992873015986e-01,5.571313992873015986e-01
7.110091791370160008e-01,7.110091791370160008e-01
5.442216655512410739e-01,5.442216655512410739e-01
5.215755158355694920e-01,5.215755158355694920e-01
8.287637878107668721e-01,8.287637878107668721e-01
6.556664114846992852e-01,6.556664114846992852e-01
5.109779219245955684e-01,5.109779219245955684e-01
6.352774066882137527e-01,6.352774066882137527e-01
4.996765957767556054e-01,4.996765957767556054e-01
7.560962006339089214e-01,7.560962006339089214e-01
5.553525880705365569e-01,5.553525880705365569e-01
7.422635535420281094e-01,7.422635535420281094e-01
6.662993594588810797e-01,6.662993594588810797e-01
7.279495842589950305e-01,7.279495842589950305e-01
6.503411421490647992e-01,6.503411421490647992e-01
7.237564823308471063e-01,7.237564823308471063e-01
7.577162264692149929e-01,7.577162264692149929e-01
4.940981124856658191e-01,4.940981124856658191e-01
7.623303456440914116e-01,7.623303456440914116e-01
5.748795052020204688e-01,5.748795052020204688e-01
6.559139104443113544e-01,6.559139104443113544e-01
6.413504139552947958e-01,6.413504139552947958e-01
6.961539512259249385e-01,6.961539512259249385e-01
6.089964175644271283e-01,6.089964175644271283e-01
7.260996898756364448e-01,7.260996898756364448e-01
7.049356475641306297e-01,7.049356475641306297e-01
7.108911260499818363e-01,7.108911260499818363e-01
6.346076625173968644e-01,6.346076625173968644e-01
7.940313858759745491e-01,7.940313858759745491e-01
6.991273272367423131e-01,6.991273272367423131e-01
5.848573307949330724e-01,5.848573307949330724e-01
5.833988763061369598e-01,5.833988763061369598e-01
5.517038692148774626e-01,5.517038692148774626e-01
6.392160033723963686e-01,6.392160033723963686e-01
6.772002120367064393e-01,6.772002120367064393e-01
5.211091247291668171e-01,5.211091247291668171e-01
6.825836949751956650e-01,6.825836949751956650e-01
6.464769327828563394e-01,6.464769327828563394e-01
8.221830224936164111e-01,8.221830224936164111e-01
5.339818853717237523e-01,5.339818853717237523e-01
7.118056629578722871e-01,7.118056629578722871e-01
5.382049926652314742e-01,5.382049926652314742e-01
8.118634480586743862e-01,8.118634480586743862e-01
5.781023867005634642e-01,5.781023867005634642e-01
5.546632178394819146e-01,5.546632178394819146e-01
6.575235024316614663e-01,6.575235024316614663e-01
6.479556661513348192e-01,6.479556661513348192e-01
6.317988474382396635e-01,6.317988474382396635e-01
6.840157436351251841e-01,6.840157436351251841e-01
5.762513827749807804e-01,5.762513827749807804e-01
7.675262551960767565e-01,7.675262551960767565e-01
7.846450620251983477e-01,7.846450620251983477e-01
6.827539165476899097e-01,6.827539165476899097e-01
7.273860944580419208e-01,7.273860944580419208e-01
6.319689937452721562e-01,6.319689937452721562e-01
5.475551717986362199e-01,5.475551717986362199e-01
6.486973728345384327e-01,6.486973728345384327e-01
7.048061705466106552e-01,7.048061705466106552e-01
5.832358573232772070e-01,5.832358573232772070e-01
5.033356814584339922e-01,5.033356814584339922e-01
7.542976059885159179e-01,7.542976059885159179e-01
8.655055892859738753e-01,8.655055892859738753e-01
5.997985895200868001e-01,5.997985895200868001e-01
5.602807960424482925e-01,5.602807960424482925e-01
7.719900855864966216e-01,7.719900855864966216e-01
5.581062030766587023e-01,5.581062030766587023e-01
4.895347877485929367e-01,4.895347877485929367e-01
4.462205237874998787e-01,4.462205237874998787e-01
7.647954770023852600e-01,7.647954770023852600e-01
3.974275353360962049e-01,3.974275353360962049e-01
6.790372398393074160e-01,6.790372398393074160e-01
7.104454654801887203e-01,7.104454654801887203e-01
5.369551639298268952e-01,5.369551639298268952e-01
7.646836901449575175e-01,7.646836901449575175e-01
5.159233533999731947e-01,5.159233533999731947e-01
5.085971853310914392e-01,5.085971853310914392e-01
5.936224808902614836e-01,5.936224808902614836e-01
6.821760801766343363e-01,6.821760801766343363e-01
8.028617008158434043e-01,8.028617008158434043e-01
5.758280222756709810e-01,5.758280222756709810e-01
7.238588777293504251e-01,7.238588777293504251e-01
6.706904910534667863e-01,6.706904910534667863e-01
5.855086315451912826e-01,5.855086315451912826e-01
6.416130405088471544e-01,6.416130405088471544e-01
7.335106400783018010e-01,7.335106400783018010e-01
8.493290034358473850e-01,8.493290034358473850e-01
8.118870563942827134e-01,8.118870563942827134e-01
5.771465990242645727e-01,5.771465990242645727e-01
7.344001890713628411e-01,7.344001890713628411e-01
6.484249081681374705e-01,6.484249081681374705e-01
7.970428963974556247e-01,7.970428963974556247e-01
5.617341647901549218e-01,5.617341647901549218e-01
7.958155471773087353e-01,7.958155471773087353e-01
5.153752533298242566e-01,5.153752533298242566e-01
4.336273725232997478e-01,4.336273725232997478e-01
6.166257891829128868e-01,6.166257891829128868e-01
6.822133504804719362e-01,6.822133504804719362e-01
7.977336776945551655e-01,7.977336776945551655e-01
5.530041204423566947e-01,5.530041204423566947e-01
5.473116231917305452e-01,5.473116231917305452e-01
4.534771830514573443e-01,4.534771830514573443e-01
8.055611307025595247e-01,8.055611307025595247e-01
6.484989468728533657e-01,6.484989468728533657e-01
5.394912942655727406e-01,5.394912942655727406e-01
6.627925155651824829e-01,6.627925155651824829e-01
6.230514908487905235e-01,6.230514908487905235e-01
7.180612897341557277e-01,7.180612897341557277e-01
6.918947264821940779e-01,6.918947264821940779e-01
8.210424891735186304e-01,8.210424891735186304e-01
7.544239399449828021e-01,7.544239399449828021e-01
6.091626400453538093e-01,6.091626400453538093e-01
7.143464522210108969e-01,7.143464522210108969e-01
4.981520446460200868e-01,4.981520446460200868e-01
6.228364242049135857e-01,6.228364242049135857e-01
4.721406523436343372e-01,4.721406523436343372e-01
5.091527084515083956e-01,5.091527084515083956e-01
7.250187468027147197e-01,7.250187468027147197e-01
6.599291255983097404e-01,6.599291255983097404e-01
9.584601246713699840e-01,9.584601246713699840e-01
7.409366282741545184e-01,7.409366282741545184e-01
7.487287578430713575e-01,7.487287578430713575e-01
6.601018520600149264e-01,6.601018520600149264e-01
7.817037133163873275e-01,7.817037133163873275e-01
5.261319912884617755e-01,5.261319912884617755e-01
7.063726402188699183e-01,7.063726402188699183e-01
5.715679015533434715e-01,5.715679015533434715e-01
4.623012075842949375e-01,4.623012075842949375e-01
6.676396746797286230e-01,6.676396746797286230e-01
6.805929991323265149e-01,6.805929991323265149e-01
5.711252315028275683e-01,5.711252315028275683e-01
6.974343265460013486e-01,6.974343265460013486e-01
5.257450046740708149e-01,5.257450046740708149e-01
5.427874187132899486e-01,5.427874187132899486e-01
5.594991697123512520e-01,5.594991697123512520e-01
5.894214722120403316e-01,5.894214722120403316e-01
4.893106013108608487e-01,4.893106013108608487e-01
6.247351708593071873e-01,6.247351708593071873e-01
6.524731142476086765e-01,6.524731142476086765e-01
6.908510297796882638e-01,6.908510297796882638e-01
6.823513436350002737e-01,6.823513436350002737e-01
6.451672041083250653e-01,6.451672041083250653e-01
4.555999515948215839e-01,4.555999515948215839e-01
7.510190796894981036e-01,7.510190796894981036e-01
6.560664024630484814e-01,6.560664024630484814e-01
5.118983977254063511e-01,5.118983977254063511e-01
6.434597154503618466e-01,6.434597154503618466e-01
5.733485939722611224e-01,5.733485939722611224e-01
3.005980529892844366e-01,3.005980529892844366e-01
5.329547723447147778e-01,5.329547723447147778e-01
7.695308874091975060e-01,7.695308874091975060e-01
6.303388618634212515e-01,6.303388618634212515e-01
6.876053160040335177e-01,6.876053160040335177e-01
5.871997187854177680e-01,5.871997187854177680e-01
7.015854355365769290e-01,7.015854355365769290e-01
3.720119278900244630e-01,3.720119278900244630e-01
6.713894843660372924e-01,6.713894843660372924e-01
6.234225231405101653e-01,6.234225231405101653e-01
8.162881469421916503e-01,8.162881469421916503e-01
7.150718632123576057e-01,7.150718632123576057e-01
6.799789491803108765e-01,6.799789491803108765e-01
6.113315560702339280e-01,6.113315560702339280e-01
7.651259917556981760e-01,7.651259917556981760e-01
6.647118821217279372e-01,6.647118821217279372e-01
5.539427909600916911e-01,5.539427909600916911e-01
6.365121074105629662e-01,6.365121074105629662e-01
5.726036245102434918e-01,5.726036245102434918e-01
7.360437886407322772e-01,7.360437886407322772e-01
6.546826010805757434e-01,6.546826010805757434e-01
7.510994917991297148e-01,7.510994917991297148e-01
5.600714968236937263e-01,5.600714968236937263e-01
6.759128974372554666e-01,6.759128974372554666e-01
4.800331407700528796e-01,4.800331407700528796e-01
8.213526994979811757e-01,8.213526994979811757e-01
8.856052341245461701e-01,8.856052341245461701e-01
7.118212652347489788e-01,7.118212652347489788e-01
5.722461425374194555e-01,5.722461425374194555e-01
7.059214370053502607e-01,7.059214370053502607e-01
6.669621132427531185e-01,6.669621132427531185e-01
5.017355843665184389e-01,5.017355843665184389e-01
6.942006337121712223e-01,6.942006337121712223e-01
7.058657849548943819e-01,7.058657849548943819e-01
5.533875099850280588e-01,5.533875099850280588e-01
6.555196275857462229e-01,6.555196275857462229e-01
6.364200173431433516e-01,6.364200173431433516e-01
6.875568595626996293e-01,6.875568595626996293e-01
4.248294167978071689e-01,4.248294167978071689e-01
7.392107835130879989e-01,7.392107835130879989e-01
5.934429047411212688e-01,5.934429047411212688e-01
6.526449756547555436e-01,6.526449756547555436e-01
7.798719064219398200e-01,7.798719064219398200e-01
6.513278098859252019e-01,6.513278098859252019e-01
6.320457925369191710e-01,6.320457925369191710e-01
5.172792909707703002e-01,5.172792909707703002e-01
5.492713174927077446e-01,5.492713174927077446e-01
7.113941498420195408e-01,7.113941498420195408e-01
4.189860092845620332e-01,4.189860092845620332e-01
6.034121240559040533e-01,6.034121240559040533e-01
5.714355812490128361e-01,5.714355812490128361e-01
5.682579423936837681e-01,5.682579423936837681e-01
7.301878148614869835e-01,7.301878148614869835e-01
6.495087230542324619e-01,6.495087230542324619e-01
6.565906848248198591e-01,6.565906848248198591e-01
5.869265811000625721e-01,5.869265811000625721e-01
6.164080753164116189e-01,6.164080753164116189e-01
3.857915938023971925e-01,3.857915938023971925e-01
7.580055824152158728e-01,7.580055824152158728e-01
7.166028291750754509e-01,7.166028291750754509e-01
6.068365654260686748e-01,6.068365654260686748e-01
4.822220754047956137e-01,4.822220754047956137e-01
7.436173783189294895e-01,7.436173783189294895e-01
8.091121434754294794e-01,8.091121434754294794e-01
5.809023263519196290e-01,5.809023263519196290e-01
4.608047156324373561e-01,4.608047156324373561e-01
7.390559732762033152e-01,7.390559732762033152e-01
6.353439682036957636e-01,6.353439682036957636e-01
4.717623550245267361e-01,4.717623550245267361e-01
7.231148531120061840e-01,7.231148531120061840e-01
5.388099583041185969e-01,5.388099583041185969e-01
5.809825721157126921e-01,5.809825721157126921e-01
7.349246116352265989e-01,7.349246116352265989e-01
4.951224372159868103e-01,4.951224372159868103e-01
6.342787043708681960e-01,6.342787043708681960e-01
5.818267414734735743e-01,5.818267414734735743e-01
6.714266666168376974e-01,6.714266666168376974e-01
7.690995010466866733e-01,7.690995010466866733e-01
5.536923011571841524e-01,5.536923011571841524e-01
7.364285870222784247e-01,7.364285870222784247e-01
6.117248210691907939e-01,6.117248210691907939e-01
5.909556080117999155e-01,5.909556080117999155e-01
7.735270717873430346e-01,7.735270717873430346e-01
7.689294906187936762e-01,7.689294906187936762e-01
6.841082331128857108e-01,6.841082331128857108e-01
6.945473237361851071e-01,6.945473237361851071e-01
8.130130709568506031e-01,8.130130709568506031e-01
6.287543005221014614e-01,6.287543005221014614e-01
4.908561464004532748e-01,4.908561464004532748e-01
5.723995153823180360e-01,5.723995153823180360e-01
8.930030647358140339e-01,8.930030647358140339e-01
8.973218434312486558e-01,8.973218434312486558e-01
6.070940599705973995e-01,6.070940599705973995e-01
5.830175965499132529e-01,5.830175965499132529e-01
6.206952170981366868e-01,6.206952170981366868e-01
5.723889676120963443e-01,5.723889676120963443e-01
6.358698468387957714e-01,6.358698468387957714e-01
5.182918263713264251e-01,5.182918263713264251e-01
7.042623810683573682e-01,7.042623810683573682e-01
7.129112819577896332e-01,7.129112819577896332e-01
6.577192482868094991e-01,6.577192482868094991e-01
5.090762309082441650e-01,5.090762309082441650e-01
6.526466955708610795e-01,6.526466955708610795e-01
7.757740295068797920e-01,7.757740295068797920e-01
6.950871834145381234e-01,6.950871834145381234e-01
5.242489419820608454e-01,5.242489419820608454e-01
8.206423175995360975e-01,8.206423175995360975e-01
6.638945376722522607e-01,6.638945376722522607e-01
7.651423574579423459e-01,7.651423574579423459e-01
5.289784697500807820e-01,5.289784697500807820e-01
4.739501135470711723e-01,4.739501135470711723e-01
5.306291261028912576e-01,5.306291261028912576e-01
6.302807362766000843e-01,6.302807362766000843e-01
6.018876689163294991e-01,6.018876689163294991e-01
6.716530680978574086e-01,6.716530680978574086e-01
6.394767987826949218e-01,6.394767987826949218e-01
5.997923892905712151e-01,5.997923892905712151e-01
6.231700490141005577e-01,6.231700490141005577e-01
5.593209349505747774e-01,5.593209349505747774e-01
6.971663017120364181e-01,6.971663017120364181e-01
6.214234143246577524e-01,6.214234143246577524e-01
7.802194311409761385e-01,7.802194311409761385e-01
7.124853839219350560e-01,7.124853839219350560e-01
7.927922976872140426e-01,7.927922976872140426e-01
4.207775768483001388e-01,4.207775768483001388e-01
6.993064831654064450e-01,6.993064831654064450e-01
6.353327892480375994e-01,6.353327892480375994e-01
6.416079494074503620e-01,6.416079494074503620e-01
7.668070518801783919e-01,7.668070518801783919e-01
4.342626651861691833e-01,4.342626651861691833e-01
6.539151262761895289e-01,6.539151262761895289e-01
6.527657629992382748e-01,6.527657629992382748e-01
5.929497843764264253e-01,5.929497843764264253e-01
4.580847203859941263e-01,4.580847203859941263e-01
8.094635977260016269e-01,8.094635977260016269e-01
6.313412474443209632e-01,6.313412474443209632e-01
6.690590145355180818e-01,6.690590145355180818e-01
8.011853935416278771e-01,8.011853935416278771e-01
7.497489459568064118e-01,7.497489459568064118e-01
7.701516169662336875e-01,7.701516169662336875e-01
7.810045220022742152e-01,7.810045220022742152e-01
4.852349526766485122e-01,4.852349526766485122e-01
6.790387557563609677e-01,6.790387557563609677e-01
4.934935059107553035e-01,4.934935059107553035e-01
4.633190036128712053e-01,4.633190036128712053e-01
8.189534437928081001e-01,8.189534437928081001e-01
5.904533041149935269e-01,5.904533041149935269e-01
6.410105078238046428e-01,6.410105078238046428e-01
6.489345425868267014e-01,6.489345425868267014e-01
5.886654958765678014e-01,5.886654958765678014e-01
7.640970765132376608e-01,7.640970765132376608e-01
7.711472367951622831e-01,7.711472367951622831e-01
7.776894391689919139e-01,7.776894391689919139e-01
6.987239905232219828e-01,6.987239905232219828e-01
5.975383363928037372e-01,5.975383363928037372e-01
6.010750250524037330e-01,6.010750250524037330e-01
5.729948544461425097e-01,5.729948544461425097e-01
6.408532398991320100e-01,6.408532398991320100e-01
8.031654071720424337e-01,8.031654071720424337e-01
8.247194516448050905e-01,8.247194516448050905e-01
6.126820963966884692e-01,6.126820963966884692e-01
6.709737671389217617e-01,6.709737671389217617e-01
5.681947226044603561e-01,5.681947226044603561e-01
5.751372833740779900e-01,5.751372833740779900e-01
7.418967649615539894e-01,7.418967649615539894e-01
5.735627517908319373e-01,5.735627517908319373e-01
7.180961393561325901e-01,7.180961393561325901e-01
4.151841704602619587e-01,4.151841704602619587e-01
6.194549963927752367e-01,6.194549963927752367e-01
5.329774865940493100e-01,5.329774865940493100e-01
6.322293605832182140e-01,6.322293605832182140e-01
7.213042460362146802e-01,7.213042460362146802e-01
5.458890445123285584e-01,5.458890445123285584e-01
7.153812943384763035e-01,7.153812943384763035e-01
6.205274032481522539e-01,6.205274032481522539e-01
7.214867150407208163e-01,7.214867150407208163e-01
7.138420115038415226e-01,7.138420115038415226e-01
4.433509693620915071e-01,4.433509693620915071e-01
6.411725480460193083e-01,6.411725480460193083e-01
7.011977506528015436e-01,7.011977506528015436e-01
6.854477391154476518e-01,6.854477391154476518e-01
6.632784922033398978e-01,6.632784922033398978e-01
5.314638189848036598e-01,5.314638189848036598e-01
8.156184690201120358e-01,8.156184690201120358e-01
7.704906197262452183e-01,7.704906197262452183e-01
8.150229333013893074e-01,8.150229333013893074e-01
6.182661902170103474e-01,6.182661902170103474e-01
6.354606101351141234e-01,6.354606101351141234e-01
5.963093361462801223e-01,5.963093361462801223e-01
7.192138658772451176e-01,7.192138658772451176e-01
6.255149805007542696e-01,6.255149805007542696e-01
5.097386966393689933e-01,5.097386966393689933e-01
5.010027113431738677e-01,5.010027113431738677e-01
6.665376009580037397e-01,6.665376009580037397e-01
6.956200422602779598e-01,6.956200422602779598e-01
4.174802402676042190e-01,4.174802402676042190e-01
5.943554685727724385e-01,5.943554685727724385e-01
6.357479138098891536e-01,6.357479138098891536e-01
7.175775134616676487e-01,7.175775134616676487e-01
6.911522827565285132e-01,6.911522827565285132e-01
6.605677884320213522e-01,6.605677884320213522e-01
6.454607442072377577e-01,6.454607442072377577e-01
7.357544670598441527e-01,7.357544670598441527e-01
5.640600587235765628e-01,5.640600587235765628e-01
5.005638080475004470e-01,5.005638080475004470e-01
7.457706878491870972e-01,7.457706878491870972e-01
6.994715389296122243e-01,6.994715389296122243e-01
7.017761341435100331e-01,7.017761341435100331e-01
7.678166368247110185e-01,7.678166368247110185e-01
6.198104701297920682e-01,6.198104701297920682e-01
7.659698376778371065e-01,7.659698376778371065e-01
5.308394820119451962e-01,5.308394820119451962e-01
5.563444534922723506e-01,5.563444534922723506e-01
5.689250192473030987e-01,5.689250192473030987e-01
8.286402416010424377e-01,8.286402416010424377e-01
7.963793542374032475e-01,7.963793542374032475e-01
7.638944528591258276e-01,7.638944528591258276e-01
7.393723253028414710e-01,7.393723253028414710e-01
6.244095098166004831e-01,6.244095098166004831e-01
7.135715814485514841e-01,7.135715814485514841e-01
7.680328752101457379e-01,7.680328752101457379e-01
5.652267097013776720e-01,5.652267097013776720e-01
5.332159417199822116e-01,5.332159417199822116e-01
6.180417698572632235e-01,6.180417698572632235e-01
4.719850324354897264e-01,4.719850324354897264e-01
5.487840237320041892e-01,5.487840237320041892e-01
6.535374449431512467e-01,6.535374449431512467e-01
5.469946619660065457e-01,5.469946619660065457e-01
5.527009881606828046e-01,5.527009881606828046e-01
7.161301493944542962e-01,7.161301493944542962e-01
6.926210470014166898e-01,6.926210470014166898e-01
6.244622204943062194e-01,6.244622204943062194e-01
5.963388608864933493e-01,5.963388608864933493e-01
8.320137049498009807e-01,8.320137049498009807e-01
5.463710626406551585e-01,5.463710626406551585e-01
8.127306024908969029e-01,8.127306024908969029e-01
8.039088889177830044e-01,8.039088889177830044e-01
6.842681938249881579e-01,6.842681938249881579e-01
6.812943942587708079e-01,6.812943942587708079e-01
4.770556018077666272e-01,4.770556018077666272e-01
7.990513495640398922e-01,7.990513495640398922e-01
5.731213224060380806e-01,5.731213224060380806e-01
4.389299674764833292e-01,4.389299674764833292e-01
6.841976647977028314e-01,6.841976647977028314e-01
5.360437342172839070e-01,5.360437342172839070e-01
5.590871951347321511e-01,5.590871951347321511e-01
7.036316237964983511e-01,7.036316237964983511e-01
6.672674769234492320e-01,6.672674769234492320e-01
5.298829298266872767e-01,5.298829298266872767e-01
7.813698581489159078e-01,7.813698581489159078e-01
4.294698441349057427e-01,4.294698441349057427e-01
5.764041476271888342e-01,5.764041476271888342e-01
5.737735760375561878e-01,5.737735760375561878e-01
5.348801340277595795e-01,5.348801340277595795e-01
8.997552149129440791e-01,8.997552149129440791e-01
7.184314572341470306e-01,7.184314572341470306e-01
6.373325461402643555e-01,6.373325461402643555e-01
6.424445215683509680e-01,6.424445215683509680e-01
8.154894226388628153e-01,8.154894226388628153e-01
6.753527946532682513e-01,6.753527946532682513e-01
9.030760226836253013e-01,9.030760226836253013e-01
7.615601989142912753e-01,7.615601989142912753e-01
5.234061085650044687e-01,5.234061085650044687e-01
5.401132498522676073e-01,5.401132498522676073e-01
6.692028792175093166e-01,6.692028792175093166e-01
7.335768536893177982e-01,7.335768536893177982e-01
6.219199393733914061e-01,6.219199393733914061e-01
6.398338849663063321e-01,6.398338849663063321e-01
7.541030405800652758e-01,7.541030405800652758e-01
8.122909608696697870e-01,8.122909608696697870e-01
7.964704620450595574e-01,7.964704620450595574e-01
4.915811511746350226e-01,4.915811511746350226e-01
5.403681021128307060e-01,5.403681021128307060e-01
6.752514480462791235e-01,6.752514480462791235e-01
7.402934612155244176e-01,7.402934612155244176e-01
6.590602797526456946e-01,6.590602797526456946e-01
5.281126688671972103e-01,5.281126688671972103e-01
6.074433559800456184e-01,6.074433559800456184e-01
7.208503666339116656e-01,7.208503666339116656e-01
6.312877898058382176e-01,6.312877898058382176e-01
6.338447013681569597e-01,6.338447013681569597e-01
5.256338962237239176e-01,5.256338962237239176e-01
6.507830740264589631e-01,6.507830740264589631e-01
6.194064852943088617e-01,6.194064852943088617e-01
6.991645136012162309e-01,6.991645136012162309e-01
6.456481724449641968e-01,6.456481724449641968e-01
7.378486901093914696e-01,7.378486901093914696e-01
6.053895494724956805e-01,6.053895494724956805e-01
4.683832527531539558e-01,4.683832527531539558e-01
8.138390899252223587e-01,8.138390899252223587e-01
6.857789768273355735e-01,6.857789768273355735e-01
6.592200302734285700e-01,6.592200302734285700e-01
6.428914976720487839e-01,6.428914976720487839e-01
5.478393867549148366e-01,5.478393867549148366e-01
7.274707575265331183e-01,7.274707575265331183e-01
7.350414129844826672e-01,7.350414129844826672e-01
7.292903200466276381e-01,7.292903200466276381e-01
7.632301051483521004e-01,7.632301051483521004e-01
7.096390368110059299e-01,7.096390368110059299e-01
7.865465025527071941e-01,7.865465025527071941e-01
6.419341281225923179e-01,6.419341281225923179e-01
4.918875969503290202e-01,4.918875969503290202e-01
6.184915075863898215e-01,6.184915075863898215e-01
7.566594171757827780e-01,7.566594171757827780e-01
5.840074702057721501e-01,5.840074702057721501e-01
7.595828305974315908e-01,7.595828305974315908e-01
7.459828891858496513e-01,7.459828891858496513e-01
5.045173077027281794e-01,5.045173077027281794e-01
7.887454864837242230e-01,7.887454864837242230e-01
4.050057586491204176e-01,4.050057586491204176e-01
8.451482296389141169e-01,8.451482296389141169e-01
7.248343279259152894e-01,7.248343279259152894e-01
8.391242793186599602e-01,8.391242793186599602e-01
6.643527458067756131e-01,6.643527458067756131e-01
7.646145083824844590e-01,7.646145083824844590e-01
7.722594504055299014e-01,7.722594504055299014e-01
5.054115272873380693e-01,5.054115272873380693e-01
9.221631718765822550e-01,9.221631718765822550e-01
7.681497240109038671e-01,7.681497240109038671e-01
6.584095176347569689e-01,6.584095176347569689e-01
5.812724691889550321e-01,5.812724691889550321e-01
5.342756723887661652e-01,5.342756723887661652e-01
7.209600132448228393e-01,7.209600132448228393e-01
5.615164936289480657e-01,5.615164936289480657e-01
6.585283655548461734e-01,6.585283655548461734e-01
5.868577246553289273e-01,5.868577246553289273e-01
7.673829723012306481e-01,7.673829723012306481e-01
6.349184049495507631e-01,6.349184049495507631e-01
5.880507926918476791e-01,5.880507926918476791e-01
7.528891470157439425e-01,7.528891470157439425e-01
6.314277036793145559e-01,6.314277036793145559e-01
7.593650648322054497e-01,7.593650648322054497e-01
7.306173174498259426e-01,7.306173174498259426e-01
5.630316551906353606e-01,5.630316551906353606e-01
5.801496117553008869e-01,5.801496117553008869e-01
5.935255043716902712e-01,5.935255043716902712e-01
5.682498658441499373e-01,5.682498658441499373e-01
7.518594008068710810e-01,7.518594008068710810e-01
6.299332513604437578e-01,6.299332513604437578e-01
5.844569880926975269e-01,5.844569880926975269e-01
5.812586560438888217e-01,5.812586560438888217e-01
6.399811543200727426e-01,6.399811543200727426e-01
6.459607279961585569e-01,6.459607279961585569e-01
6.875153702136350686e-01,6.875153702136350686e-01
4.427500317013025599e-01,4.427500317013025599e-01
6.004752115168854321e-01,6.004752115168854321e-01
8.124592062916911051e-01,8.124592062916911051e-01
7.834226267858553916e-01,7.834226267858553916e-01
4.320571806197208709e-01,4.320571806197208709e-01
5.976874822283112509e-01,5.976874822283112509e-01
7.322201630474257650e-01,7.322201630474257650e-01
9.032923502375200808e-01,9.032923502375200808e-01
6.896247070694445647e-01,6.896247070694445647e-01
6.759084607875417428e-01,6.759084607875417428e-01
4.617174075417751489e-01,4.617174075417751489e-01
7.605187258355572411e-01,7.605187258355572411e-01
8.249286153396240273e-01,8.249286153396240273e-01
5.036376031189470082e-01,5.036376031189470082e-01
7.831466754264259089e-01,7.831466754264259089e-01
5.146582643267179069e-01,5.146582643267179069e-01
6.851498746490221059e-01,6.851498746490221059e-01
5.344485850214550915e-01,5.344485850214550915e-01
4.967992525135357385e-01,4.967992525135357385e-01
7.444900122933084674e-01,7.444900122933084674e-01
6.932294628233390821e-01,6.932294628233390821e-01
6.286007632643808574e-01,6.286007632643808574e-01
6.137827031125393518e-01,6.137827031125393518e-01
5.589781732794353308e-01,5.589781732794353308e-01
5.111300995531796731e-01,5.111300995531796731e-01
5.832922688572839132e-01,5.832922688572839132e-01
6.560453782341283402e-01,6.560453782341283402e-01
6.194886540542079434e-01,6.194886540542079434e-01
4.687594049539803853e-01,4.687594049539803853e-01
8.033287286972901065e-01,8.033287286972901065e-01
6.184410284329893148e-01,6.184410284329893148e-01
6.326639184233547875e-01,6.326639184233547875e-01
4.891416600426166106e-01,4.891416600426166106e-01
6.649672043775034513e-01,6.649672043775034513e-01
6.582838049068067132e-01,6.582838049068067132e-01
7.204117149496321870e-01,7.204117149496321870e-01
7.908197311528628592e-01,7.908197311528628592e-01
7.124825393921945249e-01,7.124825393921945249e-01
6.109214970355306695e-01,6.109214970355306695e-01
5.463233325490411962e-01,5.463233325490411962e-01
6.905592067173148552e-01,6.905592067173148552e-01
8.270699821509548411e-01,8.270699821509548411e-01
7.110659937542760378e-01,7.110659937542760378e-01
8.318895073425512932e-01,8.318895073425512932e-01
7.298101593972188272e-01,7.298101593972188272e-01
6.424855844465046095e-01,6.424855844465046095e-01
5.828643049919142172e-01,5.828643049919142172e-01
7.357177802846064374e-01,7.357177802846064374e-01
6.693770607969731223e-01,6.693770607969731223e-01
5.169160564096275667e-01,5.169160564096275667e-01
7.817145513975178872e-01,7.817145513975178872e-01
6.921788893853364488e-01,6.921788893853364488e-01
5.768021558119086345e-01,5.768021558119086345e-01
4.718819246121745414e-01,4.718819246121745414e-01
7.291745719624975752e-01,7.291745719624975752e-01
5.380568561869569777e-01,5.380568561869569777e-01
6.063283460579322881e-01,6.063283460579322881e-01
5.563109619023074437e-01,5.563109619023074437e-01
7.496670139699077584e-01,7.496670139699077584e-01
5.904215720148610069e-01,5.904215720148610069e-01
5.669636441998630039e-01,5.669636441998630039e-01
5.769595004597334320e-01,5.769595004597334320e-01
7.141028584331792217e-01,7.141028584331792217e-01
5.316521406264017591e-01,5.316521406264017591e-01
6.204685635352484852e-01,6.204685635352484852e-01
6.915108567039438547e-01,6.915108567039438547e-01
4.943784917052722605e-01,4.943784917052722605e-01
7.729316572645522632e-01,7.729316572645522632e-01
5.378683814720000012e-01,5.378683814720000012e-01
5.461385366273986408e-01,5.461385366273986408e-01
6.936100912604146185e-01,6.936100912604146185e-01
7.427282051953580932e-01,7.427282051953580932e-01
8.296393526417968900e-01,8.296393526417968900e-01
4.991266394626030500e-01,4.991266394626030500e-01
8.874772582513673624e-01,8.874772582513673624e-01
6.361579563515208369e-01,6.361579563515208369e-01
7.558715542751138772e-01,7.558715542751138772e-01
5.606582260029919773e-01,5.606582260029919773e-01
5.499345559296311414e-01,5.499345559296311414e-01
5.540954686335318735e-01,5.540954686335318735e-01
5.538902628850698173e-01,5.538902628850698173e-01
6.508976577104452765e-01,6.508976577104452765e-01
4.938878164426810380e-01,4.938878164426810380e-01
5.075937546660140853e-01,5.075937546660140853e-01
6.595071202874829286e-01,6.595071202874829286e-01
4.920809859638202721e-01,4.920809859638202721e-01
6.323610796150085367e-01,6.323610796150085367e-01
5.860902771735068129e-01,5.860902771735068129e-01
6.600422246299201268e-01,6.600422246299201268e-01
6.967072362939847885e-01,6.967072362939847885e-01
7.782665721325945363e-01,7.782665721325945363e-01
6.810212174509028271e-01,6.810212174509028271e-01
6.778874189398549355e-01,6.778874189398549355e-01
5.808246041669763438e-01,5.808246041669763438e-01
6.705506092413098251e-01,6.705506092413098251e-01
6.434531324787753359e-01,6.434531324787753359e-01
5.237900196984635048e-01,5.237900196984635048e-01
3.516897799243774436e-01,3.516897799243774436e-01
6.960056663148295186e-01,6.960056663148295186e-01
3.980126020209145965e-01,3.980126020209145965e-01
6.277162093380617147e-01,6.277162093380617147e-01
7.551706042620209836e-01,7.551706042620209836e-01
5.907289436059738330e-01,5.907289436059738330e-01
6.378483427982760690e-01,6.378483427982760690e-01
8.717261654018415573e-01,8.717261654018415573e-01
6.478421050852584129e-01,6.478421050852584129e-01
4.610561740647596829e-01,4.610561740647596829e-01
6.107251762961805053e-01,6.107251762961805053e-01
5.961921995060781576e-01,5.961921995060781576e-01
5.569544975905403872e-01,5.569544975905403872e-01
6.750460205335589992e-01,6.750460205335589992e-01
6.429910016862783184e-01,6.429910016862783184e-01
5.390272311824395590e-01,5.390272311824395590e-01
4.084840182956532839e-01,4.084840182956532839e-01
5.503822441747352467e-01,5.503822441747352467e-01
4.691929553627415816e-01,4.691929553627415816e-01
5.800597987357382079e-01,5.800597987357382079e-01
7.349866566979688098e-01,7.349866566979688098e-01
3.961383434441333451e-01,3.961383434441333451e-01
5.914790894460310033e-01,5.914790894460310033e-01
6.435172018735231259e-01,6.435172018735231259e-01
6.840866346424857580e-01,6.840866346424857580e-01
5.601388357535099782e-01,5.601388357535099782e-01
6.503605423632383697e-01,6.503605423632383697e-01
5.037765796552413633e-01,5.037765796552413633e-01
6.055208103984324186e-01,6.055208103984324186e-01
5.759538843036808853e-01,5.759538843036808853e-01
4.750694380812171547e-01,4.750694380812171547e-01
6.003757610375425324e-01,6.003757610375425324e-01
6.323914036780039494e-01,6.323914036780039494e-01
5.823854150691436526e-01,5.823854150691436526e-01
6.343408946593721565e-01,6.343408946593721565e-01
6.441545321994912587e-01,6.441545321994912587e-01
6.653497000343655543e-01,6.653497000343655543e-01
8.061578797728056189e-01,8.061578797728056189e-01
5.104885658920628178e-01,5.104885658920628178e-01
8.108847436517718776e-01,8.108847436517718776e-01
6.857833305109173327e-01,6.857833305109173327e-01
5.133652284123261245e-01,5.133652284123261245e-01
9.297041984756486688e-01,9.297041984756486688e-01
7.748242152347711853e-01,7.748242152347711853e-01
6.601295342193425064e-01,6.601295342193425064e-01
6.927035136400081505e-01,6.927035136400081505e-01
5.729242114747238324e-01,5.729242114747238324e-01
7.699411642860660709e-01,7.699411642860660709e-01
7.744806792996927758e-01,7.744806792996927758e-01
5.978789374734816420e-01,5.978789374734816420e-01
6.685325118005157607e-01,6.685325118005157607e-01
3.906474345707310336e-01,3.906474345707310336e-01
7.221181379363050823e-01,7.221181379363050823e-01
5.602621441431675509e-01,5.602621441431675509e-01
6.745771945448078011e-01,6.745771945448078011e-01
6.695889142251567616e-01,6.695889142251567616e-01
6.521199581936122369e-01,6.521199581936122369e-01
5.962290080316793306e-01,5.962290080316793306e-01
5.568270008969065099e-01,5.568270008969065099e-01
8.217714241156831578e-01,8.217714241156831578e-01
6.540165511207540749e-01,6.540165511207540749e-01
6.264557972913076256e-01,6.264557972913076256e-01
6.672694589571754875e-01,6.672694589571754875e-01
4.220436764543161745e-01,4.220436764543161745e-01
5.450952555774496444e-01,5.450952555774496444e-01
5.784915682673446025e-01,5.784915682673446025e-01
5.361672102845109755e-01,5.361672102845109755e-01
6.565646132197677787e-01,6.565646132197677787e-01
7.791455661342734373e-01,7.791455661342734373e-01
6.202636889640221751e-01,6.202636889640221751e-01
6.217797848223423074e-01,6.217797848223423074e-01
8.065117207941446820e-01,8.065117207941446820e-01
7.626056619502952216e-01,7.626056619502952216e-01
6.534637195719509295e-01,6.534637195719509295e-01
5.922961509076734021e-01,5.922961509076734021e-01
6.528589124544385003e-01,6.528589124544385003e-01
7.321832428492067724e-01,7.321832428492067724e-01
6.202336584782910389e-01,6.202336584782910389e-01
6.158504018230094301e-01,6.158504018230094301e-01
6.838260374565706678e-01,6.838260374565706678e-01
6.067997191663552226e-01,6.067997191663552226e-01
7.467968805813544053e-01,7.467968805813544053e-01
7.028272500365285724e-01,7.028272500365285724e-01
5.250555214730110443e-01,5.250555214730110443e-01
6.197042241420103181e-01,6.197042241420103181e-01
5.094036408662538928e-01,5.094036408662538928e-01
5.348825949602578067e-01,5.348825949602578067e-01
9.152582385274297128e-01,9.152582385274297128e-01
3.026598179251491216e-01,3.026598179251491216e-01
8.841185059751398567e-01,8.841185059751398567e-01
7.222304812441329158e-01,7.222304812441329158e-01
7.431749327534133975e-01,7.431749327534133975e-01
6.866922881210846263e-01,6.866922881210846263e-01
5.732484839043798797e-01,5.732484839043798797e-01
7.228373648347137248e-01,7.228373648347137248e-01
6.548891920916994902e-01,6.548891920916994902e-01
7.349548193293639065e-01,7.349548193293639065e-01
6.266711146884497152e-01,6.266711146884497152e-01
5.931969831547517780e-01,5.931969831547517780e-01
5.986250565154149772e-01,5.986250565154149772e-01
3.504586290520468883e-01,3.504586290520468883e-01
6.269531374273910052e-01,6.269531374273910052e-01
6.641497557542341834e-01,6.641497557542341834e-01
6.634913596399334423e-01,6.634913596399334423e-01
6.503208670932701940e-01,6.503208670932701940e-01
6.057339445705458569e-01,6.057339445705458569e-01
6.627247403701974626e-01,6.627247403701974626e-01
6.181086086444420591e-01,6.181086086444420591e-01
6.693039404130046721e-01,6.693039404130046721e-01
6.763325217178688398e-01,6.763325217178688398e-01
5.775130062156723643e-01,5.775130062156723643e-01
8.014094647109299974e-01,8.014094647109299974e-01
6.583154284790824207e-01,6.583154284790824207e-01
4.365567100836374448e-01,4.365567100836374448e-01
7.670582879325312797e-01,7.670582879325312797e-01
4.778096318732614201e-01,4.778096318732614201e-01
6.354113846547505551e-01,6.354113846547505551e-01
5.937230715311364593e-01,5.937230715311364593e-01
7.070220974576979511e-01,7.070220974576979511e-01
5.755484858172431606e-01,5.755484858172431606e-01
7.423311811766485357e-01,7.423311811766485357e-01
6.562189830782331201e-01,6.562189830782331201e-01
5.762089046260729930e-01,5.762089046260729930e-01
5.834831807658759084e-01,5.834831807658759084e-01
6.021832250891836491e-01,6.021832250891836491e-01
7.925957886705404798e-01,7.925957886705404798e-01
7.966233409777823127e-01,7.966233409777823127e-01
6.533285898471237196e-01,6.533285898471237196e-01
5.086289827161131205e-01,5.086289827161131205e-01
7.227335611904985857e-01,7.227335611904985857e-01
6.182063717185164453e-01,6.182063717185164453e-01
5.714182681753552373e-01,5.714182681753552373e-01
5.490516389323298885e-01,5.490516389323298885e-01
6.851407689710637960e-01,6.851407689710637960e-01
5.021224255188774244e-01,5.021224255188774244e-01
6.693970898036420980e-01,6.693970898036420980e-01
5.355749963877187714e-01,5.355749963877187714e-01
9.027856679745068780e-01,9.027856679745068780e-01
5.630748525700357554e-01,5.630748525700357554e-01
6.018385431754946779e-01,6.018385431754946779e-01
6.068868609518154322e-01,6.068868609518154322e-01
6.160679069366898908e-01,6.160679069366898908e-01
6.103383532887778351e-01,6.103383532887778351e-01
5.686828220070646589e-01,5.686828220070646589e-01
4.822626700253181964e-01,4.822626700253181964e-01
4.807800709270876327e-01,4.807800709270876327e-01
5.140068674980262653e-01,5.140068674980262653e-01
5.292519218171192197e-01,5.292519218171192197e-01
5.502988939081135955e-01,5.502988939081135955e-01
6.588755726359739606e-01,6.588755726359739606e-01
5.752020897725972359e-01,5.752020897725972359e-01
5.723006494999242078e-01,5.723006494999242078e-01
5.422787139775268050e-01,5.422787139775268050e-01
8.360425117970716746e-01,8.360425117970716746e-01
6.190014367607432622e-01,6.190014367607432622e-01
6.443680273622531818e-01,6.443680273622531818e-01
5.729904128608346303e-01,5.729904128608346303e-01
7.570673696537305597e-01,7.570673696537305597e-01
6.315224043682441391e-01,6.315224043682441391e-01
6.465648691548456783e-01,6.465648691548456783e-01
8.053625898936904726e-01,8.053625898936904726e-01
6.456316876343208833e-01,6.456316876343208833e-01
6.683662030016794819e-01,6.683662030016794819e-01
4.867488520891356529e-01,4.867488520891356529e-01
5.670072144683783177e-01,5.670072144683783177e-01
7.443074765773023405e-01,7.443074765773023405e-01
7.447045834164695011e-01,7.447045834164695011e-01
7.547852377648558431e-01,7.547852377648558431e-01
4.152040879034367693e-01,4.152040879034367693e-01
6.144810652885198676e-01,6.144810652885198676e-01
7.600496869922362952e-01,7.600496869922362952e-01
6.985399057581535009e-01,6.985399057581535009e-01
8.221979157879659716e-01,8.221979157879659716e-01
5.600332445828182237e-01,5.600332445828182237e-01
7.864987914328237517e-01,7.864987914328237517e-01
6.095973499106268623e-01,6.095973499106268623e-01
7.003986667185700954e-01,7.003986667185700954e-01
5.139804935381458995e-01,5.139804935381458995e-01
6.020473124733977111e-01,6.020473124733977111e-01
6.594210671924942702e-01,6.594210671924942702e-01
7.291373682931735489e-01,7.291373682931735489e-01
7.698110036017173918e-01,7.698110036017173918e-01
7.807472637394146098e-01,7.807472637394146098e-01
5.778729990988437093e-01,5.778729990988437093e-01
7.161533411685118145e-01,7.161533411685118145e-01
4.824492245949246749e-01,4.824492245949246749e-01
7.290932210783633849e-01,7.290932210783633849e-01
5.409502641938995771e-01,5.409502641938995771e-01
5.160794929101299999e-01,5.160794929101299999e-01
6.263059757475789580e-01,6.263059757475789580e-01
5.332849875267551276e-01,5.332849875267551276e-01
9.343787859003062080e-01,9.343787859003062080e-01
6.715532858634289948e-01,6.715532858634289948e-01
5.288351013501598752e-01,5.288351013501598752e-01
7.395533834613097213e-01,7.395533834613097213e-01
7.364855479676304384e-01,7.364855479676304384e-01
6.142113438573841844e-01,6.142113438573841844e-01
6.958015863262618783e-01,6.958015863262618783e-01
4.725680519283322334e-01,4.725680519283322334e-01
7.005831627241488890e-01,7.005831627241488890e-01
5.393161882490288273e-01,5.393161882490288273e-01
5.511277098982716449e-01,5.511277098982716449e-01
5.212273592599953043e-01,5.212273592599953043e-01
5.936547162702336955e-01,5.936547162702336955e-01
6.637882271879111951e-01,6.637882271879111951e-01
6.704441147092760067e-01,6.704441147092760067e-01
5.416709305545099884e-01,5.416709305545099884e-01
7.085598983793016670e-01,7.085598983793016670e-01
6.496454783537094491e-01,6.496454783537094491e-01
7.644841653334621956e-01,7.644841653334621956e-01
5.368347248313365405e-01,5.368347248313365405e-01
7.134287611975622667e-01,7.134287611975622667e-01
7.195722155231250028e-01,7.195722155231250028e-01
5.554790935168915089e-01,5.554790935168915089e-01
4.294377957566614668e-01,4.294377957566614668e-01
8.667193531694096231e-01,8.667193531694096231e-01
5.875678306728128186e-01,5.875678306728128186e-01
7.644871959488922508e-01,7.644871959488922508e-01
7.527185021721803926e-01,7.527185021721803926e-01
6.497886464989051092e-01,6.497886464989051092e-01
7.557502373266173912e-01,7.557502373266173912e-01
8.038797676942553982e-01,8.038797676942553982e-01
6.561033494334979066e-01,6.561033494334979066e-01
6.188959352029395067e-01,6.188959352029395067e-01
7.558693517494965430e-01,7.558693517494965430e-01
6.265006167531901315e-01,6.265006167531901315e-01
5.952733489381536458e-01,5.952733489381536458e-01
7.120221892521583218e-01,7.120221892521583218e-01
8.206763605305654741e-01,8.206763605305654741e-01
5.926370390182860159e-01,5.926370390182860159e-01
6.083830178443574432e-01,6.083830178443574432e-01
2.326379031226745719e-01,2.326379031226745719e-01
8.677493046789965803e-01,8.677493046789965803e-01
6.213038369357926083e-01,6.213038369357926083e-01
7.148486212793844219e-01,7.148486212793844219e-01
4.809068667284520648e-01,4.809068667284520648e-01
5.809487714189505159e-01,5.809487714189505159e-01
6.201025569339670973e-01,6.201025569339670973e-01
7.345788838944102839e-01,7.345788838944102839e-01
7.120675444662880604e-01,7.120675444662880604e-01
7.038979832821543603e-01,7.038979832821543603e-01
4.772781378383187945e-01,4.772781378383187945e-01
3.396551738307760360e-01,3.396551738307760360e-01
6.360616800748205568e-01,6.360616800748205568e-01
7.548280530748361361e-01,7.548280530748361361e-01
6.515218611224861123e-01,6.515218611224861123e-01
7.484109369131579648e-01,7.484109369131579648e-01
6.579307306341042327e-01,6.579307306341042327e-01
5.563630432433993578e-01,5.563630432433993578e-01
5.686132125623732936e-01,5.686132125623732936e-01
5.948198483279967252e-01,5.948198483279967252e-01
5.390346589683663314e-01,5.390346589683663314e-01
5.546856460580821269e-01,5.546856460580821269e-01
6.590021030451548301e-01,6.590021030451548301e-01
6.220966365068369974e-01,6.220966365068369974e-01
4.403588500157584740e-01,4.403588500157584740e-01
6.868692939757794491e-01,6.868692939757794491e-01
5.857585885165687012e-01,5.857585885165687012e-01
8.099061227750662395e-01,8.099061227750662395e-01
8.258443848159230383e-01,8.258443848159230383e-01
5.060167968652193871e-01,5.060167968652193871e-01
4.508560879182017533e-01,4.508560879182017533e-01
7.846872868215620800e-01,7.846872868215620800e-01
4.095695448055854948e-01,4.095695448055854948e-01
6.271019756947722179e-01,6.271019756947722179e-01
6.421896639555941810e-01,6.421896639555941810e-01
7.432141703501561336e-01,7.432141703501561336e-01
6.825795492011416110e-01,6.825795492011416110e-01
7.071641518028460860e-01,7.071641518028460860e-01
7.251021446444269047e-01,7.251021446444269047e-01
6.123173680757421078e-01,6.123173680757421078e-01
6.952087104061223100e-01,6.952087104061223100e-01
5.235714693378178408e-01,5.235714693378178408e-01
6.195080897239956252e-01,6.195080897239956252e-01
5.791955081439507103e-01,5.791955081439507103e-01
5.598089659623941561e-01,5.598089659623941561e-01
5.910881525404338976e-01,5.910881525404338976e-01
6.485680010359430314e-01,6.485680010359430314e-01
5.501902975782995142e-01,5.501902975782995142e-01
5.550958276915815004e-01,5.550958276915815004e-01
8.181418184050819331e-01,8.181418184050819331e-01
5.635500640498104508e-01,5.635500640498104508e-01
6.626415913840226768e-01,6.626415913840226768e-01
6.952178060250222558e-01,6.952178060250222558e-01
6.185990435647755747e-01,6.185990435647755747e-01
4.757125137949231308e-01,4.757125137949231308e-01
6.233281370875738414e-01,6.233281370875738414e-01
6.285311101141697332e-01,6.285311101141697332e-01
6.546288373013808837e-01,6.546288373013808837e-01
6.557584407917501634e-01,6.557584407917501634e-01
5.261588589016662487e-01,5.261588589016662487e-01
5.134235333785532873e-01,5.134235333785532873e-01
6.253349727393704427e-01,6.253349727393704427e-01
6.285355384770432430e-01,6.285355384770432430e-01
5.856693900801080988e-01,5.856693900801080988e-01
4.603913531420366079e-01,4.603913531420366079e-01
5.621732271920314439e-01,5.621732271920314439e-01
5.620549027463315195e-01,5.620549027463315195e-01
4.568159539193739072e-01,4.568159539193739072e-01
6.063482709091168044e-01,6.063482709091168044e-01
5.979500541669888758e-01,5.979500541669888758e-01
8.001917329223869890e-01,8.001917329223869890e-01
5.651185942166435661e-01,5.651185942166435661e-01
4.892053600227297405e-01,4.892053600227297405e-01
4.391529227753023790e-01,4.391529227753023790e-01
6.930699872726013844e-01,6.930699872726013844e-01
7.586127229804301431e-01,7.586127229804301431e-01
7.792842204615920698e-01,7.792842204615920698e-01
8.422900900724357154e-01,8.422900900724357154e-01
7.413017743657962511e-01,7.413017743657962511e-01
5.172029884903981412e-01,5.172029884903981412e-01
6.037860304716788917e-01,6.037860304716788917e-01
7.033398910970597440e-01,7.033398910970597440e-01
7.388767572348042822e-01,7.388767572348042822e-01
6.267494384761904680e-01,6.267494384761904680e-01
5.464878871767118174e-01,5.464878871767118174e-01
5.541577354862012861e-01,5.541577354862012861e-01
6.119731536379627856e-01,6.119731536379627856e-01
7.076969870360382275e-01,7.076969870360382275e-01
5.169185160940957813e-01,5.169185160940957813e-01
6.946739035076969770e-01,6.946739035076969770e-01
6.801824169393834163e-01,6.801824169393834163e-01
6.324920758574583690e-01,6.324920758574583690e-01
5.285160149932160989e-01,5.285160149932160989e-01
6.044855928872167050e-01,6.044855928872167050e-01
5.684092099639357354e-01,5.684092099639357354e-01
7.224937345617097328e-01,7.224937345617097328e-01
5.324530815201622413e-01,5.324530815201622413e-01
6.378667034366821698e-01,6.378667034366821698e-01
6.649559377918008440e-01,6.649559377918008440e-01
7.347777842628397948e-01,7.347777842628397948e-01
5.838582222949464384e-01,5.838582222949464384e-01
5.989476197220084952e-01,5.989476197220084952e-01
5.857079747221609622e-01,5.857079747221609622e-01
8.380640720897230000e-01,8.380640720897230000e-01
9.691368064606942223e-01,9.691368064606942223e-01
5.787577277998614544e-01,5.787577277998614544e-01
6.750303587207335809e-01,6.750303587207335809e-01
5.904192147025312254e-01,5.904192147025312254e-01
8.788668482326443820e-01,8.788668482326443820e-01
6.873103346520866852e-01,6.873103346520866852e-01
6.081040763134886173e-01,6.081040763134886173e-01
6.661010268580398463e-01,6.661010268580398463e-01
5.763710348543389372e-01,5.763710348543389372e-01
5.359202745086772968e-01,5.359202745086772968e-01
5.355905377568058734e-01,5.355905377568058734e-01
6.595980743350193798e-01,6.595980743350193798e-01
7.067704637906352394e-01,7.067704637906352394e-01
6.659819294378543919e-01,6.659819294378543919e-01
5.733542855893096757e-01,5.733542855893096757e-01
6.568525395580429027e-01,6.568525395580429027e-01
7.651381639344656538e-01,7.651381639344656538e-01
7.105139266408773135e-01,7.105139266408773135e-01
7.073869175988052316e-01,7.073869175988052316e-01
7.426553171286554011e-01,7.426553171286554011e-01
7.368262351569405677e-01,7.368262351569405677e-01
7.759645372633097171e-01,7.759645372633097171e-01
5.353333305172236489e-01,5.353333305172236489e-01
6.321091800932625571e-01,6.321091800932625571e-01
4.960781550432000198e-01,4.960781550432000198e-01
6.184778204029165449e-01,6.184778204029165449e-01
5.035510152894618896e-01,5.035510152894618896e-01
6.416514635883165951e-01,6.416514635883165951e-01
6.177787655771419528e-01,6.177787655771419528e-01
4.950820345345203766e-01,4.950820345345203766e-01
7.347632372873679207e-01,7.347632372873679207e-01
4.548129580838712882e-01,4.548129580838712882e-01
7.668803409712958707e-01,7.668803409712958707e-01
6.540658571872313143e-01,6.540658571872313143e-01
4.995258928922439168e-01,4.995258928922439168e-01
6.625549051885142315e-01,6.625549051885142315e-01
4.085289335567989788e-01,4.085289335567989788e-01
5.794143837421941168e-01,5.794143837421941168e-01
5.559134969147497829e-01,5.559134969147497829e-01
5.929982516191409925e-01,5.929982516191409925e-01
6.909916653809636822e-01,6.909916653809636822e-01
7.896361643365389371e-01,7.896361643365389371e-01
6.595737324206122354e-01,6.595737324206122354e-01
5.674114087373377524e-01,5.674114087373377524e-01
6.603896025839419703e-01,6.603896025839419703e-01
7.714610469116326419e-01,7.714610469116326419e-01
9.448675404315062254e-01,9.448675404315062254e-01
5.970983291106402024e-01,5.970983291106402024e-01
5.982059878661546426e-01,5.982059878661546426e-01
7.674444353922675877e-01,7.674444353922675877e-01
5.552935826182543444e-01,5.552935826182543444e-01
5.722550716984422525e-01,5.722550716984422525e-01
7.055068486057838317e-01,7.055068486057838317e-01
7.457540316739988961e-01,7.457540316739988961e-01
8.074476551293412463e-01,8.074476551293412463e-01
6.982796984794654716e-01,6.982796984794654716e-01
7.979895209968554948e-01,7.979895209968554948e-01
5.736558588311138074e-01,5.736558588311138074e-01
5.615277192286534103e-01,5.615277192286534103e-01
6.467332720731171491e-01,6.467332720731171491e-01
5.041529994858521269e-01,5.041529994858521269e-01
5.546682918378573746e-01,5.546682918378573746e-01
3.806445532741550286e-01,3.806445532741550286e-01
6.944587107474001764e-01,6.944587107474001764e-01
6.434711364093154140e-01,6.434711364093154140e-01
5.334861766352577694e-01,5.334861766352577694e-01
8.088851573458448740e-01,8.088851573458448740e-01
5.474324490275316313e-01,5.474324490275316313e-01
5.796493403576528092e-01,5.796493403576528092e-01
7.056686366503024388e-01,7.056686366503024388e-01
6.783038485931309758e-01,6.783038485931309758e-01
7.601767628030262625e-01,7.601767628030262625e-01
7.038355881545311776e-01,7.038355881545311776e-01
6.392933279721222384e-01,6.392933279721222384e-01
6.044180345487724093e-01,6.044180345487724093e-01
6.505606425304770735e-01,6.505606425304770735e-01
4.606743231081497636e-01,4.606743231081497636e-01
5.160073005901739673e-01,5.160073005901739673e-01
5.479377206935334144e-01,5.479377206935334144e-01
3.807155617250785884e-01,3.807155617250785884e-01
5.782247325408401695e-01,5.782247325408401695e-01
5.830299514176042752e-01,5.830299514176042752e-01
8.386681818479844175e-01,8.386681818479844175e-01
5.772265576887530836e-01,5.772265576887530836e-01
6.418778062020642494e-01,6.418778062020642494e-01
7.514839812493441240e-01,7.514839812493441240e-01
4.514831417859344609e-01,4.514831417859344609e-01
7.504720740687151892e-01,7.504720740687151892e-01
7.842411716353467899e-01,7.842411716353467899e-01
5.778133524582277358e-01,5.778133524582277358e-01
6.916560141581892251e-01,6.916560141581892251e-01
4.392235324121935847e-01,4.392235324121935847e-01
5.920121818272681136e-01,5.920121818272681136e-01
5.829142972321805782e-01,5.829142972321805782e-01
6.196940828832300241e-01,6.196940828832300241e-01
5.573651557071838125e-01,5.573651557071838125e-01
7.495795874905801792e-01,7.495795874905801792e-01
7.094312575908203744e-01,7.094312575908203744e-01
7.623363987229008210e-01,7.623363987229008210e-01
4.523005540740918096e-01,4.523005540740918096e-01
6.606038397352596014e-01,6.606038397352596014e-01
5.447066290082800410e-01,5.447066290082800410e-01
6.783106625404597967e-01,6.783106625404597967e-01
8.407252971683309983e-01,8.407252971683309983e-01
6.048910579746648031e-01,6.048910579746648031e-01
6.222337192061098143e-01,6.222337192061098143e-01
6.821446524681515911e-01,6.821446524681515911e-01
6.110463866023132518e-01,6.110463866023132518e-01
5.177330116634278889e-01,5.177330116634278889e-01
6.409895393987191659e-01,6.409895393987191659e-01
6.481329143472004395e-01,6.481329143472004395e-01
7.550411576772222411e-01,7.550411576772222411e-01
7.265179595531296997e-01,7.265179595531296997e-01
6.249353544180797915e-01,6.249353544180797915e-01
4.918891243649546330e-01,4.918891243649546330e-01
5.288096273467385311e-01,5.288096273467385311e-01
5.957692469784890976e-01,5.957692469784890976e-01
6.267517584999929836e-01,6.267517584999929836e-01
6.069582667461316250e-01,6.069582667461316250e-01
6.869240941972900583e-01,6.869240941972900583e-01
8.034209114726081902e-01,8.034209114726081902e-01
6.367910863463898119e-01,6.367910863463898119e-01
5.138535524194878246e-01,5.138535524194878246e-01
7.489275383236104755e-01,7.489275383236104755e-01
6.508793491171835921e-01,6.508793491171835921e-01
6.081051781742627949e-01,6.081051781742627949e-01
6.516058604692033240e-01,6.516058604692033240e-01
7.361905734158924464e-01,7.361905734158924464e-01
5.916896606412276327e-01,5.916896606412276327e-01
7.447464040240854288e-01,7.447464040240854288e-01
6.370231157763088792e-01,6.370231157763088792e-01
5.739367317977432936e-01,5.739367317977432936e-01
6.241610092913327801e-01,6.241610092913327801e-01
8.710212933159313664e-01,8.710212933159313664e-01
6.211929554524561192e-01,6.211929554524561192e-01
7.005003958296811550e-01,7.005003958296811550e-01
4.665304317525651445e-01,4.665304317525651445e-01
5.909566179302356836e-01,5.909566179302356836e-01
5.995071810095178311e-01,5.995071810095178311e-01
7.926775074095384621e-01,7.926775074095384621e-01
7.148161664189641717e-01,7.148161664189641717e-01
4.748854927005768944e-01,4.748854927005768944e-01
6.339967442247925744e-01,6.339967442247925744e-01
7.860123738123245829e-01,7.860123738123245829e-01
5.186540037115031643e-01,5.186540037115031643e-01
4.898814101856280301e-01,4.898814101856280301e-01
6.438407257007568996e-01,6.438407257007568996e-01
4.787727284684111240e-01,4.787727284684111240e-01
6.464887700948316329e-01,6.464887700948316329e-01
8.683288960768972276e-01,8.683288960768972276e-01
7.519095309038588137e-01,7.519095309038588137e-01
6.243078838257918317e-01,6.243078838257918317e-01
8.550379403779280185e-01,8.550379403779280185e-01
6.873518664545048562e-01,6.873518664545048562e-01
8.542374568724208084e-01,8.542374568724208084e-01
5.023472712594443390e-01,5.023472712594443390e-01
6.913838088648102120e-01,6.913838088648102120e-01
6.238413393962495279e-01,6.238413393962495279e-01
4.206899599884185159e-01,4.206899599884185159e-01
6.225433682685248549e-01,6.225433682685248549e-01
5.612512171280206186e-01,5.612512171280206186e-01
6.959693920331062600e-01,6.959693920331062600e-01
6.018793388595153893e-01,6.018793388595153893e-01
7.549167480661838070e-01,7.549167480661838070e-01
5.933140539936266888e-01,5.933140539936266888e-01
7.629473403310220725e-01,7.629473403310220725e-01
7.465296727106185415e-01,7.465296727106185415e-01
5.835284692137313600e-01,5.835284692137313600e-01
5.608444493677402498e-01,5.608444493677402498e-01
5.668031747184938407e-01,5.668031747184938407e-01
5.460975574835539303e-01,5.460975574835539303e-01
6.891772711411573438e-01,6.891772711411573438e-01
6.307688199370867776e-01,6.307688199370867776e-01
7.405508887959245667e-01,7.405508887959245667e-01
7.214445560039952632e-01,7.214445560039952632e-01
4.091700815181140150e-01,4.091700815181140150e-01
6.903113930253653718e-01,6.903113930253653718e-01
6.111023142992719759e-01,6.111023142992719759e-01
5.365336782192116072e-01,5.365336782192116072e-01
6.160805107135666203e-01,6.160805107135666203e-01
8.728156963596350737e-01,8.728156963596350737e-01
5.553094275680133807e-01,5.553094275680133807e-01
5.920943864323547912e-01,5.920943864323547912e-01
6.746669103634246323e-01,6.746669103634246323e-01
6.144082298804142139e-01,6.144082298804142139e-01
6.372866769251022134e-01,6.372866769251022134e-01
7.528706151396262758e-01,7.528706151396262758e-01
7.790709830944868575e-01,7.790709830944868575e-01
5.938917446073597173e-01,5.938917446073597173e-01
6.468008005203469413e-01,6.468008005203469413e-01
4.621031229914902561e-01,4.621031229914902561e-01
4.667779989672379282e-01,4.667779989672379282e-01
8.247464883794113355e-01,8.247464883794113355e-01
8.054997207764408307e-01,8.054997207764408307e-01
5.961618409676703312e-01,5.961618409676703312e-01
6.781996533581151620e-01,6.781996533581151620e-01
7.941063216552238790e-01,7.941063216552238790e-01
8.201385679461798972e-01,8.201385679461798972e-01
6.865774124731378603e-01,6.865774124731378603e-01
6.708175805908631606e-01,6.708175805908631606e-01
6.616436063278708923e-01,6.616436063278708923e-01
6.344381149307158907e-01,6.344381149307158907e-01
6.553546735948191371e-01,6.553546735948191371e-01
6.643353970451160162e-01,6.643353970451160162e-01
4.413217740225321428e-01,4.413217740225321428e-01
5.992680270492984906e-01,5.992680270492984906e-01
5.770503106514579539e-01,5.770503106514579539e-01
8.005556522463015412e-01,8.005556522463015412e-01
7.675165085261850262e-01,7.675165085261850262e-01
7.122057060517474891e-01,7.122057060517474891e-01
5.554766810166126279e-01,5.554766810166126279e-01
6.022758974097990325e-01,6.022758974097990325e-01
4.649573798568583660e-01,4.649573798568583660e-01
8.021059954250833179e-01,8.021059954250833179e-01
5.574050198479620910e-01,5.574050198479620910e-01
8.585613565429944805e-01,8.585613565429944805e-01
6.632117885493102882e-01,6.632117885493102882e-01
8.325565366268949941e-01,8.325565366268949941e-01
4.471487806545706434e-01,4.471487806545706434e-01
6.346402169758593725e-01,6.346402169758593725e-01
6.073895665020032641e-01,6.073895665020032641e-01
4.973739563814941200e-01,4.973739563814941200e-01
6.597331377018359477e-01,6.597331377018359477e-01
6.715261125494551564e-01,6.715261125494551564e-01
7.135331917653525702e-01,7.135331917653525702e-01
7.678949823832679211e-01,7.678949823832679211e-01
6.447308786731135166e-01,6.447308786731135166e-01
4.231994007848149941e-01,4.231994007848149941e-01
6.630622782810898785e-01,6.630622782810898785e-01
5.929445841237892534e-01,5.929445841237892534e-01
6.000762890724099519e-01,6.000762890724099519e-01
5.822379655432509127e-01,5.822379655432509127e-01
6.540772142388157073e-01,6.540772142388157073e-01
7.286730401904599752e-01,7.286730401904599752e-01
6.716173228109559856e-01,6.716173228109559856e-01
7.953529161233332534e-01,7.953529161233332534e-01
6.589297114502402630e-01,6.589297114502402630e-01
6.988270930015041404e-01,6.988270930015041404e-01
6.242698701764638480e-01,6.242698701764638480e-01
7.179098407806893123e-01,7.179098407806893123e-01
5.154315470549367673e-01,5.154315470549367673e-01
5.171593835168688535e-01,5.171593835168688535e-01
7.849854764656279960e-01,7.849854764656279960e-01
5.309091312635452198e-01,5.309091312635452198e-01
6.975206964914744123e-01,6.975206964914744123e-01
6.230621142370647014e-01,6.230621142370647014e-01
5.024587712907553350e-01,5.024587712907553350e-01
6.532674696164345596e-01,6.532674696164345596e-01
6.217300192055168484e-01,6.217300192055168484e-01
7.011711041312370662e-01,7.011711041312370662e-01
5.347650503812223510e-01,5.347650503812223510e-01
6.921320737721298189e-01,6.921320737721298189e-01
6.974809107745547632e-01,6.974809107745547632e-01
5.959136757764362802e-01,5.959136757764362802e-01
6.219045665670830392e-01,6.219045665670830392e-01
6.346735681386235228e-01,6.346735681386235228e-01
6.157436550335138037e-01,6.157436550335138037e-01
3.557501589728901958e-01,3.557501589728901958e-01
6.560545037002195601e-01,6.560545037002195601e-01
5.391234789117655968e-01,5.391234789117655968e-01
7.351256464278934644e-01,7.351256464278934644e-01
5.378834982059669256e-01,5.378834982059669256e-01
7.310180268591672803e-01,7.310180268591672803e-01
7.901672967296053951e-01,7.901672967296053951e-01
6.236698248091639973e-01,6.236698248091639973e-01
7.012643442555461792e-01,7.012643442555461792e-01
4.937871376539084700e-01,4.937871376539084700e-01
6.025149883280628282e-01,6.025149883280628282e-01
7.971946058933879753e-01,7.971946058933879753e-01
6.638768984293136333e-01,6.638768984293136333e-01
6.916816219177901459e-01,6.916816219177901459e-01
7.228160252931496998e-01,7.228160252931496998e-01
4.996203668067091819e-01,4.996203668067091819e-01
7.273076703396107456e-01,7.273076703396107456e-01
7.176804361090478590e-01,7.176804361090478590e-01
6.907732890399398418e-01,6.907732890399398418e-01
6.141187450636728107e-01,6.141187450636728107e-01
6.002841837169939909e-01,6.002841837169939909e-01
7.698923031473943190e-01,7.698923031473943190e-01
6.915799642875548603e-01,6.915799642875548603e-01
6.685786925557897220e-01,6.685786925557897220e-01
7.585754079045483600e-01,7.585754079045483600e-01
7.846993532058625931e-01,7.846993532058625931e-01
8.525265412444563706e-01,8.525265412444563706e-01
5.478115928142396340e-01,5.478115928142396340e-01
6.378774672058613593e-01,6.378774672058613593e-01
5.192405635584573798e-01,5.192405635584573798e-01
6.130536976561787865e-01,6.130536976561787865e-01
6.816148654397939932e-01,6.816148654397939932e-01
5.717394551822918558e-01,5.717394551822918558e-01
6.799748818278040785e-01,6.799748818278040785e-01
7.091685679616945848e-01,7.091685679616945848e-01
5.509068988912966258e-01,5.509068988912966258e-01
6.656924483833208672e-01,6.656924483833208672e-01
6.348720888395178452e-01,6.348720888395178452e-01
6.900661426836429690e-01,6.900661426836429690e-01
5.677701936722303611e-01,5.677701936722303611e-01
7.451951341205220736e-01,7.451951341205220736e-01
5.861249170592708335e-01,5.861249170592708335e-01
7.678559323915812307e-01,7.678559323915812307e-01
5.304333395088927094e-01,5.304333395088927094e-01
7.922459143255247138e-01,7.922459143255247138e-01
6.640232988983894025e-01,6.640232988983894025e-01
6.513545342393681770e-01,6.513545342393681770e-01
4.465928345276395373e-01,4.465928345276395373e-01
5.742303012854721445e-01,5.742303012854721445e-01
7.758581633150388734e-01,7.758581633150388734e-01
6.345021529495173951e-01,6.345021529495173951e-01
8.425742305300598645e-01,8.425742305300598645e-01
7.940804973154342861e-01,7.940804973154342861e-01
6.292526553829810299e-01,6.292526553829810299e-01
5.531201534335464798e-01,5.531201534335464798e-01
8.359230772522061592e-01,8.359230772522061592e-01
3.835873297332491605e-01,3.835873297332491605e-01
5.593954184470433244e-01,5.593954184470433244e-01
6.459746606772398536e-01,6.459746606772398536e-01
5.674874905696190019e-01,5.674874905696190019e-01
7.603554088116160070e-01,7.603554088116160070e-01
6.837231866757929044e-01,6.837231866757929044e-01
6.624249961139865306e-01,6.624249961139865306e-01
5.630405142486889503e-01,5.630405142486889503e-01
4.673576043623365872e-01,4.673576043623365872e-01
7.470339501184253272e-01,7.470339501184253272e-01
7.883485314055020954e-01,7.883485314055020954e-01
6.006629154125089354e-01,6.006629154125089354e-01
7.130290103281778924e-01,7.130290103281778924e-01
6.463821974438974660e-01,6.463821974438974660e-01
7.471348711071387205e-01,7.471348711071387205e-01
6.913893920366585011e-01,6.913893920366585011e-01
4.839426972924639747e-01,4.839426972924639747e-01
7.190146452168904023e-01,7.190146452168904023e-01
6.995513197961091834e-01,6.995513197961091834e-01
5.214515070415706166e-01,5.214515070415706166e-01
7.719560492972514787e-01,7.719560492972514787e-01
7.180535107944165940e-01,7.180535107944165940e-01
7.312513587151353578e-01,7.312513587151353578e-01
5.785588198284143946e-01,5.785588198284143946e-01
6.865588842095107225e-01,6.865588842095107225e-01
6.396810168362895288e-01,6.396810168362895288e-01
5.437258171410024321e-01,5.437258171410024321e-01
7.570347810840478697e-01,7.570347810840478697e-01
9.122801802847610997e-01,9.122801802847610997e-01
6.262803704792045956e-01,6.262803704792045956e-01
7.369859252105909198e-01,7.369859252105909198e-01
7.785735521661457659e-01,7.785735521661457659e-01
6.532427539351395307e-01,6.532427539351395307e-01
6.655688536275610190e-01,6.655688536275610190e-01
6.382150735922583751e-01,6.382150735922583751e-01
7.624866124418834268e-01,7.624866124418834268e-01
5.000268459025922763e-01,5.000268459025922763e-01
6.595565313567088861e-01,6.595565313567088861e-01
7.323382766282729994e-01,7.323382766282729994e-01
5.649581321600677386e-01,5.649581321600677386e-01
6.671353839426946708e-01,6.671353839426946708e-01
6.521548301818258508e-01,6.521548301818258508e-01
8.160910454168854855e-01,8.160910454168854855e-01
6.472310811826504917e-01,6.472310811826504917e-01
5.486218675261229638e-01,5.486218675261229638e-01
7.779947921978960235e-01,7.779947921978960235e-01
7.624708030829827621e-01,7.624708030829827621e-01
5.717599216455191424e-01,5.717599216455191424e-01
7.324553213989009048e-01,7.324553213989009048e-01
7.445342878059147962e-01,7.445342878059147962e-01
5.138266441365474391e-01,5.138266441365474391e-01
8.128152433925720510e-01,8.128152433925720510e-01
5.903087098326467164e-01,5.903087098326467164e-01
6.343762222057445221e-01,6.343762222057445221e-01
6.568574000033690075e-01,6.568574000033690075e-01
4.177255513663520325e-01,4.177255513663520325e-01
8.983409815426933731e-01,8.983409815426933731e-01
5.592759064863683793e-01,5.592759064863683793e-01
