3.076138861536887800e-02,3.076138861536887800e-02
1.147742290690542677e-02,1.147742290690542677e-02
1.581025391520214304e-02,1.581025391520214304e-02
1.065811244600036248e-02,1.065811244600036248e-02
8.998664482082571747e-03,8.998664482082571747e-03
-4.111770270542370459e-03,-4.111770270542370459e-03
1.829997095859896283e-03,1.829997095859896283e-03
1.770393327956699958e-02,1.770393327956699958e-02
-1.165302908546363495e-02,-1.165302908546363495e-02
3.503854932530331423e-02,3.503854932530331423e-02
9.360036460246256435e-03,9.360036460246256435e-03
2.108196549405022546e-02,2.108196549405022546e-02
2.155237444025907140e-02,2.155237444025907140e-02
4.622481279997540243e-03,4.622481279997540243e-03
2.426198807662614809e-02,2.426198807662614809e-02
1.137313584687941331e-03,1.137313584687941331e-03
1.130239258709791680e-02,1.130239258709791680e-02
-9.538844034090970814e-03,-9.538844034090970814e-03
-9.939502942537595948e-03,-9.939502942537595948e-03
6.469297351133374702e-03,6.469297351133374702e-03
-1.743687641471758712e-02,-1.743687641471758712e-02
1.143202479183719547e-02,1.143202479183719547e-02
2.470192479939445351e-02,2.470192479939445351e-02
4.196274711200928542e-02,4.196274711200928542e-02
3.602322961271046953e-02,3.602322961271046953e-02
2.561450116326034060e-02,2.561450116326034060e-02
1.207378103146754603e-02,1.207378103146754603e-02
-1.792790127936597089e-02,-1.792790127936597089e-02
2.805140933929405056e-02,2.805140933929405056e-02
-2.018471320779060413e-03,-2.018471320779060413e-03
2.583328907728420915e-02,2.583328907728420915e-02
8.294530462798509196e-03,8.294530462798509196e-03
2.187736439620725087e-02,2.187736439620725087e-02
1.878993186880513477e-03,1.878993186880513477e-03
2.977318253790699892e-03,2.977318253790699892e-03
2.472509568996306140e-02,2.472509568996306140e-02
-1.236673852075452495e-03,-1.236673852075452495e-03
-6.872937378873705816e-03,-6.872937378873705816e-03
1.600317384088889225e-02,1.600317384088889225e-02
-3.429729354566590782e-03,-3.429729354566590782e-03
3.913442594282873915e-02,3.913442594282873915e-02
7.126932726002760399e-03,7.126932726002760399e-03
3.083883006315450009e-02,3.083883006315450009e-02
1.015955603182209371e-02,1.015955603182209371e-02
2.875945239670609291e-03,2.875945239670609291e-03
-1.268913307778760449e-02,-1.268913307778760449e-02
-8.554676579555130222e-03,-8.554676579555130222e-03
2.593974014465642505e-02,2.593974014465642505e-02
1.025412859637504087e-02,1.025412859637504087e-02
2.644397094136530929e-02,2.644397094136530929e-02
1.905637683536192534e-02,1.905637683536192534e-02
4.333900126566821165e-03,4.333900126566821165e-03
1.874714093384189512e-02,1.874714093384189512e-02
7.472278542467528095e-04,7.472278542467528095e-04
3.789554956474638220e-02,3.789554956474638220e-02
1.085323109595033586e-02,1.085323109595033586e-02
2.483529818366499164e-02,2.483529818366499164e-02
8.458239248872179150e-05,8.458239248872179150e-05
1.113399363085992161e-02,1.113399363085992161e-02
1.763668676304196159e-02,1.763668676304196159e-02
-4.767788562768274924e-03,-4.767788562768274924e-03
1.885006152735859558e-02,1.885006152735859558e-02
-4.798684314402529294e-04,-4.798684314402529294e-04
1.608507668263051832e-02,1.608507668263051832e-02
1.353196604901001424e-02,1.353196604901001424e-02
-2.255105386545250973e-02,-2.255105386545250973e-02
1.123538488485935349e-02,1.123538488485935349e-02
2.837115366141704925e-02,2.837115366141704925e-02
1.659818198028092939e-02,1.659818198028092939e-02
2.853757247755490251e-02,2.853757247755490251e-02
2.003482973859221222e-02,2.003482973859221222e-02
2.281238649821761694e-02,2.281238649821761694e-02
9.462010267155252646e-03,9.462010267155252646e-03
-5.083577321407451582e-03,-5.083577321407451582e-03
7.810746280761102223e-03,7.810746280761102223e-03
-1.128858437699390566e-03,-1.128858437699390566e-03
3.330057164135819675e-02,3.330057164135819675e-02
-1.212957253493313764e-03,-1.212957253493313764e-03
2.129794172778899652e-02,2.129794172778899652e-02
2.946494643736560087e-02,2.946494643736560087e-02
6.673382761185647771e-03,6.673382761185647771e-03
1.679771817456499408e-02,1.679771817456499408e-02
1.216278376581200055e-02,1.216278376581200055e-02
9.123814213125129580e-03,9.123814213125129580e-03
2.607028829510645018e-04,2.607028829510645018e-04
9.151004004158844185e-03,9.151004004158844185e-03
5.895452733924187727e-03,5.895452733924187727e-03
1.320169779253178161e-02,1.320169779253178161e-02
1.725488938969121921e-02,1.725488938969121921e-02
-3.745136028629008490e-03,-3.745136028629008490e-03
8.430428614835040746e-03,8.430428614835040746e-03
2.860499476546465164e-02,2.860499476546465164e-02
7.916281498448494991e-03,7.916281498448494991e-03
1.271864154377050360e-03,1.271864154377050360e-03
-1.274441505324246104e-02,-1.274441505324246104e-02
3.766167451106876285e-02,3.766167451106876285e-02
9.988043979689852081e-03,9.988043979689852081e-03
2.153341014779461271e-02,2.153341014779461271e-02
1.022391865485321877e-02,1.022391865485321877e-02
2.258993487854168633e-02,2.258993487854168633e-02
7.953622353923588822e-03,7.953622353923588822e-03
2.453199019139786635e-03,2.453199019139786635e-03
2.682551425405776610e-02,2.682551425405776610e-02
-3.132371179360035618e-03,-3.132371179360035618e-03
2.878710372111471794e-02,2.878710372111471794e-02
4.513034425310563647e-03,4.513034425310563647e-03
1.192382185758748825e-02,1.192382185758748825e-02
1.138753309147531173e-02,1.138753309147531173e-02
-7.935844890656785361e-03,-7.935844890656785361e-03
2.927829845985073509e-03,2.927829845985073509e-03
6.869581677972996792e-03,6.869581677972996792e-03
-8.535345960116218905e-03,-8.535345960116218905e-03
-5.228278187161920776e-03,-5.228278187161920776e-03
1.364136318769006151e-03,1.364136318769006151e-03
-9.138618946566527679e-04,-9.138618946566527679e-04
1.725428709190353349e-02,1.725428709190353349e-02
2.692331121368279900e-02,2.692331121368279900e-02
8.965346066642274070e-03,8.965346066642274070e-03
1.214678448836374602e-03,1.214678448836374602e-03
7.410862765096414007e-03,7.410862765096414007e-03
2.567603690670973438e-02,2.567603690670973438e-02
2.777629939369824497e-02,2.777629939369824497e-02
2.276407418826189785e-02,2.276407418826189785e-02
3.325685379194146668e-02,3.325685379194146668e-02
1.620167942539662773e-02,1.620167942539662773e-02
1.143415682316743093e-03,1.143415682316743093e-03
-3.067135916632594828e-03,-3.067135916632594828e-03
1.469676780855254383e-02,1.469676780855254383e-02
4.765214068678597786e-03,4.765214068678597786e-03
1.049284455872640659e-02,1.049284455872640659e-02
1.609272472143540716e-02,1.609272472143540716e-02
2.630363308095574892e-02,2.630363308095574892e-02
2.386042555284759170e-02,2.386042555284759170e-02
-5.455211184104073741e-03,-5.455211184104073741e-03
1.236928040095225390e-02,1.236928040095225390e-02
3.123288321299941619e-02,3.123288321299941619e-02
3.343414490297066943e-02,3.343414490297066943e-02
2.338506706985299388e-02,2.338506706985299388e-02
-7.279384035410837311e-03,-7.279384035410837311e-03
5.839152685171204726e-03,5.839152685171204726e-03
2.170478326700243585e-02,2.170478326700243585e-02
2.462018768550560538e-02,2.462018768550560538e-02
1.239887065164695101e-03,1.239887065164695101e-03
1.165626559848793181e-02,1.165626559848793181e-02
9.848930773749948325e-03,9.848930773749948325e-03
1.222447596571015621e-02,1.222447596571015621e-02
1.003085714890563848e-02,1.003085714890563848e-02
1.826866309705048319e-02,1.826866309705048319e-02
2.499661213242310859e-02,2.499661213242310859e-02
2.758861405633874359e-02,2.758861405633874359e-02
6.016360512143451023e-03,6.016360512143451023e-03
1.828695823662760539e-02,1.828695823662760539e-02
1.512057377828446986e-02,1.512057377828446986e-02
2.716800541157352034e-02,2.716800541157352034e-02
2.529396632430875105e-02,2.529396632430875105e-02
4.050791053111617301e-04,4.050791053111617301e-04
1.265523528538818956e-02,1.265523528538818956e-02
-6.258231741564816014e-03,-6.258231741564816014e-03
2.476518435891946618e-02,2.476518435891946618e-02
7.482012379475960762e-04,7.482012379475960762e-04
4.758526621433230297e-02,4.758526621433230297e-02
9.138098936094154329e-03,9.138098936094154329e-03
1.590764678748389505e-02,1.590764678748389505e-02
-1.094731423864469394e-03,-1.094731423864469394e-03
-1.100639012156210544e-03,-1.100639012156210544e-03
8.795565647918925090e-03,8.795565647918925090e-03
2.734001169491900862e-02,2.734001169491900862e-02
1.337142515827673822e-02,1.337142515827673822e-02
-4.260295965726527273e-03,-4.260295965726527273e-03
3.542050622031382712e-04,3.542050622031382712e-04
9.509180371973624535e-03,9.509180371973624535e-03
1.390087060423891852e-02,1.390087060423891852e-02
1.062285085541090843e-02,1.062285085541090843e-02
1.612029129278090556e-02,1.612029129278090556e-02
4.735105958306569385e-03,4.735105958306569385e-03
1.335764277058725663e-02,1.335764277058725663e-02
-2.434523622907705520e-03,-2.434523622907705520e-03
7.128890713659859213e-03,7.128890713659859213e-03
3.177628373895020897e-02,3.177628373895020897e-02
6.096897552707782747e-03,6.096897552707782747e-03
7.905927908302887858e-03,7.905927908302887858e-03
2.854189564676389707e-02,2.854189564676389707e-02
-3.202350704860218444e-04,-3.202350704860218444e-04
1.228499831111245361e-02,1.228499831111245361e-02
2.659503463397669409e-02,2.659503463397669409e-02
2.398149792152869109e-02,2.398149792152869109e-02
-1.498985402748363727e-03,-1.498985402748363727e-03
1.197576306357621412e-02,1.197576306357621412e-02
7.067260751859393009e-03,7.067260751859393009e-03
2.533838500818556827e-03,2.533838500818556827e-03
2.145613241693462847e-02,2.145613241693462847e-02
1.805537260898770410e-02,1.805537260898770410e-02
2.780404576996383867e-02,2.780404576996383867e-02
3.025570084058252368e-02,3.025570084058252368e-02
9.195143601333284622e-03,9.195143601333284622e-03
-3.701978197457801711e-03,-3.701978197457801711e-03
1.082727782901496405e-02,1.082727782901496405e-02
2.243051026787779706e-02,2.243051026787779706e-02
2.139586291824786130e-02,2.139586291824786130e-02
1.189350665967722417e-02,1.189350665967722417e-02
2.293216866218430322e-02,2.293216866218430322e-02
-1.379919888613895251e-02,-1.379919888613895251e-02
-4.690615763205632782e-03,-4.690615763205632782e-03
2.245502971651378368e-02,2.245502971651378368e-02
4.832655746525957308e-03,4.832655746525957308e-03
1.469291637504784725e-02,1.469291637504784725e-02
-6.044576790404692507e-03,-6.044576790404692507e-03
5.292546619979323491e-03,5.292546619979323491e-03
2.572798697225869846e-02,2.572798697225869846e-02
-1.913157820213753219e-03,-1.913157820213753219e-03
-5.113132168675267597e-03,-5.113132168675267597e-03
2.882653868403560471e-02,2.882653868403560471e-02
1.462584544728773306e-02,1.462584544728773306e-02
1.961631886094468771e-02,1.961631886094468771e-02
5.584082172365060354e-03,5.584082172365060354e-03
7.715907666495446654e-03,7.715907666495446654e-03
-1.637438336976725431e-02,-1.637438336976725431e-02
-3.271319532900253402e-03,-3.271319532900253402e-03
1.314311210421504478e-02,1.314311210421504478e-02
6.903690825257210312e-03,6.903690825257210312e-03
1.914470583895145142e-02,1.914470583895145142e-02
-1.960492861560740596e-03,-1.960492861560740596e-03
1.709571661168259038e-02,1.709571661168259038e-02
1.758721271820216231e-02,1.758721271820216231e-02
2.591563223902595969e-02,2.591563223902595969e-02
5.389564205830508353e-03,5.389564205830508353e-03
6.642070992696626208e-03,6.642070992696626208e-03
-2.605896383041200748e-02,-2.605896383041200748e-02
-9.517861983451683661e-03,-9.517861983451683661e-03
1.243858198086094519e-02,1.243858198086094519e-02
1.603636902542941722e-02,1.603636902542941722e-02
1.546225247715853068e-02,1.546225247715853068e-02
2.930660613890871680e-02,2.930660613890871680e-02
3.850466284105284742e-03,3.850466284105284742e-03
1.128631945104071471e-02,1.128631945104071471e-02
5.113447831582879077e-03,5.113447831582879077e-03
3.791145970845372082e-03,3.791145970845372082e-03
-2.032093708611761723e-03,-2.032093708611761723e-03
2.327651858285050349e-02,2.327651858285050349e-02
3.111002787828009292e-03,3.111002787828009292e-03
1.777265776405340461e-02,1.777265776405340461e-02
-2.126873393449228017e-02,-2.126873393449228017e-02
-1.228562329482438958e-02,-1.228562329482438958e-02
2.052307630214203135e-02,2.052307630214203135e-02
3.986663511177528096e-02,3.986663511177528096e-02
3.788933248502487222e-02,3.788933248502487222e-02
-6.126552247095934378e-03,-6.126552247095934378e-03
3.157139399693125598e-03,3.157139399693125598e-03
-2.085522366804662409e-03,-2.085522366804662409e-03
6.582849260364509458e-04,6.582849260364509458e-04
1.698350801163926033e-02,1.698350801163926033e-02
2.139405001044651991e-02,2.139405001044651991e-02
-1.067642927579413870e-02,-1.067642927579413870e-02
2.704696307942176456e-02,2.704696307942176456e-02
1.300636134354717435e-02,1.300636134354717435e-02
-2.990434251108828323e-04,-2.990434251108828323e-04
1.294089223001773994e-02,1.294089223001773994e-02
1.054659662875427964e-02,1.054659662875427964e-02
-1.498666896106910090e-03,-1.498666896106910090e-03
2.333217342065095623e-02,2.333217342065095623e-02
2.994976860452385620e-02,2.994976860452385620e-02
-3.300753204302862842e-03,-3.300753204302862842e-03
7.788890729156006110e-03,7.788890729156006110e-03
3.735072057374241861e-02,3.735072057374241861e-02
8.904939813744648658e-03,8.904939813744648658e-03
-2.402672063890637366e-03,-2.402672063890637366e-03
7.984189169953054277e-03,7.984189169953054277e-03
2.199355692402949272e-02,2.199355692402949272e-02
4.301518081933748683e-03,4.301518081933748683e-03
-2.066580698708787162e-03,-2.066580698708787162e-03
2.025984121971047963e-02,2.025984121971047963e-02
2.535528597652908153e-02,2.535528597652908153e-02
-2.284447384261617531e-03,-2.284447384261617531e-03
-2.407686162567535676e-02,-2.407686162567535676e-02
6.173907015299087697e-03,6.173907015299087697e-03
1.381253807582938711e-02,1.381253807582938711e-02
2.580850094882058965e-02,2.580850094882058965e-02
3.210724396097641015e-02,3.210724396097641015e-02
2.378877418995208048e-03,2.378877418995208048e-03
7.127000175617334565e-03,7.127000175617334565e-03
2.818452606911964892e-02,2.818452606911964892e-02
7.039827958220078175e-03,7.039827958220078175e-03
5.589525598799313655e-03,5.589525598799313655e-03
1.785873123573820248e-02,1.785873123573820248e-02
2.830409974701639936e-02,2.830409974701639936e-02
2.073804564263288103e-02,2.073804564263288103e-02
8.221620967006151165e-03,8.221620967006151165e-03
1.086124945193623487e-02,1.086124945193623487e-02
3.305955354315364553e-02,3.305955354315364553e-02
7.433436089657848717e-03,7.433436089657848717e-03
2.976174000738155898e-02,2.976174000738155898e-02
2.220523737576852313e-02,2.220523737576852313e-02
-6.674003643328606933e-03,-6.674003643328606933e-03
2.382661674638667307e-02,2.382661674638667307e-02
-8.381322649941097547e-03,-8.381322649941097547e-03
3.795497450206242185e-03,3.795497450206242185e-03
1.707626945747754699e-03,1.707626945747754699e-03
-1.087468672480891574e-04,-1.087468672480891574e-04
3.525214254681796611e-02,3.525214254681796611e-02
2.914421757067242602e-03,2.914421757067242602e-03
5.120605481008511095e-03,5.120605481008511095e-03
3.226307763932332456e-02,3.226307763932332456e-02
1.626628112137383508e-02,1.626628112137383508e-02
1.361518683664014739e-02,1.361518683664014739e-02
3.500509358166658397e-03,3.500509358166658397e-03
8.164669174687388953e-03,8.164669174687388953e-03
7.165921418040181040e-03,7.165921418040181040e-03
2.623672368857438153e-02,2.623672368857438153e-02
1.869349517120894380e-02,1.869349517120894380e-02
-3.171908790213069651e-03,-3.171908790213069651e-03
6.445927858612119504e-03,6.445927858612119504e-03
5.781591039477576577e-03,5.781591039477576577e-03
-2.585157474126863891e-03,-2.585157474126863891e-03
1.810140961685335545e-02,1.810140961685335545e-02
8.289587491939105074e-03,8.289587491939105074e-03
2.491620460675265936e-02,2.491620460675265936e-02
-8.441979275913315262e-04,-8.441979275913315262e-04
1.345351186079439196e-02,1.345351186079439196e-02
-7.223929738883257123e-03,-7.223929738883257123e-03
2.757058352639706056e-02,2.757058352639706056e-02
2.121424360595504377e-02,2.121424360595504377e-02
7.367448003064436257e-03,7.367448003064436257e-03
2.564194035289429907e-03,2.564194035289429907e-03
1.613890710683497584e-02,1.613890710683497584e-02
7.290180408752039432e-03,7.290180408752039432e-03
-5.230123397171583532e-03,-5.230123397171583532e-03
9.594923224619522628e-04,9.594923224619522628e-04
3.796406107819214060e-02,3.796406107819214060e-02
1.244853582579377380e-02,1.244853582579377380e-02
1.647986318388165033e-02,1.647986318388165033e-02
1.465077818414910887e-02,1.465077818414910887e-02
1.411829761237661310e-02,1.411829761237661310e-02
1.623568503329925194e-03,1.623568503329925194e-03
6.250987710605202669e-03,6.250987710605202669e-03
1.193530061873441378e-02,1.193530061873441378e-02
2.993884200089413222e-02,2.993884200089413222e-02
2.451891280311706972e-02,2.451891280311706972e-02
6.027628000716871159e-03,6.027628000716871159e-03
-3.152588117505083359e-03,-3.152588117505083359e-03
1.425592631564196258e-02,1.425592631564196258e-02
1.275235044100490531e-02,1.275235044100490531e-02
2.779415563160131386e-02,2.779415563160131386e-02
2.309846024114648594e-02,2.309846024114648594e-02
4.195887964853779739e-02,4.195887964853779739e-02
2.197756957134699637e-02,2.197756957134699637e-02
3.209653560935707417e-04,3.209653560935707417e-04
1.129412709934534548e-02,1.129412709934534548e-02
1.292397506278901605e-02,1.292397506278901605e-02
3.611632744207407542e-03,3.611632744207407542e-03
2.004529038013066339e-02,2.004529038013066339e-02
2.119550215097300294e-02,2.119550215097300294e-02
1.777874863295345748e-02,1.777874863295345748e-02
2.100379779793800500e-02,2.100379779793800500e-02
1.290515562030783089e-02,1.290515562030783089e-02
1.759716904200717830e-02,1.759716904200717830e-02
2.258582611567865744e-02,2.258582611567865744e-02
1.013985662719051745e-02,1.013985662719051745e-02
-1.661639752036362869e-02,-1.661639752036362869e-02
3.512392991216264915e-05,3.512392991216264915e-05
2.456534050007506964e-02,2.456534050007506964e-02
-8.986149414729610596e-06,-8.986149414729610596e-06
1.031381628170229686e-02,1.031381628170229686e-02
-9.803658826528095782e-03,-9.803658826528095782e-03
3.240534983217741027e-02,3.240534983217741027e-02
2.744015563518522466e-02,2.744015563518522466e-02
1.285820511976781128e-02,1.285820511976781128e-02
-2.155422638393780094e-02,-2.155422638393780094e-02
2.644337315570779307e-02,2.644337315570779307e-02
8.716761071071402189e-03,8.716761071071402189e-03
1.018727509958226515e-02,1.018727509958226515e-02
4.095339099937519989e-03,4.095339099937519989e-03
2.455270723449074627e-02,2.455270723449074627e-02
-4.160507543739706826e-03,-4.160507543739706826e-03
1.462861075343581743e-02,1.462861075343581743e-02
1.461831796859366581e-02,1.461831796859366581e-02
2.170876801495492600e-02,2.170876801495492600e-02
1.328310390674459357e-02,1.328310390674459357e-02
1.415620014602582757e-02,1.415620014602582757e-02
1.948727138889306057e-02,1.948727138889306057e-02
1.497275523883715570e-02,1.497275523883715570e-02
4.583163193823867887e-03,4.583163193823867887e-03
7.722605449734895600e-03,7.722605449734895600e-03
2.876359375855307154e-02,2.876359375855307154e-02
2.612392711701352552e-02,2.612392711701352552e-02
1.877267719208569607e-02,1.877267719208569607e-02
2.202134894374389862e-02,2.202134894374389862e-02
1.159345019881664884e-03,1.159345019881664884e-03
-5.516022536727040182e-03,-5.516022536727040182e-03
9.613102623560614707e-03,9.613102623560614707e-03
1.248730008578068790e-02,1.248730008578068790e-02
1.991340092520853949e-02,1.991340092520853949e-02
1.124243449239880482e-02,1.124243449239880482e-02
-3.641969029751532944e-03,-3.641969029751532944e-03
3.433247821924822335e-02,3.433247821924822335e-02
8.240290114311960012e-03,8.240290114311960012e-03
1.375074149129136558e-03,1.375074149129136558e-03
1.241486725562283844e-03,1.241486725562283844e-03
4.766061433119431201e-04,4.766061433119431201e-04
-2.186790082564794152e-02,-2.186790082564794152e-02
2.804403062562122254e-02,2.804403062562122254e-02
4.179085317927606902e-04,4.179085317927606902e-04
1.817781907396652519e-02,1.817781907396652519e-02
1.392054616186175556e-02,1.392054616186175556e-02
-4.095947210350489587e-03,-4.095947210350489587e-03
2.639552109003963365e-02,2.639552109003963365e-02
2.049302946988240670e-02,2.049302946988240670e-02
1.789030146262691676e-02,1.789030146262691676e-02
2.625144521652289509e-02,2.625144521652289509e-02
4.198323091989437927e-02,4.198323091989437927e-02
3.478291754087439736e-03,3.478291754087439736e-03
-2.260445435998112429e-03,-2.260445435998112429e-03
-2.909941738638059661e-03,-2.909941738638059661e-03
3.922010135110075291e-02,3.922010135110075291e-02
-1.418354813685333837e-02,-1.418354813685333837e-02
3.862751013837630032e-03,3.862751013837630032e-03
-1.037102242798323623e-02,-1.037102242798323623e-02
3.337076102948739742e-02,3.337076102948739742e-02
9.908200135909268902e-03,9.908200135909268902e-03
8.153060292358467465e-03,8.153060292358467465e-03
1.153695941456547164e-02,1.153695941456547164e-02
1.537911978425738138e-02,1.537911978425738138e-02
4.082806712048487469e-03,4.082806712048487469e-03
-5.264440545262212556e-03,-5.264440545262212556e-03
1.116282226599196042e-02,1.116282226599196042e-02
3.123508097862045391e-02,3.123508097862045391e-02
1.645958973763675393e-02,1.645958973763675393e-02
1.087552700944017375e-02,1.087552700944017375e-02
2.653520149617206308e-02,2.653520149617206308e-02
1.070209158855435494e-02,1.070209158855435494e-02
3.150987860611319247e-02,3.150987860611319247e-02
1.501528363691546908e-02,1.501528363691546908e-02
-1.847041360998864096e-02,-1.847041360998864096e-02
1.853797815022166506e-02,1.853797815022166506e-02
2.970140306674154407e-02,2.970140306674154407e-02
-1.299533284390867044e-02,-1.299533284390867044e-02
5.936858834941334540e-03,5.936858834941334540e-03
1.953807624950180954e-02,1.953807624950180954e-02
-1.487379716595516044e-03,-1.487379716595516044e-03
2.668857855957430802e-02,2.668857855957430802e-02
-6.925452522281775464e-03,-6.925452522281775464e-03
-1.428413716341715711e-02,-1.428413716341715711e-02
-1.928727659121987764e-02,-1.928727659121987764e-02
3.909002517535980353e-02,3.909002517535980353e-02
1.482363421469327230e-02,1.482363421469327230e-02
1.893289932922465058e-02,1.893289932922465058e-02
6.028565532924998888e-03,6.028565532924998888e-03
7.137287973258306384e-03,7.137287973258306384e-03
6.927479240497132901e-03,6.927479240497132901e-03
2.083001325815525898e-02,2.083001325815525898e-02
1.019839073207798666e-02,1.019839073207798666e-02
1.614406342619761209e-02,1.614406342619761209e-02
2.171233160297079967e-02,2.171233160297079967e-02
1.896320181610785041e-02,1.896320181610785041e-02
2.631438384806802921e-02,2.631438384806802921e-02
1.925122485619710361e-02,1.925122485619710361e-02
1.226773253375684075e-02,1.226773253375684075e-02
8.839949837154085360e-03,8.839949837154085360e-03
4.900405299017165234e-03,4.900405299017165234e-03
1.471726392774172498e-02,1.471726392774172498e-02
2.295188805202713622e-02,2.295188805202713622e-02
2.037962828574328700e-02,2.037962828574328700e-02
2.602632106832621778e-02,2.602632106832621778e-02
2.563997550926430322e-02,2.563997550926430322e-02
2.410573037518671385e-02,2.410573037518671385e-02
1.973477065118064630e-02,1.973477065118064630e-02
-2.383690779633157453e-03,-2.383690779633157453e-03
8.846047375506340543e-03,8.846047375506340543e-03
6.473443806650037297e-03,6.473443806650037297e-03
5.932479779446327844e-02,5.932479779446327844e-02
1.320841509378135187e-02,1.320841509378135187e-02
3.695680942409575176e-02,3.695680942409575176e-02
-1.183805808468759574e-02,-1.183805808468759574e-02
2.397676060740153853e-02,2.397676060740153853e-02
3.076170819064266010e-02,3.076170819064266010e-02
1.552191435244783257e-02,1.552191435244783257e-02
2.267889470020068715e-02,2.267889470020068715e-02
3.717810900045284001e-02,3.717810900045284001e-02
5.864526903397765389e-02,5.864526903397765389e-02
1.260354438667547067e-02,1.260354438667547067e-02
6.737736243416295179e-03,6.737736243416295179e-03
2.147532345707692941e-02,2.147532345707692941e-02
8.360335401122125087e-03,8.360335401122125087e-03
7.490738957174995771e-03,7.490738957174995771e-03
6.880949146571266328e-03,6.880949146571266328e-03
2.725277898645652591e-02,2.725277898645652591e-02
9.326434708457585765e-03,9.326434708457585765e-03
3.913793148062563731e-02,3.913793148062563731e-02
1.590736397836105959e-02,1.590736397836105959e-02
1.478593958238128350e-02,1.478593958238128350e-02
1.771860013696131136e-03,1.771860013696131136e-03
8.094441884507558305e-03,8.094441884507558305e-03
1.981457370024532205e-02,1.981457370024532205e-02
1.480142980962360216e-02,1.480142980962360216e-02
1.136520342607671638e-02,1.136520342607671638e-02
1.673039798402285033e-02,1.673039798402285033e-02
1.472765197645453661e-02,1.472765197645453661e-02
1.132857719365557708e-02,1.132857719365557708e-02
6.031003350000264940e-03,6.031003350000264940e-03
2.039640106782623225e-02,2.039640106782623225e-02
2.766328992388158298e-02,2.766328992388158298e-02
2.110936902295692391e-02,2.110936902295692391e-02
1.888109402640671813e-02,1.888109402640671813e-02
9.950205204973354423e-03,9.950205204973354423e-03
2.453262154737737011e-02,2.453262154737737011e-02
3.909471258311951469e-02,3.909471258311951469e-02
2.923917295321644405e-02,2.923917295321644405e-02
2.681637676235491818e-02,2.681637676235491818e-02
1.363897029133191718e-02,1.363897029133191718e-02
2.197657335319166960e-02,2.197657335319166960e-02
2.065201240167954810e-02,2.065201240167954810e-02
2.209639145168863089e-02,2.209639145168863089e-02
2.440753146793386147e-02,2.440753146793386147e-02
1.811846484509337801e-03,1.811846484509337801e-03
-1.134019711596949767e-02,-1.134019711596949767e-02
1.846492601187405685e-02,1.846492601187405685e-02
1.174423196129190106e-02,1.174423196129190106e-02
1.453513535533341658e-02,1.453513535533341658e-02
-1.127474151272210220e-02,-1.127474151272210220e-02
1.095828147658222534e-02,1.095828147658222534e-02
-1.600731048700437115e-03,-1.600731048700437115e-03
9.982063313998458531e-03,9.982063313998458531e-03
1.427738091780211827e-02,1.427738091780211827e-02
2.423501950271676059e-02,2.423501950271676059e-02
1.126285658549996960e-02,1.126285658549996960e-02
3.471376528731742045e-02,3.471376528731742045e-02
2.180144108161234662e-02,2.180144108161234662e-02
1.830828680718195323e-02,1.830828680718195323e-02
2.625800651862084112e-02,2.625800651862084112e-02
3.359325212318911569e-02,3.359325212318911569e-02
1.271723764462819040e-02,1.271723764462819040e-02
-2.334669928678296744e-03,-2.334669928678296744e-03
2.624263151449017506e-02,2.624263151449017506e-02
1.783979401786488228e-02,1.783979401786488228e-02
-4.243491497306944166e-03,-4.243491497306944166e-03
9.550072606709588546e-03,9.550072606709588546e-03
5.661394758236723557e-05,5.661394758236723557e-05
2.426833528436812826e-02,2.426833528436812826e-02
1.271248886944473938e-02,1.271248886944473938e-02
3.166407921698922989e-02,3.166407921698922989e-02
-9.656578044418138301e-03,-9.656578044418138301e-03
1.485843455437313443e-03,1.485843455437313443e-03
1.157158812902306724e-02,1.157158812902306724e-02
2.550036942076048391e-02,2.550036942076048391e-02
2.229915813922883974e-02,2.229915813922883974e-02
3.018025204066001471e-02,3.018025204066001471e-02
2.620013491003809342e-02,2.620013491003809342e-02
3.372517370933469233e-02,3.372517370933469233e-02
-1.761116716954534006e-03,-1.761116716954534006e-03
5.519827585762724503e-03,5.519827585762724503e-03
2.162135276404936191e-04,2.162135276404936191e-04
2.189388170863226790e-02,2.189388170863226790e-02
1.806258410598600081e-02,1.806258410598600081e-02
9.061271066615216030e-03,9.061271066615216030e-03
1.206474062447053172e-02,1.206474062447053172e-02
1.706382430078969004e-02,1.706382430078969004e-02
2.132835862635163587e-02,2.132835862635163587e-02
4.899555353049180051e-03,4.899555353049180051e-03
8.065853959206496782e-03,8.065853959206496782e-03
5.833892365534019964e-04,5.833892365534019964e-04
1.269451385832962714e-02,1.269451385832962714e-02
1.002234395279616094e-02,1.002234395279616094e-02
1.350107201487198844e-02,1.350107201487198844e-02
1.566549677030830423e-02,1.566549677030830423e-02
1.388497643042958460e-02,1.388497643042958460e-02
7.326486148936460496e-03,7.326486148936460496e-03
1.631330446100138012e-02,1.631330446100138012e-02
6.355626651741171085e-03,6.355626651741171085e-03
2.107026549146293060e-02,2.107026549146293060e-02
3.789904241419912723e-02,3.789904241419912723e-02
2.421598634574324838e-02,2.421598634574324838e-02
6.143007028271581932e-03,6.143007028271581932e-03
3.034071666499200265e-02,3.034071666499200265e-02
1.740980879587846961e-02,1.740980879587846961e-02
1.066012555578416121e-02,1.066012555578416121e-02
3.367624074224474101e-02,3.367624074224474101e-02
1.226351223294972273e-02,1.226351223294972273e-02
6.847355986743124123e-03,6.847355986743124123e-03
-4.805362493138544411e-03,-4.805362493138544411e-03
-5.826125150488234428e-03,-5.826125150488234428e-03
-1.151819384384499337e-02,-1.151819384384499337e-02
3.223627729795043584e-03,3.223627729795043584e-03
1.453355665471017105e-02,1.453355665471017105e-02
3.724200517832772228e-02,3.724200517832772228e-02
2.964611309343858150e-02,2.964611309343858150e-02
3.562529925186994767e-02,3.562529925186994767e-02
2.396767096443785938e-02,2.396767096443785938e-02
1.379546451052472700e-02,1.379546451052472700e-02
1.593430964421837376e-03,1.593430964421837376e-03
1.190111681838860666e-02,1.190111681838860666e-02
2.907728583369634245e-02,2.907728583369634245e-02
3.059878727426154632e-02,3.059878727426154632e-02
6.954170705376939987e-03,6.954170705376939987e-03
1.597477072593118247e-02,1.597477072593118247e-02
1.657982566679126052e-02,1.657982566679126052e-02
2.595586278141892925e-02,2.595586278141892925e-02
1.863232685015990195e-02,1.863232685015990195e-02
2.712875478822202036e-02,2.712875478822202036e-02
1.214054751252042347e-03,1.214054751252042347e-03
5.024896489757738755e-02,5.024896489757738755e-02
6.707533317642511150e-03,6.707533317642511150e-03
2.998928698699093037e-02,2.998928698699093037e-02
-1.135591661294175353e-02,-1.135591661294175353e-02
1.701691153120495764e-02,1.701691153120495764e-02
1.428125411419481697e-02,1.428125411419481697e-02
-2.729581335934493785e-03,-2.729581335934493785e-03
1.091020888528209873e-02,1.091020888528209873e-02
1.701643255728135101e-02,1.701643255728135101e-02
9.383244845877027063e-03,9.383244845877027063e-03
2.859469344557136194e-03,2.859469344557136194e-03
1.653552784863946204e-02,1.653552784863946204e-02
2.568461508105179814e-02,2.568461508105179814e-02
1.105374737520097017e-02,1.105374737520097017e-02
3.181535569681980674e-02,3.181535569681980674e-02
9.135275020599107482e-03,9.135275020599107482e-03
-2.623691703701469535e-05,-2.623691703701469535e-05
6.731713975886573220e-03,6.731713975886573220e-03
-1.322699924263068955e-03,-1.322699924263068955e-03
1.006778678530240168e-02,1.006778678530240168e-02
3.209089682907291519e-03,3.209089682907291519e-03
1.209482557613766884e-02,1.209482557613766884e-02
1.915241552673925193e-02,1.915241552673925193e-02
-1.084863188188554817e-02,-1.084863188188554817e-02
2.173303681488626682e-02,2.173303681488626682e-02
2.431599120857372287e-03,2.431599120857372287e-03
2.524270630060510001e-02,2.524270630060510001e-02
1.828928788565617122e-02,1.828928788565617122e-02
2.208543720511472672e-02,2.208543720511472672e-02
1.998569472725027218e-02,1.998569472725027218e-02
2.888949074813790957e-02,2.888949074813790957e-02
4.402428083322153934e-02,4.402428083322153934e-02
2.448511007045249890e-02,2.448511007045249890e-02
1.258709666981929626e-02,1.258709666981929626e-02
3.565191488630670841e-02,3.565191488630670841e-02
6.314237112386756473e-03,6.314237112386756473e-03
2.212465129387688328e-02,2.212465129387688328e-02
2.373861885956281281e-02,2.373861885956281281e-02
-4.660648747817627141e-03,-4.660648747817627141e-03
1.401943022443331160e-02,1.401943022443331160e-02
1.635402375912247547e-02,1.635402375912247547e-02
1.904394423880147180e-02,1.904394423880147180e-02
1.717518711772900511e-02,1.717518711772900511e-02
-2.082630707209878751e-02,-2.082630707209878751e-02
1.920892838020169663e-02,1.920892838020169663e-02
-2.221283830373439738e-02,-2.221283830373439738e-02
2.118693704884801188e-03,2.118693704884801188e-03
-3.372170486869923572e-03,-3.372170486869923572e-03
1.663617990602163366e-02,1.663617990602163366e-02
2.016967002000612588e-02,2.016967002000612588e-02
2.354601875621503693e-02,2.354601875621503693e-02
2.028039710867600084e-02,2.028039710867600084e-02
3.481470541308800959e-02,3.481470541308800959e-02
-4.595932505660489664e-03,-4.595932505660489664e-03
2.808811776573454100e-02,2.808811776573454100e-02
-2.306056636032721707e-02,-2.306056636032721707e-02
1.334779283014046053e-02,1.334779283014046053e-02
2.922597405763598111e-02,2.922597405763598111e-02
2.960647420830726101e-02,2.960647420830726101e-02
1.287322758266994452e-02,1.287322758266994452e-02
-1.263409201938553439e-02,-1.263409201938553439e-02
1.379851767325676604e-03,1.379851767325676604e-03
2.409387467171926478e-02,2.409387467171926478e-02
1.633092217192710915e-02,1.633092217192710915e-02
-6.327025525687320073e-03,-6.327025525687320073e-03
2.129935888918404324e-02,2.129935888918404324e-02
4.762860256498571698e-02,4.762860256498571698e-02
-9.882120831567794972e-03,-9.882120831567794972e-03
2.210031200347489788e-02,2.210031200347489788e-02
3.953114810929324319e-03,3.953114810929324319e-03
1.889162955393385718e-02,1.889162955393385718e-02
-4.191485185108614203e-03,-4.191485185108614203e-03
-1.654961867732339040e-02,-1.654961867732339040e-02
2.561851186330289798e-02,2.561851186330289798e-02
-1.007414132773096216e-03,-1.007414132773096216e-03
-2.727944112170641380e-02,-2.727944112170641380e-02
3.971249521622591955e-03,3.971249521622591955e-03
1.790724329235381801e-02,1.790724329235381801e-02
1.616045628576099485e-02,1.616045628576099485e-02
-1.963417317425560082e-03,-1.963417317425560082e-03
-9.667223361017919514e-03,-9.667223361017919514e-03
3.583707528675254134e-02,3.583707528675254134e-02
1.973785337705331877e-02,1.973785337705331877e-02
1.940844728303607256e-03,1.940844728303607256e-03
-1.297104996336756466e-03,-1.297104996336756466e-03
7.409945870596190004e-03,7.409945870596190004e-03
-9.138824942246107780e-03,-9.138824942246107780e-03
-5.085071799207058207e-03,-5.085071799207058207e-03
1.055468604633817697e-02,1.055468604633817697e-02
3.268727743633144389e-02,3.268727743633144389e-02
2.708863201681325009e-02,2.708863201681325009e-02
2.274587444945002160e-02,2.274587444945002160e-02
5.306595421326245482e-03,5.306595421326245482e-03
2.971960584190212057e-02,2.971960584190212057e-02
1.550861666972942407e-02,1.550861666972942407e-02
2.129960413474010772e-02,2.129960413474010772e-02
2.776176245082324218e-02,2.776176245082324218e-02
2.259939493644853165e-02,2.259939493644853165e-02
1.257950496124091155e-02,1.257950496124091155e-02
-5.962104949266331527e-03,-5.962104949266331527e-03
4.683044769762761267e-03,4.683044769762761267e-03
1.459196417994149120e-03,1.459196417994149120e-03
3.911253965109138392e-03,3.911253965109138392e-03
1.208642435037424884e-02,1.208642435037424884e-02
1.216246246926924734e-02,1.216246246926924734e-02
2.560269916093326631e-03,2.560269916093326631e-03
1.581650409992765155e-02,1.581650409992765155e-02
1.570731511991395671e-02,1.570731511991395671e-02
1.790371540562826422e-02,1.790371540562826422e-02
2.785527942995193879e-02,2.785527942995193879e-02
-1.513391696935651592e-02,-1.513391696935651592e-02
1.893877841257549099e-02,1.893877841257549099e-02
1.571941086700437418e-02,1.571941086700437418e-02
4.932925608743875950e-03,4.932925608743875950e-03
-1.378249146460623978e-02,-1.378249146460623978e-02
2.349997623303176283e-02,2.349997623303176283e-02
2.660529140343093069e-04,2.660529140343093069e-04
2.757477453177235860e-02,2.757477453177235860e-02
-1.532723238484988426e-03,-1.532723238484988426e-03
5.363454641807756385e-03,5.363454641807756385e-03
2.458282195968869085e-02,2.458282195968869085e-02
1.353557635024954867e-02,1.353557635024954867e-02
5.221844469082682211e-03,5.221844469082682211e-03
9.506303468553762431e-03,9.506303468553762431e-03
-8.871943336203187008e-03,-8.871943336203187008e-03
1.712704746144690787e-02,1.712704746144690787e-02
3.389240353872449707e-02,3.389240353872449707e-02
3.118966634039849195e-02,3.118966634039849195e-02
1.856475778154456635e-02,1.856475778154456635e-02
2.701605216130648079e-02,2.701605216130648079e-02
1.389260398361311447e-02,1.389260398361311447e-02
2.180660793105765327e-02,2.180660793105765327e-02
1.242079146075276280e-02,1.242079146075276280e-02
2.396607635535668440e-02,2.396607635535668440e-02
1.291393439582348007e-02,1.291393439582348007e-02
1.861770297023217224e-03,1.861770297023217224e-03
3.389717802115881085e-03,3.389717802115881085e-03
1.734390061209034606e-02,1.734390061209034606e-02
2.089021360849733708e-02,2.089021360849733708e-02
1.730883518448803754e-02,1.730883518448803754e-02
5.946782375995600389e-03,5.946782375995600389e-03
2.759545330637910854e-02,2.759545330637910854e-02
3.095053859758348236e-03,3.095053859758348236e-03
1.479779943146791732e-02,1.479779943146791732e-02
-5.935631463779247885e-03,-5.935631463779247885e-03
2.409538630586367108e-02,2.409538630586367108e-02
1.205388794909324421e-02,1.205388794909324421e-02
-1.172699802941170460e-02,-1.172699802941170460e-02
2.026012241480336720e-02,2.026012241480336720e-02
-8.163878343811353799e-04,-8.163878343811353799e-04
3.203609138924249505e-02,3.203609138924249505e-02
-2.751834089839675507e-03,-2.751834089839675507e-03
1.896651497960151478e-03,1.896651497960151478e-03
4.064648474062515504e-04,4.064648474062515504e-04
5.391724123859291395e-03,5.391724123859291395e-03
8.696441442945825051e-04,8.696441442945825051e-04
1.684720102710199688e-02,1.684720102710199688e-02
1.624573946096629501e-02,1.624573946096629501e-02
-3.507897908252982644e-04,-3.507897908252982644e-04
2.091861429771571870e-02,2.091861429771571870e-02
1.416980712761948744e-02,1.416980712761948744e-02
8.911521691954929492e-03,8.911521691954929492e-03
1.871084307688200554e-02,1.871084307688200554e-02
1.826003721328028906e-02,1.826003721328028906e-02
-7.860735846676583649e-03,-7.860735846676583649e-03
-1.036384324437848725e-02,-1.036384324437848725e-02
3.274871340347679238e-03,3.274871340347679238e-03
3.432147507389757268e-02,3.432147507389757268e-02
3.641197178815526458e-02,3.641197178815526458e-02
2.207837830827740627e-03,2.207837830827740627e-03
2.191558289173018564e-02,2.191558289173018564e-02
-9.821406590606412274e-03,-9.821406590606412274e-03
1.909391936613886315e-02,1.909391936613886315e-02
1.189116887105490586e-02,1.189116887105490586e-02
2.942468236026796885e-02,2.942468236026796885e-02
8.172979155370092147e-03,8.172979155370092147e-03
1.426565801392370297e-02,1.426565801392370297e-02
1.331198626655775291e-02,1.331198626655775291e-02
2.866583678366636800e-02,2.866583678366636800e-02
6.725875765384310701e-03,6.725875765384310701e-03
1.067780235559537966e-02,1.067780235559537966e-02
1.161991728554101835e-02,1.161991728554101835e-02
2.443108185464074739e-02,2.443108185464074739e-02
1.228105965599760041e-04,1.228105965599760041e-04
2.129966185532645301e-02,2.129966185532645301e-02
4.814588715470739799e-03,4.814588715470739799e-03
1.071490324695077712e-02,1.071490324695077712e-02
1.679193732548028839e-02,1.679193732548028839e-02
2.797197543717187124e-02,2.797197543717187124e-02
-8.827317904604135845e-03,-8.827317904604135845e-03
1.022492500528494538e-02,1.022492500528494538e-02
3.135559824387091493e-02,3.135559824387091493e-02
4.165833277975386495e-03,4.165833277975386495e-03
3.427811633453586859e-02,3.427811633453586859e-02
1.808862490918890925e-02,1.808862490918890925e-02
1.642529365556465171e-02,1.642529365556465171e-02
9.510216320798344641e-03,9.510216320798344641e-03
1.066041479119913052e-02,1.066041479119913052e-02
-4.392210598633469743e-03,-4.392210598633469743e-03
4.356043896262970505e-03,4.356043896262970505e-03
2.520441699596851631e-02,2.520441699596851631e-02
4.090357952076044412e-02,4.090357952076044412e-02
2.127511267054058713e-02,2.127511267054058713e-02
3.460953906449464740e-02,3.460953906449464740e-02
2.569949801471236445e-02,2.569949801471236445e-02
2.799009248067688138e-02,2.799009248067688138e-02
5.896665781467278628e-03,5.896665781467278628e-03
3.380539874683051449e-02,3.380539874683051449e-02
2.201572628841640816e-02,2.201572628841640816e-02
2.381926128755323252e-02,2.381926128755323252e-02
1.172205424641196286e-03,1.172205424641196286e-03
9.872534235797019581e-03,9.872534235797019581e-03
-4.430648748343941207e-03,-4.430648748343941207e-03
1.537261814226363599e-02,1.537261814226363599e-02
1.012541582710756519e-02,1.012541582710756519e-02
6.029146266362986339e-03,6.029146266362986339e-03
7.122451059413191510e-03,7.122451059413191510e-03
1.572090003599715957e-03,1.572090003599715957e-03
1.417110651613755212e-02,1.417110651613755212e-02
-8.825079937711952788e-03,-8.825079937711952788e-03
9.189772668078247803e-03,9.189772668078247803e-03
1.738420557994171251e-02,1.738420557994171251e-02
2.436621379272907797e-02,2.436621379272907797e-02
2.829977765441565180e-03,2.829977765441565180e-03
3.326848408166838134e-02,3.326848408166838134e-02
-7.283924287237657919e-03,-7.283924287237657919e-03
4.063046531018104507e-02,4.063046531018104507e-02
3.672488056404850376e-02,3.672488056404850376e-02
-4.481388579948855644e-03,-4.481388579948855644e-03
1.749823222845481308e-02,1.749823222845481308e-02
-1.192434756963345333e-04,-1.192434756963345333e-04
1.384474295816990816e-02,1.384474295816990816e-02
2.347550405999453832e-02,2.347550405999453832e-02
1.773270483537136080e-02,1.773270483537136080e-02
1.056080052603090846e-02,1.056080052603090846e-02
-1.512225293323753161e-03,-1.512225293323753161e-03
3.321986709454688436e-03,3.321986709454688436e-03
1.177424385407094959e-02,1.177424385407094959e-02
-3.981065779048525988e-03,-3.981065779048525988e-03
7.921508796815607267e-03,7.921508796815607267e-03
-5.327492436047236157e-03,-5.327492436047236157e-03
1.286223501773322078e-02,1.286223501773322078e-02
-8.291054098257845395e-04,-8.291054098257845395e-04
8.552403961392680831e-03,8.552403961392680831e-03
4.197141952414537580e-03,4.197141952414537580e-03
1.010896547579222260e-02,1.010896547579222260e-02
-7.893948192166481970e-04,-7.893948192166481970e-04
3.244702900734361406e-02,3.244702900734361406e-02
1.738622682172384290e-02,1.738622682172384290e-02
4.134504223616872198e-03,4.134504223616872198e-03
6.277951993519301915e-03,6.277951993519301915e-03
1.080624577872658226e-02,1.080624577872658226e-02
3.689212964058360272e-02,3.689212964058360272e-02
3.251966318318165461e-02,3.251966318318165461e-02
3.273626778494210382e-02,3.273626778494210382e-02
1.786809167959940020e-02,1.786809167959940020e-02
1.432659824269395116e-02,1.432659824269395116e-02
2.171940166546851639e-02,2.171940166546851639e-02
1.283437645994073284e-02,1.283437645994073284e-02
-4.395746550271754233e-03,-4.395746550271754233e-03
1.740236017419228773e-02,1.740236017419228773e-02
1.474387331505654791e-02,1.474387331505654791e-02
1.267739981441190489e-02,1.267739981441190489e-02
1.985742311312017200e-02,1.985742311312017200e-02
1.700037897588917851e-02,1.700037897588917851e-02
2.083821280080586785e-02,2.083821280080586785e-02
-4.487343674597712301e-03,-4.487343674597712301e-03
1.468522438457325191e-02,1.468522438457325191e-02
9.124527067491085969e-03,9.124527067491085969e-03
3.643995771310054588e-03,3.643995771310054588e-03
3.598450452006348582e-02,3.598450452006348582e-02
7.967317211577215619e-03,7.967317211577215619e-03
3.016134571555261629e-02,3.016134571555261629e-02
2.094154445961407540e-03,2.094154445961407540e-03
3.831113000033689597e-02,3.831113000033689597e-02
3.791876376988814745e-03,3.791876376988814745e-03
-6.852182058813972854e-03,-6.852182058813972854e-03
2.662752707699549137e-02,2.662752707699549137e-02
1.484421420815108111e-02,1.484421420815108111e-02
-1.542238112330220068e-02,-1.542238112330220068e-02
8.677211507320755496e-03,8.677211507320755496e-03
-2.190912706919494884e-03,-2.190912706919494884e-03
-1.858824669581977604e-02,-1.858824669581977604e-02
2.631468022603082255e-02,2.631468022603082255e-02
1.453392869671351478e-02,1.453392869671351478e-02
2.057266074767442193e-02,2.057266074767442193e-02
2.304842888466554496e-02,2.304842888466554496e-02
4.187015009638056506e-04,4.187015009638056506e-04
3.663092085050799473e-03,3.663092085050799473e-03
2.611178806726754259e-02,2.611178806726754259e-02
9.631716488149602573e-03,9.631716488149602573e-03
1.613450594500985547e-03,1.613450594500985547e-03
1.869905866158029853e-02,1.869905866158029853e-02
2.581355656083375583e-03,2.581355656083375583e-03
3.214468598969615065e-02,3.214468598969615065e-02
-1.030170501863477903e-02,-1.030170501863477903e-02
1.801976144146393011e-02,1.801976144146393011e-02
3.586389224957415439e-02,3.586389224957415439e-02
7.085939255198660247e-03,7.085939255198660247e-03
1.971774265272476998e-02,1.971774265272476998e-02
-1.484839657338912072e-02,-1.484839657338912072e-02
-5.956210775434702537e-03,-5.956210775434702537e-03
1.116811919422511235e-02,1.116811919422511235e-02
-1.595310510901469525e-03,-1.595310510901469525e-03
7.746512042885320831e-03,7.746512042885320831e-03
-4.810336229902165139e-03,-4.810336229902165139e-03
6.627245439944293159e-04,6.627245439944293159e-04
1.866122205474739226e-02,1.866122205474739226e-02
7.144940210155499571e-04,7.144940210155499571e-04
9.610324267502572126e-03,9.610324267502572126e-03
2.916848625562074027e-03,2.916848625562074027e-03
-4.817923292839830507e-03,-4.817923292839830507e-03
1.946432047382944119e-02,1.946432047382944119e-02
1.351991644745634269e-02,1.351991644745634269e-02
1.957234241906165989e-02,1.957234241906165989e-02
2.617280775462770687e-02,2.617280775462770687e-02
6.606807437419814910e-03,6.606807437419814910e-03
9.341887522779354636e-03,9.341887522779354636e-03
1.203885343228744409e-02,1.203885343228744409e-02
1.861957458753054490e-02,1.861957458753054490e-02
2.517493455748402720e-02,2.517493455748402720e-02
3.106828111862715985e-02,3.106828111862715985e-02
-1.040463369047038913e-02,-1.040463369047038913e-02
5.367477471930705291e-03,5.367477471930705291e-03
1.203564921160255735e-02,1.203564921160255735e-02
3.483001944575733061e-02,3.483001944575733061e-02
2.515384169583383817e-02,2.515384169583383817e-02
6.669525142053895489e-03,6.669525142053895489e-03
-1.170968426742927115e-03,-1.170968426742927115e-03
2.358336033101098364e-02,2.358336033101098364e-02
1.092660574535765650e-02,1.092660574535765650e-02
1.340073830349386430e-02,1.340073830349386430e-02
3.370445422485549708e-02,3.370445422485549708e-02
7.304557971381138437e-03,7.304557971381138437e-03
4.590589930053051021e-03,4.590589930053051021e-03
-3.123859784161259895e-03,-3.123859784161259895e-03
2.152870732406504325e-02,2.152870732406504325e-02
1.044689160748784457e-02,1.044689160748784457e-02
7.631573255194489674e-03,7.631573255194489674e-03
2.462073868740986132e-02,2.462073868740986132e-02
5.563795518705345888e-03,5.563795518705345888e-03
3.242067969931726468e-02,3.242067969931726468e-02
6.434796256173623552e-04,6.434796256173623552e-04
8.668421824993506608e-03,8.668421824993506608e-03
2.187567867111097492e-02,2.187567867111097492e-02
-5.804601954357408583e-03,-5.804601954357408583e-03
-6.301339462857942497e-04,-6.301339462857942497e-04
1.287183874848570053e-02,1.287183874848570053e-02
1.676352327977690543e-02,1.676352327977690543e-02
1.702737655979628256e-02,1.702737655979628256e-02
3.558680906339319050e-02,3.558680906339319050e-02
3.343356586530861485e-02,3.343356586530861485e-02
-3.563062552298372487e-03,-3.563062552298372487e-03
-1.689738543142708591e-02,-1.689738543142708591e-02
1.504649075363325914e-02,1.504649075363325914e-02
1.796795545938769875e-02,1.796795545938769875e-02
1.212616640336923457e-02,1.212616640336923457e-02
1.026375790411380995e-02,1.026375790411380995e-02
-4.192875104644579881e-03,-4.192875104644579881e-03
1.076841370750098933e-02,1.076841370750098933e-02
-1.714304095540708506e-02,-1.714304095540708506e-02
1.132052154670055294e-02,1.132052154670055294e-02
1.767000110487961309e-02,1.767000110487961309e-02
2.096880971952906972e-02,2.096880971952906972e-02
5.443164020739122561e-03,5.443164020739122561e-03
2.520884109598164891e-02,2.520884109598164891e-02
1.097836734044145904e-02,1.097836734044145904e-02
1.180919627519802506e-03,1.180919627519802506e-03
6.111646088621629225e-03,6.111646088621629225e-03
3.041390563829787091e-02,3.041390563829787091e-02
3.348021579915440998e-02,3.348021579915440998e-02
4.417837391889226084e-02,4.417837391889226084e-02
1.470541738194460629e-02,1.470541738194460629e-02
2.338224296417317633e-03,2.338224296417317633e-03
1.075887466896161687e-03,1.075887466896161687e-03
-1.413228507597938388e-03,-1.413228507597938388e-03
3.684577638379659542e-03,3.684577638379659542e-03
1.982076019788904866e-02,1.982076019788904866e-02
1.922059654421461386e-02,1.922059654421461386e-02
1.655723544355021393e-02,1.655723544355021393e-02
-6.613767743118604409e-03,-6.613767743118604409e-03
1.432926914189262824e-02,1.432926914189262824e-02
1.721845048902954228e-02,1.721845048902954228e-02
4.286423307594738885e-03,4.286423307594738885e-03
3.616215238118843101e-02,3.616215238118843101e-02
7.830538940291193600e-03,7.830538940291193600e-03
-1.012603208365331700e-02,-1.012603208365331700e-02
1.852441388511699011e-02,1.852441388511699011e-02
2.054141111090202962e-02,2.054141111090202962e-02
4.810851485722871662e-02,4.810851485722871662e-02
7.861494884321355847e-03,7.861494884321355847e-03
3.820115993059071402e-02,3.820115993059071402e-02
8.223647856609297979e-03,8.223647856609297979e-03
1.939196641327090020e-02,1.939196641327090020e-02
1.399565504188900883e-02,1.399565504188900883e-02
1.426823685651839105e-02,1.426823685651839105e-02
7.198149983954391096e-03,7.198149983954391096e-03
2.325551874956954812e-02,2.325551874956954812e-02
3.908377692176658036e-02,3.908377692176658036e-02
-3.090374327928930437e-03,-3.090374327928930437e-03
1.042539692534871429e-02,1.042539692534871429e-02
1.671471727708703087e-03,1.671471727708703087e-03
3.061805349829610501e-03,3.061805349829610501e-03
2.211140884701694870e-02,2.211140884701694870e-02
2.888243664712933367e-02,2.888243664712933367e-02
-2.940672582560116544e-03,-2.940672582560116544e-03
2.225660791971557223e-02,2.225660791971557223e-02
7.372367905900518992e-03,7.372367905900518992e-03
1.013413729879489994e-02,1.013413729879489994e-02
4.036591384224594292e-02,4.036591384224594292e-02
6.794821310100486456e-03,6.794821310100486456e-03
1.451366087337974120e-02,1.451366087337974120e-02
9.099170918725751900e-04,9.099170918725751900e-04
2.043879939670222023e-02,2.043879939670222023e-02
3.870758741116559626e-02,3.870758741116559626e-02
1.146302474506338473e-02,1.146302474506338473e-02
3.163858485807066051e-02,3.163858485807066051e-02
3.860830278497595636e-03,3.860830278497595636e-03
1.547999339771097271e-02,1.547999339771097271e-02
2.423589733935391233e-02,2.423589733935391233e-02
-3.067495474538384226e-03,-3.067495474538384226e-03
3.672810946999498921e-02,3.672810946999498921e-02
2.867618772147451089e-02,2.867618772147451089e-02
9.093547664845685885e-03,9.093547664845685885e-03
2.927047930506868068e-02,2.927047930506868068e-02
2.062863148808767935e-02,2.062863148808767935e-02
-1.337213536605301109e-02,-1.337213536605301109e-02
5.223222231640518853e-03,5.223222231640518853e-03
1.671457343731003187e-03,1.671457343731003187e-03
1.356967030119309026e-02,1.356967030119309026e-02
-6.492673998887917713e-03,-6.492673998887917713e-03
1.424451114711693805e-02,1.424451114711693805e-02
4.251008504191220588e-03,4.251008504191220588e-03
2.130266865563102546e-02,2.130266865563102546e-02
9.330504767387750448e-03,9.330504767387750448e-03
1.974843056541088215e-02,1.974843056541088215e-02
3.805438577820261653e-03,3.805438577820261653e-03
9.649252101391756625e-03,9.649252101391756625e-03
-1.235605646862467794e-02,-1.235605646862467794e-02
4.145643564904835654e-03,4.145643564904835654e-03
3.311435887187000326e-02,3.311435887187000326e-02
1.216296378473901568e-02,1.216296378473901568e-02
2.187602740732458306e-02,2.187602740732458306e-02
1.603348892848484655e-02,1.603348892848484655e-02
-1.095809314507981830e-02,-1.095809314507981830e-02
7.162279507429803599e-03,7.162279507429803599e-03
-1.351316506999176992e-04,-1.351316506999176992e-04
1.542879222324597399e-02,1.542879222324597399e-02
-1.292516564444838589e-03,-1.292516564444838589e-03
1.799223655250199033e-02,1.799223655250199033e-02
3.211966308931501340e-02,3.211966308931501340e-02
2.113529210210144879e-02,2.113529210210144879e-02
2.480850894736617157e-02,2.480850894736617157e-02
3.640759744337634246e-02,3.640759744337634246e-02
2.542021252308877127e-02,2.542021252308877127e-02
3.243829234929887506e-02,3.243829234929887506e-02
4.682131271403079664e-03,4.682131271403079664e-03
9.064581471552125846e-03,9.064581471552125846e-03
2.136888969558103923e-03,2.136888969558103923e-03
1.666898205647034115e-03,1.666898205647034115e-03
1.856253578786652356e-02,1.856253578786652356e-02
2.688501722795230697e-02,2.688501722795230697e-02
-1.208535203273730652e-02,-1.208535203273730652e-02
5.860638287180612235e-03,5.860638287180612235e-03
2.980949325948577255e-03,2.980949325948577255e-03
2.499446230985014755e-02,2.499446230985014755e-02
-1.141388827787513313e-02,-1.141388827787513313e-02
-2.309512450639483738e-04,-2.309512450639483738e-04
2.357559352605627379e-03,2.357559352605627379e-03
2.316809549629125081e-02,2.316809549629125081e-02
-5.956328187397399998e-03,-5.956328187397399998e-03
2.197228960053477717e-02,2.197228960053477717e-02
2.162754876557978351e-03,2.162754876557978351e-03
2.101351826102590414e-02,2.101351826102590414e-02
2.864510561245662418e-02,2.864510561245662418e-02
2.055069016018992029e-02,2.055069016018992029e-02
1.971656373420549793e-02,1.971656373420549793e-02
1.199346254229022996e-02,1.199346254229022996e-02
1.606742133451939669e-02,1.606742133451939669e-02
1.461950049576501987e-02,1.461950049576501987e-02
2.354926330951307573e-02,2.354926330951307573e-02
-1.408119652430313978e-03,-1.408119652430313978e-03
1.349595090940672315e-02,1.349595090940672315e-02
7.211085937212209640e-03,7.211085937212209640e-03
1.886626441005099034e-02,1.886626441005099034e-02
2.377869370982146555e-02,2.377869370982146555e-02
-6.944861202508451070e-04,-6.944861202508451070e-04
1.354715391847160361e-02,1.354715391847160361e-02
2.045016204787808434e-03,2.045016204787808434e-03
1.625670342886402497e-03,1.625670342886402497e-03
-1.049302137229858947e-02,-1.049302137229858947e-02
1.710059392867982128e-02,1.710059392867982128e-02
3.044991742589008010e-02,3.044991742589008010e-02
2.718170671989900145e-03,2.718170671989900145e-03
4.244864691135025875e-02,4.244864691135025875e-02
1.852500528242238473e-02,1.852500528242238473e-02
1.365694045906052853e-02,1.365694045906052853e-02
5.798926280327052624e-03,5.798926280327052624e-03
2.517903645273318614e-02,2.517903645273318614e-02
6.560561084971217038e-03,6.560561084971217038e-03
1.831962805546029360e-02,1.831962805546029360e-02
1.286286537904696506e-02,1.286286537904696506e-02
1.682491218454089388e-03,1.682491218454089388e-03
2.609654459089318437e-02,2.609654459089318437e-02
-2.070077602335968978e-02,-2.070077602335968978e-02
3.104429620936794559e-02,3.104429620936794559e-02
1.807305931043821229e-02,1.807305931043821229e-02
2.230408100081546913e-02,2.230408100081546913e-02
2.036524716452941391e-02,2.036524716452941391e-02
4.746919758480842855e-02,4.746919758480842855e-02
9.299501999533502788e-03,9.299501999533502788e-03
-3.118693733972735527e-03,-3.118693733972735527e-03
1.195835762001491026e-02,1.195835762001491026e-02
1.020570213008882218e-02,1.020570213008882218e-02
1.569255303870951274e-03,1.569255303870951274e-03
1.980326939239557271e-02,1.980326939239557271e-02
-1.597740507465983048e-02,-1.597740507465983048e-02
-1.597075655859384741e-02,-1.597075655859384741e-02
3.487158959060078500e-03,3.487158959060078500e-03
2.528541366716309524e-02,2.528541366716309524e-02
2.721489933318531340e-02,2.721489933318531340e-02
3.794187706479837385e-03,3.794187706479837385e-03
2.957952962297000915e-02,2.957952962297000915e-02
1.431476694588436349e-02,1.431476694588436349e-02
1.290263009313734333e-02,1.290263009313734333e-02
1.695786785428939764e-02,1.695786785428939764e-02
-2.962976721919415718e-03,-2.962976721919415718e-03
1.651236565052653649e-02,1.651236565052653649e-02
2.198154133686305509e-02,2.198154133686305509e-02
8.925472994241144542e-03,8.925472994241144542e-03
2.084077008968113903e-02,2.084077008968113903e-02
-9.566510917393085400e-03,-9.566510917393085400e-03
1.090713221920780462e-03,1.090713221920780462e-03
2.770045279674568373e-02,2.770045279674568373e-02
9.960029762537306319e-03,9.960029762537306319e-03
2.458329701094628256e-02,2.458329701094628256e-02
3.071024565741566070e-02,3.071024565741566070e-02
1.517592070294955520e-02,1.517592070294955520e-02
-6.255289435849221980e-03,-6.255289435849221980e-03
-5.939252130218258818e-03,-5.939252130218258818e-03
2.498617013238425832e-03,2.498617013238425832e-03
4.072648800959743215e-02,4.072648800959743215e-02
1.653595152644014854e-02,1.653595152644014854e-02
2.155278928232112756e-02,2.155278928232112756e-02
1.173821332558299541e-02,1.173821332558299541e-02
2.179165552667088057e-02,2.179165552667088057e-02
2.385677960115008961e-02,2.385677960115008961e-02
8.275543628648011907e-03,8.275543628648011907e-03
2.301395939200556046e-02,2.301395939200556046e-02
1.518001568540234061e-02,1.518001568540234061e-02
1.361103369191481866e-02,1.361103369191481866e-02
7.899587027491578040e-03,7.899587027491578040e-03
-1.748914777840593002e-02,-1.748914777840593002e-02
3.623144172703181287e-02,3.623144172703181287e-02
2.009139429491393902e-02,2.009139429491393902e-02
3.167430357204877728e-02,3.167430357204877728e-02
2.623090529547131636e-02,2.623090529547131636e-02
-8.308440402353543114e-03,-8.308440402353543114e-03
1.183386950578663860e-02,1.183386950578663860e-02
-3.664926093146468611e-03,-3.664926093146468611e-03
2.770938196863415720e-02,2.770938196863415720e-02
4.091077705446755086e-04,4.091077705446755086e-04
2.861838903319240818e-03,2.861838903319240818e-03
-3.167015915865697973e-03,-3.167015915865697973e-03
2.206701214879451534e-02,2.206701214879451534e-02
-6.034952898948946209e-03,-6.034952898948946209e-03
-1.178004290132617787e-02,-1.178004290132617787e-02
3.686312666150913520e-02,3.686312666150913520e-02
9.195551125769776263e-03,9.195551125769776263e-03
1.240704486740785983e-02,1.240704486740785983e-02
1.972228562519205697e-02,1.972228562519205697e-02
1.076401103063109529e-02,1.076401103063109529e-02
1.777988359702824261e-03,1.777988359702824261e-03
3.881969295148391536e-02,3.881969295148391536e-02
1.554600711362703891e-02,1.554600711362703891e-02
8.939395937894362154e-03,8.939395937894362154e-03
2.172665783708690665e-02,2.172665783708690665e-02
1.866770552829236096e-02,1.866770552829236096e-02
1.106918565922015985e-02,1.106918565922015985e-02
3.345976602838585112e-03,3.345976602838585112e-03
-1.418854273517985293e-02,-1.418854273517985293e-02
2.158977984885454560e-02,2.158977984885454560e-02
1.890174690159956983e-02,1.890174690159956983e-02
6.261594787952087793e-03,6.261594787952087793e-03
6.652545443077036158e-03,6.652545443077036158e-03
2.792818559207391541e-02,2.792818559207391541e-02
2.204276462177935658e-02,2.204276462177935658e-02
1.764533983215102811e-02,1.764533983215102811e-02
2.791022670237895686e-02,2.791022670237895686e-02
1.656508820957099115e-02,1.656508820957099115e-02
1.962295376672986910e-02,1.962295376672986910e-02
1.083516002856311361e-02,1.083516002856311361e-02
-9.241380416165737716e-03,-9.241380416165737716e-03
6.049699952114372115e-03,6.049699952114372115e-03
1.295654561141432876e-02,1.295654561141432876e-02
-4.787932385534897362e-03,-4.787932385534897362e-03
3.033569984023707505e-02,3.033569984023707505e-02
2.947597821616212629e-02,2.947597821616212629e-02
1.743203133532742269e-02,1.743203133532742269e-02
2.434763683212025354e-02,2.434763683212025354e-02
-7.708601223725550927e-03,-7.708601223725550927e-03
1.776773576634385621e-02,1.776773576634385621e-02
3.417445428802827478e-02,3.417445428802827478e-02
3.098306749165646856e-02,3.098306749165646856e-02
8.752490005275309626e-04,8.752490005275309626e-04
2.182329493149618577e-02,2.182329493149618577e-02
8.889958676550468314e-03,8.889958676550468314e-03
2.120329824959578391e-02,2.120329824959578391e-02
2.383294401202456364e-02,2.383294401202456364e-02
-1.176058719401212871e-03,-1.176058719401212871e-03
2.549293460081904217e-02,2.549293460081904217e-02
7.347388085832705362e-03,7.347388085832705362e-03
3.714438762528467913e-02,3.714438762528467913e-02
1.048092031976169056e-02,1.048092031976169056e-02
4.510093881899698842e-03,4.510093881899698842e-03
5.328476255621911184e-03,5.328476255621911184e-03
1.098101013793649494e-02,1.098101013793649494e-02
1.247148776090854089e-02,1.247148776090854089e-02
2.300874990345296023e-02,2.300874990345296023e-02
8.903412919781451829e-03,8.903412919781451829e-03
2.389867647051319155e-03,2.389867647051319155e-03
2.160570261104843848e-02,2.160570261104843848e-02
3.582681149324948994e-03,3.582681149324948994e-03
1.423693697522964222e-02,1.423693697522964222e-02
2.602311983758093250e-02,2.602311983758093250e-02
1.313805357486583919e-02,1.313805357486583919e-02
3.515757434100178630e-02,3.515757434100178630e-02
9.947994065033997219e-03,9.947994065033997219e-03
2.196267456662746864e-02,2.196267456662746864e-02
2.802254238953639023e-02,2.802254238953639023e-02
9.896165426991038183e-03,9.896165426991038183e-03
4.002605123122109088e-03,4.002605123122109088e-03
4.139621270562800215e-02,4.139621270562800215e-02
3.830952838548193351e-02,3.830952838548193351e-02
6.268090348988064608e-03,6.268090348988064608e-03
1.470428261711576728e-02,1.470428261711576728e-02
4.383012167113342628e-03,4.383012167113342628e-03
2.169231407979365506e-02,2.169231407979365506e-02
1.780443109649774633e-02,1.780443109649774633e-02
1.434739624033725888e-02,1.434739624033725888e-02
2.567884666412852471e-02,2.567884666412852471e-02
2.857227657795228387e-02,2.857227657795228387e-02
3.190087361133200905e-03,3.190087361133200905e-03
2.786635265443938511e-02,2.786635265443938511e-02
5.624624070412580223e-04,5.624624070412580223e-04
7.933773451639231089e-03,7.933773451639231089e-03
-2.175096672193870678e-02,-2.175096672193870678e-02
-1.875378201231553410e-02,-1.875378201231553410e-02
2.274751963758948545e-02,2.274751963758948545e-02
1.839544349635114512e-02,1.839544349635114512e-02
1.170694589981411543e-02,1.170694589981411543e-02
1.158248975367279915e-02,1.158248975367279915e-02
7.037890726682340808e-03,7.037890726682340808e-03
2.877221487905513159e-02,2.877221487905513159e-02
3.348410712388143196e-02,3.348410712388143196e-02
1.749169079030762561e-02,1.749169079030762561e-02
-1.074293751281873988e-02,-1.074293751281873988e-02
8.002463937731470189e-03,8.002463937731470189e-03
-2.837186498193845774e-03,-2.837186498193845774e-03
2.408421647905776425e-02,2.408421647905776425e-02
-1.254156371881916948e-03,-1.254156371881916948e-03
2.157653856858106345e-02,2.157653856858106345e-02
3.694938773610793870e-02,3.694938773610793870e-02
-1.623803820758939337e-02,-1.623803820758939337e-02
2.035924828205880333e-04,2.035924828205880333e-04
2.501515621015697188e-02,2.501515621015697188e-02
1.482448024065403935e-02,1.482448024065403935e-02
1.828732304046121193e-04,1.828732304046121193e-04
1.381126199479986577e-02,1.381126199479986577e-02
8.937566760919560954e-03,8.937566760919560954e-03
4.173816878495846538e-02,4.173816878495846538e-02
-7.525985087840053600e-03,-7.525985087840053600e-03
7.571373299767258924e-03,7.571373299767258924e-03
-8.535854231960845334e-03,-8.535854231960845334e-03
4.337649853162106606e-02,4.337649853162106606e-02
-1.297370554087367081e-02,-1.297370554087367081e-02
2.128081165868309782e-02,2.128081165868309782e-02
6.613228815538628458e-03,6.613228815538628458e-03
2.314149146981125255e-02,2.314149146981125255e-02
2.229762961005132826e-03,2.229762961005132826e-03
1.950812297226137831e-02,1.950812297226137831e-02
1.082351978416769278e-02,1.082351978416769278e-02
1.055544840290168970e-02,1.055544840290168970e-02
1.815041138160955816e-02,1.815041138160955816e-02
5.194589980839089960e-03,5.194589980839089960e-03
5.291957705062959316e-03,5.291957705062959316e-03
2.125080816458884900e-02,2.125080816458884900e-02
1.383238316500416676e-02,1.383238316500416676e-02
2.353525182055508230e-03,2.353525182055508230e-03
6.119067787806221903e-03,6.119067787806221903e-03
1.053765341886028425e-02,1.053765341886028425e-02
1.610276106193420792e-02,1.610276106193420792e-02
2.573606175897821813e-02,2.573606175897821813e-02
3.419075463945743520e-03,3.419075463945743520e-03
2.582728727875733404e-02,2.582728727875733404e-02
-2.403830490054718189e-03,-2.403830490054718189e-03
3.934212543700585374e-02,3.934212543700585374e-02
2.482293752290279029e-02,2.482293752290279029e-02
2.941331644209450175e-02,2.941331644209450175e-02
5.173524887222665652e-03,5.173524887222665652e-03
1.749284165425296633e-02,1.749284165425296633e-02
2.107338269060533148e-02,2.107338269060533148e-02
9.674187731499979404e-03,9.674187731499979404e-03
1.020600908496642478e-02,1.020600908496642478e-02
1.417150426947830569e-02,1.417150426947830569e-02
1.378419211247788878e-03,1.378419211247788878e-03
7.350636314612905842e-04,7.350636314612905842e-04
5.391544571567014055e-04,5.391544571567014055e-04
2.034029663914504321e-02,2.034029663914504321e-02
2.800612039154404265e-02,2.800612039154404265e-02
3.188723651315538560e-02,3.188723651315538560e-02
9.205869820984195762e-03,9.205869820984195762e-03
2.281936955393634031e-03,2.281936955393634031e-03
5.725027123033361864e-03,5.725027123033361864e-03
7.828792030181594419e-03,7.828792030181594419e-03
1.497729960310664743e-02,1.497729960310664743e-02
-1.303077679184418830e-02,-1.303077679184418830e-02
1.710883576701656417e-02,1.710883576701656417e-02
5.219793742242951479e-03,5.219793742242951479e-03
1.783789266865377920e-02,1.783789266865377920e-02
1.681814192712167283e-02,1.681814192712167283e-02
2.564315260962553994e-02,2.564315260962553994e-02
1.401497002462660790e-02,1.401497002462660790e-02
5.787422338576913433e-03,5.787422338576913433e-03
1.948481989203795436e-02,1.948481989203795436e-02
-2.729140102863191614e-03,-2.729140102863191614e-03
1.921238921994227605e-02,1.921238921994227605e-02
1.323978882422106179e-02,1.323978882422106179e-02
1.252853606934988331e-02,1.252853606934988331e-02
4.450713244287769071e-03,4.450713244287769071e-03
1.778528554891978253e-02,1.778528554891978253e-02
1.451055837641301513e-02,1.451055837641301513e-02
7.677069520773800726e-03,7.677069520773800726e-03
1.522438364357711973e-02,1.522438364357711973e-02
1.800338404716571306e-03,1.800338404716571306e-03
3.350776992604238141e-03,3.350776992604238141e-03
-1.915862704557589474e-02,-1.915862704557589474e-02
6.362082152239455224e-03,6.362082152239455224e-03
2.704320059259272824e-02,2.704320059259272824e-02
5.693954944745224095e-03,5.693954944745224095e-03
4.480715519017526571e-03,4.480715519017526571e-03
-6.701104695226632602e-03,-6.701104695226632602e-03
1.994496544290686596e-02,1.994496544290686596e-02
2.334948862117044305e-02,2.334948862117044305e-02
-8.233527803022146208e-03,-8.233527803022146208e-03
6.309162982647140844e-03,6.309162982647140844e-03
7.138508418061153410e-03,7.138508418061153410e-03
1.877853903538936886e-03,1.877853903538936886e-03
1.711349495928785741e-02,1.711349495928785741e-02
-7.917177495320160824e-03,-7.917177495320160824e-03
2.098313898878986089e-03,2.098313898878986089e-03
2.778062931776847239e-02,2.778062931776847239e-02
2.542686739784603620e-02,2.542686739784603620e-02
2.445586048027740406e-02,2.445586048027740406e-02
9.239132651414416059e-03,9.239132651414416059e-03
2.671838732335847857e-02,2.671838732335847857e-02
3.375817507616367397e-02,3.375817507616367397e-02
2.831438517155902834e-02,2.831438517155902834e-02
-4.393516793669914600e-03,-4.393516793669914600e-03
1.208471797224805119e-02,1.208471797224805119e-02
2.080067755692908277e-02,2.080067755692908277e-02
2.877306920837995746e-02,2.877306920837995746e-02
6.868922032874022476e-03,6.868922032874022476e-03
-4.499152774791653764e-03,-4.499152774791653764e-03
1.741496101470126762e-02,1.741496101470126762e-02
4.033134885170056028e-03,4.033134885170056028e-03
7.168270502503591712e-04,7.168270502503591712e-04
1.453857610911367046e-02,1.453857610911367046e-02
2.346184283482564276e-02,2.346184283482564276e-02
3.012733375723809087e-02,3.012733375723809087e-02
7.618838222293266432e-03,7.618838222293266432e-03
3.038660807634117889e-02,3.038660807634117889e-02
-3.370734304020708144e-03,-3.370734304020708144e-03
1.186845745126149584e-02,1.186845745126149584e-02
9.937477704672313672e-04,9.937477704672313672e-04
-9.655632626848140165e-03,-9.655632626848140165e-03
-2.126410973643362567e-03,-2.126410973643362567e-03
9.498392352099791630e-03,9.498392352099791630e-03
2.801238641773367427e-02,2.801238641773367427e-02
1.036354325478738847e-02,1.036354325478738847e-02
4.916708384146886712e-03,4.916708384146886712e-03
-8.507056273340633801e-03,-8.507056273340633801e-03
1.197775457718402992e-02,1.197775457718402992e-02
-3.643241754707569197e-03,-3.643241754707569197e-03
-2.241055021965449034e-03,-2.241055021965449034e-03
6.324492580227721039e-03,6.324492580227721039e-03
1.290165763703440133e-02,1.290165763703440133e-02
1.545827711359019571e-02,1.545827711359019571e-02
1.202205384008837863e-02,1.202205384008837863e-02
1.069740744028521012e-02,1.069740744028521012e-02
1.727788893912348550e-02,1.727788893912348550e-02
-8.874482750617185972e-03,-8.874482750617185972e-03
5.540184250378513142e-03,5.540184250378513142e-03
6.630255850082991675e-03,6.630255850082991675e-03
-5.810611830794211452e-03,-5.810611830794211452e-03
1.243003088480874180e-02,1.243003088480874180e-02
1.274302615716977824e-02,1.274302615716977824e-02
3.349949147815314138e-02,3.349949147815314138e-02
5.207011235769533342e-03,5.207011235769533342e-03
6.175672071104573724e-03,6.175672071104573724e-03
2.582035477614710167e-02,2.582035477614710167e-02
3.625562472087291710e-04,3.625562472087291710e-04
1.556832745017281555e-03,1.556832745017281555e-03
8.073134004402592045e-03,8.073134004402592045e-03
8.977821790407392727e-03,8.977821790407392727e-03
8.125851182976370074e-03,8.125851182976370074e-03
7.561530019673252945e-03,7.561530019673252945e-03
-1.147842434712812582e-02,-1.147842434712812582e-02
1.826843621666709300e-02,1.826843621666709300e-02
9.796128474524427865e-03,9.796128474524427865e-03
2.824521393890757834e-02,2.824521393890757834e-02
1.009770057649428399e-02,1.009770057649428399e-02
1.353461230955101818e-02,1.353461230955101818e-02
2.225270315775362828e-02,2.225270315775362828e-02
7.236649766288939800e-03,7.236649766288939800e-03
-3.098164179875750185e-03,-3.098164179875750185e-03
4.063872242641673738e-02,4.063872242641673738e-02
2.413380497376929959e-02,2.413380497376929959e-02
-1.010068663391882476e-03,-1.010068663391882476e-03
4.339163035193632778e-03,4.339163035193632778e-03
-6.261333290287177111e-03,-6.261333290287177111e-03
2.166050613828555266e-02,2.166050613828555266e-02
3.489616154137335780e-03,3.489616154137335780e-03
3.810427649676922934e-02,3.810427649676922934e-02
1.621632234423115576e-02,1.621632234423115576e-02
3.217167412045583014e-02,3.217167412045583014e-02
2.270914104357492011e-02,2.270914104357492011e-02
2.029988318557149340e-02,2.029988318557149340e-02
-7.407869940141843801e-03,-7.407869940141843801e-03
1.159325514658293005e-02,1.159325514658293005e-02
6.045084935526967573e-03,6.045084935526967573e-03
9.185173679790731988e-03,9.185173679790731988e-03
2.223759362418094992e-02,2.223759362418094992e-02
3.965704512527529202e-02,3.965704512527529202e-02
-9.137149664583826131e-03,-9.137149664583826131e-03
1.795032901515819859e-02,1.795032901515819859e-02
1.027385453918564992e-02,1.027385453918564992e-02
4.637798084719788744e-03,4.637798084719788744e-03
2.100031395738405707e-02,2.100031395738405707e-02
1.492259728350205095e-02,1.492259728350205095e-02
-4.025659072200378497e-03,-4.025659072200378497e-03
1.880203775087611884e-02,1.880203775087611884e-02
-5.090866524532521031e-03,-5.090866524532521031e-03
5.248758007383259871e-03,5.248758007383259871e-03
-5.935326461261533626e-04,-5.935326461261533626e-04
1.374365538153755201e-02,1.374365538153755201e-02
-5.485591877440413461e-03,-5.485591877440413461e-03
1.930939247485512905e-02,1.930939247485512905e-02
2.034665862419219109e-02,2.034665862419219109e-02
1.081850579403807050e-02,1.081850579403807050e-02
2.159844240999859652e-02,2.159844240999859652e-02
6.569472625747835304e-03,6.569472625747835304e-03
6.291876151238228604e-03,6.291876151238228604e-03
2.112989840600501545e-02,2.112989840600501545e-02
3.952064684684022944e-03,3.952064684684022944e-03
-3.014164434625592193e-03,-3.014164434625592193e-03
4.857856464178519212e-03,4.857856464178519212e-03
2.179009128761499187e-02,2.179009128761499187e-02
2.231408816767192077e-02,2.231408816767192077e-02
1.539738823646933513e-02,1.539738823646933513e-02
3.375112379708000709e-02,3.375112379708000709e-02
1.197645640538800432e-02,1.197645640538800432e-02
9.691954616147309409e-03,9.691954616147309409e-03
1.632856786097555343e-02,1.632856786097555343e-02
1.912769162993131072e-02,1.912769162993131072e-02
7.482247193665508139e-03,7.482247193665508139e-03
2.838573944573367230e-02,2.838573944573367230e-02
5.134155537222444970e-03,5.134155537222444970e-03
8.965001090215907881e-03,8.965001090215907881e-03
-1.331516210905510714e-02,-1.331516210905510714e-02
1.336523499042119312e-03,1.336523499042119312e-03
-9.304219275008858425e-03,-9.304219275008858425e-03
1.389790741286070844e-02,1.389790741286070844e-02
1.002170045251025640e-02,1.002170045251025640e-02
2.045809162082124280e-02,2.045809162082124280e-02
1.101146849076317658e-02,1.101146849076317658e-02
4.621606866422871274e-03,4.621606866422871274e-03
2.834825118343257261e-02,2.834825118343257261e-02
2.214648584714346349e-02,2.214648584714346349e-02
3.066375432329559308e-02,3.066375432329559308e-02
3.127477900499190527e-02,3.127477900499190527e-02
1.849493027616970486e-02,1.849493027616970486e-02
-9.553388835560523012e-03,-9.553388835560523012e-03
2.933394374954203382e-02,2.933394374954203382e-02
5.211907532079153305e-03,5.211907532079153305e-03
2.268606968825258308e-02,2.268606968825258308e-02
1.880562035805689175e-02,1.880562035805689175e-02
2.114776577598803664e-02,2.114776577598803664e-02
1.900123048433775830e-02,1.900123048433775830e-02
7.199813714464629172e-03,7.199813714464629172e-03
1.872847203144351047e-02,1.872847203144351047e-02
5.495536902356126102e-03,5.495536902356126102e-03
1.128674078869746494e-02,1.128674078869746494e-02
9.434955620175676516e-03,9.434955620175676516e-03
-1.711253427475103311e-03,-1.711253427475103311e-03
1.173527000361163780e-02,1.173527000361163780e-02
-3.260929517829025404e-03,-3.260929517829025404e-03
2.315164141603119619e-03,2.315164141603119619e-03
2.379529612633894675e-02,2.379529612633894675e-02
3.273145777097371395e-02,3.273145777097371395e-02
1.879888391638474820e-03,1.879888391638474820e-03
2.354196736055979428e-02,2.354196736055979428e-02
6.191200146494081624e-03,6.191200146494081624e-03
4.896604593229055002e-03,4.896604593229055002e-03
3.125413806746898948e-03,3.125413806746898948e-03
8.183864140935609433e-03,8.183864140935609433e-03
-6.524704910284444270e-03,-6.524704910284444270e-03
2.116340643197290802e-02,2.116340643197290802e-02
7.069470557557543111e-03,7.069470557557543111e-03
3.242220155811505189e-02,3.242220155811505189e-02
-7.119986826197594737e-03,-7.119986826197594737e-03
1.313044915987227751e-02,1.313044915987227751e-02
1.209623908109868501e-03,1.209623908109868501e-03
1.872703938761460796e-03,1.872703938761460796e-03
2.370415178534662076e-02,2.370415178534662076e-02
8.441635008490773473e-03,8.441635008490773473e-03
5.707372581147278356e-03,5.707372581147278356e-03
2.443256471273085040e-02,2.443256471273085040e-02
-3.084300198668968318e-03,-3.084300198668968318e-03
1.784148441240367144e-02,1.784148441240367144e-02
1.082956759137838898e-02,1.082956759137838898e-02
1.077843878622039911e-02,1.077843878622039911e-02
3.589043195043255946e-03,3.589043195043255946e-03
2.687849150987924388e-02,2.687849150987924388e-02
2.282649486672405637e-02,2.282649486672405637e-02
2.069535238655201975e-02,2.069535238655201975e-02
-2.114612027419940365e-02,-2.114612027419940365e-02
4.063550327056110467e-03,4.063550327056110467e-03
1.011916127939167798e-03,1.011916127939167798e-03
-2.180166070183363336e-03,-2.180166070183363336e-03
1.040312224526024690e-02,1.040312224526024690e-02
1.000398038935758349e-02,1.000398038935758349e-02
1.896511514467656700e-02,1.896511514467656700e-02
2.718202231807085451e-02,2.718202231807085451e-02
2.908075821435663483e-02,2.908075821435663483e-02
-4.296916572302612869e-03,-4.296916572302612869e-03
1.992719026970420776e-02,1.992719026970420776e-02
9.565544786005568401e-03,9.565544786005568401e-03
1.189845007414493810e-02,1.189845007414493810e-02
5.930879199079076153e-02,5.930879199079076153e-02
-1.242387930458343365e-03,-1.242387930458343365e-03
2.857340232664779683e-03,2.857340232664779683e-03
-1.130965508822598387e-02,-1.130965508822598387e-02
9.858062852643782736e-03,9.858062852643782736e-03
2.024276289798425735e-02,2.024276289798425735e-02
4.471430520634252920e-03,4.471430520634252920e-03
2.023316896117747718e-02,2.023316896117747718e-02
-1.216105531046941107e-03,-1.216105531046941107e-03
4.538070776129639328e-02,4.538070776129639328e-02
4.311237272525587916e-02,4.311237272525587916e-02
7.796006337832724759e-03,7.796006337832724759e-03
1.732601849082058415e-02,1.732601849082058415e-02
2.069331015794738382e-02,2.069331015794738382e-02
-9.074762639127070818e-03,-9.074762639127070818e-03
3.719855170404483269e-03,3.719855170404483269e-03
1.072181446628862889e-02,1.072181446628862889e-02
2.848463282097220273e-02,2.848463282097220273e-02
7.652656826684894886e-03,7.652656826684894886e-03
1.281455447573870421e-02,1.281455447573870421e-02
1.605769663689770449e-02,1.605769663689770449e-02
5.265401617558708447e-03,5.265401617558708447e-03
2.106804355049639310e-03,2.106804355049639310e-03
4.012815893002542877e-03,4.012815893002542877e-03
2.934700811889960625e-02,2.934700811889960625e-02
1.902066157317738870e-02,1.902066157317738870e-02
1.393573688421795992e-02,1.393573688421795992e-02
1.715106067649608407e-02,1.715106067649608407e-02
2.869713831987450586e-03,2.869713831987450586e-03
3.158631507958981066e-02,3.158631507958981066e-02
1.060624251305349042e-02,1.060624251305349042e-02
2.203415825539995279e-02,2.203415825539995279e-02
7.101943515554084985e-03,7.101943515554084985e-03
-6.965581945191735846e-03,-6.965581945191735846e-03
-4.004014214680183537e-04,-4.004014214680183537e-04
1.490559898336156139e-02,1.490559898336156139e-02
1.172559161807938677e-02,1.172559161807938677e-02
2.899943772500394173e-02,2.899943772500394173e-02
5.298375465945262541e-03,5.298375465945262541e-03
2.287411292895377354e-02,2.287411292895377354e-02
2.690357576875185980e-02,2.690357576875185980e-02
1.082528353203692645e-02,1.082528353203692645e-02
1.955822626477479037e-02,1.955822626477479037e-02
1.429644962404243852e-02,1.429644962404243852e-02
1.293845714568935337e-02,1.293845714568935337e-02
1.075011726013405666e-02,1.075011726013405666e-02
1.468055561100237161e-02,1.468055561100237161e-02
1.334974006418224862e-02,1.334974006418224862e-02
2.059856645123579744e-02,2.059856645123579744e-02
6.969179195058485682e-03,6.969179195058485682e-03
1.697122943095788483e-02,1.697122943095788483e-02
2.732715240201882140e-02,2.732715240201882140e-02
7.956959302580099425e-03,7.956959302580099425e-03
-2.410270108084141411e-03,-2.410270108084141411e-03
2.520251812256556895e-02,2.520251812256556895e-02
1.152633949327065699e-02,1.152633949327065699e-02
1.426628843297941818e-02,1.426628843297941818e-02
2.920729963453759515e-02,2.920729963453759515e-02
2.527763562226546801e-02,2.527763562226546801e-02
-6.113608344487413832e-03,-6.113608344487413832e-03
1.208798431458006986e-02,1.208798431458006986e-02
2.261392006659089862e-02,2.261392006659089862e-02
-2.424765429055401184e-03,-2.424765429055401184e-03
5.283570541619805883e-04,5.283570541619805883e-04
1.440703857803054058e-02,1.440703857803054058e-02
7.143283257504233486e-03,7.143283257504233486e-03
4.094071919017546607e-02,4.094071919017546607e-02
-1.483344471467865772e-03,-1.483344471467865772e-03
2.019581117843873355e-02,2.019581117843873355e-02
-1.131608547384472391e-02,-1.131608547384472391e-02
2.389015458969323200e-02,2.389015458969323200e-02
3.220088819556765625e-03,3.220088819556765625e-03
1.952032822294727521e-02,1.952032822294727521e-02
2.258426822462943767e-02,2.258426822462943767e-02
7.307433590795230777e-03,7.307433590795230777e-03
4.787965703226215036e-03,4.787965703226215036e-03
1.447508666929461091e-02,1.447508666929461091e-02
5.544679332282937551e-03,5.544679332282937551e-03
-1.187862482787539059e-02,-1.187862482787539059e-02
5.789216521193709525e-03,5.789216521193709525e-03
3.246869273699309888e-02,3.246869273699309888e-02
1.416217533151499161e-02,1.416217533151499161e-02
3.768428471268743529e-03,3.768428471268743529e-03
1.345367637078711057e-02,1.345367637078711057e-02
2.577796896136385491e-02,2.577796896136385491e-02
6.327371622008425706e-03,6.327371622008425706e-03
-2.134495186582884702e-03,-2.134495186582884702e-03
3.826083841961546578e-02,3.826083841961546578e-02
4.754616859523171091e-03,4.754616859523171091e-03
1.588058716139066628e-02,1.588058716139066628e-02
7.769484657706059866e-03,7.769484657706059866e-03
2.338477411162887681e-02,2.338477411162887681e-02
5.199646925051759627e-04,5.199646925051759627e-04
1.146621515066247043e-02,1.146621515066247043e-02
1.484137752118326950e-02,1.484137752118326950e-02
2.289526123745071889e-02,2.289526123745071889e-02
1.709618345522051844e-02,1.709618345522051844e-02
2.065041730882694743e-02,2.065041730882694743e-02
2.257064286327163313e-02,2.257064286327163313e-02
2.285526567046630014e-02,2.285526567046630014e-02
9.468563422307965660e-03,9.468563422307965660e-03
4.408305656682390272e-03,4.408305656682390272e-03
2.876911080242767690e-02,2.876911080242767690e-02
1.299026485261142033e-03,1.299026485261142033e-03
1.889816563819112644e-02,1.889816563819112644e-02
-7.601969315465591237e-03,-7.601969315465591237e-03
1.622515119965691616e-02,1.622515119965691616e-02
1.575417946613977271e-02,1.575417946613977271e-02
2.390035325789802156e-02,2.390035325789802156e-02
-9.266005960732126567e-03,-9.266005960732126567e-03
2.673095219915235660e-03,2.673095219915235660e-03
4.050942311112103872e-02,4.050942311112103872e-02
1.142574646753447692e-02,1.142574646753447692e-02
-1.691050240567752716e-03,-1.691050240567752716e-03
2.279625170400287337e-02,2.279625170400287337e-02
1.596157610260766357e-03,1.596157610260766357e-03
1.438212874835079549e-02,1.438212874835079549e-02
1.714551821925809627e-02,1.714551821925809627e-02
2.480029397634802082e-02,2.480029397634802082e-02
5.044515741937732889e-03,5.044515741937732889e-03
1.401991762972314148e-02,1.401991762972314148e-02
1.351102460296453589e-02,1.351102460296453589e-02
1.228958225313783736e-03,1.228958225313783736e-03
2.743712231754519976e-02,2.743712231754519976e-02
2.924986410119129882e-02,2.924986410119129882e-02
-2.024432079235098658e-02,-2.024432079235098658e-02
1.519074615071489692e-02,1.519074615071489692e-02
1.605040659409757986e-03,1.605040659409757986e-03
2.443652968163203404e-02,2.443652968163203404e-02
1.813152230076682525e-02,1.813152230076682525e-02
1.770870207091369483e-02,1.770870207091369483e-02
1.404135777677037455e-02,1.404135777677037455e-02
1.575970573628913268e-02,1.575970573628913268e-02
4.068121422557087474e-03,4.068121422557087474e-03
6.749396519502504771e-03,6.749396519502504771e-03
2.021614544519372697e-02,2.021614544519372697e-02
-1.401353515727518997e-02,-1.401353515727518997e-02
1.180079859443334753e-02,1.180079859443334753e-02
1.664565271809150676e-02,1.664565271809150676e-02
-4.829485266942892818e-03,-4.829485266942892818e-03
4.531914274970249429e-03,4.531914274970249429e-03
1.463305259554791363e-02,1.463305259554791363e-02
-1.282020671417031382e-03,-1.282020671417031382e-03
7.412348343467933809e-03,7.412348343467933809e-03
-5.337821074931883153e-03,-5.337821074931883153e-03
2.071590746804673894e-02,2.071590746804673894e-02
1.077195409943005819e-02,1.077195409943005819e-02
2.689272538373448096e-02,2.689272538373448096e-02
1.051180752811305130e-03,1.051180752811305130e-03
3.270775395223837062e-02,3.270775395223837062e-02
1.534282764022502910e-02,1.534282764022502910e-02
1.343905945086822096e-02,1.343905945086822096e-02
1.235074714459521994e-02,1.235074714459521994e-02
7.100653812008535237e-03,7.100653812008535237e-03
2.422662674946722550e-02,2.422662674946722550e-02
9.256549992067725913e-03,9.256549992067725913e-03
4.635320388970624872e-03,4.635320388970624872e-03
-1.273225585981911656e-04,-1.273225585981911656e-04
2.302676174984759350e-02,2.302676174984759350e-02
3.222773424506075735e-02,3.222773424506075735e-02
1.305403694615207139e-02,1.305403694615207139e-02
1.143531694309450619e-02,1.143531694309450619e-02
3.723045563551645454e-02,3.723045563551645454e-02
-1.115768615028388949e-03,-1.115768615028388949e-03
1.207028161832777308e-02,1.207028161832777308e-02
-8.388043285696204082e-03,-8.388043285696204082e-03
1.593129817442730939e-02,1.593129817442730939e-02
2.404889656879295734e-02,2.404889656879295734e-02
-1.540444725121824579e-02,-1.540444725121824579e-02
-2.402272958387175611e-03,-2.402272958387175611e-03
-6.387532674770737134e-03,-6.387532674770737134e-03
2.869726483815049356e-02,2.869726483815049356e-02
1.503180398169881582e-02,1.503180398169881582e-02
1.478359349130767275e-02,1.478359349130767275e-02
1.176395992030747698e-02,1.176395992030747698e-02
1.889841633884083161e-02,1.889841633884083161e-02
2.687348799084117446e-02,2.687348799084117446e-02
1.194065797539947682e-02,1.194065797539947682e-02
2.114438546878130015e-02,2.114438546878130015e-02
1.645752476588220603e-02,1.645752476588220603e-02
-4.395558817299090315e-03,-4.395558817299090315e-03
5.915755149605329832e-04,5.915755149605329832e-04
3.157834066860780442e-02,3.157834066860780442e-02
