-3.773991367064404301e+00,-3.773991367064404301e+00
-6.652044409626315158e+00,-6.652044409626315158e+00
-3.011912365594657803e+00,-3.011912365594657803e+00
-5.002293234371705921e+00,-5.002293234371705921e+00
-1.036757461737629615e+00,-1.036757461737629615e+00
-5.854245779919987847e+00,-5.854245779919987847e+00
-4.066252411793926491e+00,-4.066252411793926491e+00
-1.236162846931028625e+00,-1.236162846931028625e+00
-8.542190442830108310e+00,-8.542190442830108310e+00
-4.134841234836660995e+00,-4.134841234836660995e+00
-5.770676236232910039e-01,-5.770676236232910039e-01
-2.907620977609411295e+00,-2.907620977609411295e+00
-3.662775025360629488e+00,-3.662775025360629488e+00
-1.839049751693135226e+00,-1.839049751693135226e+00
-2.918756515447427979e+00,-2.918756515447427979e+00
-3.606108512780996200e+00,-3.606108512780996200e+00
-3.570199480874244546e+00,-3.570199480874244546e+00
-4.222737213011604318e+00,-4.222737213011604318e+00
-3.898177070311980685e+00,-3.898177070311980685e+00
-3.838375345161774366e+00,-3.838375345161774366e+00
-3.847007268495932220e+00,-3.847007268495932220e+00
-1.088805722611171145e+00,-1.088805722611171145e+00
-9.902540826863193146e-01,-9.902540826863193146e-01
-4.372024224907219647e+00,-4.372024224907219647e+00
-2.147166375355787915e-01,-2.147166375355787915e-01
-5.465635358558960988e+00,-5.465635358558960988e+00
-2.310912874664582173e+00,-2.310912874664582173e+00
-4.975544552373628804e+00,-4.975544552373628804e+00
-4.673281195911309638e+00,-4.673281195911309638e+00
-9.412816825109898033e+00,-9.412816825109898033e+00
-2.770668360470596614e+00,-2.770668360470596614e+00
-4.796618978061208516e+00,-4.796618978061208516e+00
-7.389287864191311783e+00,-7.389287864191311783e+00
-3.982781460781875005e+00,-3.982781460781875005e+00
-3.093620775315293336e+00,-3.093620775315293336e+00
-2.192027008049187042e+00,-2.192027008049187042e+00
-1.136301577676996466e+00,-1.136301577676996466e+00
-2.123116659284541574e-01,-2.123116659284541574e-01
-3.387516894729013295e+00,-3.387516894729013295e+00
-3.187815571388416647e+00,-3.187815571388416647e+00
-4.174284909528680032e+00,-4.174284909528680032e+00
-3.731788103699138937e+00,-3.731788103699138937e+00
-2.236018452272159784e+00,-2.236018452272159784e+00
-3.083005855624841640e+00,-3.083005855624841640e+00
-5.084256362049185185e+00,-5.084256362049185185e+00
-2.035125664498330877e+00,-2.035125664498330877e+00
-3.677743766537424186e+00,-3.677743766537424186e+00
-1.392604937449919866e+00,-1.392604937449919866e+00
-5.818943082354262053e+00,-5.818943082354262053e+00
-1.602981176361188309e+00,-1.602981176361188309e+00
-1.329477005013288249e+00,-1.329477005013288249e+00
-3.588374149027986348e+00,-3.588374149027986348e+00
-1.488556371799193201e+00,-1.488556371799193201e+00
-1.820764763990786461e+00,-1.820764763990786461e+00
-5.480930973804997386e+00,-5.480930973804997386e+00
-2.697396171282471222e+00,-2.697396171282471222e+00
-1.389240642759457023e+00,-1.389240642759457023e+00
-1.711717532146339815e+00,-1.711717532146339815e+00
-2.003507644743241389e+00,-2.003507644743241389e+00
-5.684386496165350522e+00,-5.684386496165350522e+00
-3.428335753014839948e+00,-3.428335753014839948e+00
-2.233839892368648439e+00,-2.233839892368648439e+00
-2.836870974335981899e+00,-2.836870974335981899e+00
-8.534005226684303835e+00,-8.534005226684303835e+00
-3.003931107804982847e+00,-3.003931107804982847e+00
-3.220109883945527329e+00,-3.220109883945527329e+00
-6.643996708197557055e+00,-6.643996708197557055e+00
-6.107822165448151264e-01,-6.107822165448151264e-01
1.368175221750003834e+00,1.368175221750003834e+00
-3.854248798344501292e+00,-3.854248798344501292e+00
-5.138651520411755547e-01,-5.138651520411755547e-01
-1.016266563865318551e+00,-1.016266563865318551e+00
-6.769997976101838510e+00,-6.769997976101838510e+00
-3.865256448279916324e+00,-3.865256448279916324e+00
-5.368452930621680608e+00,-5.368452930621680608e+00
-2.385483418192862803e+00,-2.385483418192862803e+00
-2.432665809470416995e+00,-2.432665809470416995e+00
-2.936830435703631448e+00,-2.936830435703631448e+00
-4.253039006075140627e+00,-4.253039006075140627e+00
-1.127561948679100423e+00,-1.127561948679100423e+00
1.257202034847970440e+00,1.257202034847970440e+00
-4.312810854114003334e+00,-4.312810854114003334e+00
-1.102238556450313434e+00,-1.102238556450313434e+00
-1.024966949237251512e+00,-1.024966949237251512e+00
-5.436896426508032398e+00,-5.436896426508032398e+00
-1.202724146443774567e+00,-1.202724146443774567e+00
-2.410051264814999872e+00,-2.410051264814999872e+00
-1.639554935492858689e+00,-1.639554935492858689e+00
-2.880687936151920425e+00,-2.880687936151920425e+00
-6.316204553287771972e+00,-6.316204553287771972e+00
-3.372894510946615743e+00,-3.372894510946615743e+00
-3.047467621085532485e+00,-3.047467621085532485e+00
2.578874561299652202e-01,2.578874561299652202e-01
-5.046700083135813308e+00,-5.046700083135813308e+00
-1.508256057988345056e+00,-1.508256057988345056e+00
-5.033393250462942170e+00,-5.033393250462942170e+00
-4.489141685021415640e+00,-4.489141685021415640e+00
-2.633247346160814573e+00,-2.633247346160814573e+00
-4.927755342721350296e+00,-4.927755342721350296e+00
-6.929722345753537738e+00,-6.929722345753537738e+00
-3.366921726243376156e+00,-3.366921726243376156e+00
-3.673257044040474817e+00,-3.673257044040474817e+00
-2.773712199114291455e+00,-2.773712199114291455e+00
-5.256982717981881770e+00,-5.256982717981881770e+00
-7.172650835479656095e+00,-7.172650835479656095e+00
-3.760976580110277467e+00,-3.760976580110277467e+00
-5.507742755368904675e+00,-5.507742755368904675e+00
-5.058302428636884507e+00,-5.058302428636884507e+00
-3.068680359589204265e+00,-3.068680359589204265e+00
-8.068134743851574697e+00,-8.068134743851574697e+00
-1.766669471411571379e+00,-1.766669471411571379e+00
-2.233039797062907894e+00,-2.233039797062907894e+00
-4.624445280214989573e+00,-4.624445280214989573e+00
-9.822338963237906562e-01,-9.822338963237906562e-01
-3.817772151156965332e+00,-3.817772151156965332e+00
-3.990269724342282665e+00,-3.990269724342282665e+00
-2.166052053038944436e+00,-2.166052053038944436e+00
-3.279883341964642263e+00,-3.279883341964642263e+00
-4.886646416159667439e+00,-4.886646416159667439e+00
3.673226621820824267e-02,3.673226621820824267e-02
-2.729623656640258744e+00,-2.729623656640258744e+00
-4.745817942526661781e+00,-4.745817942526661781e+00
-5.288840791418826903e+00,-5.288840791418826903e+00
-1.359359726174925509e+00,-1.359359726174925509e+00
-3.075020284923298597e+00,-3.075020284923298597e+00
-1.945601651250364217e+00,-1.945601651250364217e+00
-1.869811620497458637e+00,-1.869811620497458637e+00
-3.507397954443746357e+00,-3.507397954443746357e+00
-4.818882543672561525e+00,-4.818882543672561525e+00
-2.501237931044844931e+00,-2.501237931044844931e+00
-4.988730952789223849e+00,-4.988730952789223849e+00
-5.425570835355624233e+00,-5.425570835355624233e+00
-5.813620407221485209e+00,-5.813620407221485209e+00
-2.364749971142201979e+00,-2.364749971142201979e+00
-3.637431764849310856e+00,-3.637431764849310856e+00
-2.411509283466020115e+00,-2.411509283466020115e+00
-2.321575782470294502e+00,-2.321575782470294502e+00
-4.262333588630008663e+00,-4.262333588630008663e+00
-3.357452672455156328e+00,-3.357452672455156328e+00
-9.569729577503519380e+00,-9.569729577503519380e+00
-2.636760323748089663e-01,-2.636760323748089663e-01
-5.910282240861674197e+00,-5.910282240861674197e+00
-2.256225395784324128e+00,-2.256225395784324128e+00
-1.897808020505525217e+00,-1.897808020505525217e+00
-4.418825141083826402e+00,-4.418825141083826402e+00
-2.121945833752255428e+00,-2.121945833752255428e+00
-2.642455141473541769e+00,-2.642455141473541769e+00
-2.952909954814194826e+00,-2.952909954814194826e+00
-1.069023270184217056e+00,-1.069023270184217056e+00
-1.697931884837461602e+00,-1.697931884837461602e+00
-3.736886717772911926e+00,-3.736886717772911926e+00
-7.738630094308093232e-01,-7.738630094308093232e-01
-4.984557622296521551e+00,-4.984557622296521551e+00
-2.623322865938133575e+00,-2.623322865938133575e+00
-6.004210021488276539e+00,-6.004210021488276539e+00
-4.852706546305546986e+00,-4.852706546305546986e+00
-2.987401190807143614e+00,-2.987401190807143614e+00
-4.851108498273646319e+00,-4.851108498273646319e+00
-3.363227979319700633e+00,-3.363227979319700633e+00
-3.251999321958660261e+00,-3.251999321958660261e+00
-3.131495504391393236e+00,-3.131495504391393236e+00
-2.081154755086722208e+00,-2.081154755086722208e+00
-3.681057791692438741e+00,-3.681057791692438741e+00
-5.670508718897050215e+00,-5.670508718897050215e+00
-1.506653268848800353e+00,-1.506653268848800353e+00
-4.969955275908975456e-01,-4.969955275908975456e-01
-3.146278582947650726e+00,-3.146278582947650726e+00
-2.798307430972137411e+00,-2.798307430972137411e+00
-3.319113366988079239e+00,-3.319113366988079239e+00
-2.258353253658046622e+00,-2.258353253658046622e+00
-4.446111774783590320e+00,-4.446111774783590320e+00
-3.776980384991417861e+00,-3.776980384991417861e+00
-5.089937764186822200e+00,-5.089937764186822200e+00
-5.670041972998632218e+00,-5.670041972998632218e+00
-5.123490577742634500e+00,-5.123490577742634500e+00
-1.295512906053013946e+00,-1.295512906053013946e+00
8.382816713150638144e-01,8.382816713150638144e-01
3.133785719960273664e-01,3.133785719960273664e-01
-2.792929703556280341e+00,-2.792929703556280341e+00
-5.375479126245567230e+00,-5.375479126245567230e+00
-4.916513984168627616e+00,-4.916513984168627616e+00
-5.494417618050168706e+00,-5.494417618050168706e+00
-2.862428662852825934e+00,-2.862428662852825934e+00
-4.158708046865288166e-01,-4.158708046865288166e-01
-3.409364676728390720e+00,-3.409364676728390720e+00
-3.393790159620091895e+00,-3.393790159620091895e+00
-3.412688692369377108e+00,-3.412688692369377108e+00
-1.788661825495342583e+00,-1.788661825495342583e+00
-4.585943357052443936e+00,-4.585943357052443936e+00
8.493098480132521555e-02,8.493098480132521555e-02
-2.428074310317096085e+00,-2.428074310317096085e+00
-1.934847697968024693e+00,-1.934847697968024693e+00
-1.403712506416079808e+00,-1.403712506416079808e+00
-3.596285009765971097e+00,-3.596285009765971097e+00
-2.686148081230193441e+00,-2.686148081230193441e+00
-4.369926612184988457e+00,-4.369926612184988457e+00
-4.641404454169494542e+00,-4.641404454169494542e+00
-2.099962375568323658e+00,-2.099962375568323658e+00
-5.267753253415999204e+00,-5.267753253415999204e+00
-3.186257427311285806e+00,-3.186257427311285806e+00
-3.204141320775463875e+00,-3.204141320775463875e+00
-5.128560911302383118e+00,-5.128560911302383118e+00
-2.105684346594847156e+00,-2.105684346594847156e+00
-3.903376673715903689e+00,-3.903376673715903689e+00
-1.481412611856382400e+00,-1.481412611856382400e+00
-2.675165400407442107e+00,-2.675165400407442107e+00
-2.475678186706117057e+00,-2.475678186706117057e+00
-1.830952975588583165e+00,-1.830952975588583165e+00
-3.804731105760918553e+00,-3.804731105760918553e+00
-2.542617710033598044e+00,-2.542617710033598044e+00
-2.765605625171986048e+00,-2.765605625171986048e+00
-2.831119709594024592e+00,-2.831119709594024592e+00
-2.063963622488436567e+00,-2.063963622488436567e+00
6.522056628756427443e-01,6.522056628756427443e-01
-9.062397056360165237e-01,-9.062397056360165237e-01
-2.842388078880761615e+00,-2.842388078880761615e+00
-3.317517130575134754e+00,-3.317517130575134754e+00
-4.932493095353578383e+00,-4.932493095353578383e+00
-3.199670032670689501e+00,-3.199670032670689501e+00
-4.750452657529312894e+00,-4.750452657529312894e+00
-2.398198037939482941e+00,-2.398198037939482941e+00
-3.861951396537124381e+00,-3.861951396537124381e+00
-4.350090383060384092e+00,-4.350090383060384092e+00
-6.450705732614823162e+00,-6.450705732614823162e+00
-2.463051334262797987e+00,-2.463051334262797987e+00
-4.016624005271792086e+00,-4.016624005271792086e+00
-1.060732610409028887e+00,-1.060732610409028887e+00
-4.113438741241278507e+00,-4.113438741241278507e+00
-2.500871035084549998e+00,-2.500871035084549998e+00
-2.659587136984022049e+00,-2.659587136984022049e+00
1.694815392037748447e-01,1.694815392037748447e-01
-4.827459624904662405e+00,-4.827459624904662405e+00
-4.562354693376948767e+00,-4.562354693376948767e+00
-1.203039816209322543e+00,-1.203039816209322543e+00
-2.116892542792810694e+00,-2.116892542792810694e+00
-6.599347599837705580e+00,-6.599347599837705580e+00
-3.399909144771610325e+00,-3.399909144771610325e+00
-3.846354277657266785e+00,-3.846354277657266785e+00
-3.613032685115942222e+00,-3.613032685115942222e+00
-6.358337567932221823e+00,-6.358337567932221823e+00
-3.370672577784394441e+00,-3.370672577784394441e+00
-6.793868893367814188e+00,-6.793868893367814188e+00
-4.702267013280980734e+00,-4.702267013280980734e+00
-4.213564505941565841e+00,-4.213564505941565841e+00
-2.624243290059100175e+00,-2.624243290059100175e+00
-5.045933209485988336e+00,-5.045933209485988336e+00
-4.026264200798552295e+00,-4.026264200798552295e+00
-3.985230283193340828e+00,-3.985230283193340828e+00
-1.056371768213410611e+00,-1.056371768213410611e+00
-4.445711093061653685e+00,-4.445711093061653685e+00
-4.878214345033544674e+00,-4.878214345033544674e+00
-6.602882670835398038e+00,-6.602882670835398038e+00
-6.677471551433916019e+00,-6.677471551433916019e+00
-4.104655582740231345e+00,-4.104655582740231345e+00
-6.628686793816793710e+00,-6.628686793816793710e+00
-2.634750703718726328e+00,-2.634750703718726328e+00
-2.801079550976433019e+00,-2.801079550976433019e+00
-2.275081609849816111e+00,-2.275081609849816111e+00
1.935070699850647280e-01,1.935070699850647280e-01
-3.649147297768886133e+00,-3.649147297768886133e+00
-3.225146181942485146e+00,-3.225146181942485146e+00
-1.869237479820832215e+00,-1.869237479820832215e+00
-3.358364371411703964e+00,-3.358364371411703964e+00
-6.856573549568136805e-01,-6.856573549568136805e-01
-4.089061311717420821e+00,-4.089061311717420821e+00
-1.757890907240611256e+00,-1.757890907240611256e+00
-5.070550080161891238e+00,-5.070550080161891238e+00
-4.257301282651118512e+00,-4.257301282651118512e+00
-6.435401048304568938e+00,-6.435401048304568938e+00
-1.158835730483586790e+00,-1.158835730483586790e+00
-3.155920277461855328e+00,-3.155920277461855328e+00
-4.224654376278340173e+00,-4.224654376278340173e+00
-4.029553430198789421e+00,-4.029553430198789421e+00
-4.529872304826414897e+00,-4.529872304826414897e+00
-3.245191501805021250e+00,-3.245191501805021250e+00
-3.641147874396311046e+00,-3.641147874396311046e+00
-5.669409966590865935e+00,-5.669409966590865935e+00
-6.124514319093796288e+00,-6.124514319093796288e+00
-4.978511685873570514e+00,-4.978511685873570514e+00
-2.785505902773262932e+00,-2.785505902773262932e+00
-1.579354070075305039e+00,-1.579354070075305039e+00
-4.688512528291167492e+00,-4.688512528291167492e+00
-2.622914278745640537e+00,-2.622914278745640537e+00
-7.691105004797330835e+00,-7.691105004797330835e+00
-4.078292363789572050e+00,-4.078292363789572050e+00
-5.020526078791040625e+00,-5.020526078791040625e+00
-2.755710654175420049e-01,-2.755710654175420049e-01
-5.379185769647116366e+00,-5.379185769647116366e+00
-1.657013450094090734e+00,-1.657013450094090734e+00
-7.829330114487614622e+00,-7.829330114487614622e+00
-4.943929029928304963e+00,-4.943929029928304963e+00
-5.063845691324794451e+00,-5.063845691324794451e+00
-3.912594649894208576e+00,-3.912594649894208576e+00
-4.377951495015961925e+00,-4.377951495015961925e+00
-5.234731787148362514e+00,-5.234731787148362514e+00
-1.457043802674511168e+00,-1.457043802674511168e+00
-3.127382948374459737e+00,-3.127382948374459737e+00
-4.579715750741957248e-01,-4.579715750741957248e-01
-3.050473367728345764e+00,-3.050473367728345764e+00
-4.657359189279604017e+00,-4.657359189279604017e+00
-5.968147960217645043e+00,-5.968147960217645043e+00
-1.179308503598508029e+00,-1.179308503598508029e+00
-4.797520538789568079e+00,-4.797520538789568079e+00
2.351022978953591358e-01,2.351022978953591358e-01
-4.703696961183322145e+00,-4.703696961183322145e+00
-4.741555847402013413e+00,-4.741555847402013413e+00
-4.825470545250143850e+00,-4.825470545250143850e+00
1.069121045433066186e+00,1.069121045433066186e+00
-5.012748217394355166e+00,-5.012748217394355166e+00
-3.747551412615199418e+00,-3.747551412615199418e+00
-2.752891662800393657e+00,-2.752891662800393657e+00
-2.035149597238604002e+00,-2.035149597238604002e+00
-5.169359387716236931e+00,-5.169359387716236931e+00
-3.375210959651660847e+00,-3.375210959651660847e+00
-2.085299982668709973e+00,-2.085299982668709973e+00
-3.357312943077798817e+00,-3.357312943077798817e+00
-3.240150476987547989e+00,-3.240150476987547989e+00
-2.644921563526065000e+00,-2.644921563526065000e+00
-3.390315353199184312e+00,-3.390315353199184312e+00
-5.777158083071328498e+00,-5.777158083071328498e+00
-4.941053898260933330e+00,-4.941053898260933330e+00
-2.411801092121787615e+00,-2.411801092121787615e+00
-2.185196692679688191e+00,-2.185196692679688191e+00
-1.238191085758512999e+00,-1.238191085758512999e+00
-6.008460931265462435e+00,-6.008460931265462435e+00
-5.579128249614848656e+00,-5.579128249614848656e+00
-4.471645903305826231e+00,-4.471645903305826231e+00
-8.612815027746243857e+00,-8.612815027746243857e+00
-1.366239562388217976e+00,-1.366239562388217976e+00
-5.326144416273330684e+00,-5.326144416273330684e+00
-4.067908100236183877e+00,-4.067908100236183877e+00
-4.947299780540933334e+00,-4.947299780540933334e+00
-4.535098558074871278e+00,-4.535098558074871278e+00
-1.933270244636687840e+00,-1.933270244636687840e+00
-6.157991013148925719e-01,-6.157991013148925719e-01
-2.810094300128703537e+00,-2.810094300128703537e+00
-3.378582080209437954e+00,-3.378582080209437954e+00
-4.424938753051438134e+00,-4.424938753051438134e+00
-4.903117218207198036e+00,-4.903117218207198036e+00
-3.911202011302340686e+00,-3.911202011302340686e+00
-2.085625981427211784e+00,-2.085625981427211784e+00
-4.702725831681854096e+00,-4.702725831681854096e+00
-5.025992234297426364e+00,-5.025992234297426364e+00
2.169129288126384891e-01,2.169129288126384891e-01
-4.907517117747536517e+00,-4.907517117747536517e+00
-4.635611153498945036e+00,-4.635611153498945036e+00
-4.384523836406575725e+00,-4.384523836406575725e+00
-2.250052452551178639e-01,-2.250052452551178639e-01
-2.972893600145641635e+00,-2.972893600145641635e+00
-1.887817328495711822e+00,-1.887817328495711822e+00
-5.354500350698218725e+00,-5.354500350698218725e+00
-4.333394505176547895e+00,-4.333394505176547895e+00
2.650636756138176064e-01,2.650636756138176064e-01
-4.631617867627669582e+00,-4.631617867627669582e+00
-3.780323265295593593e+00,-3.780323265295593593e+00
-4.330131927043948004e+00,-4.330131927043948004e+00
-2.519240068287037282e+00,-2.519240068287037282e+00
-2.977624873912946946e+00,-2.977624873912946946e+00
-2.884573842812500288e+00,-2.884573842812500288e+00
-1.066386926714162353e+00,-1.066386926714162353e+00
-2.087994214803215787e+00,-2.087994214803215787e+00
-8.623717697986274189e+00,-8.623717697986274189e+00
-3.615677393462116473e+00,-3.615677393462116473e+00
-3.937153412408552988e+00,-3.937153412408552988e+00
-3.007456238557368877e+00,-3.007456238557368877e+00
-4.923821228016977969e+00,-4.923821228016977969e+00
-4.089105340194517879e+00,-4.089105340194517879e+00
-1.116713465864380250e+00,-1.116713465864380250e+00
1.125655862608008206e-01,1.125655862608008206e-01
-1.444808654161818584e+00,-1.444808654161818584e+00
-7.053053616680132754e-01,-7.053053616680132754e-01
-5.191699346826910144e+00,-5.191699346826910144e+00
-6.579863022917192827e-01,-6.579863022917192827e-01
-2.930081352673904238e+00,-2.930081352673904238e+00
-9.590498554004731613e-01,-9.590498554004731613e-01
-2.084258963703184087e+00,-2.084258963703184087e+00
-2.489486583901532324e+00,-2.489486583901532324e+00
-4.168752641053401042e+00,-4.168752641053401042e+00
-4.195882211499328385e+00,-4.195882211499328385e+00
-3.310640735222213582e+00,-3.310640735222213582e+00
-4.761501628440772294e+00,-4.761501628440772294e+00
-2.573543153309223008e+00,-2.573543153309223008e+00
-4.027590408617459872e+00,-4.027590408617459872e+00
-7.937005414215172472e-01,-7.937005414215172472e-01
-6.051218983752054470e+00,-6.051218983752054470e+00
-1.376614507346978877e+00,-1.376614507346978877e+00
-2.005774172167830827e+00,-2.005774172167830827e+00
-1.342781725457383057e+00,-1.342781725457383057e+00
-4.262848744224195130e+00,-4.262848744224195130e+00
-1.649141303491258093e+00,-1.649141303491258093e+00
-5.273305450951791151e+00,-5.273305450951791151e+00
-5.503752135948164259e+00,-5.503752135948164259e+00
-4.076948068692003158e-02,-4.076948068692003158e-02
-2.978613405964646077e+00,-2.978613405964646077e+00
5.412750218821509307e-01,5.412750218821509307e-01
-4.270453757891102819e-01,-4.270453757891102819e-01
-3.213118226498146601e+00,-3.213118226498146601e+00
-4.190934053993442987e+00,-4.190934053993442987e+00
-6.336817996581103785e+00,-6.336817996581103785e+00
-3.970477750663859773e+00,-3.970477750663859773e+00
-3.622859916081252685e+00,-3.622859916081252685e+00
-2.496042328765841756e+00,-2.496042328765841756e+00
-5.862404258976817495e+00,-5.862404258976817495e+00
-4.802824396642569660e+00,-4.802824396642569660e+00
-3.718075318778948812e+00,-3.718075318778948812e+00
-4.225682055020851813e+00,-4.225682055020851813e+00
-5.133203417666514667e+00,-5.133203417666514667e+00
-4.665957205096086469e+00,-4.665957205096086469e+00
-4.181422902077719606e+00,-4.181422902077719606e+00
-5.311121910400466106e+00,-5.311121910400466106e+00
-8.088759978632023007e-01,-8.088759978632023007e-01
-6.916552384890391814e+00,-6.916552384890391814e+00
-3.415367447612240426e+00,-3.415367447612240426e+00
-3.815683816761227920e+00,-3.815683816761227920e+00
-3.178211820163739709e+00,-3.178211820163739709e+00
-1.266945195741477903e+00,-1.266945195741477903e+00
-5.597021222008613073e+00,-5.597021222008613073e+00
-3.265537190758459385e+00,-3.265537190758459385e+00
-3.130321464435787515e+00,-3.130321464435787515e+00
-3.583157274526739045e+00,-3.583157274526739045e+00
-2.244581927305301150e+00,-2.244581927305301150e+00
-3.245558832665695892e+00,-3.245558832665695892e+00
-2.814598485469592237e+00,-2.814598485469592237e+00
-2.412736166617932554e+00,-2.412736166617932554e+00
-5.716114368393211187e+00,-5.716114368393211187e+00
1.768189799003812013e-01,1.768189799003812013e-01
-1.427785450298579617e+00,-1.427785450298579617e+00
-3.009119097161820466e+00,-3.009119097161820466e+00
-7.633101239064623122e+00,-7.633101239064623122e+00
-2.521646470096815751e+00,-2.521646470096815751e+00
-1.263124789422689576e+00,-1.263124789422689576e+00
-7.361662220649978217e-02,-7.361662220649978217e-02
-2.901989427503857577e+00,-2.901989427503857577e+00
-3.875837175189890793e+00,-3.875837175189890793e+00
-2.989421823890884067e+00,-2.989421823890884067e+00
1.514908264301784435e-01,1.514908264301784435e-01
-2.627132376983153605e+00,-2.627132376983153605e+00
-2.063985270998166754e+00,-2.063985270998166754e+00
-1.422040548880245669e+00,-1.422040548880245669e+00
-5.792423561445015245e+00,-5.792423561445015245e+00
-1.546350378921879987e+00,-1.546350378921879987e+00
-1.491132383308394704e+00,-1.491132383308394704e+00
-1.660567703315787291e+00,-1.660567703315787291e+00
-4.098572153409720364e+00,-4.098572153409720364e+00
-4.836054037375824066e+00,-4.836054037375824066e+00
-1.399874852283299997e+00,-1.399874852283299997e+00
-5.559433612326069252e+00,-5.559433612326069252e+00
-2.467988697006503251e+00,-2.467988697006503251e+00
-2.415184973666538504e+00,-2.415184973666538504e+00
-3.620126659213385167e+00,-3.620126659213385167e+00
-5.035517492730349431e+00,-5.035517492730349431e+00
-3.887255651388515698e+00,-3.887255651388515698e+00
-2.685101798632523629e+00,-2.685101798632523629e+00
-3.084497082122013900e+00,-3.084497082122013900e+00
-5.029826797003968508e+00,-5.029826797003968508e+00
-2.226591677092150778e+00,-2.226591677092150778e+00
-2.091794435533994356e+00,-2.091794435533994356e+00
-2.547697071574670957e+00,-2.547697071574670957e+00
-4.121235049812377760e+00,-4.121235049812377760e+00
-4.730246147092717734e+00,-4.730246147092717734e+00
-4.990441365638446314e+00,-4.990441365638446314e+00
-3.226545739512628685e+00,-3.226545739512628685e+00
-1.284241439526371042e+00,-1.284241439526371042e+00
-5.607637162602954639e+00,-5.607637162602954639e+00
-1.806547198000359344e+00,-1.806547198000359344e+00
-4.110241100047193008e+00,-4.110241100047193008e+00
-1.549656007885813924e+00,-1.549656007885813924e+00
-4.721779221566999141e+00,-4.721779221566999141e+00
-4.824626863962344636e+00,-4.824626863962344636e+00
-4.650034064290242242e+00,-4.650034064290242242e+00
-3.071460306449862898e+00,-3.071460306449862898e+00
-2.020088003167092028e-01,-2.020088003167092028e-01
-4.353922051416298622e+00,-4.353922051416298622e+00
-2.585928177839985853e+00,-2.585928177839985853e+00
-3.537937215905341493e+00,-3.537937215905341493e+00
-3.942679302913636441e+00,-3.942679302913636441e+00
-1.677584311632756897e+00,-1.677584311632756897e+00
-4.307156714237752482e+00,-4.307156714237752482e+00
-3.196720752166809731e+00,-3.196720752166809731e+00
-4.047961048155668706e+00,-4.047961048155668706e+00
-4.120752439299093517e+00,-4.120752439299093517e+00
-3.583629394054721473e+00,-3.583629394054721473e+00
-4.896361592091082571e+00,-4.896361592091082571e+00
-5.219148162752428100e+00,-5.219148162752428100e+00
-2.911514274870977470e+00,-2.911514274870977470e+00
-3.367780708892967656e+00,-3.367780708892967656e+00
-2.682140964555054019e+00,-2.682140964555054019e+00
-4.576322796269127302e+00,-4.576322796269127302e+00
3.758461943800757432e-02,3.758461943800757432e-02
-1.884124741627390742e+00,-1.884124741627390742e+00
-4.337009863481435801e+00,-4.337009863481435801e+00
-5.380025942323181987e+00,-5.380025942323181987e+00
-3.261361415722067392e+00,-3.261361415722067392e+00
-4.499162062485256186e+00,-4.499162062485256186e+00
-5.766961196952052227e+00,-5.766961196952052227e+00
-5.791353109320843018e+00,-5.791353109320843018e+00
-5.984135016933201712e+00,-5.984135016933201712e+00
-5.205977125530550254e+00,-5.205977125530550254e+00
-5.543641476598031304e+00,-5.543641476598031304e+00
-5.770461545071256637e+00,-5.770461545071256637e+00
-2.154448138661234857e+00,-2.154448138661234857e+00
-4.592702378136862329e+00,-4.592702378136862329e+00
-6.334430852584177707e+00,-6.334430852584177707e+00
-3.430700882452573985e+00,-3.430700882452573985e+00
-3.904115739522054263e+00,-3.904115739522054263e+00
-1.209459762179176279e+00,-1.209459762179176279e+00
-3.397468097943620258e+00,-3.397468097943620258e+00
-4.464085875792082270e+00,-4.464085875792082270e+00
-3.608610359291629877e+00,-3.608610359291629877e+00
-2.753098135246088596e+00,-2.753098135246088596e+00
-2.868233574997471003e+00,-2.868233574997471003e+00
-1.799298938083385258e+00,-1.799298938083385258e+00
-4.679488757853451197e+00,-4.679488757853451197e+00
-3.191773659838402111e+00,-3.191773659838402111e+00
-3.461765507455644375e+00,-3.461765507455644375e+00
-7.950785286582303435e+00,-7.950785286582303435e+00
-3.609648777491433869e+00,-3.609648777491433869e+00
-2.973848584347694946e+00,-2.973848584347694946e+00
-2.203737196023941802e+00,-2.203737196023941802e+00
-4.092626439748318745e+00,-4.092626439748318745e+00
-1.976480072642571306e+00,-1.976480072642571306e+00
-1.949835029647968732e+00,-1.949835029647968732e+00
-1.690699555449855396e+00,-1.690699555449855396e+00
-2.171268666068974618e+00,-2.171268666068974618e+00
-2.312454935001106437e-01,-2.312454935001106437e-01
-1.577179862381584918e+00,-1.577179862381584918e+00
-1.533375613833892759e+00,-1.533375613833892759e+00
-2.381293262983715131e+00,-2.381293262983715131e+00
-1.665092510761234212e+00,-1.665092510761234212e+00
-3.720719381643526003e+00,-3.720719381643526003e+00
3.817668708574483150e-01,3.817668708574483150e-01
-2.076245869030478808e+00,-2.076245869030478808e+00
-3.934473046157565879e+00,-3.934473046157565879e+00
-8.598682401176410695e-01,-8.598682401176410695e-01
-2.820616124319736961e+00,-2.820616124319736961e+00
-2.373991105105585309e+00,-2.373991105105585309e+00
-5.571865520034442909e+00,-5.571865520034442909e+00
-4.545375048050478206e+00,-4.545375048050478206e+00
-4.148030137313295285e+00,-4.148030137313295285e+00
-3.847316706876579673e+00,-3.847316706876579673e+00
-1.664879794322220885e+00,-1.664879794322220885e+00
-3.971419719460790532e+00,-3.971419719460790532e+00
-4.857246166787688502e+00,-4.857246166787688502e+00
-5.888391192978483346e+00,-5.888391192978483346e+00
-1.742249820878720490e+00,-1.742249820878720490e+00
-3.952130432927630999e+00,-3.952130432927630999e+00
-4.264024003670568774e+00,-4.264024003670568774e+00
-4.648545868271662940e+00,-4.648545868271662940e+00
-2.291361036829547171e+00,-2.291361036829547171e+00
-7.354965260568164354e+00,-7.354965260568164354e+00
-7.406358522954699986e+00,-7.406358522954699986e+00
-4.563529240961667455e+00,-4.563529240961667455e+00
-4.852365947226111587e+00,-4.852365947226111587e+00
-5.898109752973585529e+00,-5.898109752973585529e+00
-5.884916271192437875e+00,-5.884916271192437875e+00
-1.796804157965447235e+00,-1.796804157965447235e+00
-4.603106074850176199e+00,-4.603106074850176199e+00
-6.513877464799221251e+00,-6.513877464799221251e+00
-4.648348916579848833e+00,-4.648348916579848833e+00
1.671937225264900628e-01,1.671937225264900628e-01
-5.856142851514067882e-02,-5.856142851514067882e-02
-1.915713824026465950e+00,-1.915713824026465950e+00
1.496381042761908642e+00,1.496381042761908642e+00
-2.678431114127407753e+00,-2.678431114127407753e+00
-3.186067632886627976e+00,-3.186067632886627976e+00
-2.977569162203480779e+00,-2.977569162203480779e+00
-5.764760346456086815e+00,-5.764760346456086815e+00
-3.500477497610508859e+00,-3.500477497610508859e+00
-9.521902090371322513e-01,-9.521902090371322513e-01
-3.469511417773852635e+00,-3.469511417773852635e+00
-2.041179075293223733e+00,-2.041179075293223733e+00
-2.705792696930011232e+00,-2.705792696930011232e+00
7.110764265174340792e-01,7.110764265174340792e-01
-1.155381303517542813e-01,-1.155381303517542813e-01
-3.422011778629134859e+00,-3.422011778629134859e+00
-2.873523850675690827e+00,-2.873523850675690827e+00
-3.640047648319335583e+00,-3.640047648319335583e+00
-2.608672332766668767e+00,-2.608672332766668767e+00
-2.685539252631520935e+00,-2.685539252631520935e+00
-5.545591356961184104e+00,-5.545591356961184104e+00
-6.419772070599665703e+00,-6.419772070599665703e+00
-3.846889301976717412e+00,-3.846889301976717412e+00
-2.470413832398601350e+00,-2.470413832398601350e+00
-2.920536391945095289e+00,-2.920536391945095289e+00
-2.531995174112061431e+00,-2.531995174112061431e+00
-2.432543958410558371e+00,-2.432543958410558371e+00
-4.346127838577157121e+00,-4.346127838577157121e+00
-2.177288859515813080e+00,-2.177288859515813080e+00
-2.459872095638059974e+00,-2.459872095638059974e+00
-9.548807295406094298e-01,-9.548807295406094298e-01
-7.819004778884598439e-01,-7.819004778884598439e-01
-1.502239394863084554e+00,-1.502239394863084554e+00
-1.282525000839600970e+00,-1.282525000839600970e+00
-4.496116996942448374e+00,-4.496116996942448374e+00
1.406609717809867988e-01,1.406609717809867988e-01
-2.764845267359056002e+00,-2.764845267359056002e+00
-7.886204112122601195e-01,-7.886204112122601195e-01
-2.303912561930527403e+00,-2.303912561930527403e+00
-4.936304343256366911e-01,-4.936304343256366911e-01
-2.208300027407597454e+00,-2.208300027407597454e+00
-1.313282886172274733e+00,-1.313282886172274733e+00
-5.062453111414664697e+00,-5.062453111414664697e+00
-4.052342251038898446e+00,-4.052342251038898446e+00
-6.517244397368165743e+00,-6.517244397368165743e+00
-1.730469872866176040e-01,-1.730469872866176040e-01
-9.123526177362609735e-01,-9.123526177362609735e-01
-4.307811527271764085e+00,-4.307811527271764085e+00
-2.661137545285730877e+00,-2.661137545285730877e+00
-3.792730032918940619e+00,-3.792730032918940619e+00
-3.192196809027152860e+00,-3.192196809027152860e+00
-3.142684853666948719e+00,-3.142684853666948719e+00
-3.706086491045849751e+00,-3.706086491045849751e+00
-2.874668758193039686e+00,-2.874668758193039686e+00
-3.079806526098260999e+00,-3.079806526098260999e+00
-1.697278628981176318e+00,-1.697278628981176318e+00
-3.674292675326597646e+00,-3.674292675326597646e+00
-4.995113470196558936e+00,-4.995113470196558936e+00
-1.809853050406478259e+00,-1.809853050406478259e+00
-6.742158647181360820e+00,-6.742158647181360820e+00
-3.763924683168005103e+00,-3.763924683168005103e+00
-5.686272565105777943e+00,-5.686272565105777943e+00
-4.852641648215755943e+00,-4.852641648215755943e+00
-6.771432290161852663e+00,-6.771432290161852663e+00
-2.318172829566873538e+00,-2.318172829566873538e+00
-5.412050650546170738e-01,-5.412050650546170738e-01
-2.512174421193102969e+00,-2.512174421193102969e+00
-3.148142315072408159e+00,-3.148142315072408159e+00
-5.347144757502266810e-01,-5.347144757502266810e-01
-3.753070135389942052e+00,-3.753070135389942052e+00
-2.154017511426823184e+00,-2.154017511426823184e+00
-2.861744173021540050e+00,-2.861744173021540050e+00
-1.034043952435532709e+00,-1.034043952435532709e+00
-1.178704952502458880e+00,-1.178704952502458880e+00
-2.537392605855289140e+00,-2.537392605855289140e+00
-3.781231470133913364e-01,-3.781231470133913364e-01
-5.585494850393958544e+00,-5.585494850393958544e+00
-5.750163587300765045e+00,-5.750163587300765045e+00
-1.560176477693016261e+00,-1.560176477693016261e+00
-7.163597559022971240e+00,-7.163597559022971240e+00
-2.662269833096980953e+00,-2.662269833096980953e+00
-2.168362538984447418e+00,-2.168362538984447418e+00
-5.088498671357824854e+00,-5.088498671357824854e+00
-9.497314184170768669e-01,-9.497314184170768669e-01
-1.190844101558197643e+00,-1.190844101558197643e+00
-5.336516338165187889e+00,-5.336516338165187889e+00
-7.102646534949934587e-01,-7.102646534949934587e-01
-5.234896945661446033e+00,-5.234896945661446033e+00
-3.129156836869147362e+00,-3.129156836869147362e+00
-7.433206890811709933e-01,-7.433206890811709933e-01
8.337366513806654389e-02,8.337366513806654389e-02
-2.595101211607227398e+00,-2.595101211607227398e+00
-4.479645168402830890e+00,-4.479645168402830890e+00
-4.386814125237629369e+00,-4.386814125237629369e+00
6.581642391845144990e-01,6.581642391845144990e-01
-1.270974048022829539e+00,-1.270974048022829539e+00
-1.477986972070070237e+00,-1.477986972070070237e+00
-1.904073110404856717e+00,-1.904073110404856717e+00
-5.958141001764195366e+00,-5.958141001764195366e+00
-5.675227890595611946e+00,-5.675227890595611946e+00
-3.568483855340140121e+00,-3.568483855340140121e+00
-1.713533988658538121e+00,-1.713533988658538121e+00
-5.332497954071254931e+00,-5.332497954071254931e+00
-5.683354060391338614e+00,-5.683354060391338614e+00
-3.944137412336957471e+00,-3.944137412336957471e+00
-3.370984848955217661e+00,-3.370984848955217661e+00
-3.851561455457880978e+00,-3.851561455457880978e+00
-2.763851986892182033e+00,-2.763851986892182033e+00
1.452093465716279397e+00,1.452093465716279397e+00
-4.282212696577954780e+00,-4.282212696577954780e+00
-1.853455419225420453e+00,-1.853455419225420453e+00
-4.289636823169477253e+00,-4.289636823169477253e+00
-4.229734804572265361e+00,-4.229734804572265361e+00
-3.491954617704091213e+00,-3.491954617704091213e+00
-2.167216968021910439e+00,-2.167216968021910439e+00
-4.639519064551581806e+00,-4.639519064551581806e+00
-2.601298539618657202e+00,-2.601298539618657202e+00
-2.595742077835359929e+00,-2.595742077835359929e+00
-4.081017470583920392e+00,-4.081017470583920392e+00
1.262716198608821117e+00,1.262716198608821117e+00
-2.026318264880366371e+00,-2.026318264880366371e+00
-8.478278506170628503e+00,-8.478278506170628503e+00
-3.403719739843073189e+00,-3.403719739843073189e+00
-4.812422841902848525e+00,-4.812422841902848525e+00
-6.262253047631552327e+00,-6.262253047631552327e+00
-3.361944517943967536e+00,-3.361944517943967536e+00
-3.601946418678251938e+00,-3.601946418678251938e+00
-1.275875611879585980e+00,-1.275875611879585980e+00
-2.867181810319270774e+00,-2.867181810319270774e+00
-4.024721082228514213e+00,-4.024721082228514213e+00
-1.072642999054733259e+00,-1.072642999054733259e+00
-1.783272195669944438e+00,-1.783272195669944438e+00
-2.262032931566478666e+00,-2.262032931566478666e+00
-6.784048664789610328e+00,-6.784048664789610328e+00
-6.202005957173673423e+00,-6.202005957173673423e+00
-1.655794104009364220e+00,-1.655794104009364220e+00
-2.385736875945148050e+00,-2.385736875945148050e+00
-5.683601411580678331e+00,-5.683601411580678331e+00
-5.436251821942569507e+00,-5.436251821942569507e+00
-3.480286183545152401e+00,-3.480286183545152401e+00
-3.955763630903654793e+00,-3.955763630903654793e+00
-1.357081439398845735e+00,-1.357081439398845735e+00
-1.939674075905124973e+00,-1.939674075905124973e+00
-4.631135144133876835e+00,-4.631135144133876835e+00
-5.598734612808104139e+00,-5.598734612808104139e+00
-5.363710055323727133e+00,-5.363710055323727133e+00
-6.947197695503503745e+00,-6.947197695503503745e+00
-4.754219246104307572e+00,-4.754219246104307572e+00
-3.419708135783558589e+00,-3.419708135783558589e+00
-4.617985774672564325e+00,-4.617985774672564325e+00
-3.835287195642673730e+00,-3.835287195642673730e+00
-1.635660447582266031e+00,-1.635660447582266031e+00
-5.896573234699378219e-01,-5.896573234699378219e-01
-1.776201250185777347e+00,-1.776201250185777347e+00
-6.573848569942553510e+00,-6.573848569942553510e+00
-1.912842499993953282e+00,-1.912842499993953282e+00
-3.476305805707935015e+00,-3.476305805707935015e+00
-2.130631560779715716e+00,-2.130631560779715716e+00
-2.385726866698138160e+00,-2.385726866698138160e+00
-1.527542311723200097e+00,-1.527542311723200097e+00
-2.397746813882505101e+00,-2.397746813882505101e+00
-3.270735208748344114e+00,-3.270735208748344114e+00
-3.965376895319304040e+00,-3.965376895319304040e+00
-2.060541596705375511e+00,-2.060541596705375511e+00
-2.979114938359015419e+00,-2.979114938359015419e+00
-4.959841647352065230e+00,-4.959841647352065230e+00
-3.269272191867462762e-01,-3.269272191867462762e-01
-1.237886907193220143e+00,-1.237886907193220143e+00
-3.448325404120676119e+00,-3.448325404120676119e+00
-3.815948384116745196e+00,-3.815948384116745196e+00
-3.071586493061724710e+00,-3.071586493061724710e+00
-2.086904088500008747e+00,-2.086904088500008747e+00
-2.988086425651180100e+00,-2.988086425651180100e+00
-6.730297527391822854e+00,-6.730297527391822854e+00
-1.111011661782965065e+00,-1.111011661782965065e+00
-4.164069003602484997e+00,-4.164069003602484997e+00
-5.501022632774210663e+00,-5.501022632774210663e+00
-3.667016995435970372e+00,-3.667016995435970372e+00
-5.124277541139127479e+00,-5.124277541139127479e+00
-9.569238236945765141e-02,-9.569238236945765141e-02
-5.326341676992447205e+00,-5.326341676992447205e+00
-3.228342083016118025e+00,-3.228342083016118025e+00
-2.470344155175606016e+00,-2.470344155175606016e+00
-3.673970795200697026e+00,-3.673970795200697026e+00
-6.284986920833560475e+00,-6.284986920833560475e+00
-3.998983028101386061e+00,-3.998983028101386061e+00
-5.463245937653439910e+00,-5.463245937653439910e+00
-5.935393095936174923e+00,-5.935393095936174923e+00
-1.502932101464097059e+00,-1.502932101464097059e+00
-2.097126903814863219e+00,-2.097126903814863219e+00
-3.750157183548387785e+00,-3.750157183548387785e+00
-2.293495843596527362e+00,-2.293495843596527362e+00
3.075901441455177743e-01,3.075901441455177743e-01
-2.276691171336016062e+00,-2.276691171336016062e+00
-4.600978411530095791e+00,-4.600978411530095791e+00
-2.214492813059871335e+00,-2.214492813059871335e+00
-4.396991461120682843e+00,-4.396991461120682843e+00
-5.101863866199652264e+00,-5.101863866199652264e+00
-5.487983179793597399e-01,-5.487983179793597399e-01
-3.917224943523167191e+00,-3.917224943523167191e+00
-5.784103299678447385e+00,-5.784103299678447385e+00
-4.556370293077899092e+00,-4.556370293077899092e+00
-1.999194855245964408e+00,-1.999194855245964408e+00
-5.987131862911100555e+00,-5.987131862911100555e+00
-1.235866045136304159e+00,-1.235866045136304159e+00
-3.592135730619074430e+00,-3.592135730619074430e+00
-2.111197144529211922e+00,-2.111197144529211922e+00
-1.890536399361633313e+00,-1.890536399361633313e+00
-1.637563366787668784e+00,-1.637563366787668784e+00
-3.303766424963841430e+00,-3.303766424963841430e+00
-4.967833336577192505e+00,-4.967833336577192505e+00
-8.047572575707683029e+00,-8.047572575707683029e+00
-9.363627467096400370e-01,-9.363627467096400370e-01
-8.055572205770380467e-01,-8.055572205770380467e-01
-5.822950589513918196e+00,-5.822950589513918196e+00
-3.052725106393133547e+00,-3.052725106393133547e+00
-2.370613570186272501e+00,-2.370613570186272501e+00
-4.958345294775675427e+00,-4.958345294775675427e+00
-1.426992988188410472e+00,-1.426992988188410472e+00
-2.504862100425265581e+00,-2.504862100425265581e+00
-3.414331092893287511e+00,-3.414331092893287511e+00
-3.027033064266615003e+00,-3.027033064266615003e+00
-7.298351426384548368e-01,-7.298351426384548368e-01
-2.396156775029443686e+00,-2.396156775029443686e+00
-4.464153256845158069e+00,-4.464153256845158069e+00
-3.233743511684062266e+00,-3.233743511684062266e+00
-6.068324068482219502e+00,-6.068324068482219502e+00
-5.364439979346540710e+00,-5.364439979346540710e+00
-2.846312168194756520e+00,-2.846312168194756520e+00
-5.472018469944840424e-01,-5.472018469944840424e-01
-6.174749937264107480e+00,-6.174749937264107480e+00
-5.415086138336615562e+00,-5.415086138336615562e+00
-3.398082581128071045e+00,-3.398082581128071045e+00
-1.354284230947996104e+00,-1.354284230947996104e+00
-3.825899849596601232e-01,-3.825899849596601232e-01
-5.466293912579064163e+00,-5.466293912579064163e+00
-2.842438769394845188e+00,-2.842438769394845188e+00
-4.406996265785119604e+00,-4.406996265785119604e+00
-1.877061188910388090e+00,-1.877061188910388090e+00
-1.840987822427750942e-01,-1.840987822427750942e-01
-7.471126090046664725e-01,-7.471126090046664725e-01
-4.179520471934741188e+00,-4.179520471934741188e+00
-2.750526398104287562e+00,-2.750526398104287562e+00
-5.814569841410118123e+00,-5.814569841410118123e+00
-3.366692921857411758e+00,-3.366692921857411758e+00
-1.241981704860378510e+00,-1.241981704860378510e+00
-5.099983877409734134e+00,-5.099983877409734134e+00
-2.088519173151017760e+00,-2.088519173151017760e+00
-2.361025012442017790e+00,-2.361025012442017790e+00
-7.645244071078043380e-01,-7.645244071078043380e-01
-7.224404903088089469e+00,-7.224404903088089469e+00
-2.411961152719416024e+00,-2.411961152719416024e+00
-4.477890616378232380e+00,-4.477890616378232380e+00
-3.846934131065963491e+00,-3.846934131065963491e+00
-4.740725124124518075e+00,-4.740725124124518075e+00
-4.175483822355097629e+00,-4.175483822355097629e+00
-7.091953588142939857e+00,-7.091953588142939857e+00
-3.965227375896164252e-01,-3.965227375896164252e-01
-3.582754964225234762e+00,-3.582754964225234762e+00
-4.968947745181262476e+00,-4.968947745181262476e+00
-2.544721908237012720e+00,-2.544721908237012720e+00
-3.237930464211491888e+00,-3.237930464211491888e+00
-3.372032137638949933e+00,-3.372032137638949933e+00
-5.135979098284804145e+00,-5.135979098284804145e+00
-9.526255330670335697e-01,-9.526255330670335697e-01
-2.976415798800543300e+00,-2.976415798800543300e+00
-3.216534201849905017e+00,-3.216534201849905017e+00
-4.792108350951084894e+00,-4.792108350951084894e+00
-4.161440931668007437e+00,-4.161440931668007437e+00
-9.472365049457375230e-01,-9.472365049457375230e-01
-3.039651566930108295e+00,-3.039651566930108295e+00
-9.146997092811750107e+00,-9.146997092811750107e+00
-4.072282028831610390e+00,-4.072282028831610390e+00
-4.777656176094603246e+00,-4.777656176094603246e+00
-5.192968830044276451e+00,-5.192968830044276451e+00
-7.130166854650356045e-01,-7.130166854650356045e-01
-6.303299227507636715e+00,-6.303299227507636715e+00
-3.935703451951991116e+00,-3.935703451951991116e+00
-3.896767934246082365e+00,-3.896767934246082365e+00
-1.246092816164560357e+00,-1.246092816164560357e+00
-3.204331140446607940e+00,-3.204331140446607940e+00
-5.204708663094425702e+00,-5.204708663094425702e+00
-2.636963466247391086e+00,-2.636963466247391086e+00
-4.367530314601613561e+00,-4.367530314601613561e+00
-4.064813714519096344e+00,-4.064813714519096344e+00
-1.070763883722031462e+00,-1.070763883722031462e+00
-9.982218637349813406e-01,-9.982218637349813406e-01
-4.692290193634645057e+00,-4.692290193634645057e+00
-2.674123678809400051e+00,-2.674123678809400051e+00
-4.291808202881854939e+00,-4.291808202881854939e+00
-7.192874540727569155e+00,-7.192874540727569155e+00
-4.178045040202117200e+00,-4.178045040202117200e+00
-6.793348336301340495e+00,-6.793348336301340495e+00
-4.265451303083381163e+00,-4.265451303083381163e+00
-1.701988329143514500e+00,-1.701988329143514500e+00
-6.470339712676098642e+00,-6.470339712676098642e+00
-3.883231503999030387e+00,-3.883231503999030387e+00
-5.527186507933439685e+00,-5.527186507933439685e+00
1.149767720459694331e+00,1.149767720459694331e+00
-1.607066112402078417e+00,-1.607066112402078417e+00
-2.387109290281026475e+00,-2.387109290281026475e+00
-2.355173629228664467e+00,-2.355173629228664467e+00
-3.848440000510189751e+00,-3.848440000510189751e+00
-5.040289553526294597e+00,-5.040289553526294597e+00
-3.727419028692493974e+00,-3.727419028692493974e+00
-3.482551352780329790e+00,-3.482551352780329790e+00
-1.076909729005701255e+00,-1.076909729005701255e+00
-1.795036090325698996e+00,-1.795036090325698996e+00
-2.511812387713609152e+00,-2.511812387713609152e+00
-1.881873531494445473e+00,-1.881873531494445473e+00
-2.871287892594428293e+00,-2.871287892594428293e+00
-8.364280118867902791e-01,-8.364280118867902791e-01
-5.427539922213073353e+00,-5.427539922213073353e+00
-2.448920005112153575e+00,-2.448920005112153575e+00
-6.350216426585693519e+00,-6.350216426585693519e+00
-5.848615505598750985e+00,-5.848615505598750985e+00
-2.639194669734188370e+00,-2.639194669734188370e+00
-3.235386963764958157e+00,-3.235386963764958157e+00
-3.992201841627561087e+00,-3.992201841627561087e+00
-5.137720623036041268e+00,-5.137720623036041268e+00
-3.365769176234059135e+00,-3.365769176234059135e+00
-2.118199110748258729e+00,-2.118199110748258729e+00
-5.540401188399468602e+00,-5.540401188399468602e+00
-2.554417673035910497e+00,-2.554417673035910497e+00
-1.960807141224057748e+00,-1.960807141224057748e+00
-2.114342077834745481e+00,-2.114342077834745481e+00
-5.053784606833052528e+00,-5.053784606833052528e+00
-1.013760918995689986e+00,-1.013760918995689986e+00
-4.417488550433721350e+00,-4.417488550433721350e+00
-3.618783122907897720e+00,-3.618783122907897720e+00
-2.557427309868174348e+00,-2.557427309868174348e+00
3.392490165701187443e-01,3.392490165701187443e-01
-2.182905015094416257e+00,-2.182905015094416257e+00
-6.018975693273677763e+00,-6.018975693273677763e+00
-4.034418703239477821e+00,-4.034418703239477821e+00
-3.929407013141646754e+00,-3.929407013141646754e+00
-5.427271958242193328e+00,-5.427271958242193328e+00
-5.498760120337518043e-01,-5.498760120337518043e-01
-3.310341423570998476e+00,-3.310341423570998476e+00
-5.951234182049415011e+00,-5.951234182049415011e+00
-1.041292535905506966e+00,-1.041292535905506966e+00
-5.356409737214248956e+00,-5.356409737214248956e+00
-3.581716171215160394e+00,-3.581716171215160394e+00
-3.298260892370573849e+00,-3.298260892370573849e+00
-8.685695047954202774e-01,-8.685695047954202774e-01
-2.406034763497449713e+00,-2.406034763497449713e+00
-5.240441936210027407e+00,-5.240441936210027407e+00
-4.141348426231775903e+00,-4.141348426231775903e+00
-2.010295258010480701e+00,-2.010295258010480701e+00
-3.873446767902934518e+00,-3.873446767902934518e+00
-2.729213316936507372e+00,-2.729213316936507372e+00
-2.448129405937485181e+00,-2.448129405937485181e+00
-3.665376228763205013e+00,-3.665376228763205013e+00
-4.323095408724225486e+00,-4.323095408724225486e+00
-1.404442069454376885e+00,-1.404442069454376885e+00
-3.902866330378846449e+00,-3.902866330378846449e+00
-5.375709483878807760e+00,-5.375709483878807760e+00
-5.162427485188004539e+00,-5.162427485188004539e+00
-1.679530673597189327e+00,-1.679530673597189327e+00
-1.183867011670761471e+00,-1.183867011670761471e+00
-5.685086852795279810e+00,-5.685086852795279810e+00
-4.937428450292157933e+00,-4.937428450292157933e+00
-3.132857537280894000e+00,-3.132857537280894000e+00
-2.514386375759101178e+00,-2.514386375759101178e+00
-4.680148119895796377e+00,-4.680148119895796377e+00
-3.115541688852700108e+00,-3.115541688852700108e+00
-5.844666930144318151e+00,-5.844666930144318151e+00
-1.421313576938035395e+00,-1.421313576938035395e+00
-4.159135440259861483e+00,-4.159135440259861483e+00
6.803817876757543015e-01,6.803817876757543015e-01
-1.414289381538481383e+00,-1.414289381538481383e+00
-3.033453903449152111e+00,-3.033453903449152111e+00
-1.653539256185420747e+00,-1.653539256185420747e+00
-1.789177478664465859e+00,-1.789177478664465859e+00
-4.720066646529156529e+00,-4.720066646529156529e+00
-4.201659054069922128e+00,-4.201659054069922128e+00
-3.243648446562662713e+00,-3.243648446562662713e+00
-2.013352323358389206e+00,-2.013352323358389206e+00
-4.884028654331147301e+00,-4.884028654331147301e+00
-2.515122753403532307e+00,-2.515122753403532307e+00
-3.446106193623250658e+00,-3.446106193623250658e+00
-3.597737323693799727e+00,-3.597737323693799727e+00
-5.397999600178596147e+00,-5.397999600178596147e+00
-3.493577278946539799e+00,-3.493577278946539799e+00
-5.803150141647207327e+00,-5.803150141647207327e+00
-2.227894060073163374e+00,-2.227894060073163374e+00
-2.656754744925384770e+00,-2.656754744925384770e+00
-2.843297102956641176e+00,-2.843297102956641176e+00
-3.323847549739921137e-01,-3.323847549739921137e-01
4.592212653493330521e-01,4.592212653493330521e-01
-1.685891001666012023e+00,-1.685891001666012023e+00
-5.021709654791373545e+00,-5.021709654791373545e+00
-2.213784092033314277e+00,-2.213784092033314277e+00
-3.616824817479483478e+00,-3.616824817479483478e+00
-3.319377288021189809e+00,-3.319377288021189809e+00
-1.292076128392708689e+00,-1.292076128392708689e+00
-3.451930000376478791e+00,-3.451930000376478791e+00
-3.927466419822839505e+00,-3.927466419822839505e+00
-4.826792665872154942e+00,-4.826792665872154942e+00
-1.584879650536743734e+00,-1.584879650536743734e+00
-4.749310855685143551e+00,-4.749310855685143551e+00
-6.252716728365143695e+00,-6.252716728365143695e+00
-3.456220143456986360e+00,-3.456220143456986360e+00
-2.412414427156850394e+00,-2.412414427156850394e+00
-3.229228649767346582e+00,-3.229228649767346582e+00
-3.012835715981736939e+00,-3.012835715981736939e+00
-3.065474884152013857e+00,-3.065474884152013857e+00
-4.612872300777707268e-01,-4.612872300777707268e-01
-2.287396301220135264e+00,-2.287396301220135264e+00
-4.651400164397836434e+00,-4.651400164397836434e+00
-4.138220496591149988e+00,-4.138220496591149988e+00
-5.038987106255680359e+00,-5.038987106255680359e+00
-3.453723601207419946e+00,-3.453723601207419946e+00
-4.512772281585311518e+00,-4.512772281585311518e+00
-2.528187917268495788e+00,-2.528187917268495788e+00
-1.487118326158121118e+00,-1.487118326158121118e+00
-4.801561885163929233e+00,-4.801561885163929233e+00
-1.648850757764280361e+00,-1.648850757764280361e+00
-3.216061384548777990e+00,-3.216061384548777990e+00
-9.994299989769415138e-01,-9.994299989769415138e-01
-1.072881724226543154e+00,-1.072881724226543154e+00
-2.732527870473220766e+00,-2.732527870473220766e+00
-3.748102912001036735e+00,-3.748102912001036735e+00
-4.991153604532331478e+00,-4.991153604532331478e+00
-2.719530391694908733e+00,-2.719530391694908733e+00
-5.841830170501594921e+00,-5.841830170501594921e+00
-3.819987202968685214e+00,-3.819987202968685214e+00
-2.621897219488483977e+00,-2.621897219488483977e+00
-3.040543120537164246e+00,-3.040543120537164246e+00
-5.071648221656102073e+00,-5.071648221656102073e+00
-4.584169048166340410e+00,-4.584169048166340410e+00
-9.589279770914300727e-01,-9.589279770914300727e-01
-3.459707733239525851e+00,-3.459707733239525851e+00
-7.121524212766336959e+00,-7.121524212766336959e+00
-1.318491979019948690e-01,-1.318491979019948690e-01
-3.179177325565782031e+00,-3.179177325565782031e+00
-2.238165682901350984e+00,-2.238165682901350984e+00
-1.285145098872023661e+00,-1.285145098872023661e+00
-1.119233194884503568e+00,-1.119233194884503568e+00
-5.167165013285858421e+00,-5.167165013285858421e+00
-3.979856205950135895e+00,-3.979856205950135895e+00
-2.273484704759564767e+00,-2.273484704759564767e+00
-1.551321826555381866e+00,-1.551321826555381866e+00
-2.667672271311248178e+00,-2.667672271311248178e+00
-9.142748331520103022e-01,-9.142748331520103022e-01
-2.884616495109175727e+00,-2.884616495109175727e+00
-1.010911483529375321e+00,-1.010911483529375321e+00
-2.361247363319793902e+00,-2.361247363319793902e+00
-1.584717344917942139e+00,-1.584717344917942139e+00
-2.298773600604574696e+00,-2.298773600604574696e+00
-3.475747299492472298e+00,-3.475747299492472298e+00
-5.115307035327034235e+00,-5.115307035327034235e+00
-4.117588994112757028e+00,-4.117588994112757028e+00
-4.633143100695520822e+00,-4.633143100695520822e+00
-3.580020304091808825e+00,-3.580020304091808825e+00
-5.311608794543752232e+00,-5.311608794543752232e+00
-5.413248653694345158e+00,-5.413248653694345158e+00
-1.866063905532778344e+00,-1.866063905532778344e+00
-1.776675565258638789e+00,-1.776675565258638789e+00
-2.656429496087594710e+00,-2.656429496087594710e+00
-4.970894593740287082e-01,-4.970894593740287082e-01
-3.437271180250751179e+00,-3.437271180250751179e+00
-7.056152096694479070e+00,-7.056152096694479070e+00
-8.200962075792293859e+00,-8.200962075792293859e+00
-3.111142823116410661e+00,-3.111142823116410661e+00
-1.314185193852735578e+00,-1.314185193852735578e+00
-2.681804057903491856e+00,-2.681804057903491856e+00
-2.188843749689317608e+00,-2.188843749689317608e+00
-4.417797989178808393e+00,-4.417797989178808393e+00
-4.305527361203038694e+00,-4.305527361203038694e+00
-3.137733435421598660e+00,-3.137733435421598660e+00
-5.880475223586325129e+00,-5.880475223586325129e+00
-2.411320897799481777e+00,-2.411320897799481777e+00
-2.991296455226566398e+00,-2.991296455226566398e+00
-8.191603051133747870e-01,-8.191603051133747870e-01
-2.846077368764062587e+00,-2.846077368764062587e+00
-1.223814779485070225e+00,-1.223814779485070225e+00
-5.441588136087051275e+00,-5.441588136087051275e+00
-3.945017823017299197e+00,-3.945017823017299197e+00
-1.453208744384166362e+00,-1.453208744384166362e+00
-2.026833486816876029e+00,-2.026833486816876029e+00
-2.511091835702516484e+00,-2.511091835702516484e+00
-4.523005578114199565e+00,-4.523005578114199565e+00
-1.846885794393794633e+00,-1.846885794393794633e+00
-4.121714193253028569e+00,-4.121714193253028569e+00
-3.694589919754619256e+00,-3.694589919754619256e+00
-1.164113118050014606e+00,-1.164113118050014606e+00
-3.294074726735305436e+00,-3.294074726735305436e+00
-2.713336008046453252e+00,-2.713336008046453252e+00
-2.686491673521535617e+00,-2.686491673521535617e+00
-7.295277875559803782e+00,-7.295277875559803782e+00
-5.144884819571642787e+00,-5.144884819571642787e+00
-2.303032925772455553e+00,-2.303032925772455553e+00
1.567862929364089997e+00,1.567862929364089997e+00
-3.499965978570372283e+00,-3.499965978570372283e+00
-4.693020045789341843e+00,-4.693020045789341843e+00
-1.877236725197581002e+00,-1.877236725197581002e+00
-6.675698944327465689e+00,-6.675698944327465689e+00
4.341897436366627394e-01,4.341897436366627394e-01
-2.206192656295786758e+00,-2.206192656295786758e+00
-6.365191737078228496e-01,-6.365191737078228496e-01
-3.447550558132819187e+00,-3.447550558132819187e+00
-3.060199192808551683e+00,-3.060199192808551683e+00
-3.150200398830977466e+00,-3.150200398830977466e+00
2.743321508434593881e+00,2.743321508434593881e+00
-7.093995342678596217e-01,-7.093995342678596217e-01
-4.131594853479068519e+00,-4.131594853479068519e+00
-2.711780247638479580e+00,-2.711780247638479580e+00
-4.534925236774622892e-02,-4.534925236774622892e-02
-5.408005382702326003e+00,-5.408005382702326003e+00
-1.316171929626831272e+00,-1.316171929626831272e+00
-1.910623949140178635e+00,-1.910623949140178635e+00
-2.328696200980259423e+00,-2.328696200980259423e+00
-2.419589737503040627e+00,-2.419589737503040627e+00
-3.686482003409770503e+00,-3.686482003409770503e+00
-3.844176377135681832e+00,-3.844176377135681832e+00
-1.618504392804234193e+00,-1.618504392804234193e+00
-2.806538955961343618e+00,-2.806538955961343618e+00
-6.054263465329251304e+00,-6.054263465329251304e+00
-7.152711774965030855e+00,-7.152711774965030855e+00
-4.704902900591082293e+00,-4.704902900591082293e+00
-3.195650964632735569e+00,-3.195650964632735569e+00
-1.210960362667343748e+00,-1.210960362667343748e+00
-2.999810100873233853e+00,-2.999810100873233853e+00
-1.840374744713830779e+00,-1.840374744713830779e+00
-3.045775728367121182e+00,-3.045775728367121182e+00
-3.239357938594761066e+00,-3.239357938594761066e+00
1.877124387989496102e-01,1.877124387989496102e-01
-1.698780998236559592e+00,-1.698780998236559592e+00
-2.005307748436451210e+00,-2.005307748436451210e+00
-2.146635670714762689e+00,-2.146635670714762689e+00
-5.883728432808893238e+00,-5.883728432808893238e+00
-2.266621746107007507e+00,-2.266621746107007507e+00
-3.599216982588953506e+00,-3.599216982588953506e+00
-2.149759115159496137e+00,-2.149759115159496137e+00
-4.887243287918942691e+00,-4.887243287918942691e+00
-1.529112892905953647e+00,-1.529112892905953647e+00
-2.898619439544751319e+00,-2.898619439544751319e+00
-2.478460490274552175e+00,-2.478460490274552175e+00
-3.304349359766430183e+00,-3.304349359766430183e+00
-4.983516871987418106e+00,-4.983516871987418106e+00
-1.526804557630381476e+00,-1.526804557630381476e+00
2.122037590709466848e+00,2.122037590709466848e+00
-6.150799015703197981e+00,-6.150799015703197981e+00
-6.546064721609143433e+00,-6.546064721609143433e+00
-4.687039816959067906e+00,-4.687039816959067906e+00
-2.963141537300374662e+00,-2.963141537300374662e+00
8.893353989861190190e-01,8.893353989861190190e-01
-7.741671028219483830e+00,-7.741671028219483830e+00
-2.591995829974887311e+00,-2.591995829974887311e+00
-3.855801990709350591e+00,-3.855801990709350591e+00
-4.882726605946616338e+00,-4.882726605946616338e+00
-5.036431377807130794e+00,-5.036431377807130794e+00
-1.877050633914518984e+00,-1.877050633914518984e+00
-2.684910785728991556e+00,-2.684910785728991556e+00
-5.374646007223910615e+00,-5.374646007223910615e+00
-2.190107765067258683e+00,-2.190107765067258683e+00
-4.274028620926122457e+00,-4.274028620926122457e+00
3.947484236623352016e-01,3.947484236623352016e-01
-4.716450276218287385e+00,-4.716450276218287385e+00
-2.846383498334203566e+00,-2.846383498334203566e+00
-2.390398434352670076e+00,-2.390398434352670076e+00
3.452543584973255530e-01,3.452543584973255530e-01
-2.382628086221270536e+00,-2.382628086221270536e+00
-4.237979180126417944e+00,-4.237979180126417944e+00
-2.843181811642565560e+00,-2.843181811642565560e+00
-8.346471308240953846e+00,-8.346471308240953846e+00
-5.042348896836385208e+00,-5.042348896836385208e+00
-7.569752302009062905e-01,-7.569752302009062905e-01
-4.140602072605846118e+00,-4.140602072605846118e+00
-4.561055494366491381e+00,-4.561055494366491381e+00
-6.784770849633044776e+00,-6.784770849633044776e+00
-5.037291412411738278e+00,-5.037291412411738278e+00
-7.484479584037309507e+00,-7.484479584037309507e+00
-3.643971702410251812e+00,-3.643971702410251812e+00
-2.051939240484183635e+00,-2.051939240484183635e+00
-4.758714421569492536e+00,-4.758714421569492536e+00
-5.349509714695090068e+00,-5.349509714695090068e+00
-5.435369252501303983e+00,-5.435369252501303983e+00
-1.684863121099320349e+00,-1.684863121099320349e+00
-4.845998191664593335e-01,-4.845998191664593335e-01
-2.291125932621944639e+00,-2.291125932621944639e+00
-4.271368727908952501e+00,-4.271368727908952501e+00
-3.813887204103385997e+00,-3.813887204103385997e+00
-1.992867769584156346e+00,-1.992867769584156346e+00
-4.601442082443097270e+00,-4.601442082443097270e+00
-2.272542762944809169e+00,-2.272542762944809169e+00
-3.920764167842063053e+00,-3.920764167842063053e+00
-3.360933851008004236e+00,-3.360933851008004236e+00
-6.962183298880574078e+00,-6.962183298880574078e+00
-4.011545078419425536e+00,-4.011545078419425536e+00
-6.531328637275866988e+00,-6.531328637275866988e+00
-5.441969836839247066e+00,-5.441969836839247066e+00
-2.737192138358371718e+00,-2.737192138358371718e+00
-9.635619306492773095e-01,-9.635619306492773095e-01
-2.351300364296343037e+00,-2.351300364296343037e+00
-2.090579969107490221e+00,-2.090579969107490221e+00
-3.170719864441639668e+00,-3.170719864441639668e+00
-2.095081754571756161e+00,-2.095081754571756161e+00
-3.412026832190829584e+00,-3.412026832190829584e+00
-1.922840970681565897e+00,-1.922840970681565897e+00
-5.203960399108618518e+00,-5.203960399108618518e+00
-2.017152113795914747e+00,-2.017152113795914747e+00
-3.856017219698452347e+00,-3.856017219698452347e+00
-3.082974190838880801e+00,-3.082974190838880801e+00
-2.788266607801636709e+00,-2.788266607801636709e+00
-2.831166846720461372e+00,-2.831166846720461372e+00
-2.394709389811645384e+00,-2.394709389811645384e+00
-3.844138631985688725e+00,-3.844138631985688725e+00
-1.102501848954595687e+00,-1.102501848954595687e+00
-1.428137406022223832e+00,-1.428137406022223832e+00
-2.333152210213768285e+00,-2.333152210213768285e+00
-2.623522026362960169e+00,-2.623522026362960169e+00
-2.600995426940576838e+00,-2.600995426940576838e+00
-4.130891949379524419e+00,-4.130891949379524419e+00
-3.835385963890219685e+00,-3.835385963890219685e+00
-2.782141772938623081e+00,-2.782141772938623081e+00
-2.378125889948988547e+00,-2.378125889948988547e+00
-4.520078339835848169e+00,-4.520078339835848169e+00
-2.197169208564949905e+00,-2.197169208564949905e+00
-4.203996044905736973e+00,-4.203996044905736973e+00
-3.917216702498593328e+00,-3.917216702498593328e+00
-7.274273911569395512e-01,-7.274273911569395512e-01
-3.227615704789456252e+00,-3.227615704789456252e+00
-4.767937558849527413e+00,-4.767937558849527413e+00
-3.240643290006588462e+00,-3.240643290006588462e+00
-1.896202489151585624e+00,-1.896202489151585624e+00
-4.246405220496210831e+00,-4.246405220496210831e+00
-2.622577311154225654e+00,-2.622577311154225654e+00
-4.413559490673294228e+00,-4.413559490673294228e+00
-5.207535713219461293e+00,-5.207535713219461293e+00
-4.779324942385644315e-01,-4.779324942385644315e-01
-1.869483929919016463e+00,-1.869483929919016463e+00
-5.605445067259954506e+00,-5.605445067259954506e+00
-2.388669179022330447e+00,-2.388669179022330447e+00
-2.675449376559304593e+00,-2.675449376559304593e+00
-1.770505425026263735e+00,-1.770505425026263735e+00
-2.033688591765208109e+00,-2.033688591765208109e+00
-4.775922205950386967e+00,-4.775922205950386967e+00
-4.203694612054494684e+00,-4.203694612054494684e+00
-3.769782531516474577e+00,-3.769782531516474577e+00
-1.698848303815562844e+00,-1.698848303815562844e+00
-6.307411144430810523e+00,-6.307411144430810523e+00
6.303289046954430042e-01,6.303289046954430042e-01
-3.254071663277159576e+00,-3.254071663277159576e+00
-3.279870738007808484e+00,-3.279870738007808484e+00
-2.860302397675733577e+00,-2.860302397675733577e+00
-4.648815556372818847e+00,-4.648815556372818847e+00
-3.461395958008810503e-01,-3.461395958008810503e-01
-4.326059766054001443e+00,-4.326059766054001443e+00
-2.278932309269862344e+00,-2.278932309269862344e+00
-3.572582318388513922e+00,-3.572582318388513922e+00
-3.072034240130099736e+00,-3.072034240130099736e+00
-3.941082683695049216e+00,-3.941082683695049216e+00
1.607077836402610371e+00,1.607077836402610371e+00
-2.646320322862530716e+00,-2.646320322862530716e+00
-4.929717789257546556e+00,-4.929717789257546556e+00
-1.980220222695166843e+00,-1.980220222695166843e+00
-2.983560571006020901e-01,-2.983560571006020901e-01
-3.085024399697375408e+00,-3.085024399697375408e+00
-3.968582692742387508e+00,-3.968582692742387508e+00
-3.657857807749369528e+00,-3.657857807749369528e+00
-1.325257673682663562e+00,-1.325257673682663562e+00
-3.579044550501788269e+00,-3.579044550501788269e+00
-1.735928810450045434e+00,-1.735928810450045434e+00
-4.204698535252745728e+00,-4.204698535252745728e+00
-6.040289749693154242e+00,-6.040289749693154242e+00
-4.471179952531787904e+00,-4.471179952531787904e+00
-2.705364103430978329e+00,-2.705364103430978329e+00
-4.545268637544237933e+00,-4.545268637544237933e+00
-5.175523537797769968e+00,-5.175523537797769968e+00
-4.405312274438454523e+00,-4.405312274438454523e+00
-4.212743874818432488e+00,-4.212743874818432488e+00
-9.214463415145854874e-01,-9.214463415145854874e-01
-5.246214508678866295e+00,-5.246214508678866295e+00
-7.376945733992404719e+00,-7.376945733992404719e+00
-3.383464278562985150e+00,-3.383464278562985150e+00
-4.508038763925696912e+00,-4.508038763925696912e+00
-2.758293957432373489e+00,-2.758293957432373489e+00
-4.215945133879281492e+00,-4.215945133879281492e+00
-6.724655604602556291e-01,-6.724655604602556291e-01
-4.878156139196156538e+00,-4.878156139196156538e+00
-4.865507317835883860e+00,-4.865507317835883860e+00
-2.970775121349334746e+00,-2.970775121349334746e+00
-2.860734249773816185e+00,-2.860734249773816185e+00
-6.385880465165350017e+00,-6.385880465165350017e+00
-2.252769938270891004e+00,-2.252769938270891004e+00
-3.946349450871363906e+00,-3.946349450871363906e+00
-5.736120702101120017e+00,-5.736120702101120017e+00
-1.155688864428563667e+00,-1.155688864428563667e+00
-3.649337333592778343e+00,-3.649337333592778343e+00
-2.275450936035831706e+00,-2.275450936035831706e+00
-1.389555087802152311e+00,-1.389555087802152311e+00
-4.511336639542445681e+00,-4.511336639542445681e+00
-3.510470855248698729e+00,-3.510470855248698729e+00
-1.751676236526972907e+00,-1.751676236526972907e+00
-3.450849787142399983e+00,-3.450849787142399983e+00
-3.178467230568086777e+00,-3.178467230568086777e+00
-4.654647817851309100e+00,-4.654647817851309100e+00
-5.640492013503767055e+00,-5.640492013503767055e+00
-4.175938346369709286e+00,-4.175938346369709286e+00
-4.987962304849030915e+00,-4.987962304849030915e+00
-1.320693601694224117e+00,-1.320693601694224117e+00
-2.472356369425073641e+00,-2.472356369425073641e+00
-5.490915284918103545e+00,-5.490915284918103545e+00
-4.700899230990866151e+00,-4.700899230990866151e+00
-3.111604402220782273e+00,-3.111604402220782273e+00
-4.057685156543519689e+00,-4.057685156543519689e+00
4.264490470824287005e-01,4.264490470824287005e-01
-2.995031500856986995e+00,-2.995031500856986995e+00
-3.173313259999739788e+00,-3.173313259999739788e+00
-4.773802622850213062e+00,-4.773802622850213062e+00
-1.750963354305435704e+00,-1.750963354305435704e+00
-5.883409604932490211e+00,-5.883409604932490211e+00
-1.662301290572389290e+00,-1.662301290572389290e+00
-5.287824612808536884e+00,-5.287824612808536884e+00
-1.107703393268507641e+00,-1.107703393268507641e+00
-3.634948749528565948e+00,-3.634948749528565948e+00
-2.692443088992074074e+00,-2.692443088992074074e+00
-3.325328118614453654e+00,-3.325328118614453654e+00
-4.777107442381177904e+00,-4.777107442381177904e+00
-4.207475930566372924e+00,-4.207475930566372924e+00
-2.720055676944858725e+00,-2.720055676944858725e+00
-2.917499564181828653e+00,-2.917499564181828653e+00
-1.620082881479816272e+00,-1.620082881479816272e+00
-3.316026706102915167e+00,-3.316026706102915167e+00
-4.058992340366711638e+00,-4.058992340366711638e+00
-8.832093823158282397e-01,-8.832093823158282397e-01
-6.758094021986069677e-01,-6.758094021986069677e-01
-3.321453226678564796e+00,-3.321453226678564796e+00
-1.908736866976865842e+00,-1.908736866976865842e+00
-2.964696717823326111e+00,-2.964696717823326111e+00
-1.229325670440891916e+00,-1.229325670440891916e+00
-4.732240712236857050e+00,-4.732240712236857050e+00
-5.398354758688391541e+00,-5.398354758688391541e+00
-5.586674592307218745e+00,-5.586674592307218745e+00
-8.344602355697241514e-01,-8.344602355697241514e-01
-3.001922121035645041e+00,-3.001922121035645041e+00
-2.725357360266967621e+00,-2.725357360266967621e+00
-1.823720752417890445e+00,-1.823720752417890445e+00
-2.828229583694572113e+00,-2.828229583694572113e+00
-2.844878135667038954e+00,-2.844878135667038954e+00
-2.027299856852280868e+00,-2.027299856852280868e+00
-1.915083692042414576e+00,-1.915083692042414576e+00
-3.689778562409967932e+00,-3.689778562409967932e+00
-2.706431490836818554e+00,-2.706431490836818554e+00
1.591964547051752943e+00,1.591964547051752943e+00
-2.158014237331983942e+00,-2.158014237331983942e+00
2.257247350575517508e+00,2.257247350575517508e+00
-4.241709767353735394e+00,-4.241709767353735394e+00
-5.495876020272352669e+00,-5.495876020272352669e+00
-2.509457847431712629e+00,-2.509457847431712629e+00
-5.148024490090263861e+00,-5.148024490090263861e+00
-3.149110286241628920e+00,-3.149110286241628920e+00
-7.198962697376087849e-01,-7.198962697376087849e-01
-1.426937207493952586e+00,-1.426937207493952586e+00
-2.817207563278703475e+00,-2.817207563278703475e+00
-6.536747240314178420e+00,-6.536747240314178420e+00
-2.101402265779810818e+00,-2.101402265779810818e+00
-3.854514217997867309e+00,-3.854514217997867309e+00
-1.781879712179397002e+00,-1.781879712179397002e+00
-2.170699611928684991e+00,-2.170699611928684991e+00
-3.732714030344869371e+00,-3.732714030344869371e+00
-4.849654647164083343e+00,-4.849654647164083343e+00
-1.102286291245736294e+00,-1.102286291245736294e+00
-6.059970961129740097e+00,-6.059970961129740097e+00
-2.836013870571424622e+00,-2.836013870571424622e+00
-4.912226744476060780e+00,-4.912226744476060780e+00
-5.088708974708935351e+00,-5.088708974708935351e+00
-6.267994005110818279e+00,-6.267994005110818279e+00
-2.683543635137167538e+00,-2.683543635137167538e+00
-6.506171345082051971e+00,-6.506171345082051971e+00
-5.214104028065955632e+00,-5.214104028065955632e+00
-5.171847454242608499e+00,-5.171847454242608499e+00
-2.398705676314553337e+00,-2.398705676314553337e+00
-3.953471218047351243e+00,-3.953471218047351243e+00
-4.929892822654170503e-01,-4.929892822654170503e-01
-5.113732284971834297e+00,-5.113732284971834297e+00
-4.980517997984977185e+00,-4.980517997984977185e+00
-2.876491829051648352e+00,-2.876491829051648352e+00
-3.142093256412018754e+00,-3.142093256412018754e+00
-3.728689283368447072e+00,-3.728689283368447072e+00
-3.626165518555780842e+00,-3.626165518555780842e+00
-2.385014268961611172e+00,-2.385014268961611172e+00
-1.960491499534222415e+00,-1.960491499534222415e+00
-4.126349229845345690e+00,-4.126349229845345690e+00
-2.828806155659973953e+00,-2.828806155659973953e+00
-2.644343339474158228e+00,-2.644343339474158228e+00
-3.958820129716068781e+00,-3.958820129716068781e+00
-5.051581739937610394e+00,-5.051581739937610394e+00
-5.315261308083695013e+00,-5.315261308083695013e+00
-7.965786087747757982e+00,-7.965786087747757982e+00
-6.907831661696259840e-01,-6.907831661696259840e-01
-3.365813967611907209e+00,-3.365813967611907209e+00
-6.429266490253004562e+00,-6.429266490253004562e+00
-2.792943499813351327e+00,-2.792943499813351327e+00
-2.338005321279331916e+00,-2.338005321279331916e+00
-8.888801333624744005e-01,-8.888801333624744005e-01
-2.272536551998880938e+00,-2.272536551998880938e+00
-5.117859301387047921e+00,-5.117859301387047921e+00
-3.464405618974507384e+00,-3.464405618974507384e+00
-3.403335267858895730e+00,-3.403335267858895730e+00
-7.754303632482340003e-01,-7.754303632482340003e-01
-3.004237607064959903e+00,-3.004237607064959903e+00
-5.248748871943477168e-01,-5.248748871943477168e-01
-3.891895152078854281e+00,-3.891895152078854281e+00
-5.348046901981204471e+00,-5.348046901981204471e+00
-4.415553517235833780e+00,-4.415553517235833780e+00
-4.126922970822747949e+00,-4.126922970822747949e+00
-4.154641512179853891e+00,-4.154641512179853891e+00
-2.151597406671160950e+00,-2.151597406671160950e+00
-2.841015389406853053e+00,-2.841015389406853053e+00
-3.890235504356149843e+00,-3.890235504356149843e+00
-2.103763155669369223e+00,-2.103763155669369223e+00
-1.254291929786759408e+00,-1.254291929786759408e+00
-2.867806839625250070e+00,-2.867806839625250070e+00
-3.980163311481467403e+00,-3.980163311481467403e+00
-3.975222189387776162e+00,-3.975222189387776162e+00
-4.491747640601679414e+00,-4.491747640601679414e+00
7.776782961209446343e-01,7.776782961209446343e-01
-4.308286080806894347e+00,-4.308286080806894347e+00
-5.181654798622612468e+00,-5.181654798622612468e+00
-4.728447097182920444e+00,-4.728447097182920444e+00
-5.655337632239676449e-01,-5.655337632239676449e-01
-2.205807926596245583e+00,-2.205807926596245583e+00
-6.274104295804715514e-01,-6.274104295804715514e-01
-4.932070365285745606e-01,-4.932070365285745606e-01
-3.332877412607433865e+00,-3.332877412607433865e+00
-1.851855882524089392e-02,-1.851855882524089392e-02
-2.660685844939046696e+00,-2.660685844939046696e+00
-1.105367209077958046e+00,-1.105367209077958046e+00
-5.081699486055629045e+00,-5.081699486055629045e+00
-1.209532374196983451e+00,-1.209532374196983451e+00
-5.285520564918132713e+00,-5.285520564918132713e+00
-2.907894907822841102e+00,-2.907894907822841102e+00
-1.070754989476396801e-02,-1.070754989476396801e-02
-5.316873346868010941e+00,-5.316873346868010941e+00
-1.227073008799483445e+00,-1.227073008799483445e+00
-3.891883680187206984e+00,-3.891883680187206984e+00
-3.106472355785984352e+00,-3.106472355785984352e+00
-4.070365853271765033e+00,-4.070365853271765033e+00
-3.583933741207738777e+00,-3.583933741207738777e+00
-2.713330919210888315e+00,-2.713330919210888315e+00
-1.792144123118375454e-01,-1.792144123118375454e-01
-4.341114528353172020e+00,-4.341114528353172020e+00
-2.231072634818703548e+00,-2.231072634818703548e+00
-4.521047176076994134e+00,-4.521047176076994134e+00
-4.578881186289977201e+00,-4.578881186289977201e+00
-3.335582607489448459e-01,-3.335582607489448459e-01
-3.136468379405144447e+00,-3.136468379405144447e+00
-9.290659448400317988e-02,-9.290659448400317988e-02
-3.781351591382723143e+00,-3.781351591382723143e+00
-2.939672208802207809e+00,-2.939672208802207809e+00
-2.238255166884628444e-01,-2.238255166884628444e-01
-5.524838793568944695e+00,-5.524838793568944695e+00
-5.982595582641291543e+00,-5.982595582641291543e+00
-2.798554887862202190e+00,-2.798554887862202190e+00
-3.723643832854905078e+00,-3.723643832854905078e+00
-1.799145601622440527e-01,-1.799145601622440527e-01
-3.421173014488165354e+00,-3.421173014488165354e+00
-1.962665460783123539e+00,-1.962665460783123539e+00
-1.063271715233141013e+00,-1.063271715233141013e+00
-1.006063308609560281e+01,-1.006063308609560281e+01
5.274767435798015658e-01,5.274767435798015658e-01
-5.137344583800008913e+00,-5.137344583800008913e+00
2.650653773410475145e-01,2.650653773410475145e-01
-2.243602998148861438e+00,-2.243602998148861438e+00
-3.261128019021460656e+00,-3.261128019021460656e+00
1.785819472990544110e+00,1.785819472990544110e+00
-4.113209752332911862e+00,-4.113209752332911862e+00
-1.359085216408095320e+00,-1.359085216408095320e+00
-1.623575473224139198e+00,-1.623575473224139198e+00
-2.911117526403693034e+00,-2.911117526403693034e+00
-3.509252768876326201e+00,-3.509252768876326201e+00
-3.854845852530673689e+00,-3.854845852530673689e+00
-9.422643885885135795e-01,-9.422643885885135795e-01
-2.925978877799384925e+00,-2.925978877799384925e+00
-4.448627023727049767e-01,-4.448627023727049767e-01
-5.649372171402337273e+00,-5.649372171402337273e+00
-4.928016996093088631e-01,-4.928016996093088631e-01
-1.368138137595485748e+00,-1.368138137595485748e+00
-1.242096719822880946e+00,-1.242096719822880946e+00
-3.895807854379777169e+00,-3.895807854379777169e+00
-6.960114801335019585e+00,-6.960114801335019585e+00
-4.382796961717465578e+00,-4.382796961717465578e+00
-1.007322842058362866e+00,-1.007322842058362866e+00
-4.177998976038789891e+00,-4.177998976038789891e+00
-2.130627023461478808e-02,-2.130627023461478808e-02
-2.015096022543773291e+00,-2.015096022543773291e+00
-6.412084293846200822e+00,-6.412084293846200822e+00
-1.775192212573870165e+00,-1.775192212573870165e+00
-4.233487880967936157e+00,-4.233487880967936157e+00
-2.394622036313140967e+00,-2.394622036313140967e+00
1.239610066145040157e-01,1.239610066145040157e-01
-5.437505664662356075e+00,-5.437505664662356075e+00
-3.238539727240861144e+00,-3.238539727240861144e+00
-6.328892284865894169e+00,-6.328892284865894169e+00
-4.624078897058736537e-02,-4.624078897058736537e-02
-7.172236896352004898e+00,-7.172236896352004898e+00
-6.175593598566051945e+00,-6.175593598566051945e+00
-1.004300480513515836e+00,-1.004300480513515836e+00
-4.630843782094082428e+00,-4.630843782094082428e+00
-3.315206181436470168e+00,-3.315206181436470168e+00
-4.462534968118130330e+00,-4.462534968118130330e+00
-6.289551632326467745e-01,-6.289551632326467745e-01
-2.470293241407562235e+00,-2.470293241407562235e+00
-2.528272891507235887e+00,-2.528272891507235887e+00
-5.766962251215249857e+00,-5.766962251215249857e+00
-2.943266808236111309e-01,-2.943266808236111309e-01
-2.832104387436050530e+00,-2.832104387436050530e+00
-3.185840557248777571e+00,-3.185840557248777571e+00
-5.345025811118125247e+00,-5.345025811118125247e+00
-2.167492338361160620e+00,-2.167492338361160620e+00
-4.918795974069299248e+00,-4.918795974069299248e+00
-2.080911211618089673e+00,-2.080911211618089673e+00
-5.646587316195880391e+00,-5.646587316195880391e+00
-6.390198756373835387e+00,-6.390198756373835387e+00
-2.832859496983440639e+00,-2.832859496983440639e+00
3.388915834344862210e-01,3.388915834344862210e-01
-7.248367771945495086e+00,-7.248367771945495086e+00
-3.640082857885607037e+00,-3.640082857885607037e+00
-2.114468973250642203e-01,-2.114468973250642203e-01
-3.429162630491517483e+00,-3.429162630491517483e+00
-1.035775193822379592e+00,-1.035775193822379592e+00
-1.522890952722128377e+00,-1.522890952722128377e+00
-5.709864815388673520e+00,-5.709864815388673520e+00
-2.103531399624560816e+00,-2.103531399624560816e+00
-1.129309403852810201e+00,-1.129309403852810201e+00
-5.407413830227468132e+00,-5.407413830227468132e+00
-1.129976747744931620e+00,-1.129976747744931620e+00
-1.002712516854241009e+00,-1.002712516854241009e+00
-2.437159835713414768e+00,-2.437159835713414768e+00
-1.159216220885563420e+00,-1.159216220885563420e+00
-3.540306537117436925e+00,-3.540306537117436925e+00
-4.318118765969582107e+00,-4.318118765969582107e+00
-3.045444407537099885e+00,-3.045444407537099885e+00
-3.851990475876415410e+00,-3.851990475876415410e+00
-4.255367619167210513e+00,-4.255367619167210513e+00
-4.147244316127120634e+00,-4.147244316127120634e+00
-2.882792951834736161e+00,-2.882792951834736161e+00
-3.745055359234910508e+00,-3.745055359234910508e+00
-3.440308977442857241e+00,-3.440308977442857241e+00
-6.106996509674043061e+00,-6.106996509674043061e+00
-5.038042679533681678e+00,-5.038042679533681678e+00
-3.112224703542788795e+00,-3.112224703542788795e+00
-4.608532196618578602e+00,-4.608532196618578602e+00
-2.604754310523679894e+00,-2.604754310523679894e+00
-3.411542260062395027e+00,-3.411542260062395027e+00
-2.559931620772953664e+00,-2.559931620772953664e+00
-4.506083874418897572e+00,-4.506083874418897572e+00
-1.570196814626987902e-01,-1.570196814626987902e-01
-3.871065726049244926e+00,-3.871065726049244926e+00
-4.063163260432807178e+00,-4.063163260432807178e+00
-1.513424322249949938e+00,-1.513424322249949938e+00
-1.194332157587760568e+00,-1.194332157587760568e+00
-2.305098807247597748e+00,-2.305098807247597748e+00
-4.613142570271980603e+00,-4.613142570271980603e+00
-2.401817349280245928e+00,-2.401817349280245928e+00
-3.644006334503266054e+00,-3.644006334503266054e+00
-3.442282877514049488e+00,-3.442282877514049488e+00
-9.133954436425368861e-01,-9.133954436425368861e-01
-3.745008972149969750e+00,-3.745008972149969750e+00
-4.669577182208936250e+00,-4.669577182208936250e+00
-2.493709061732823695e+00,-2.493709061732823695e+00
-3.639438422511866555e+00,-3.639438422511866555e+00
-4.560143306044614597e+00,-4.560143306044614597e+00
-4.953946544005736641e+00,-4.953946544005736641e+00
-2.444874764176406590e+00,-2.444874764176406590e+00
-3.592457912441670675e+00,-3.592457912441670675e+00
-4.366809428492179457e+00,-4.366809428492179457e+00
-4.951736012174266399e+00,-4.951736012174266399e+00
-1.618104397197305921e+00,-1.618104397197305921e+00
9.757056118853046911e-01,9.757056118853046911e-01
-2.089338620077241693e+00,-2.089338620077241693e+00
-4.683937806605150023e+00,-4.683937806605150023e+00
-4.857579139904220078e+00,-4.857579139904220078e+00
-7.193188100230535120e+00,-7.193188100230535120e+00
-1.617379142825524863e+00,-1.617379142825524863e+00
-4.965704836497077501e+00,-4.965704836497077501e+00
-8.674380199550281167e-01,-8.674380199550281167e-01
-6.976366187080976111e+00,-6.976366187080976111e+00
-4.320402705876821514e+00,-4.320402705876821514e+00
-2.785020148045739052e+00,-2.785020148045739052e+00
-4.361841505190668045e+00,-4.361841505190668045e+00
-3.972162345757975110e+00,-3.972162345757975110e+00
1.396963405367333211e+00,1.396963405367333211e+00
-5.400951092474057802e-01,-5.400951092474057802e-01
-1.917423839391019902e+00,-1.917423839391019902e+00
-3.490736167851971494e+00,-3.490736167851971494e+00
8.816320007535998204e-01,8.816320007535998204e-01
-2.014155551059265470e+00,-2.014155551059265470e+00
-2.744553703913544140e+00,-2.744553703913544140e+00
-3.848169328422852420e+00,-3.848169328422852420e+00
-2.780363691672852688e+00,-2.780363691672852688e+00
-4.805103997473392674e+00,-4.805103997473392674e+00
-1.705298273191992120e+00,-1.705298273191992120e+00
-3.168820704130304478e+00,-3.168820704130304478e+00
-1.998558617726887476e+00,-1.998558617726887476e+00
-4.102486281222118336e+00,-4.102486281222118336e+00
-3.283258712476596841e+00,-3.283258712476596841e+00
-6.140557688200435571e+00,-6.140557688200435571e+00
-4.840886210091110975e+00,-4.840886210091110975e+00
-2.348960827156497011e+00,-2.348960827156497011e+00
-3.614215190981353132e+00,-3.614215190981353132e+00
-2.548865639495848434e+00,-2.548865639495848434e+00
-2.561165015116773969e+00,-2.561165015116773969e+00
-7.188527051310729554e+00,-7.188527051310729554e+00
-5.129955906009864286e+00,-5.129955906009864286e+00
-2.131414819877911704e+00,-2.131414819877911704e+00
-2.838136439423172064e+00,-2.838136439423172064e+00
-6.817205974456063799e+00,-6.817205974456063799e+00
-4.040000855744994568e-01,-4.040000855744994568e-01
-4.655789158692194007e+00,-4.655789158692194007e+00
-2.811629938540579410e+00,-2.811629938540579410e+00
-5.110847711952340333e+00,-5.110847711952340333e+00
-3.995859187095048615e+00,-3.995859187095048615e+00
-5.405269321403019411e+00,-5.405269321403019411e+00
-4.098675549474818602e+00,-4.098675549474818602e+00
-5.004572931847055983e+00,-5.004572931847055983e+00
-2.811776930264752394e+00,-2.811776930264752394e+00
-4.440235605427667487e+00,-4.440235605427667487e+00
-4.803688496617205317e+00,-4.803688496617205317e+00
-2.855071550587278129e+00,-2.855071550587278129e+00
2.552371104457896722e-01,2.552371104457896722e-01
-1.225451510331466709e+00,-1.225451510331466709e+00
-4.069374571180971678e+00,-4.069374571180971678e+00
-4.457838361129041083e+00,-4.457838361129041083e+00
-6.307198765242157279e+00,-6.307198765242157279e+00
-2.344569550040764838e+00,-2.344569550040764838e+00
-4.254158295717844207e-01,-4.254158295717844207e-01
-2.591657850815550113e+00,-2.591657850815550113e+00
-4.341787932257339833e+00,-4.341787932257339833e+00
-3.261847573185882698e+00,-3.261847573185882698e+00
-2.706279904087175670e+00,-2.706279904087175670e+00
-2.106302600061614960e+00,-2.106302600061614960e+00
-1.868455631287082364e+00,-1.868455631287082364e+00
-6.917639665480486144e+00,-6.917639665480486144e+00
-2.696271543489313416e+00,-2.696271543489313416e+00
-7.143306916206564772e+00,-7.143306916206564772e+00
-1.787394267398002778e+00,-1.787394267398002778e+00
-1.009700813600774350e+00,-1.009700813600774350e+00
-6.880565683083700534e+00,-6.880565683083700534e+00
1.637228872530193113e+00,1.637228872530193113e+00
-2.109754635428674252e+00,-2.109754635428674252e+00
-3.118987236504960681e+00,-3.118987236504960681e+00
-2.442099459684900165e+00,-2.442099459684900165e+00
-1.090681939411015433e+00,-1.090681939411015433e+00
-3.971042319340904569e+00,-3.971042319340904569e+00
-1.804441580320795158e+00,-1.804441580320795158e+00
-3.698355167356791373e+00,-3.698355167356791373e+00
-3.221141461892921054e+00,-3.221141461892921054e+00
-4.786542667469974255e+00,-4.786542667469974255e+00
-2.556989862218429277e+00,-2.556989862218429277e+00
-5.056749810636032016e+00,-5.056749810636032016e+00
2.795194669811479349e-01,2.795194669811479349e-01
-2.491304961710928634e+00,-2.491304961710928634e+00
-9.020175822552804590e+00,-9.020175822552804590e+00
-1.946199228402875292e+00,-1.946199228402875292e+00
-7.203128262264321791e+00,-7.203128262264321791e+00
-7.497305226559080715e+00,-7.497305226559080715e+00
-3.292896320098053664e+00,-3.292896320098053664e+00
-2.620574856074569858e+00,-2.620574856074569858e+00
-2.333593219726699086e+00,-2.333593219726699086e+00
-4.328252234062617276e+00,-4.328252234062617276e+00
-3.541328943063343004e+00,-3.541328943063343004e+00
-3.325488151019107885e+00,-3.325488151019107885e+00
-2.735800738360175899e+00,-2.735800738360175899e+00
-5.612002651462788982e+00,-5.612002651462788982e+00
-5.561056266629349487e-02,-5.561056266629349487e-02
-5.188086446519621475e+00,-5.188086446519621475e+00
-1.878443501879267341e+00,-1.878443501879267341e+00
7.651575972936995873e-01,7.651575972936995873e-01
-3.044720649602756346e+00,-3.044720649602756346e+00
-1.519237138403910947e+00,-1.519237138403910947e+00
-2.790022566674442039e+00,-2.790022566674442039e+00
-8.469904916131497430e+00,-8.469904916131497430e+00
-3.947945580224252904e+00,-3.947945580224252904e+00
-7.245332566025444621e+00,-7.245332566025444621e+00
-5.039156162082471191e+00,-5.039156162082471191e+00
-6.929808680553187772e-01,-6.929808680553187772e-01
-4.145394328932844097e+00,-4.145394328932844097e+00
-4.258982489475434896e+00,-4.258982489475434896e+00
-5.333289393881518237e+00,-5.333289393881518237e+00
-3.813838223227712820e+00,-3.813838223227712820e+00
-4.090873626596133406e+00,-4.090873626596133406e+00
-2.108472135641700884e+00,-2.108472135641700884e+00
-3.189443710975083057e+00,-3.189443710975083057e+00
-6.802066609184382884e+00,-6.802066609184382884e+00
-3.840334728032580358e+00,-3.840334728032580358e+00
-5.611018553692663779e+00,-5.611018553692663779e+00
-4.934234018277379619e+00,-4.934234018277379619e+00
-3.020392405115148282e+00,-3.020392405115148282e+00
-3.864164165542648188e+00,-3.864164165542648188e+00
-3.217259603378622934e+00,-3.217259603378622934e+00
-2.364693910683283828e+00,-2.364693910683283828e+00
-1.856431518408216963e+00,-1.856431518408216963e+00
-5.902802711242493672e+00,-5.902802711242493672e+00
-3.309583054636321187e+00,-3.309583054636321187e+00
-1.027289780060161029e+00,-1.027289780060161029e+00
-5.030639855698141316e-01,-5.030639855698141316e-01
-7.564455544173974921e+00,-7.564455544173974921e+00
-4.187597552590119676e+00,-4.187597552590119676e+00
-5.191916562753992714e+00,-5.191916562753992714e+00
-5.339940597406560130e+00,-5.339940597406560130e+00
-1.200868727294893912e+00,-1.200868727294893912e+00
-4.196086086808524129e+00,-4.196086086808524129e+00
-1.820699132334403281e+00,-1.820699132334403281e+00
-2.268195883277386748e+00,-2.268195883277386748e+00
-2.186737326838458451e+00,-2.186737326838458451e+00
-5.155932901800794887e+00,-5.155932901800794887e+00
-5.979709795016250773e+00,-5.979709795016250773e+00
-1.061896949312544969e+00,-1.061896949312544969e+00
-7.331110396199131962e+00,-7.331110396199131962e+00
-2.411762790599405015e+00,-2.411762790599405015e+00
3.902622697563240539e-01,3.902622697563240539e-01
-4.268885464888867887e+00,-4.268885464888867887e+00
-2.367805659095179482e+00,-2.367805659095179482e+00
-3.979105113867442700e+00,-3.979105113867442700e+00
-5.091064060343193809e+00,-5.091064060343193809e+00
-3.697131401774349513e+00,-3.697131401774349513e+00
-4.641518995582087470e+00,-4.641518995582087470e+00
-2.347445767164209052e+00,-2.347445767164209052e+00
-1.438656210289348980e+00,-1.438656210289348980e+00
-6.244884892660986786e+00,-6.244884892660986786e+00
-1.636681182162664561e+00,-1.636681182162664561e+00
-3.267456358415859352e+00,-3.267456358415859352e+00
-2.759131153078103083e+00,-2.759131153078103083e+00
-6.017859930805755653e+00,-6.017859930805755653e+00
-3.250099060125460682e+00,-3.250099060125460682e+00
-1.462790925292231758e+00,-1.462790925292231758e+00
-4.840661028455483184e+00,-4.840661028455483184e+00
-3.366207587193122297e+00,-3.366207587193122297e+00
-3.219606190700076809e+00,-3.219606190700076809e+00
-3.769888598616666364e+00,-3.769888598616666364e+00
-4.220449930671949623e+00,-4.220449930671949623e+00
-4.669069953532243744e+00,-4.669069953532243744e+00
-2.639140237296658142e+00,-2.639140237296658142e+00
-4.271044532409415950e+00,-4.271044532409415950e+00
-2.143890776686808053e+00,-2.143890776686808053e+00
-9.751757066445518873e-01,-9.751757066445518873e-01
-3.405246489486287054e+00,-3.405246489486287054e+00
-6.045770247206143644e+00,-6.045770247206143644e+00
-4.687799205329170604e+00,-4.687799205329170604e+00
-1.813588063571230702e+00,-1.813588063571230702e+00
-1.790125182486301370e+00,-1.790125182486301370e+00
-2.937908247498317138e+00,-2.937908247498317138e+00
-3.716546065146149491e+00,-3.716546065146149491e+00
-4.906129728519946553e+00,-4.906129728519946553e+00
-3.307932831244832173e+00,-3.307932831244832173e+00
-5.050524695978221068e+00,-5.050524695978221068e+00
-3.291986221955384373e+00,-3.291986221955384373e+00
-3.512278712468830832e+00,-3.512278712468830832e+00
-7.742636633385884259e-01,-7.742636633385884259e-01
-2.232823230826379568e+00,-2.232823230826379568e+00
-3.528977959679181708e+00,-3.528977959679181708e+00
-1.552980632814973339e+00,-1.552980632814973339e+00
3.056522671320464069e-01,3.056522671320464069e-01
-3.967465644873516606e+00,-3.967465644873516606e+00
-4.266382599786871843e+00,-4.266382599786871843e+00
-9.263910590023638481e-02,-9.263910590023638481e-02
-4.244487236016253995e+00,-4.244487236016253995e+00
