6.214658390574456098e-02,6.214658390574456098e-02
6.655247538342336233e-02,6.655247538342336233e-02
7.229601665673598965e-02,7.229601665673598965e-02
7.454633334551129253e-02,7.454633334551129253e-02
5.178956142653950295e-02,5.178956142653950295e-02
6.253856732888739278e-02,6.253856732888739278e-02
6.301337569743338529e-02,6.301337569743338529e-02
8.075952628309560066e-02,8.075952628309560066e-02
6.333931469872511322e-02,6.333931469872511322e-02
6.758323887146784614e-02,6.758323887146784614e-02
6.781922482549763986e-02,6.781922482549763986e-02
6.258459446229054646e-02,6.258459446229054646e-02
6.616040952569929301e-02,6.616040952569929301e-02
5.282256848582833619e-02,5.282256848582833619e-02
5.700539338274901446e-02,5.700539338274901446e-02
5.988844553955235267e-02,5.988844553955235267e-02
7.874815088947442754e-02,7.874815088947442754e-02
6.511992307497485588e-02,6.511992307497485588e-02
8.664018049878116634e-02,8.664018049878116634e-02
6.541085358965929852e-02,6.541085358965929852e-02
1.040839767238519314e-01,1.040839767238519314e-01
6.960667429767393444e-02,6.960667429767393444e-02
6.673376840092684614e-02,6.673376840092684614e-02
7.553794218856621501e-02,7.553794218856621501e-02
5.553606696588623409e-02,5.553606696588623409e-02
5.602830265360392303e-02,5.602830265360392303e-02
7.505308354827497364e-02,7.505308354827497364e-02
8.486746396796385206e-02,8.486746396796385206e-02
5.986669339434928100e-02,5.986669339434928100e-02
5.781291524623548284e-02,5.781291524623548284e-02
6.572544164832549995e-02,6.572544164832549995e-02
5.482588699270785071e-02,5.482588699270785071e-02
5.598464906954456199e-02,5.598464906954456199e-02
7.329355016408840851e-02,7.329355016408840851e-02
7.421429608854211712e-02,7.421429608854211712e-02
7.979156085930882991e-02,7.979156085930882991e-02
6.779154896879639736e-02,6.779154896879639736e-02
6.491502870318519025e-02,6.491502870318519025e-02
6.454398735420968647e-02,6.454398735420968647e-02
5.713963974687796821e-02,5.713963974687796821e-02
7.730370268780156762e-02,7.730370268780156762e-02
5.561424458411284161e-02,5.561424458411284161e-02
5.707168160668928819e-02,5.707168160668928819e-02
6.794414720362632054e-02,6.794414720362632054e-02
7.707161909993213988e-02,7.707161909993213988e-02
6.991077346420161709e-02,6.991077346420161709e-02
6.221942260576840411e-02,6.221942260576840411e-02
7.123723877964202589e-02,7.123723877964202589e-02
7.295454786682034620e-02,7.295454786682034620e-02
5.436577783770459027e-02,5.436577783770459027e-02
7.327564211140469297e-02,7.327564211140469297e-02
7.701645594027581310e-02,7.701645594027581310e-02
6.663936236060476193e-02,6.663936236060476193e-02
7.035126148593943973e-02,7.035126148593943973e-02
6.069409369325848291e-02,6.069409369325848291e-02
6.941679628428286397e-02,6.941679628428286397e-02
6.812708038108897246e-02,6.812708038108897246e-02
6.714206275246920042e-02,6.714206275246920042e-02
6.348806543988244622e-02,6.348806543988244622e-02
5.838119135141485450e-02,5.838119135141485450e-02
7.155953144309919189e-02,7.155953144309919189e-02
6.329566075924977775e-02,6.329566075924977775e-02
7.070660010732386647e-02,7.070660010732386647e-02
7.163142190386233288e-02,7.163142190386233288e-02
5.621916750909432964e-02,5.621916750909432964e-02
7.148571827665743672e-02,7.148571827665743672e-02
6.018678669252645191e-02,6.018678669252645191e-02
8.239622375840577329e-02,8.239622375840577329e-02
6.814116262505540145e-02,6.814116262505540145e-02
7.037315150407305597e-02,7.037315150407305597e-02
5.944628597929928204e-02,5.944628597929928204e-02
6.120717071888524125e-02,6.120717071888524125e-02
7.093615000749381450e-02,7.093615000749381450e-02
5.966219102877808739e-02,5.966219102877808739e-02
7.103099798670284293e-02,7.103099798670284293e-02
5.863853247737017826e-02,5.863853247737017826e-02
8.275206356652820006e-02,8.275206356652820006e-02
6.852014991549085221e-02,6.852014991549085221e-02
5.314908788055744404e-02,5.314908788055744404e-02
6.396552846234161704e-02,6.396552846234161704e-02
7.011323126390775484e-02,7.011323126390775484e-02
5.007102308904304300e-02,5.007102308904304300e-02
8.063458510315413275e-02,8.063458510315413275e-02
7.572232948977072886e-02,7.572232948977072886e-02
5.447404718335291385e-02,5.447404718335291385e-02
6.650716306982204507e-02,6.650716306982204507e-02
4.429150757692777718e-02,4.429150757692777718e-02
7.120392975648484613e-02,7.120392975648484613e-02
8.340997354427122368e-02,8.340997354427122368e-02
6.432820057374485923e-02,6.432820057374485923e-02
6.635419089724539643e-02,6.635419089724539643e-02
6.956147365224177315e-02,6.956147365224177315e-02
8.342716972675132125e-02,8.342716972675132125e-02
6.366812239486105418e-02,6.366812239486105418e-02
6.608515276352622259e-02,6.608515276352622259e-02
4.687766563743253623e-02,4.687766563743253623e-02
7.750491428774848590e-02,7.750491428774848590e-02
6.660631222353423364e-02,6.660631222353423364e-02
7.466053805781548702e-02,7.466053805781548702e-02
7.247156859752720837e-02,7.247156859752720837e-02
7.792796768273588248e-02,7.792796768273588248e-02
8.845392616767550065e-02,8.845392616767550065e-02
7.950959375585220368e-02,7.950959375585220368e-02
6.378775279941970022e-02,6.378775279941970022e-02
5.619314170895264166e-02,5.619314170895264166e-02
6.193363392582240667e-02,6.193363392582240667e-02
5.470307719390337525e-02,5.470307719390337525e-02
7.075299080222878512e-02,7.075299080222878512e-02
6.450206105180056326e-02,6.450206105180056326e-02
7.535062986132669283e-02,7.535062986132669283e-02
7.881658130800567319e-02,7.881658130800567319e-02
8.630118716415600966e-02,8.630118716415600966e-02
5.828864507871900358e-02,5.828864507871900358e-02
7.361800705647600362e-02,7.361800705647600362e-02
6.260273223065254689e-02,6.260273223065254689e-02
4.892911931455751900e-02,4.892911931455751900e-02
6.516017710196839174e-02,6.516017710196839174e-02
5.481112875732371131e-02,5.481112875732371131e-02
6.856920067873037428e-02,6.856920067873037428e-02
6.014298609009444130e-02,6.014298609009444130e-02
8.474307769882505337e-02,8.474307769882505337e-02
8.140233364992249809e-02,8.140233364992249809e-02
6.689397855742224008e-02,6.689397855742224008e-02
7.714117037380104069e-02,7.714117037380104069e-02
8.318903139372735289e-02,8.318903139372735289e-02
6.054749905657702547e-02,6.054749905657702547e-02
6.742967079908082639e-02,6.742967079908082639e-02
5.260938008355656864e-02,5.260938008355656864e-02
5.545551714741740745e-02,5.545551714741740745e-02
6.214315864270543444e-02,6.214315864270543444e-02
6.837902917412852499e-02,6.837902917412852499e-02
8.894121244371575030e-02,8.894121244371575030e-02
6.762849712821852877e-02,6.762849712821852877e-02
7.795005539361021807e-02,7.795005539361021807e-02
7.345758101029359333e-02,7.345758101029359333e-02
8.050425622870044373e-02,8.050425622870044373e-02
7.758919491798293988e-02,7.758919491798293988e-02
6.766727745629813606e-02,6.766727745629813606e-02
8.192770961137318952e-02,8.192770961137318952e-02
4.673299929227982263e-02,4.673299929227982263e-02
7.984695811306886937e-02,7.984695811306886937e-02
6.586335769594377221e-02,6.586335769594377221e-02
7.722828471937695505e-02,7.722828471937695505e-02
8.400652828541976813e-02,8.400652828541976813e-02
6.861193807587157023e-02,6.861193807587157023e-02
6.267749976987405103e-02,6.267749976987405103e-02
6.441750170693111288e-02,6.441750170693111288e-02
7.107716852795445406e-02,7.107716852795445406e-02
6.619183647983942209e-02,6.619183647983942209e-02
7.780100039977433379e-02,7.780100039977433379e-02
5.046861854586570661e-02,5.046861854586570661e-02
6.749902640023069944e-02,6.749902640023069944e-02
7.638478864931598500e-02,7.638478864931598500e-02
6.334832567035561524e-02,6.334832567035561524e-02
7.525215501449389333e-02,7.525215501449389333e-02
5.784884148946052573e-02,5.784884148946052573e-02
7.163946569047381641e-02,7.163946569047381641e-02
7.509852614379008973e-02,7.509852614379008973e-02
4.514054687044433828e-02,4.514054687044433828e-02
6.718491817907146224e-02,6.718491817907146224e-02
7.943376904082252721e-02,7.943376904082252721e-02
6.496481842654358574e-02,6.496481842654358574e-02
5.079441208434155863e-02,5.079441208434155863e-02
8.428074782885097704e-02,8.428074782885097704e-02
8.333128130594025240e-02,8.333128130594025240e-02
9.592392782637333692e-02,9.592392782637333692e-02
5.890418661416962215e-02,5.890418661416962215e-02
5.846495606318871663e-02,5.846495606318871663e-02
6.962101792078892459e-02,6.962101792078892459e-02
7.327686040683734081e-02,7.327686040683734081e-02
8.120458410276093497e-02,8.120458410276093497e-02
6.933802466047582491e-02,6.933802466047582491e-02
5.281528661826005028e-02,5.281528661826005028e-02
6.697195026049539146e-02,6.697195026049539146e-02
6.522424453645930820e-02,6.522424453645930820e-02
8.721821189459724732e-02,8.721821189459724732e-02
6.952075767246269911e-02,6.952075767246269911e-02
6.218496647480352413e-02,6.218496647480352413e-02
6.746278457961796260e-02,6.746278457961796260e-02
6.579384065502852375e-02,6.579384065502852375e-02
7.723858404988545590e-02,7.723858404988545590e-02
6.579844878504795269e-02,6.579844878504795269e-02
7.593441411912801864e-02,7.593441411912801864e-02
6.443267254913626063e-02,6.443267254913626063e-02
6.342644288737084302e-02,6.342644288737084302e-02
6.024291857539433581e-02,6.024291857539433581e-02
6.727136406159384130e-02,6.727136406159384130e-02
7.692679416976638818e-02,7.692679416976638818e-02
8.155370554249705140e-02,8.155370554249705140e-02
7.910927880921479749e-02,7.910927880921479749e-02
7.461324456854120935e-02,7.461324456854120935e-02
5.958455130680841150e-02,5.958455130680841150e-02
8.284488549482782460e-02,8.284488549482782460e-02
7.572572231082463912e-02,7.572572231082463912e-02
8.221450893225959455e-02,8.221450893225959455e-02
6.061524960654362387e-02,6.061524960654362387e-02
6.931999336487557062e-02,6.931999336487557062e-02
6.510371883006768612e-02,6.510371883006768612e-02
6.069970343556330833e-02,6.069970343556330833e-02
5.722296609636603332e-02,5.722296609636603332e-02
5.149476141980229016e-02,5.149476141980229016e-02
7.566394126670689113e-02,7.566394126670689113e-02
6.175954771372904606e-02,6.175954771372904606e-02
8.935988991538998394e-02,8.935988991538998394e-02
5.062289953712138801e-02,5.062289953712138801e-02
6.048989584404917963e-02,6.048989584404917963e-02
7.251060806799959624e-02,7.251060806799959624e-02
8.004972592020642708e-02,8.004972592020642708e-02
8.469148256317630963e-02,8.469148256317630963e-02
9.008061921550755691e-02,9.008061921550755691e-02
7.061316176830728653e-02,7.061316176830728653e-02
6.177296771347077359e-02,6.177296771347077359e-02
8.002690010715360347e-02,8.002690010715360347e-02
6.703238552096882352e-02,6.703238552096882352e-02
5.463689199789833334e-02,5.463689199789833334e-02
3.657787463325647137e-02,3.657787463325647137e-02
7.002357525326988186e-02,7.002357525326988186e-02
6.787974050131684312e-02,6.787974050131684312e-02
6.904534832151847101e-02,6.904534832151847101e-02
6.913897946154318186e-02,6.913897946154318186e-02
5.381058818856104126e-02,5.381058818856104126e-02
6.233887032378448295e-02,6.233887032378448295e-02
1.000847635682687586e-01,1.000847635682687586e-01
6.373989690023712518e-02,6.373989690023712518e-02
6.105619336074322862e-02,6.105619336074322862e-02
6.760326495604813968e-02,6.760326495604813968e-02
6.695087966379309474e-02,6.695087966379309474e-02
8.084204189831997733e-02,8.084204189831997733e-02
7.989323115289873045e-02,7.989323115289873045e-02
7.941378494592368775e-02,7.941378494592368775e-02
8.108596872811796308e-02,8.108596872811796308e-02
8.440782755348147370e-02,8.440782755348147370e-02
7.107066230341144153e-02,7.107066230341144153e-02
6.637980568463253128e-02,6.637980568463253128e-02
8.604121580460011298e-02,8.604121580460011298e-02
6.698538430763811835e-02,6.698538430763811835e-02
7.800557677374755916e-02,7.800557677374755916e-02
4.789571093670863533e-02,4.789571093670863533e-02
5.430826292392994248e-02,5.430826292392994248e-02
7.221950740896657117e-02,7.221950740896657117e-02
7.393795642312329941e-02,7.393795642312329941e-02
5.461889337551562029e-02,5.461889337551562029e-02
6.799191606062943150e-02,6.799191606062943150e-02
9.713266579779616938e-02,9.713266579779616938e-02
6.142678169769043295e-02,6.142678169769043295e-02
6.007065979832947045e-02,6.007065979832947045e-02
6.980930034432028530e-02,6.980930034432028530e-02
7.785467735694365232e-02,7.785467735694365232e-02
6.475256122863284891e-02,6.475256122863284891e-02
7.671801791631423229e-02,7.671801791631423229e-02
5.577970530364703000e-02,5.577970530364703000e-02
7.296035967643901832e-02,7.296035967643901832e-02
8.845352893449676124e-02,8.845352893449676124e-02
7.285016755290897594e-02,7.285016755290897594e-02
7.667008569438243937e-02,7.667008569438243937e-02
5.539209555873561563e-02,5.539209555873561563e-02
5.499539585440180872e-02,5.499539585440180872e-02
5.062581169219403099e-02,5.062581169219403099e-02
8.149147854739255403e-02,8.149147854739255403e-02
6.248475764761092510e-02,6.248475764761092510e-02
6.831368786251067193e-02,6.831368786251067193e-02
5.763145428831702860e-02,5.763145428831702860e-02
7.994415578947575152e-02,7.994415578947575152e-02
6.357965578753924096e-02,6.357965578753924096e-02
5.755812048442854323e-02,5.755812048442854323e-02
7.850268574190530368e-02,7.850268574190530368e-02
7.351670085239936370e-02,7.351670085239936370e-02
8.898950818409745445e-02,8.898950818409745445e-02
5.493446110824803247e-02,5.493446110824803247e-02
7.133501379908586959e-02,7.133501379908586959e-02
9.846040795262918366e-02,9.846040795262918366e-02
6.121835333381012156e-02,6.121835333381012156e-02
7.153465919378464155e-02,7.153465919378464155e-02
6.131512922680867894e-02,6.131512922680867894e-02
6.969376415325319318e-02,6.969376415325319318e-02
7.866400418362007319e-02,7.866400418362007319e-02
7.443362285998390837e-02,7.443362285998390837e-02
8.544087616231316185e-02,8.544087616231316185e-02
7.918366508003379933e-02,7.918366508003379933e-02
6.591376094643573713e-02,6.591376094643573713e-02
6.353843302840316010e-02,6.353843302840316010e-02
5.855370249868564053e-02,5.855370249868564053e-02
8.904546802735677224e-02,8.904546802735677224e-02
6.523902568703629501e-02,6.523902568703629501e-02
9.125550896006898172e-02,9.125550896006898172e-02
5.901299134705068755e-02,5.901299134705068755e-02
9.085995959503656572e-02,9.085995959503656572e-02
5.938194420380485394e-02,5.938194420380485394e-02
6.356731764832404541e-02,6.356731764832404541e-02
8.319187219764558050e-02,8.319187219764558050e-02
5.295007362425059594e-02,5.295007362425059594e-02
7.514894008388409152e-02,7.514894008388409152e-02
7.568928017274566267e-02,7.568928017274566267e-02
8.989832738149419744e-02,8.989832738149419744e-02
7.473550159913674995e-02,7.473550159913674995e-02
7.534547649956796489e-02,7.534547649956796489e-02
7.700430509832731363e-02,7.700430509832731363e-02
6.662617317260516314e-02,6.662617317260516314e-02
9.636529502641580369e-02,9.636529502641580369e-02
7.538732784679963439e-02,7.538732784679963439e-02
6.349871609583740417e-02,6.349871609583740417e-02
9.465728902854859961e-02,9.465728902854859961e-02
6.720019435131814600e-02,6.720019435131814600e-02
7.613095164851829688e-02,7.613095164851829688e-02
8.024476741603911445e-02,8.024476741603911445e-02
5.926116996337418841e-02,5.926116996337418841e-02
5.986179212132139438e-02,5.986179212132139438e-02
7.745887163985024082e-02,7.745887163985024082e-02
5.130914722717674903e-02,5.130914722717674903e-02
6.777914016806836639e-02,6.777914016806836639e-02
6.861398643261006070e-02,6.861398643261006070e-02
5.089642356824436442e-02,5.089642356824436442e-02
6.458316051703993921e-02,6.458316051703993921e-02
7.120330013218335863e-02,7.120330013218335863e-02
5.901996350782804518e-02,5.901996350782804518e-02
7.198374706481613927e-02,7.198374706481613927e-02
7.960954275471396335e-02,7.960954275471396335e-02
5.091097928220202767e-02,5.091097928220202767e-02
7.243095065710181135e-02,7.243095065710181135e-02
8.640570352012225119e-02,8.640570352012225119e-02
6.466474011596694271e-02,6.466474011596694271e-02
6.024302131398299315e-02,6.024302131398299315e-02
5.286858644056224160e-02,5.286858644056224160e-02
6.593375536128948111e-02,6.593375536128948111e-02
7.606237413953387261e-02,7.606237413953387261e-02
6.801928530436107678e-02,6.801928530436107678e-02
6.177692265128376103e-02,6.177692265128376103e-02
6.462829244807283269e-02,6.462829244807283269e-02
6.106387188467597704e-02,6.106387188467597704e-02
8.159498816124532983e-02,8.159498816124532983e-02
6.069187276086677324e-02,6.069187276086677324e-02
6.256858995515385269e-02,6.256858995515385269e-02
5.672348644672449425e-02,5.672348644672449425e-02
7.256458055835909859e-02,7.256458055835909859e-02
6.888809047193925061e-02,6.888809047193925061e-02
6.487174621707383904e-02,6.487174621707383904e-02
8.523829341994476616e-02,8.523829341994476616e-02
5.508990267559417398e-02,5.508990267559417398e-02
5.869453722175468902e-02,5.869453722175468902e-02
7.390836987621124399e-02,7.390836987621124399e-02
5.883381344717447670e-02,5.883381344717447670e-02
4.891127441992852709e-02,4.891127441992852709e-02
5.941186061902840182e-02,5.941186061902840182e-02
8.590857317073484489e-02,8.590857317073484489e-02
6.989189191126388145e-02,6.989189191126388145e-02
6.983811645707391214e-02,6.983811645707391214e-02
6.534568684695490903e-02,6.534568684695490903e-02
6.191322627919618182e-02,6.191322627919618182e-02
9.158759238708739925e-02,9.158759238708739925e-02
7.134014124312096361e-02,7.134014124312096361e-02
5.649390843023954778e-02,5.649390843023954778e-02
8.066392717134657220e-02,8.066392717134657220e-02
7.825313648720605419e-02,7.825313648720605419e-02
7.007753736212557483e-02,7.007753736212557483e-02
6.684659189694398818e-02,6.684659189694398818e-02
5.909581228440961148e-02,5.909581228440961148e-02
6.552050088255734206e-02,6.552050088255734206e-02
7.820390923590095356e-02,7.820390923590095356e-02
5.944173713732222447e-02,5.944173713732222447e-02
7.771399452697869137e-02,7.771399452697869137e-02
7.019553816927999457e-02,7.019553816927999457e-02
7.504877028130009509e-02,7.504877028130009509e-02
6.180679750464145028e-02,6.180679750464145028e-02
7.350586445964699123e-02,7.350586445964699123e-02
8.256344541459337272e-02,8.256344541459337272e-02
7.230464908167202887e-02,7.230464908167202887e-02
6.563193335787076421e-02,6.563193335787076421e-02
5.936955952372996448e-02,5.936955952372996448e-02
6.308643271303518429e-02,6.308643271303518429e-02
5.293227908437850293e-02,5.293227908437850293e-02
6.272764950853591814e-02,6.272764950853591814e-02
6.972186226608817483e-02,6.972186226608817483e-02
6.275501127813311320e-02,6.275501127813311320e-02
8.056143630108308917e-02,8.056143630108308917e-02
4.274213429376189782e-02,4.274213429376189782e-02
7.909665342003147082e-02,7.909665342003147082e-02
7.808154118005769528e-02,7.808154118005769528e-02
6.561987334517091486e-02,6.561987334517091486e-02
6.632823676394480894e-02,6.632823676394480894e-02
7.597778620697125118e-02,7.597778620697125118e-02
6.031666609233771181e-02,6.031666609233771181e-02
5.564134449788354919e-02,5.564134449788354919e-02
8.341967527253899006e-02,8.341967527253899006e-02
6.038148012228509998e-02,6.038148012228509998e-02
7.342591182324650911e-02,7.342591182324650911e-02
7.532824680759020453e-02,7.532824680759020453e-02
7.031306289822647493e-02,7.031306289822647493e-02
5.556140194127488774e-02,5.556140194127488774e-02
7.475366570094807428e-02,7.475366570094807428e-02
6.663522090634896311e-02,6.663522090634896311e-02
7.967648013566756837e-02,7.967648013566756837e-02
7.737410853558412960e-02,7.737410853558412960e-02
6.863490643688119341e-02,6.863490643688119341e-02
4.940206898788675888e-02,4.940206898788675888e-02
5.838832424218089179e-02,5.838832424218089179e-02
8.147594224421519926e-02,8.147594224421519926e-02
7.110527928631699135e-02,7.110527928631699135e-02
8.889655003353523488e-02,8.889655003353523488e-02
4.252976697105530224e-02,4.252976697105530224e-02
8.122693613948472890e-02,8.122693613948472890e-02
7.022480923811832976e-02,7.022480923811832976e-02
6.186994005030542476e-02,6.186994005030542476e-02
7.491993710591804412e-02,7.491993710591804412e-02
7.212168826989723280e-02,7.212168826989723280e-02
5.920323672727304670e-02,5.920323672727304670e-02
6.750363691922908749e-02,6.750363691922908749e-02
8.273082870379359910e-02,8.273082870379359910e-02
7.857268888692722775e-02,7.857268888692722775e-02
7.158536461150062646e-02,7.158536461150062646e-02
7.833171088796231363e-02,7.833171088796231363e-02
6.230395928141518186e-02,6.230395928141518186e-02
6.345014949683165650e-02,6.345014949683165650e-02
9.407959122298191479e-02,9.407959122298191479e-02
6.796717361599763363e-02,6.796717361599763363e-02
7.645995287235191062e-02,7.645995287235191062e-02
6.792611821647939752e-02,6.792611821647939752e-02
7.711803854187093688e-02,7.711803854187093688e-02
8.034248344895270066e-02,8.034248344895270066e-02
7.632732223479768430e-02,7.632732223479768430e-02
8.989679548653893570e-02,8.989679548653893570e-02
7.932914955810632662e-02,7.932914955810632662e-02
7.936228780961332441e-02,7.936228780961332441e-02
6.532412061747663867e-02,6.532412061747663867e-02
6.457459761359718442e-02,6.457459761359718442e-02
6.672811700613617836e-02,6.672811700613617836e-02
8.021970948667533907e-02,8.021970948667533907e-02
4.559108949935761906e-02,4.559108949935761906e-02
8.253311231778702461e-02,8.253311231778702461e-02
8.207040845275147267e-02,8.207040845275147267e-02
7.038051267916735354e-02,7.038051267916735354e-02
7.584384216889168695e-02,7.584384216889168695e-02
6.624376306527626768e-02,6.624376306527626768e-02
6.604222576059154415e-02,6.604222576059154415e-02
7.624277998769377063e-02,7.624277998769377063e-02
6.609696411044413411e-02,6.609696411044413411e-02
5.763619626782337524e-02,5.763619626782337524e-02
5.710679471987391981e-02,5.710679471987391981e-02
7.737466215327432062e-02,7.737466215327432062e-02
6.681120542158464071e-02,6.681120542158464071e-02
8.132948685063227934e-02,8.132948685063227934e-02
6.582953008075248524e-02,6.582953008075248524e-02
5.997749877097052068e-02,5.997749877097052068e-02
6.769528668140031846e-02,6.769528668140031846e-02
7.934464068086759247e-02,7.934464068086759247e-02
7.013569650903611619e-02,7.013569650903611619e-02
8.061474305024943221e-02,8.061474305024943221e-02
9.042782535906360164e-02,9.042782535906360164e-02
6.434753976805575315e-02,6.434753976805575315e-02
7.823861647409613429e-02,7.823861647409613429e-02
5.326904637509820295e-02,5.326904637509820295e-02
9.537902084600599628e-02,9.537902084600599628e-02
5.826007283776831608e-02,5.826007283776831608e-02
5.188523462493017241e-02,5.188523462493017241e-02
5.237831736852253256e-02,5.237831736852253256e-02
5.667395786352130704e-02,5.667395786352130704e-02
6.752903886935918143e-02,6.752903886935918143e-02
7.073715225165430609e-02,7.073715225165430609e-02
8.028976620366076733e-02,8.028976620366076733e-02
6.968584598063620739e-02,6.968584598063620739e-02
8.109425047310736545e-02,8.109425047310736545e-02
7.102393759610682589e-02,7.102393759610682589e-02
7.305788856582297319e-02,7.305788856582297319e-02
6.431788521612158416e-02,6.431788521612158416e-02
8.386848247765635311e-02,8.386848247765635311e-02
9.686368503471090574e-02,9.686368503471090574e-02
6.235598349180351829e-02,6.235598349180351829e-02
8.662934255815443740e-02,8.662934255815443740e-02
7.059739881849279308e-02,7.059739881849279308e-02
6.271485837486054371e-02,6.271485837486054371e-02
8.354797350074057161e-02,8.354797350074057161e-02
6.643650178567470088e-02,6.643650178567470088e-02
6.554817225760881105e-02,6.554817225760881105e-02
6.000993146750566859e-02,6.000993146750566859e-02
5.483298982038942865e-02,5.483298982038942865e-02
1.038278392546410911e-01,1.038278392546410911e-01
5.996988932139058620e-02,5.996988932139058620e-02
7.554560564246676213e-02,7.554560564246676213e-02
7.304980155588444712e-02,7.304980155588444712e-02
8.645464944293018705e-02,8.645464944293018705e-02
6.871283423794319334e-02,6.871283423794319334e-02
5.647039675711253148e-02,5.647039675711253148e-02
7.608710799356027676e-02,7.608710799356027676e-02
3.804275067651009118e-02,3.804275067651009118e-02
6.360735483553678349e-02,6.360735483553678349e-02
7.610388857196279111e-02,7.610388857196279111e-02
8.377584462427015155e-02,8.377584462427015155e-02
7.196932194023719642e-02,7.196932194023719642e-02
6.818804142750575781e-02,6.818804142750575781e-02
7.235118969583578807e-02,7.235118969583578807e-02
6.937737940498775457e-02,6.937737940498775457e-02
5.085158738072569767e-02,5.085158738072569767e-02
6.304063547772452425e-02,6.304063547772452425e-02
7.342381100585596010e-02,7.342381100585596010e-02
7.110801352003627562e-02,7.110801352003627562e-02
7.177393597462783381e-02,7.177393597462783381e-02
7.558140622648083784e-02,7.558140622648083784e-02
8.641486153794447622e-02,8.641486153794447622e-02
6.631072939618380679e-02,6.631072939618380679e-02
7.118873301376600626e-02,7.118873301376600626e-02
8.632353848654596151e-02,8.632353848654596151e-02
8.134559479048786290e-02,8.134559479048786290e-02
7.811662232082661195e-02,7.811662232082661195e-02
7.136169128570875320e-02,7.136169128570875320e-02
7.426801098729472750e-02,7.426801098729472750e-02
5.976134807984840452e-02,5.976134807984840452e-02
6.335298075147188790e-02,6.335298075147188790e-02
7.823521714623962731e-02,7.823521714623962731e-02
7.228919750620624307e-02,7.228919750620624307e-02
8.055832970184143016e-02,8.055832970184143016e-02
6.433418297688273113e-02,6.433418297688273113e-02
8.317246779919150457e-02,8.317246779919150457e-02
9.152967384487109559e-02,9.152967384487109559e-02
5.125843021279351958e-02,5.125843021279351958e-02
7.695125943313080308e-02,7.695125943313080308e-02
9.336157587236480759e-02,9.336157587236480759e-02
6.138432556285506464e-02,6.138432556285506464e-02
6.731740027178255426e-02,6.731740027178255426e-02
6.312890367715984219e-02,6.312890367715984219e-02
6.816920186984176677e-02,6.816920186984176677e-02
6.300676166662277922e-02,6.300676166662277922e-02
6.804401313453045663e-02,6.804401313453045663e-02
7.244877603049343362e-02,7.244877603049343362e-02
6.155193856785258488e-02,6.155193856785258488e-02
7.938009259719595867e-02,7.938009259719595867e-02
6.893566844265586191e-02,6.893566844265586191e-02
7.154556501269064561e-02,7.154556501269064561e-02
6.916140779682551643e-02,6.916140779682551643e-02
7.199149963475912073e-02,7.199149963475912073e-02
7.949530177482690141e-02,7.949530177482690141e-02
5.286616010545032440e-02,5.286616010545032440e-02
4.850119616805866757e-02,4.850119616805866757e-02
8.225957478313444815e-02,8.225957478313444815e-02
5.690187693440308669e-02,5.690187693440308669e-02
5.626914627145375436e-02,5.626914627145375436e-02
5.357703752469340774e-02,5.357703752469340774e-02
7.139738030938062863e-02,7.139738030938062863e-02
7.588480186982043962e-02,7.588480186982043962e-02
7.075898084589890558e-02,7.075898084589890558e-02
7.245287259684041192e-02,7.245287259684041192e-02
5.754637030727726560e-02,5.754637030727726560e-02
8.516483346413795952e-02,8.516483346413795952e-02
8.354169115605175611e-02,8.354169115605175611e-02
6.135970683132317000e-02,6.135970683132317000e-02
5.985909578741885340e-02,5.985909578741885340e-02
6.747627984611997976e-02,6.747627984611997976e-02
7.349530656865629896e-02,7.349530656865629896e-02
8.878272365097641949e-02,8.878272365097641949e-02
8.237876660252888006e-02,8.237876660252888006e-02
8.031515896721092007e-02,8.031515896721092007e-02
6.510159127755210662e-02,6.510159127755210662e-02
5.730544911092846916e-02,5.730544911092846916e-02
6.040624261793217653e-02,6.040624261793217653e-02
6.591194342679590479e-02,6.591194342679590479e-02
5.913103133021192781e-02,5.913103133021192781e-02
6.747755540745271896e-02,6.747755540745271896e-02
5.840326118202000816e-02,5.840326118202000816e-02
7.489848964878773052e-02,7.489848964878773052e-02
8.723106707676878124e-02,8.723106707676878124e-02
6.540099007877966941e-02,6.540099007877966941e-02
7.075665073373205161e-02,7.075665073373205161e-02
8.403080157296241581e-02,8.403080157296241581e-02
4.790796720268910430e-02,4.790796720268910430e-02
6.301402508294408344e-02,6.301402508294408344e-02
7.043234709442602881e-02,7.043234709442602881e-02
7.647563469417151261e-02,7.647563469417151261e-02
5.799653437458102828e-02,5.799653437458102828e-02
7.554612726613747775e-02,7.554612726613747775e-02
7.527609886121230942e-02,7.527609886121230942e-02
6.650610035208340265e-02,6.650610035208340265e-02
6.793306828703389588e-02,6.793306828703389588e-02
7.478939706155962597e-02,7.478939706155962597e-02
6.888357839024850104e-02,6.888357839024850104e-02
8.392086133508211421e-02,8.392086133508211421e-02
5.994878418659953245e-02,5.994878418659953245e-02
7.342017761675592724e-02,7.342017761675592724e-02
5.696111974047772530e-02,5.696111974047772530e-02
7.091644528398330372e-02,7.091644528398330372e-02
6.923401167828022174e-02,6.923401167828022174e-02
6.419108354128023886e-02,6.419108354128023886e-02
5.880054561484240189e-02,5.880054561484240189e-02
6.278861341523643558e-02,6.278861341523643558e-02
9.802201311153346808e-02,9.802201311153346808e-02
7.624417145641521065e-02,7.624417145641521065e-02
5.655932241284902795e-02,5.655932241284902795e-02
7.526681041339455813e-02,7.526681041339455813e-02
6.960440702683882985e-02,6.960440702683882985e-02
7.221815566764452909e-02,7.221815566764452909e-02
7.738386194066916579e-02,7.738386194066916579e-02
6.603260841305612361e-02,6.603260841305612361e-02
7.447993393872305579e-02,7.447993393872305579e-02
8.631000518284658030e-02,8.631000518284658030e-02
5.568194483721231741e-02,5.568194483721231741e-02
9.087275151032762899e-02,9.087275151032762899e-02
8.263236042088177580e-02,8.263236042088177580e-02
7.146161070738488164e-02,7.146161070738488164e-02
8.220325789145507822e-02,8.220325789145507822e-02
5.333662606687396279e-02,5.333662606687396279e-02
7.468682217695707393e-02,7.468682217695707393e-02
6.975514331195389883e-02,6.975514331195389883e-02
8.496871999407742959e-02,8.496871999407742959e-02
7.744107516869802588e-02,7.744107516869802588e-02
7.266803938269421337e-02,7.266803938269421337e-02
6.280784635194097687e-02,6.280784635194097687e-02
6.668202030773784372e-02,6.668202030773784372e-02
6.066352168292248742e-02,6.066352168292248742e-02
7.605204584670835488e-02,7.605204584670835488e-02
8.041564899611255979e-02,8.041564899611255979e-02
5.805664876313351708e-02,5.805664876313351708e-02
8.027109420427003261e-02,8.027109420427003261e-02
8.122970560386244543e-02,8.122970560386244543e-02
5.941327116108768153e-02,5.941327116108768153e-02
8.054149463765619688e-02,8.054149463765619688e-02
7.647352039574331628e-02,7.647352039574331628e-02
7.439694891887846384e-02,7.439694891887846384e-02
6.833786707920361247e-02,6.833786707920361247e-02
8.026706239838607426e-02,8.026706239838607426e-02
5.613387409285248986e-02,5.613387409285248986e-02
6.955848600259884051e-02,6.955848600259884051e-02
6.597009703983214290e-02,6.597009703983214290e-02
6.679746883368695154e-02,6.679746883368695154e-02
6.914992974658247527e-02,6.914992974658247527e-02
6.730281003800453465e-02,6.730281003800453465e-02
6.199295926339175311e-02,6.199295926339175311e-02
8.088002957429067663e-02,8.088002957429067663e-02
6.361112904264308587e-02,6.361112904264308587e-02
6.175371267644224477e-02,6.175371267644224477e-02
8.079999004831457665e-02,8.079999004831457665e-02
8.798059969912819245e-02,8.798059969912819245e-02
8.352381602150651951e-02,8.352381602150651951e-02
4.797062489549250297e-02,4.797062489549250297e-02
8.185591534138421388e-02,8.185591534138421388e-02
7.312212732341188959e-02,7.312212732341188959e-02
6.762268073312502348e-02,6.762268073312502348e-02
5.929866254599366893e-02,5.929866254599366893e-02
6.753597993214180417e-02,6.753597993214180417e-02
7.089338229036504235e-02,7.089338229036504235e-02
8.057756664338694419e-02,8.057756664338694419e-02
7.225421254714184394e-02,7.225421254714184394e-02
7.094928902344897759e-02,7.094928902344897759e-02
8.044212468061381904e-02,8.044212468061381904e-02
7.407494012366075409e-02,7.407494012366075409e-02
6.311611291943275415e-02,6.311611291943275415e-02
7.569896691699515290e-02,7.569896691699515290e-02
6.650123495050397349e-02,6.650123495050397349e-02
7.463914734830622011e-02,7.463914734830622011e-02
7.253353563280190430e-02,7.253353563280190430e-02
5.966775302217282306e-02,5.966775302217282306e-02
6.530414738996262458e-02,6.530414738996262458e-02
7.223052052647227494e-02,7.223052052647227494e-02
7.314132519156521517e-02,7.314132519156521517e-02
6.622348884676540481e-02,6.622348884676540481e-02
8.297473388334389299e-02,8.297473388334389299e-02
7.287046040410667669e-02,7.287046040410667669e-02
6.689219449925806749e-02,6.689219449925806749e-02
6.712447205954073792e-02,6.712447205954073792e-02
5.398098151441696468e-02,5.398098151441696468e-02
6.625462717741444074e-02,6.625462717741444074e-02
7.142034019107106058e-02,7.142034019107106058e-02
8.538653403004081710e-02,8.538653403004081710e-02
7.757516766020983168e-02,7.757516766020983168e-02
8.382012620333587072e-02,8.382012620333587072e-02
8.369940061996274105e-02,8.369940061996274105e-02
6.842681069389519588e-02,6.842681069389519588e-02
6.320653525115481342e-02,6.320653525115481342e-02
5.935872006502856957e-02,5.935872006502856957e-02
6.767645908145367151e-02,6.767645908145367151e-02
7.471054333061533104e-02,7.471054333061533104e-02
7.391313566850749028e-02,7.391313566850749028e-02
7.585455652375049096e-02,7.585455652375049096e-02
7.439906827764972141e-02,7.439906827764972141e-02
6.559240693973711345e-02,6.559240693973711345e-02
7.699721529260060426e-02,7.699721529260060426e-02
5.011397647560067448e-02,5.011397647560067448e-02
5.463872568281196579e-02,5.463872568281196579e-02
5.295070065654138014e-02,5.295070065654138014e-02
6.726496058310245385e-02,6.726496058310245385e-02
6.948272187491191798e-02,6.948272187491191798e-02
7.026218282820373418e-02,7.026218282820373418e-02
7.208984871304502384e-02,7.208984871304502384e-02
6.927630959472749761e-02,6.927630959472749761e-02
7.041481021551589115e-02,7.041481021551589115e-02
7.444551084453158996e-02,7.444551084453158996e-02
6.281178200828257951e-02,6.281178200828257951e-02
8.188214300552398850e-02,8.188214300552398850e-02
7.634197138198187127e-02,7.634197138198187127e-02
6.049880056376832210e-02,6.049880056376832210e-02
6.072350572646591227e-02,6.072350572646591227e-02
7.138716861072055830e-02,7.138716861072055830e-02
6.793569826080707308e-02,6.793569826080707308e-02
6.550364201858407953e-02,6.550364201858407953e-02
5.689213547981864655e-02,5.689213547981864655e-02
5.861546599581460987e-02,5.861546599581460987e-02
6.643726553291361137e-02,6.643726553291361137e-02
7.227481731189276670e-02,7.227481731189276670e-02
8.382986430746133810e-02,8.382986430746133810e-02
5.640112799109088526e-02,5.640112799109088526e-02
6.507658447785914790e-02,6.507658447785914790e-02
7.616135935885251507e-02,7.616135935885251507e-02
8.496737592534675532e-02,8.496737592534675532e-02
6.937881698629212723e-02,6.937881698629212723e-02
6.969520039030732694e-02,6.969520039030732694e-02
8.558613064207959420e-02,8.558613064207959420e-02
8.321674519226515687e-02,8.321674519226515687e-02
5.733310302647320889e-02,5.733310302647320889e-02
6.167647457252075499e-02,6.167647457252075499e-02
7.593916331941338860e-02,7.593916331941338860e-02
7.066773627068724528e-02,7.066773627068724528e-02
5.369870513906473131e-02,5.369870513906473131e-02
7.495852820872522804e-02,7.495852820872522804e-02
6.148640522169789707e-02,6.148640522169789707e-02
8.112688828074540726e-02,8.112688828074540726e-02
7.688484425741431982e-02,7.688484425741431982e-02
5.432039303592869905e-02,5.432039303592869905e-02
7.264894241229720440e-02,7.264894241229720440e-02
6.519867699964038144e-02,6.519867699964038144e-02
7.576863028870531314e-02,7.576863028870531314e-02
6.592636543785848624e-02,6.592636543785848624e-02
7.700073684567360077e-02,7.700073684567360077e-02
7.075349698453323177e-02,7.075349698453323177e-02
6.565286571559041107e-02,6.565286571559041107e-02
5.321815480425885758e-02,5.321815480425885758e-02
6.949093150824203757e-02,6.949093150824203757e-02
7.033240483306436863e-02,7.033240483306436863e-02
6.889709565968277216e-02,6.889709565968277216e-02
7.235826582131110740e-02,7.235826582131110740e-02
6.270092554545919628e-02,6.270092554545919628e-02
7.603333007688405087e-02,7.603333007688405087e-02
6.111604538010267929e-02,6.111604538010267929e-02
5.839052152319254563e-02,5.839052152319254563e-02
6.394755867841536712e-02,6.394755867841536712e-02
5.316530546106873478e-02,5.316530546106873478e-02
8.368194641419587909e-02,8.368194641419587909e-02
9.424214756080520616e-02,9.424214756080520616e-02
6.490389268656185373e-02,6.490389268656185373e-02
7.859297690226088595e-02,7.859297690226088595e-02
6.002491963145054066e-02,6.002491963145054066e-02
7.834958441467511359e-02,7.834958441467511359e-02
6.475600753612728577e-02,6.475600753612728577e-02
6.298387143757777640e-02,6.298387143757777640e-02
9.973364009006835396e-02,9.973364009006835396e-02
7.972127420509628193e-02,7.972127420509628193e-02
7.132122156811772362e-02,7.132122156811772362e-02
6.271480131216744525e-02,6.271480131216744525e-02
6.341884039587117328e-02,6.341884039587117328e-02
7.067980116670366519e-02,7.067980116670366519e-02
5.028019921559789135e-02,5.028019921559789135e-02
5.357044994183061959e-02,5.357044994183061959e-02
5.077154743061227521e-02,5.077154743061227521e-02
6.213177967519084577e-02,6.213177967519084577e-02
6.107203085183963986e-02,6.107203085183963986e-02
7.855778687233522239e-02,7.855778687233522239e-02
8.359507053079753836e-02,8.359507053079753836e-02
6.894112996177145791e-02,6.894112996177145791e-02
6.018903614065983232e-02,6.018903614065983232e-02
7.235977916936343901e-02,7.235977916936343901e-02
7.302864937282954605e-02,7.302864937282954605e-02
7.887445913397243824e-02,7.887445913397243824e-02
6.881530492747124639e-02,6.881530492747124639e-02
6.627033839964746598e-02,6.627033839964746598e-02
6.661634209290512310e-02,6.661634209290512310e-02
7.590964105663794426e-02,7.590964105663794426e-02
5.544934855036511706e-02,5.544934855036511706e-02
7.706763179193036606e-02,7.706763179193036606e-02
7.743712189795637357e-02,7.743712189795637357e-02
6.090962412137949922e-02,6.090962412137949922e-02
5.607122820793177670e-02,5.607122820793177670e-02
7.343896710211374190e-02,7.343896710211374190e-02
7.451269607691422825e-02,7.451269607691422825e-02
9.774524362996328541e-02,9.774524362996328541e-02
8.974564078511799992e-02,8.974564078511799992e-02
7.526975278871153585e-02,7.526975278871153585e-02
6.111698720731709861e-02,6.111698720731709861e-02
7.980347924600562914e-02,7.980347924600562914e-02
6.977621475130907358e-02,6.977621475130907358e-02
7.921706855762375432e-02,7.921706855762375432e-02
7.498971632868343951e-02,7.498971632868343951e-02
8.181688596136306446e-02,8.181688596136306446e-02
6.872083397376829716e-02,6.872083397376829716e-02
5.316997653967928811e-02,5.316997653967928811e-02
7.565932862267557568e-02,7.565932862267557568e-02
8.202304611364052978e-02,8.202304611364052978e-02
6.139253453824997098e-02,6.139253453824997098e-02
7.019420027323128308e-02,7.019420027323128308e-02
6.403231251577384819e-02,6.403231251577384819e-02
6.582578998744259557e-02,6.582578998744259557e-02
8.643403418765041590e-02,8.643403418765041590e-02
8.290367576177107289e-02,8.290367576177107289e-02
7.115151249956726265e-02,7.115151249956726265e-02
6.494660838021545923e-02,6.494660838021545923e-02
8.146515481865829189e-02,8.146515481865829189e-02
5.597562064422626632e-02,5.597562064422626632e-02
6.476642498874017606e-02,6.476642498874017606e-02
7.127138453657211326e-02,7.127138453657211326e-02
6.298844059930927552e-02,6.298844059930927552e-02
6.143597089288793667e-02,6.143597089288793667e-02
6.144698626282146109e-02,6.144698626282146109e-02
8.253776402621459951e-02,8.253776402621459951e-02
6.876841214444603945e-02,6.876841214444603945e-02
7.060701986533285401e-02,7.060701986533285401e-02
7.391214788808107838e-02,7.391214788808107838e-02
6.422192270835837269e-02,6.422192270835837269e-02
6.434653611612534130e-02,6.434653611612534130e-02
7.525806770612521179e-02,7.525806770612521179e-02
8.707135846409232161e-02,8.707135846409232161e-02
6.253078400547959492e-02,6.253078400547959492e-02
7.318244204481147430e-02,7.318244204481147430e-02
5.338271558573473574e-02,5.338271558573473574e-02
7.162925524315219561e-02,7.162925524315219561e-02
6.850643016510994665e-02,6.850643016510994665e-02
6.355313341506661773e-02,6.355313341506661773e-02
8.788700449089352496e-02,8.788700449089352496e-02
7.392212103270970336e-02,7.392212103270970336e-02
8.376349291833815047e-02,8.376349291833815047e-02
5.502554243934314193e-02,5.502554243934314193e-02
5.022584329062761838e-02,5.022584329062761838e-02
7.962502535292806383e-02,7.962502535292806383e-02
6.490454189359767811e-02,6.490454189359767811e-02
6.363798119502481199e-02,6.363798119502481199e-02
7.945842453956476759e-02,7.945842453956476759e-02
6.206367894411267405e-02,6.206367894411267405e-02
8.297542980049951722e-02,8.297542980049951722e-02
6.596125229616346675e-02,6.596125229616346675e-02
5.662216159059686726e-02,5.662216159059686726e-02
9.504431727518877770e-02,9.504431727518877770e-02
7.100207299045147025e-02,7.100207299045147025e-02
6.446334193875399854e-02,6.446334193875399854e-02
7.075508319585530059e-02,7.075508319585530059e-02
5.682334776528827347e-02,5.682334776528827347e-02
8.163301479469427246e-02,8.163301479469427246e-02
6.110896784447185370e-02,6.110896784447185370e-02
7.262607727484095277e-02,7.262607727484095277e-02
4.656666771702246133e-02,4.656666771702246133e-02
8.059508617184302226e-02,8.059508617184302226e-02
6.233245120870146982e-02,6.233245120870146982e-02
5.896725802633906444e-02,5.896725802633906444e-02
7.506251932186025488e-02,7.506251932186025488e-02
7.200765200853231907e-02,7.200765200853231907e-02
5.246414286988233810e-02,5.246414286988233810e-02
7.309397243153227530e-02,7.309397243153227530e-02
7.098946632800851031e-02,7.098946632800851031e-02
6.149601573092752099e-02,6.149601573092752099e-02
7.609899721729511402e-02,7.609899721729511402e-02
8.253442636883746852e-02,8.253442636883746852e-02
7.549857621051529744e-02,7.549857621051529744e-02
7.523010914427868956e-02,7.523010914427868956e-02
5.980341238426513384e-02,5.980341238426513384e-02
7.957851881370643643e-02,7.957851881370643643e-02
5.489757944816246044e-02,5.489757944816246044e-02
7.296921791744581665e-02,7.296921791744581665e-02
6.194134835847669995e-02,6.194134835847669995e-02
5.764566269748665206e-02,5.764566269748665206e-02
7.135204155006003024e-02,7.135204155006003024e-02
7.483140172432381498e-02,7.483140172432381498e-02
7.331587475266435061e-02,7.331587475266435061e-02
5.995173236045498594e-02,5.995173236045498594e-02
6.971309948814531643e-02,6.971309948814531643e-02
6.037625177830487078e-02,6.037625177830487078e-02
5.849977343719151707e-02,5.849977343719151707e-02
5.867083901838564264e-02,5.867083901838564264e-02
8.208444003343987050e-02,8.208444003343987050e-02
6.367140607688645537e-02,6.367140607688645537e-02
5.351510023006318673e-02,5.351510023006318673e-02
7.319448468951872400e-02,7.319448468951872400e-02
7.096433207420088651e-02,7.096433207420088651e-02
6.986295301642303501e-02,6.986295301642303501e-02
6.318446913617659089e-02,6.318446913617659089e-02
6.487251764370900731e-02,6.487251764370900731e-02
5.912951682696576672e-02,5.912951682696576672e-02
8.144293637169355837e-02,8.144293637169355837e-02
8.190731829389855112e-02,8.190731829389855112e-02
7.713801987136388594e-02,7.713801987136388594e-02
6.243534309217915745e-02,6.243534309217915745e-02
7.379407415584834928e-02,7.379407415584834928e-02
5.467225250687585136e-02,5.467225250687585136e-02
6.386008937077872205e-02,6.386008937077872205e-02
6.995198489610403303e-02,6.995198489610403303e-02
6.984101555552729712e-02,6.984101555552729712e-02
7.558423460855551168e-02,7.558423460855551168e-02
7.411909939494665256e-02,7.411909939494665256e-02
7.732750350625877678e-02,7.732750350625877678e-02
7.682982224621062728e-02,7.682982224621062728e-02
8.426301800095929717e-02,8.426301800095929717e-02
4.751695625957536029e-02,4.751695625957536029e-02
7.023541806702776613e-02,7.023541806702776613e-02
6.369398577876869694e-02,6.369398577876869694e-02
6.484115710230822782e-02,6.484115710230822782e-02
7.523728756109900051e-02,7.523728756109900051e-02
6.764344906327510176e-02,6.764344906327510176e-02
5.985003544786617752e-02,5.985003544786617752e-02
5.799843938056267051e-02,5.799843938056267051e-02
6.597479895400396033e-02,6.597479895400396033e-02
6.057657154113026132e-02,6.057657154113026132e-02
7.431929311801632743e-02,7.431929311801632743e-02
8.062663244040094157e-02,8.062663244040094157e-02
6.817665749768525574e-02,6.817665749768525574e-02
7.624354598971383457e-02,7.624354598971383457e-02
5.810484334460789407e-02,5.810484334460789407e-02
6.887176106097457617e-02,6.887176106097457617e-02
7.969630252243868618e-02,7.969630252243868618e-02
4.268620547767991436e-02,4.268620547767991436e-02
6.402098037892534066e-02,6.402098037892534066e-02
6.623559361780466392e-02,6.623559361780466392e-02
8.586550552844290918e-02,8.586550552844290918e-02
5.809688642923466206e-02,5.809688642923466206e-02
6.319630605875413421e-02,6.319630605875413421e-02
8.563234330603253230e-02,8.563234330603253230e-02
6.760124710588685804e-02,6.760124710588685804e-02
6.132632610525370898e-02,6.132632610525370898e-02
6.901967122900608265e-02,6.901967122900608265e-02
7.179409719235702036e-02,7.179409719235702036e-02
6.138740383405553308e-02,6.138740383405553308e-02
6.542957967580693979e-02,6.542957967580693979e-02
9.313925399430897367e-02,9.313925399430897367e-02
7.341489645429595534e-02,7.341489645429595534e-02
5.182483283178855593e-02,5.182483283178855593e-02
6.765823929789376023e-02,6.765823929789376023e-02
7.083017739128538715e-02,7.083017739128538715e-02
7.814029163733801631e-02,7.814029163733801631e-02
7.439846736763593149e-02,7.439846736763593149e-02
6.030456849225871580e-02,6.030456849225871580e-02
7.642066464122751479e-02,7.642066464122751479e-02
6.775818067320699134e-02,6.775818067320699134e-02
7.926338502014601550e-02,7.926338502014601550e-02
5.787284082158042353e-02,5.787284082158042353e-02
7.187657036540050226e-02,7.187657036540050226e-02
5.778598018074238007e-02,5.778598018074238007e-02
7.233521015972915746e-02,7.233521015972915746e-02
6.232555513868514446e-02,6.232555513868514446e-02
6.251662702193358512e-02,6.251662702193358512e-02
6.726777125025976134e-02,6.726777125025976134e-02
6.786243151139212393e-02,6.786243151139212393e-02
7.927641083318817672e-02,7.927641083318817672e-02
8.231780761445876837e-02,8.231780761445876837e-02
7.729539158116119357e-02,7.729539158116119357e-02
5.932613058443442222e-02,5.932613058443442222e-02
7.458808873717262533e-02,7.458808873717262533e-02
6.866474880334541564e-02,6.866474880334541564e-02
5.643653924466278393e-02,5.643653924466278393e-02
9.194185009427688349e-02,9.194185009427688349e-02
6.426827380099635334e-02,6.426827380099635334e-02
7.409938396681430006e-02,7.409938396681430006e-02
6.877515568097486431e-02,6.877515568097486431e-02
6.995968463158026840e-02,6.995968463158026840e-02
8.708646010955996275e-02,8.708646010955996275e-02
9.344238307117586073e-02,9.344238307117586073e-02
7.490487626851094483e-02,7.490487626851094483e-02
4.928910547757874017e-02,4.928910547757874017e-02
8.022611328549966725e-02,8.022611328549966725e-02
5.799168469051684677e-02,5.799168469051684677e-02
7.177981473893632614e-02,7.177981473893632614e-02
6.700073931640881941e-02,6.700073931640881941e-02
7.373840322436134298e-02,7.373840322436134298e-02
8.341266637592439914e-02,8.341266637592439914e-02
7.057841680347506919e-02,7.057841680347506919e-02
5.661055347612421046e-02,5.661055347612421046e-02
4.906043556803203753e-02,4.906043556803203753e-02
5.102556731353644071e-02,5.102556731353644071e-02
5.511779611485023711e-02,5.511779611485023711e-02
7.681910955319468104e-02,7.681910955319468104e-02
5.208061121937510723e-02,5.208061121937510723e-02
6.806743941179395352e-02,6.806743941179395352e-02
7.707135515872855225e-02,7.707135515872855225e-02
8.732807133470515959e-02,8.732807133470515959e-02
6.509540329619001309e-02,6.509540329619001309e-02
5.657164588705033276e-02,5.657164588705033276e-02
8.004965722776855030e-02,8.004965722776855030e-02
7.108020949012541778e-02,7.108020949012541778e-02
6.115273486740316344e-02,6.115273486740316344e-02
6.640826138622654695e-02,6.640826138622654695e-02
6.663908739872240194e-02,6.663908739872240194e-02
6.329895975223633064e-02,6.329895975223633064e-02
5.797130659165052047e-02,5.797130659165052047e-02
4.745190897880544045e-02,4.745190897880544045e-02
8.188751765320688436e-02,8.188751765320688436e-02
7.284344232529506302e-02,7.284344232529506302e-02
8.614717483710175594e-02,8.614717483710175594e-02
7.065319815566477313e-02,7.065319815566477313e-02
4.609057942589761536e-02,4.609057942589761536e-02
4.869477674291061708e-02,4.869477674291061708e-02
7.187414824163627924e-02,7.187414824163627924e-02
5.633942320116143432e-02,5.633942320116143432e-02
5.217261851373579395e-02,5.217261851373579395e-02
6.534959370279008750e-02,6.534959370279008750e-02
5.809134100126804590e-02,5.809134100126804590e-02
7.909654206094640649e-02,7.909654206094640649e-02
7.348746068134928700e-02,7.348746068134928700e-02
5.264703000497891749e-02,5.264703000497891749e-02
6.614283806189749648e-02,6.614283806189749648e-02
7.332163589659466962e-02,7.332163589659466962e-02
5.508759150273732919e-02,5.508759150273732919e-02
9.068273420042086141e-02,9.068273420042086141e-02
9.464157566461633975e-02,9.464157566461633975e-02
6.607996885436442924e-02,6.607996885436442924e-02
7.310573612532461629e-02,7.310573612532461629e-02
6.855921701270618895e-02,6.855921701270618895e-02
8.050275903506518005e-02,8.050275903506518005e-02
5.087942253707396917e-02,5.087942253707396917e-02
6.253557940874571175e-02,6.253557940874571175e-02
6.574669912273908845e-02,6.574669912273908845e-02
6.371347713831240767e-02,6.371347713831240767e-02
7.237009946954348072e-02,7.237009946954348072e-02
7.345656326251961965e-02,7.345656326251961965e-02
7.864665722557709349e-02,7.864665722557709349e-02
6.058479240587656689e-02,6.058479240587656689e-02
6.161424913534269132e-02,6.161424913534269132e-02
7.026107546258038294e-02,7.026107546258038294e-02
6.778216037417150730e-02,6.778216037417150730e-02
7.055742966303349406e-02,7.055742966303349406e-02
5.487595651330565150e-02,5.487595651330565150e-02
7.923087518562213494e-02,7.923087518562213494e-02
5.018256678973694040e-02,5.018256678973694040e-02
4.653499987199326282e-02,4.653499987199326282e-02
1.037850792174124515e-01,1.037850792174124515e-01
6.447592815170008484e-02,6.447592815170008484e-02
6.354987083490515332e-02,6.354987083490515332e-02
6.561323582990313819e-02,6.561323582990313819e-02
6.611024735436869804e-02,6.611024735436869804e-02
5.765729921972462257e-02,5.765729921972462257e-02
7.746950795079038388e-02,7.746950795079038388e-02
7.101423341740185913e-02,7.101423341740185913e-02
5.690431259603294378e-02,5.690431259603294378e-02
7.278035737245849846e-02,7.278035737245849846e-02
7.566290289396834789e-02,7.566290289396834789e-02
5.856404719054757180e-02,5.856404719054757180e-02
6.939096325429122691e-02,6.939096325429122691e-02
6.008381028530331708e-02,6.008381028530331708e-02
5.107228220439055666e-02,5.107228220439055666e-02
7.284611388723631620e-02,7.284611388723631620e-02
7.430296512848387491e-02,7.430296512848387491e-02
7.384856612880988380e-02,7.384856612880988380e-02
7.005470940517039002e-02,7.005470940517039002e-02
5.695434183438898013e-02,5.695434183438898013e-02
6.547932740936733553e-02,6.547932740936733553e-02
8.138967889420438417e-02,8.138967889420438417e-02
1.002307183173860583e-01,1.002307183173860583e-01
7.377447180411875194e-02,7.377447180411875194e-02
7.033913502733918355e-02,7.033913502733918355e-02
6.459111564694369756e-02,6.459111564694369756e-02
7.438560511843314571e-02,7.438560511843314571e-02
6.528364869890800060e-02,6.528364869890800060e-02
9.079843500960146918e-02,9.079843500960146918e-02
5.262491878766313580e-02,5.262491878766313580e-02
7.545553552513986628e-02,7.545553552513986628e-02
6.250613392077143671e-02,6.250613392077143671e-02
5.012219913066656707e-02,5.012219913066656707e-02
3.887354536092155199e-02,3.887354536092155199e-02
6.589537211150250928e-02,6.589537211150250928e-02
5.654527184131413753e-02,5.654527184131413753e-02
6.610514255909762105e-02,6.610514255909762105e-02
6.984995257496776078e-02,6.984995257496776078e-02
6.999252055606140777e-02,6.999252055606140777e-02
6.761323345121902917e-02,6.761323345121902917e-02
5.514846438687670549e-02,5.514846438687670549e-02
4.729139426878961605e-02,4.729139426878961605e-02
6.921349907260426759e-02,6.921349907260426759e-02
6.417799865031162398e-02,6.417799865031162398e-02
6.582225292087905133e-02,6.582225292087905133e-02
6.816744422386938895e-02,6.816744422386938895e-02
6.550594482625013426e-02,6.550594482625013426e-02
8.260847596601675336e-02,8.260847596601675336e-02
7.252250219592837333e-02,7.252250219592837333e-02
6.954184283305966940e-02,6.954184283305966940e-02
5.414313773888607129e-02,5.414313773888607129e-02
6.369084403492876467e-02,6.369084403492876467e-02
6.017972606590146767e-02,6.017972606590146767e-02
8.313120568331122673e-02,8.313120568331122673e-02
5.888737943453786761e-02,5.888737943453786761e-02
5.614551177366958190e-02,5.614551177366958190e-02
9.717406850452470213e-02,9.717406850452470213e-02
6.310658740054334026e-02,6.310658740054334026e-02
6.288775417786175714e-02,6.288775417786175714e-02
7.984761589518231395e-02,7.984761589518231395e-02
6.516707008288755154e-02,6.516707008288755154e-02
7.338551129057321876e-02,7.338551129057321876e-02
7.496217462084599215e-02,7.496217462084599215e-02
7.546526425179522768e-02,7.546526425179522768e-02
5.929529604079268601e-02,5.929529604079268601e-02
6.992118397236327110e-02,6.992118397236327110e-02
7.949432519185227475e-02,7.949432519185227475e-02
5.589012415309253107e-02,5.589012415309253107e-02
6.847420011059049405e-02,6.847420011059049405e-02
6.068155202589611830e-02,6.068155202589611830e-02
6.199673581779274745e-02,6.199673581779274745e-02
7.047779453095555369e-02,7.047779453095555369e-02
6.598667624873945370e-02,6.598667624873945370e-02
8.470750014732264521e-02,8.470750014732264521e-02
6.310124232357799956e-02,6.310124232357799956e-02
7.148427950120633811e-02,7.148427950120633811e-02
6.641031974963299001e-02,6.641031974963299001e-02
5.028939678249144674e-02,5.028939678249144674e-02
8.600966953481642419e-02,8.600966953481642419e-02
6.985362210068965516e-02,6.985362210068965516e-02
7.403758031428675501e-02,7.403758031428675501e-02
3.841678280396426670e-02,3.841678280396426670e-02
6.390288674058174079e-02,6.390288674058174079e-02
8.155596137896771458e-02,8.155596137896771458e-02
6.797425899713915864e-02,6.797425899713915864e-02
8.242565915302196844e-02,8.242565915302196844e-02
5.506967700188822312e-02,5.506967700188822312e-02
5.356737322099052595e-02,5.356737322099052595e-02
7.111336124909051204e-02,7.111336124909051204e-02
7.446862010966545653e-02,7.446862010966545653e-02
6.683397931739787357e-02,6.683397931739787357e-02
7.372966394718911964e-02,7.372966394718911964e-02
5.607950526759002824e-02,5.607950526759002824e-02
7.881604287996812896e-02,7.881604287996812896e-02
6.808002146559440082e-02,6.808002146559440082e-02
6.864770553117935381e-02,6.864770553117935381e-02
6.201172248815510490e-02,6.201172248815510490e-02
7.512232908903644646e-02,7.512232908903644646e-02
7.307067947883816306e-02,7.307067947883816306e-02
9.092125559162134163e-02,9.092125559162134163e-02
5.691850385893492542e-02,5.691850385893492542e-02
7.982724694276902011e-02,7.982724694276902011e-02
8.548231672060871422e-02,8.548231672060871422e-02
6.174735629577704499e-02,6.174735629577704499e-02
5.265828250537092636e-02,5.265828250537092636e-02
5.682943989658238021e-02,5.682943989658238021e-02
6.989418349147899501e-02,6.989418349147899501e-02
8.288545511439598945e-02,8.288545511439598945e-02
7.947811095543518001e-02,7.947811095543518001e-02
5.907135715891433103e-02,5.907135715891433103e-02
6.782963703216648987e-02,6.782963703216648987e-02
6.403360050585440999e-02,6.403360050585440999e-02
6.653813331766575412e-02,6.653813331766575412e-02
7.420582639924072632e-02,7.420582639924072632e-02
4.263350307641067261e-02,4.263350307641067261e-02
6.305403173225707092e-02,6.305403173225707092e-02
8.671143228167502159e-02,8.671143228167502159e-02
5.683426657570520013e-02,5.683426657570520013e-02
7.091700746577435377e-02,7.091700746577435377e-02
6.353083162385755878e-02,6.353083162385755878e-02
5.703749028437331975e-02,5.703749028437331975e-02
7.369246622565306382e-02,7.369246622565306382e-02
7.893399943093259985e-02,7.893399943093259985e-02
6.611127432570369777e-02,6.611127432570369777e-02
7.968596813540576584e-02,7.968596813540576584e-02
6.805727253832673240e-02,6.805727253832673240e-02
7.550346944609247213e-02,7.550346944609247213e-02
7.497017924380951215e-02,7.497017924380951215e-02
7.348698133019439249e-02,7.348698133019439249e-02
7.317372361191136487e-02,7.317372361191136487e-02
7.638006476488698460e-02,7.638006476488698460e-02
7.255758611403807790e-02,7.255758611403807790e-02
4.111641230286966486e-02,4.111641230286966486e-02
6.540353260491249543e-02,6.540353260491249543e-02
6.931932379004526745e-02,6.931932379004526745e-02
7.926362129077765828e-02,7.926362129077765828e-02
6.113169549595021124e-02,6.113169549595021124e-02
8.404999975250374011e-02,8.404999975250374011e-02
7.976065493124825934e-02,7.976065493124825934e-02
7.927036794302293188e-02,7.927036794302293188e-02
6.481734339256997601e-02,6.481734339256997601e-02
6.763543485534846689e-02,6.763543485534846689e-02
7.294533384776352714e-02,7.294533384776352714e-02
7.558676849060821934e-02,7.558676849060821934e-02
6.906259403708568667e-02,6.906259403708568667e-02
6.997405097218323267e-02,6.997405097218323267e-02
6.079652035095617357e-02,6.079652035095617357e-02
7.257096402591778350e-02,7.257096402591778350e-02
6.495535640174351921e-02,6.495535640174351921e-02
8.803205252557805283e-02,8.803205252557805283e-02
5.396507940457952179e-02,5.396507940457952179e-02
7.987725152582558774e-02,7.987725152582558774e-02
8.170698665651415782e-02,8.170698665651415782e-02
5.522022411816694676e-02,5.522022411816694676e-02
7.383479731519776434e-02,7.383479731519776434e-02
6.328286282064204959e-02,6.328286282064204959e-02
7.067779797173845413e-02,7.067779797173845413e-02
7.301742834789314018e-02,7.301742834789314018e-02
7.563806250603824499e-02,7.563806250603824499e-02
6.752187080818831955e-02,6.752187080818831955e-02
7.407789748224435922e-02,7.407789748224435922e-02
7.843790727155044995e-02,7.843790727155044995e-02
7.139993033111254050e-02,7.139993033111254050e-02
6.898631613163219711e-02,6.898631613163219711e-02
5.637483637518597712e-02,5.637483637518597712e-02
7.383844601583047784e-02,7.383844601583047784e-02
6.087661593191079357e-02,6.087661593191079357e-02
8.373318282569706950e-02,8.373318282569706950e-02
6.962414172024625203e-02,6.962414172024625203e-02
5.791524034267359761e-02,5.791524034267359761e-02
7.488509867975112755e-02,7.488509867975112755e-02
6.273604144149622086e-02,6.273604144149622086e-02
4.925867281108625706e-02,4.925867281108625706e-02
6.685710249164984742e-02,6.685710249164984742e-02
5.923601372619693994e-02,5.923601372619693994e-02
6.246354243223879027e-02,6.246354243223879027e-02
6.856769967477929772e-02,6.856769967477929772e-02
8.466680920273314537e-02,8.466680920273314537e-02
8.717343866939564201e-02,8.717343866939564201e-02
7.211677885841918934e-02,7.211677885841918934e-02
6.448465170065000029e-02,6.448465170065000029e-02
5.652007515476453053e-02,5.652007515476453053e-02
8.223371841315860187e-02,8.223371841315860187e-02
7.972681855482721680e-02,7.972681855482721680e-02
7.481738463865095223e-02,7.481738463865095223e-02
6.164809361287224704e-02,6.164809361287224704e-02
6.691071932051297078e-02,6.691071932051297078e-02
8.354447588178291750e-02,8.354447588178291750e-02
7.338406003674820266e-02,7.338406003674820266e-02
7.576109738173099351e-02,7.576109738173099351e-02
8.605167165785636285e-02,8.605167165785636285e-02
7.034150949743157855e-02,7.034150949743157855e-02
7.522554251853370844e-02,7.522554251853370844e-02
7.888923619464791037e-02,7.888923619464791037e-02
7.782228519138459366e-02,7.782228519138459366e-02
7.085040706850873060e-02,7.085040706850873060e-02
7.369022779631759223e-02,7.369022779631759223e-02
7.849137464555713817e-02,7.849137464555713817e-02
5.399964604442118038e-02,5.399964604442118038e-02
9.774523862723279166e-02,9.774523862723279166e-02
7.038705086228308483e-02,7.038705086228308483e-02
6.258785780756381811e-02,6.258785780756381811e-02
7.257823332360162361e-02,7.257823332360162361e-02
6.624126239616004441e-02,6.624126239616004441e-02
7.296943225179308712e-02,7.296943225179308712e-02
8.632229488104845028e-02,8.632229488104845028e-02
7.028578725615132472e-02,7.028578725615132472e-02
7.121478051497696915e-02,7.121478051497696915e-02
7.171964061021965375e-02,7.171964061021965375e-02
4.851880094272491284e-02,4.851880094272491284e-02
7.469590597481448602e-02,7.469590597481448602e-02
6.465199338890245673e-02,6.465199338890245673e-02
7.299469752214718388e-02,7.299469752214718388e-02
6.831961964949720412e-02,6.831961964949720412e-02
7.559348476867491784e-02,7.559348476867491784e-02
7.031304718472237980e-02,7.031304718472237980e-02
6.280502855720457300e-02,6.280502855720457300e-02
6.822694233220978621e-02,6.822694233220978621e-02
7.634445765287516117e-02,7.634445765287516117e-02
9.035652222937591571e-02,9.035652222937591571e-02
5.773429340557038880e-02,5.773429340557038880e-02
7.530646053650075222e-02,7.530646053650075222e-02
7.037217649756982718e-02,7.037217649756982718e-02
6.794010516650003662e-02,6.794010516650003662e-02
6.334402309806609621e-02,6.334402309806609621e-02
6.832493323658117568e-02,6.832493323658117568e-02
5.887047967287099837e-02,5.887047967287099837e-02
7.322326548112519096e-02,7.322326548112519096e-02
6.033410306939384488e-02,6.033410306939384488e-02
6.714669051994595628e-02,6.714669051994595628e-02
7.907929970469397551e-02,7.907929970469397551e-02
5.473422413659046609e-02,5.473422413659046609e-02
8.551820254440470337e-02,8.551820254440470337e-02
8.018742816602185408e-02,8.018742816602185408e-02
6.101108969413644029e-02,6.101108969413644029e-02
7.144166405164538436e-02,7.144166405164538436e-02
7.852662414599484442e-02,7.852662414599484442e-02
8.179666203474511565e-02,8.179666203474511565e-02
7.450764296378774298e-02,7.450764296378774298e-02
5.582340548363832339e-02,5.582340548363832339e-02
7.608120834321477344e-02,7.608120834321477344e-02
6.738329550742215568e-02,6.738329550742215568e-02
5.499656511927832059e-02,5.499656511927832059e-02
5.147251367402423672e-02,5.147251367402423672e-02
8.307322710017490952e-02,8.307322710017490952e-02
7.052662382214780479e-02,7.052662382214780479e-02
5.802580809507870002e-02,5.802580809507870002e-02
8.079245161474385428e-02,8.079245161474385428e-02
7.667509680659831406e-02,7.667509680659831406e-02
5.873962325073658203e-02,5.873962325073658203e-02
5.743940725394763858e-02,5.743940725394763858e-02
6.926070629388624000e-02,6.926070629388624000e-02
6.303470347239732707e-02,6.303470347239732707e-02
7.572726118888942204e-02,7.572726118888942204e-02
7.891266074215637361e-02,7.891266074215637361e-02
7.790293102741666087e-02,7.790293102741666087e-02
7.157402662545261918e-02,7.157402662545261918e-02
6.929211253685665928e-02,6.929211253685665928e-02
7.083188714729443669e-02,7.083188714729443669e-02
6.299433242327319438e-02,6.299433242327319438e-02
7.150407862681236459e-02,7.150407862681236459e-02
7.554630511453355735e-02,7.554630511453355735e-02
7.719579679081142731e-02,7.719579679081142731e-02
6.582814789504407016e-02,6.582814789504407016e-02
6.572813717505091025e-02,6.572813717505091025e-02
8.138495191175292021e-02,8.138495191175292021e-02
8.223169591515777643e-02,8.223169591515777643e-02
9.639616665310096755e-02,9.639616665310096755e-02
6.651215169739563282e-02,6.651215169739563282e-02
6.380888367963925834e-02,6.380888367963925834e-02
6.895531785802887226e-02,6.895531785802887226e-02
4.708115318780140696e-02,4.708115318780140696e-02
5.376650054130020090e-02,5.376650054130020090e-02
6.815925626707082519e-02,6.815925626707082519e-02
7.129894918197807185e-02,7.129894918197807185e-02
7.668284108504722085e-02,7.668284108504722085e-02
5.162235882388269137e-02,5.162235882388269137e-02
6.575575497170564609e-02,6.575575497170564609e-02
5.444386612212494952e-02,5.444386612212494952e-02
7.893190555307566525e-02,7.893190555307566525e-02
7.474569073957265664e-02,7.474569073957265664e-02
7.233146309799376450e-02,7.233146309799376450e-02
6.662735296722976930e-02,6.662735296722976930e-02
6.162216852664054167e-02,6.162216852664054167e-02
5.877178094144527853e-02,5.877178094144527853e-02
7.791963935639065197e-02,7.791963935639065197e-02
6.335454591541211933e-02,6.335454591541211933e-02
6.693032017738365091e-02,6.693032017738365091e-02
6.697130133757929482e-02,6.697130133757929482e-02
7.198916146461697974e-02,7.198916146461697974e-02
5.786820826819173702e-02,5.786820826819173702e-02
6.065844149402025570e-02,6.065844149402025570e-02
8.211641600816731168e-02,8.211641600816731168e-02
6.003268897714293673e-02,6.003268897714293673e-02
8.197720631113911138e-02,8.197720631113911138e-02
7.356028476084086609e-02,7.356028476084086609e-02
7.441178749894367117e-02,7.441178749894367117e-02
6.599832821981196918e-02,6.599832821981196918e-02
8.202014432648391251e-02,8.202014432648391251e-02
5.642773298390585390e-02,5.642773298390585390e-02
6.819851500724068150e-02,6.819851500724068150e-02
6.831983437488274580e-02,6.831983437488274580e-02
6.377251798101686575e-02,6.377251798101686575e-02
8.703263619827016073e-02,8.703263619827016073e-02
6.993989572346145933e-02,6.993989572346145933e-02
7.968964323893543145e-02,7.968964323893543145e-02
7.951941595880135383e-02,7.951941595880135383e-02
6.765220283340264706e-02,6.765220283340264706e-02
6.119092313192370236e-02,6.119092313192370236e-02
6.465504502632797579e-02,6.465504502632797579e-02
8.261864012433689508e-02,8.261864012433689508e-02
7.673638811495402112e-02,7.673638811495402112e-02
4.305051500291746241e-02,4.305051500291746241e-02
8.328282724315444474e-02,8.328282724315444474e-02
6.488865980388563992e-02,6.488865980388563992e-02
7.686932423071556053e-02,7.686932423071556053e-02
6.320195225517322157e-02,6.320195225517322157e-02
8.152339464620904363e-02,8.152339464620904363e-02
6.966408708409856099e-02,6.966408708409856099e-02
8.914071844081426776e-02,8.914071844081426776e-02
7.129893469119485960e-02,7.129893469119485960e-02
8.421369273599643712e-02,8.421369273599643712e-02
7.298583756914674148e-02,7.298583756914674148e-02
6.360244808477341638e-02,6.360244808477341638e-02
8.099963349868270768e-02,8.099963349868270768e-02
7.037658483143847954e-02,7.037658483143847954e-02
7.746233880494024504e-02,7.746233880494024504e-02
6.870045779083415460e-02,6.870045779083415460e-02
5.777543859207421445e-02,5.777543859207421445e-02
6.385971768028791962e-02,6.385971768028791962e-02
8.010120974794675275e-02,8.010120974794675275e-02
5.418957089608212457e-02,5.418957089608212457e-02
7.620052995097877091e-02,7.620052995097877091e-02
6.467226158593368524e-02,6.467226158593368524e-02
6.119299736471871254e-02,6.119299736471871254e-02
6.816098834842110321e-02,6.816098834842110321e-02
6.573818380336626799e-02,6.573818380336626799e-02
7.649708698655872940e-02,7.649708698655872940e-02
6.994656206144474198e-02,6.994656206144474198e-02
7.626263015166351300e-02,7.626263015166351300e-02
6.147252769556126734e-02,6.147252769556126734e-02
7.822418318034056461e-02,7.822418318034056461e-02
7.171664696575244524e-02,7.171664696575244524e-02
7.747836532526457265e-02,7.747836532526457265e-02
6.648860779480642025e-02,6.648860779480642025e-02
6.105283482604426104e-02,6.105283482604426104e-02
7.570226288595069408e-02,7.570226288595069408e-02
7.611357687850524301e-02,7.611357687850524301e-02
6.577264230868207218e-02,6.577264230868207218e-02
5.476668052335796621e-02,5.476668052335796621e-02
7.809261720860515010e-02,7.809261720860515010e-02
6.321463885829739504e-02,6.321463885829739504e-02
6.900318474609762331e-02,6.900318474609762331e-02
8.002178996515015019e-02,8.002178996515015019e-02
6.450938594063829190e-02,6.450938594063829190e-02
8.302854703526441060e-02,8.302854703526441060e-02
7.776809531537912101e-02,7.776809531537912101e-02
6.511436844537143998e-02,6.511436844537143998e-02
7.900842550810756315e-02,7.900842550810756315e-02
5.779053809910367212e-02,5.779053809910367212e-02
7.493410592109775448e-02,7.493410592109775448e-02
6.062818354294505219e-02,6.062818354294505219e-02
6.408158036825052639e-02,6.408158036825052639e-02
7.193713766547780997e-02,7.193713766547780997e-02
7.616068361806989373e-02,7.616068361806989373e-02
5.226164070827991892e-02,5.226164070827991892e-02
5.145594383103182373e-02,5.145594383103182373e-02
7.863989515490604765e-02,7.863989515490604765e-02
7.454208014895109813e-02,7.454208014895109813e-02
7.295560629699290867e-02,7.295560629699290867e-02
7.737564862096536766e-02,7.737564862096536766e-02
6.899505071884939889e-02,6.899505071884939889e-02
6.057635315266104992e-02,6.057635315266104992e-02
8.324509798519916237e-02,8.324509798519916237e-02
8.602304115828143805e-02,8.602304115828143805e-02
8.936951175525742475e-02,8.936951175525742475e-02
7.507023711240826125e-02,7.507023711240826125e-02
6.850602219487693378e-02,6.850602219487693378e-02
4.752087112368448552e-02,4.752087112368448552e-02
7.228837835529655642e-02,7.228837835529655642e-02
7.063711453888134317e-02,7.063711453888134317e-02
7.705764068376774745e-02,7.705764068376774745e-02
6.921675706240408565e-02,6.921675706240408565e-02
5.180078026918727430e-02,5.180078026918727430e-02
7.203542283337616148e-02,7.203542283337616148e-02
6.444738495789842370e-02,6.444738495789842370e-02
7.343512364387838609e-02,7.343512364387838609e-02
5.954068043077703071e-02,5.954068043077703071e-02
5.782630923227916053e-02,5.782630923227916053e-02
4.193691081263417608e-02,4.193691081263417608e-02
7.041775129848562575e-02,7.041775129848562575e-02
7.607684146151388882e-02,7.607684146151388882e-02
6.635330920006810018e-02,6.635330920006810018e-02
7.038427467741069365e-02,7.038427467741069365e-02
8.998965222157345734e-02,8.998965222157345734e-02
5.866400865336397069e-02,5.866400865336397069e-02
7.687322258522753804e-02,7.687322258522753804e-02
5.010789758218717194e-02,5.010789758218717194e-02
6.161287949629466049e-02,6.161287949629466049e-02
6.999813596689134776e-02,6.999813596689134776e-02
4.004034800586434018e-02,4.004034800586434018e-02
6.182188536728978195e-02,6.182188536728978195e-02
5.801281575436626620e-02,5.801281575436626620e-02
6.216432051771272893e-02,6.216432051771272893e-02
5.453649355536608484e-02,5.453649355536608484e-02
6.980859709998907259e-02,6.980859709998907259e-02
7.655406699500250101e-02,7.655406699500250101e-02
5.698387367738455556e-02,5.698387367738455556e-02
5.670390282123387304e-02,5.670390282123387304e-02
8.257605336390617945e-02,8.257605336390617945e-02
6.596109643702244285e-02,6.596109643702244285e-02
5.683577210901689242e-02,5.683577210901689242e-02
7.272726120119001048e-02,7.272726120119001048e-02
7.185112225035741873e-02,7.185112225035741873e-02
6.288753987539968948e-02,6.288753987539968948e-02
6.740090807015595986e-02,6.740090807015595986e-02
6.510775137473513718e-02,6.510775137473513718e-02
6.460317571017248905e-02,6.460317571017248905e-02
7.711817700668308073e-02,7.711817700668308073e-02
6.764798777792521700e-02,6.764798777792521700e-02
7.977964058467568176e-02,7.977964058467568176e-02
6.139268311677868739e-02,6.139268311677868739e-02
6.734429583013379350e-02,6.734429583013379350e-02
6.875221818618346137e-02,6.875221818618346137e-02
1.015873589326887205e-01,1.015873589326887205e-01
5.585944967660524951e-02,5.585944967660524951e-02
5.472641072878385582e-02,5.472641072878385582e-02
8.122322947205252996e-02,8.122322947205252996e-02
4.317757385011759125e-02,4.317757385011759125e-02
7.235146653019586260e-02,7.235146653019586260e-02
9.468616321470375852e-02,9.468616321470375852e-02
7.829364132097443862e-02,7.829364132097443862e-02
7.815714168218823588e-02,7.815714168218823588e-02
6.407953291476596591e-02,6.407953291476596591e-02
6.032244657800907295e-02,6.032244657800907295e-02
8.140451667245196532e-02,8.140451667245196532e-02
7.006877918051554466e-02,7.006877918051554466e-02
6.351717534496799378e-02,6.351717534496799378e-02
6.288350200191986095e-02,6.288350200191986095e-02
7.010546641460431438e-02,7.010546641460431438e-02
7.163004934239852739e-02,7.163004934239852739e-02
7.635195454706186768e-02,7.635195454706186768e-02
6.249768892657076025e-02,6.249768892657076025e-02
5.806730151069891543e-02,5.806730151069891543e-02
7.291167819079191759e-02,7.291167819079191759e-02
8.096599447641342207e-02,8.096599447641342207e-02
6.465340931788042533e-02,6.465340931788042533e-02
7.329975363060636795e-02,7.329975363060636795e-02
7.726867022308635258e-02,7.726867022308635258e-02
6.047616193781236993e-02,6.047616193781236993e-02
9.737314352630176140e-02,9.737314352630176140e-02
7.753470072847078176e-02,7.753470072847078176e-02
6.089682240202143326e-02,6.089682240202143326e-02
7.400649006577603162e-02,7.400649006577603162e-02
7.417857915324271856e-02,7.417857915324271856e-02
4.823550436825222582e-02,4.823550436825222582e-02
5.715803410940365620e-02,5.715803410940365620e-02
6.621054563553691041e-02,6.621054563553691041e-02
7.733567486009243486e-02,7.733567486009243486e-02
6.298807492537500385e-02,6.298807492537500385e-02
7.157212978032273520e-02,7.157212978032273520e-02
7.136153415136006761e-02,7.136153415136006761e-02
6.081268783607186867e-02,6.081268783607186867e-02
6.547508557882182612e-02,6.547508557882182612e-02
6.731831307343558168e-02,6.731831307343558168e-02
7.188179565919597391e-02,7.188179565919597391e-02
7.806396711939146693e-02,7.806396711939146693e-02
6.229805986504501764e-02,6.229805986504501764e-02
5.723912374053490015e-02,5.723912374053490015e-02
7.723019808071218684e-02,7.723019808071218684e-02
6.692492508954649144e-02,6.692492508954649144e-02
8.285591801236487364e-02,8.285591801236487364e-02
6.593224233434152870e-02,6.593224233434152870e-02
5.414655990133979135e-02,5.414655990133979135e-02
7.709508691471521347e-02,7.709508691471521347e-02
7.939544104995352458e-02,7.939544104995352458e-02
8.771879562747347814e-02,8.771879562747347814e-02
8.246961361159986514e-02,8.246961361159986514e-02
7.173965592074071917e-02,7.173965592074071917e-02
6.911706973988152036e-02,6.911706973988152036e-02
8.233281052880603301e-02,8.233281052880603301e-02
7.860651714556701752e-02,7.860651714556701752e-02
5.216539004294093451e-02,5.216539004294093451e-02
6.375600889351021316e-02,6.375600889351021316e-02
6.956559781530967379e-02,6.956559781530967379e-02
7.576992347030295227e-02,7.576992347030295227e-02
6.728255913599967553e-02,6.728255913599967553e-02
5.046559974378487384e-02,5.046559974378487384e-02
6.555536025562054558e-02,6.555536025562054558e-02
7.517110747141020344e-02,7.517110747141020344e-02
7.085754391291040899e-02,7.085754391291040899e-02
4.775406005249209496e-02,4.775406005249209496e-02
7.762581375818798646e-02,7.762581375818798646e-02
7.437271394623720666e-02,7.437271394623720666e-02
7.997378940941510250e-02,7.997378940941510250e-02
6.813537796504529065e-02,6.813537796504529065e-02
5.244387302070084578e-02,5.244387302070084578e-02
6.076530482826922319e-02,6.076530482826922319e-02
6.231998443569396195e-02,6.231998443569396195e-02
6.696797232500142916e-02,6.696797232500142916e-02
6.493283581474691701e-02,6.493283581474691701e-02
7.337227451169217596e-02,7.337227451169217596e-02
6.490674957486183838e-02,6.490674957486183838e-02
7.782382926003725276e-02,7.782382926003725276e-02
6.587036619025490869e-02,6.587036619025490869e-02
6.473395307205209726e-02,6.473395307205209726e-02
5.362566963789145574e-02,5.362566963789145574e-02
7.169991256003563351e-02,7.169991256003563351e-02
7.431673357567737670e-02,7.431673357567737670e-02
6.601370726168333258e-02,6.601370726168333258e-02
7.187400896315382370e-02,7.187400896315382370e-02
7.716340770770858948e-02,7.716340770770858948e-02
8.227058634678056925e-02,8.227058634678056925e-02
4.423153870142496058e-02,4.423153870142496058e-02
6.853083260698297763e-02,6.853083260698297763e-02
8.030195043200613614e-02,8.030195043200613614e-02
6.093559242375402168e-02,6.093559242375402168e-02
6.468530356843912865e-02,6.468530356843912865e-02
7.830453430582888508e-02,7.830453430582888508e-02
7.804093091928873682e-02,7.804093091928873682e-02
7.249612037995599445e-02,7.249612037995599445e-02
6.922784164664713691e-02,6.922784164664713691e-02
7.666953799630822630e-02,7.666953799630822630e-02
7.123847603636823678e-02,7.123847603636823678e-02
5.790480702175229005e-02,5.790480702175229005e-02
7.225150136592418948e-02,7.225150136592418948e-02
9.789682164799737296e-02,9.789682164799737296e-02
4.907754719050660963e-02,4.907754719050660963e-02
8.102218037507311066e-02,8.102218037507311066e-02
7.256538220213402945e-02,7.256538220213402945e-02
7.823462291095238663e-02,7.823462291095238663e-02
6.780174158763345449e-02,6.780174158763345449e-02
8.148713666839657588e-02,8.148713666839657588e-02
6.910278924118895549e-02,6.910278924118895549e-02
6.405743488140666630e-02,6.405743488140666630e-02
7.516996023672067873e-02,7.516996023672067873e-02
6.364219509950910791e-02,6.364219509950910791e-02
6.884724665375363539e-02,6.884724665375363539e-02
7.038137584263048918e-02,7.038137584263048918e-02
4.665137834993143134e-02,4.665137834993143134e-02
9.479463466145535144e-02,9.479463466145535144e-02
5.655639053792398119e-02,5.655639053792398119e-02
7.398517138824971251e-02,7.398517138824971251e-02
5.817932964244042215e-02,5.817932964244042215e-02
7.650392373628978060e-02,7.650392373628978060e-02
7.160374630580496058e-02,7.160374630580496058e-02
6.692719664723542627e-02,6.692719664723542627e-02
6.548570410757195703e-02,6.548570410757195703e-02
7.167832088370637567e-02,7.167832088370637567e-02
6.732896026031558179e-02,6.732896026031558179e-02
8.235547443150631475e-02,8.235547443150631475e-02
6.783484610467514775e-02,6.783484610467514775e-02
8.220903992256922699e-02,8.220903992256922699e-02
6.458494742988103721e-02,6.458494742988103721e-02
5.941867019455457366e-02,5.941867019455457366e-02
7.210594478585211076e-02,7.210594478585211076e-02
4.630099308659760271e-02,4.630099308659760271e-02
6.623909284648234197e-02,6.623909284648234197e-02
6.124228612432708330e-02,6.124228612432708330e-02
6.450972794772584507e-02,6.450972794772584507e-02
6.543404027672819478e-02,6.543404027672819478e-02
6.503493226468541610e-02,6.503493226468541610e-02
8.034135844167858420e-02,8.034135844167858420e-02
8.522137277446281689e-02,8.522137277446281689e-02
5.937447695972890294e-02,5.937447695972890294e-02
6.483874928710628427e-02,6.483874928710628427e-02
7.538280919608600361e-02,7.538280919608600361e-02
8.500826401523521592e-02,8.500826401523521592e-02
5.856106552460253745e-02,5.856106552460253745e-02
7.827836975764679295e-02,7.827836975764679295e-02
7.982327088840085461e-02,7.982327088840085461e-02
6.021768565010358204e-02,6.021768565010358204e-02
6.121029988335521810e-02,6.121029988335521810e-02
7.257888659617665883e-02,7.257888659617665883e-02
6.298942829576362201e-02,6.298942829576362201e-02
5.280576846214191100e-02,5.280576846214191100e-02
7.163837409594871197e-02,7.163837409594871197e-02
7.073969372276686651e-02,7.073969372276686651e-02
5.546952872128046996e-02,5.546952872128046996e-02
7.215076594016589517e-02,7.215076594016589517e-02
8.136741365704426576e-02,8.136741365704426576e-02
4.747631745845194706e-02,4.747631745845194706e-02
7.697133200525120567e-02,7.697133200525120567e-02
6.826623227300536445e-02,6.826623227300536445e-02
7.908484721172603926e-02,7.908484721172603926e-02
8.167346060935046226e-02,8.167346060935046226e-02
7.634589066717351047e-02,7.634589066717351047e-02
5.880389483506267417e-02,5.880389483506267417e-02
9.122157729468716170e-02,9.122157729468716170e-02
6.927102373293875237e-02,6.927102373293875237e-02
8.426191485516168478e-02,8.426191485516168478e-02
8.458579096762511296e-02,8.458579096762511296e-02
7.561372787127684791e-02,7.561372787127684791e-02
8.151570538111117814e-02,8.151570538111117814e-02
7.330923309746648076e-02,7.330923309746648076e-02
6.735395535849642012e-02,6.735395535849642012e-02
6.208232305237045001e-02,6.208232305237045001e-02
7.149026368822503086e-02,7.149026368822503086e-02
7.138811409019626963e-02,7.138811409019626963e-02
7.715161880730860011e-02,7.715161880730860011e-02
6.610883984910875810e-02,6.610883984910875810e-02
5.939004798930244688e-02,5.939004798930244688e-02
6.067293456460851747e-02,6.067293456460851747e-02
6.820254891350076287e-02,6.820254891350076287e-02
7.073427036112794886e-02,7.073427036112794886e-02
7.724103128553327924e-02,7.724103128553327924e-02
6.445149575045404367e-02,6.445149575045404367e-02
5.741238283157377997e-02,5.741238283157377997e-02
6.453570130190929011e-02,6.453570130190929011e-02
7.246978464758493943e-02,7.246978464758493943e-02
6.152433844585782768e-02,6.152433844585782768e-02
6.275349635272839399e-02,6.275349635272839399e-02
7.939214871176607236e-02,7.939214871176607236e-02
7.724807265453151328e-02,7.724807265453151328e-02
8.338702967092470608e-02,8.338702967092470608e-02
6.282482526273794332e-02,6.282482526273794332e-02
8.224044449712110405e-02,8.224044449712110405e-02
8.472317112397295680e-02,8.472317112397295680e-02
8.095950716035242578e-02,8.095950716035242578e-02
6.503928188685584311e-02,6.503928188685584311e-02
7.574966210047857917e-02,7.574966210047857917e-02
6.555833798668109225e-02,6.555833798668109225e-02
8.028442671158533828e-02,8.028442671158533828e-02
8.113383941294635693e-02,8.113383941294635693e-02
6.795380250007107548e-02,6.795380250007107548e-02
6.218001719623322127e-02,6.218001719623322127e-02
7.346202775527058138e-02,7.346202775527058138e-02
7.087460288871140490e-02,7.087460288871140490e-02
6.712219585977977077e-02,6.712219585977977077e-02
7.289477905054111972e-02,7.289477905054111972e-02
6.317414858499570407e-02,6.317414858499570407e-02
6.662216496425391044e-02,6.662216496425391044e-02
6.393811728521249516e-02,6.393811728521249516e-02
7.185221794844595666e-02,7.185221794844595666e-02
6.052019596191833550e-02,6.052019596191833550e-02
8.310241828609594983e-02,8.310241828609594983e-02
6.147151939344627780e-02,6.147151939344627780e-02
6.826117993178583421e-02,6.826117993178583421e-02
5.934248901765361295e-02,5.934248901765361295e-02
4.588817117245084370e-02,4.588817117245084370e-02
6.397212566495143193e-02,6.397212566495143193e-02
7.409958501228046390e-02,7.409958501228046390e-02
8.563175143599360828e-02,8.563175143599360828e-02
6.679264753220912065e-02,6.679264753220912065e-02
7.279951544190001178e-02,7.279951544190001178e-02
7.515677441736501319e-02,7.515677441736501319e-02
7.993703833339296794e-02,7.993703833339296794e-02
6.766340713786637984e-02,6.766340713786637984e-02
6.000402030430643241e-02,6.000402030430643241e-02
7.710878093641965192e-02,7.710878093641965192e-02
7.035703279243159247e-02,7.035703279243159247e-02
6.214596060241235620e-02,6.214596060241235620e-02
7.260507367822588431e-02,7.260507367822588431e-02
8.034289085028681332e-02,8.034289085028681332e-02
7.020768090223575286e-02,7.020768090223575286e-02
9.167980793955143870e-02,9.167980793955143870e-02
9.175800096375871795e-02,9.175800096375871795e-02
6.635681644989027683e-02,6.635681644989027683e-02
8.476261542317396758e-02,8.476261542317396758e-02
7.276306849232930252e-02,7.276306849232930252e-02
7.171623141011163050e-02,7.171623141011163050e-02
5.620772250039073742e-02,5.620772250039073742e-02
8.995427623890892010e-02,8.995427623890892010e-02
7.420598231094358010e-02,7.420598231094358010e-02
6.110435870098712696e-02,6.110435870098712696e-02
7.048874013459185961e-02,7.048874013459185961e-02
7.132664231665634957e-02,7.132664231665634957e-02
6.958871425905489849e-02,6.958871425905489849e-02
4.873274200763116903e-02,4.873274200763116903e-02
4.846664721004347032e-02,4.846664721004347032e-02
8.100593014413781656e-02,8.100593014413781656e-02
5.640382047651840147e-02,5.640382047651840147e-02
6.923147360520112703e-02,6.923147360520112703e-02
5.116959173666954519e-02,5.116959173666954519e-02
6.920321039609225733e-02,6.920321039609225733e-02
7.604256493492789204e-02,7.604256493492789204e-02
7.599155179060748666e-02,7.599155179060748666e-02
6.629167123702459086e-02,6.629167123702459086e-02
6.443205356467945899e-02,6.443205356467945899e-02
5.929018445881827082e-02,5.929018445881827082e-02
9.498931522079374912e-02,9.498931522079374912e-02
5.940825609690664894e-02,5.940825609690664894e-02
7.636410388792655435e-02,7.636410388792655435e-02
6.526413302857998755e-02,6.526413302857998755e-02
6.115334458353305358e-02,6.115334458353305358e-02
8.757771066757466527e-02,8.757771066757466527e-02
6.117487104037987872e-02,6.117487104037987872e-02
7.743178030004038703e-02,7.743178030004038703e-02
5.824031397896597961e-02,5.824031397896597961e-02
6.515021353793518100e-02,6.515021353793518100e-02
8.808290464604667802e-02,8.808290464604667802e-02
7.407421458452614904e-02,7.407421458452614904e-02
7.710853291250760466e-02,7.710853291250760466e-02
8.570681985293152061e-02,8.570681985293152061e-02
6.558205490239918389e-02,6.558205490239918389e-02
6.871861871829168522e-02,6.871861871829168522e-02
6.513974686295151417e-02,6.513974686295151417e-02
4.309993882926568820e-02,4.309993882926568820e-02
7.010988798688388979e-02,7.010988798688388979e-02
7.100172912600036246e-02,7.100172912600036246e-02
7.072276420108639106e-02,7.072276420108639106e-02
7.390307680732888240e-02,7.390307680732888240e-02
6.894901339433522069e-02,6.894901339433522069e-02
8.636852622981078254e-02,8.636852622981078254e-02
7.010475085448403254e-02,7.010475085448403254e-02
8.122299983259090306e-02,8.122299983259090306e-02
7.168547691111080977e-02,7.168547691111080977e-02
8.206259581309319207e-02,8.206259581309319207e-02
