-1.768129841766297866e-02,-1.768129841766297866e-02
-4.477814683601957779e-02,-4.477814683601957779e-02
4.397161860630365710e-03,4.397161860630365710e-03
-3.184278892973628483e-02,-3.184278892973628483e-02
-6.798742655086849329e-03,-6.798742655086849329e-03
-2.111233532292129331e-02,-2.111233532292129331e-02
-3.135701806902426586e-02,-3.135701806902426586e-02
-7.738897361391841589e-03,-7.738897361391841589e-03
-1.768646136051148232e-03,-1.768646136051148232e-03
-1.650602652070377180e-02,-1.650602652070377180e-02
-1.359510694248395463e-02,-1.359510694248395463e-02
-1.938041682383923742e-02,-1.938041682383923742e-02
-3.107877774541052684e-02,-3.107877774541052684e-02
-1.154059594940105848e-02,-1.154059594940105848e-02
-1.952420713354038884e-02,-1.952420713354038884e-02
-3.479603384869581206e-02,-3.479603384869581206e-02
-2.244603594367026306e-02,-2.244603594367026306e-02
-1.811357425325826886e-02,-1.811357425325826886e-02
-1.853779784351046456e-02,-1.853779784351046456e-02
1.022466169452473927e-02,1.022466169452473927e-02
-1.733059693849235000e-02,-1.733059693849235000e-02
1.020860222470693079e-03,1.020860222470693079e-03
-3.465958221053302979e-02,-3.465958221053302979e-02
-1.965039915567733803e-02,-1.965039915567733803e-02
-2.069066579646285792e-02,-2.069066579646285792e-02
-2.306648756983847859e-02,-2.306648756983847859e-02
-3.136793723714741827e-02,-3.136793723714741827e-02
-3.584713939802257332e-02,-3.584713939802257332e-02
-1.132344327400973405e-02,-1.132344327400973405e-02
-3.051349831091340614e-02,-3.051349831091340614e-02
-2.321594696342406394e-02,-2.321594696342406394e-02
-2.105807078467344245e-02,-2.105807078467344245e-02
-4.516619808784885781e-04,-4.516619808784885781e-04
-9.048096526665376504e-03,-9.048096526665376504e-03
-1.244755800609311999e-02,-1.244755800609311999e-02
-3.087246164759652883e-02,-3.087246164759652883e-02
-1.980798953505782944e-02,-1.980798953505782944e-02
-9.409250716912245793e-03,-9.409250716912245793e-03
-2.491748103661010211e-02,-2.491748103661010211e-02
-3.573341353659942321e-03,-3.573341353659942321e-03
-2.548268770779535397e-02,-2.548268770779535397e-02
1.373340874907936007e-02,1.373340874907936007e-02
-2.952148116669864319e-02,-2.952148116669864319e-02
-2.501748119529566966e-02,-2.501748119529566966e-02
-2.374780761080120400e-02,-2.374780761080120400e-02
-1.269209369052205424e-02,-1.269209369052205424e-02
-5.059759082891312348e-03,-5.059759082891312348e-03
-1.146518621705408525e-02,-1.146518621705408525e-02
-2.862527557050793120e-02,-2.862527557050793120e-02
-2.182564609385967414e-02,-2.182564609385967414e-02
-3.611364880660911103e-02,-3.611364880660911103e-02
-3.594312172010372813e-02,-3.594312172010372813e-02
-1.389234594055818728e-02,-1.389234594055818728e-02
-3.724236372885544183e-03,-3.724236372885544183e-03
-1.035778675508364916e-02,-1.035778675508364916e-02
-1.437494752886225857e-02,-1.437494752886225857e-02
-1.843163349527623951e-02,-1.843163349527623951e-02
-1.556337915800671406e-02,-1.556337915800671406e-02
-3.020771259429563121e-02,-3.020771259429563121e-02
-1.716800925069669054e-02,-1.716800925069669054e-02
-1.094301856841262133e-02,-1.094301856841262133e-02
-2.017746584258975698e-02,-2.017746584258975698e-02
-8.825169720634996884e-03,-8.825169720634996884e-03
-2.939173261106784590e-02,-2.939173261106784590e-02
-1.745280744577041437e-02,-1.745280744577041437e-02
-4.238353946690767704e-03,-4.238353946690767704e-03
4.021763721463202795e-03,4.021763721463202795e-03
-3.798474211158856667e-02,-3.798474211158856667e-02
-1.222589371667636912e-02,-1.222589371667636912e-02
-1.697080901987413348e-02,-1.697080901987413348e-02
-1.810368750047483197e-02,-1.810368750047483197e-02
-2.127489529874320578e-02,-2.127489529874320578e-02
1.815067637920192434e-03,1.815067637920192434e-03
-1.158291404786698092e-02,-1.158291404786698092e-02
-2.605709945764898838e-02,-2.605709945764898838e-02
-7.953590417841029103e-04,-7.953590417841029103e-04
-2.412775282371639601e-02,-2.412775282371639601e-02
-5.225122412075670908e-03,-5.225122412075670908e-03
-2.327709265000866418e-02,-2.327709265000866418e-02
-5.638417580595394413e-03,-5.638417580595394413e-03
-1.874601224557592011e-02,-1.874601224557592011e-02
-1.072017157439569129e-02,-1.072017157439569129e-02
-5.804138084864907815e-02,-5.804138084864907815e-02
-3.438697969773037849e-02,-3.438697969773037849e-02
-1.652857401314240457e-02,-1.652857401314240457e-02
-1.254158057746604382e-02,-1.254158057746604382e-02
-1.894524646345410041e-02,-1.894524646345410041e-02
-2.926419951861903429e-02,-2.926419951861903429e-02
-3.198860698725592561e-02,-3.198860698725592561e-02
-2.710510361038297872e-02,-2.710510361038297872e-02
-4.449379250565536209e-02,-4.449379250565536209e-02
-1.038282239314023900e-02,-1.038282239314023900e-02
-2.012733669984788365e-02,-2.012733669984788365e-02
-2.244946919651046036e-02,-2.244946919651046036e-02
-2.236647690413142570e-02,-2.236647690413142570e-02
-6.899019882956866634e-03,-6.899019882956866634e-03
-1.890072910919543547e-02,-1.890072910919543547e-02
-2.107871129687602374e-02,-2.107871129687602374e-02
-4.659273476921182988e-02,-4.659273476921182988e-02
-2.944168005795462506e-02,-2.944168005795462506e-02
-2.265428780483638369e-02,-2.265428780483638369e-02
-5.591832772970047744e-02,-5.591832772970047744e-02
-1.065394753064571182e-02,-1.065394753064571182e-02
-1.818532212753664820e-02,-1.818532212753664820e-02
-3.434027937238531836e-02,-3.434027937238531836e-02
-2.961496952422398160e-02,-2.961496952422398160e-02
-3.818024823616597563e-02,-3.818024823616597563e-02
-2.842841298458262042e-02,-2.842841298458262042e-02
-1.847789388770514074e-02,-1.847789388770514074e-02
-2.156011469723364410e-02,-2.156011469723364410e-02
-2.118889952646870606e-02,-2.118889952646870606e-02
-3.132689960935642476e-02,-3.132689960935642476e-02
-2.394696739787446904e-02,-2.394696739787446904e-02
-1.146513938797261850e-02,-1.146513938797261850e-02
-3.416362112684071667e-02,-3.416362112684071667e-02
1.001527803131849886e-02,1.001527803131849886e-02
-2.927316237692233897e-02,-2.927316237692233897e-02
-3.471626290755514682e-02,-3.471626290755514682e-02
-2.129397102211114112e-02,-2.129397102211114112e-02
-5.424256310643609663e-02,-5.424256310643609663e-02
-3.343256996698060202e-02,-3.343256996698060202e-02
-2.983112483435071405e-02,-2.983112483435071405e-02
-6.937357842139540293e-03,-6.937357842139540293e-03
-8.015856127736146336e-03,-8.015856127736146336e-03
-2.946832135967127064e-02,-2.946832135967127064e-02
-2.260981262616560197e-02,-2.260981262616560197e-02
-1.492777099674703900e-02,-1.492777099674703900e-02
-3.334184061329984600e-02,-3.334184061329984600e-02
-2.269157785834067381e-02,-2.269157785834067381e-02
-2.257909530913426721e-02,-2.257909530913426721e-02
-1.136052609967773408e-02,-1.136052609967773408e-02
-2.738995571200852908e-02,-2.738995571200852908e-02
-3.500841723251272436e-02,-3.500841723251272436e-02
-1.284329819898629918e-02,-1.284329819898629918e-02
-1.053981451018796284e-02,-1.053981451018796284e-02
-6.729598850826138540e-03,-6.729598850826138540e-03
-2.810039202338200648e-02,-2.810039202338200648e-02
-2.005145721778544415e-02,-2.005145721778544415e-02
-1.003758893753883136e-02,-1.003758893753883136e-02
-9.042707953660307496e-03,-9.042707953660307496e-03
-1.364787005129669550e-02,-1.364787005129669550e-02
-3.495956811674010706e-02,-3.495956811674010706e-02
-1.725585673235302889e-02,-1.725585673235302889e-02
-2.483175836399272723e-02,-2.483175836399272723e-02
-2.852821027605275533e-02,-2.852821027605275533e-02
-2.827885775234746657e-03,-2.827885775234746657e-03
-1.990316332076201220e-02,-1.990316332076201220e-02
-2.887484412622876029e-02,-2.887484412622876029e-02
-1.240234289333702611e-02,-1.240234289333702611e-02
-1.637616551074076721e-02,-1.637616551074076721e-02
-9.593404985794216910e-03,-9.593404985794216910e-03
-4.136384166649679367e-02,-4.136384166649679367e-02
-2.755019330860244628e-02,-2.755019330860244628e-02
-4.031231222467957648e-02,-4.031231222467957648e-02
-1.493840398941804343e-02,-1.493840398941804343e-02
-1.625629966504265472e-02,-1.625629966504265472e-02
-3.058514910263927453e-02,-3.058514910263927453e-02
-2.023806953328399078e-02,-2.023806953328399078e-02
-2.211945012303290214e-04,-2.211945012303290214e-04
-3.075361199122286782e-03,-3.075361199122286782e-03
-3.818732520112875367e-02,-3.818732520112875367e-02
-1.956537868796533186e-02,-1.956537868796533186e-02
-3.917058813347673585e-02,-3.917058813347673585e-02
-1.280669529928140510e-02,-1.280669529928140510e-02
-2.837872655109113795e-02,-2.837872655109113795e-02
-3.568135054341943502e-02,-3.568135054341943502e-02
-1.934547846825850764e-02,-1.934547846825850764e-02
-3.268020091961734014e-02,-3.268020091961734014e-02
-2.613254106294886359e-02,-2.613254106294886359e-02
-2.271731075675150618e-02,-2.271731075675150618e-02
-3.741629799447805660e-02,-3.741629799447805660e-02
4.591801457378596324e-03,4.591801457378596324e-03
-1.638202932324779940e-02,-1.638202932324779940e-02
-7.550134519070942490e-03,-7.550134519070942490e-03
-1.310963368765359627e-02,-1.310963368765359627e-02
-2.748473480176943234e-02,-2.748473480176943234e-02
-1.136921716573466301e-02,-1.136921716573466301e-02
-1.663839789392750762e-02,-1.663839789392750762e-02
-2.704902416769069257e-02,-2.704902416769069257e-02
-1.956945063613525770e-03,-1.956945063613525770e-03
-2.860721849078363965e-02,-2.860721849078363965e-02
-3.753914143796162339e-02,-3.753914143796162339e-02
-1.006441597315450853e-02,-1.006441597315450853e-02
-8.170276619156438547e-03,-8.170276619156438547e-03
-1.266192634353502378e-02,-1.266192634353502378e-02
-1.353595319690152621e-02,-1.353595319690152621e-02
-2.886980855500582976e-02,-2.886980855500582976e-02
-2.521997661214887138e-02,-2.521997661214887138e-02
-2.500656280933917508e-02,-2.500656280933917508e-02
-1.589809686725226698e-02,-1.589809686725226698e-02
-1.807232805218544208e-02,-1.807232805218544208e-02
-3.008380809403760070e-02,-3.008380809403760070e-02
-5.149771828578988964e-02,-5.149771828578988964e-02
-5.003040296710768026e-02,-5.003040296710768026e-02
-1.858803547058831412e-02,-1.858803547058831412e-02
-1.743314709080548419e-02,-1.743314709080548419e-02
-1.383937894430218446e-02,-1.383937894430218446e-02
-1.313794269717417917e-02,-1.313794269717417917e-02
1.265318695806619265e-02,1.265318695806619265e-02
-3.314006273797442947e-02,-3.314006273797442947e-02
-2.900336961527297253e-02,-2.900336961527297253e-02
-3.063500693660449470e-02,-3.063500693660449470e-02
-1.652735102557203323e-02,-1.652735102557203323e-02
-2.652685106171712159e-02,-2.652685106171712159e-02
-2.106264529500941757e-02,-2.106264529500941757e-02
-1.756600891991558222e-02,-1.756600891991558222e-02
-1.996430153814629863e-02,-1.996430153814629863e-02
-1.638129526330296681e-02,-1.638129526330296681e-02
-3.469775558640173646e-02,-3.469775558640173646e-02
-4.771025768072863216e-02,-4.771025768072863216e-02
1.563719145417988288e-03,1.563719145417988288e-03
-4.126790164514726467e-03,-4.126790164514726467e-03
-4.048844042161903883e-02,-4.048844042161903883e-02
-4.561908270393712217e-02,-4.561908270393712217e-02
-8.758767304460582381e-03,-8.758767304460582381e-03
-2.023889996341104308e-02,-2.023889996341104308e-02
-3.189934805494533399e-02,-3.189934805494533399e-02
1.027915435380610809e-03,1.027915435380610809e-03
-2.068977866937646640e-02,-2.068977866937646640e-02
-1.958427096022756497e-02,-1.958427096022756497e-02
-2.379652612920708787e-02,-2.379652612920708787e-02
-1.439353474462692906e-02,-1.439353474462692906e-02
-5.286824537234453142e-02,-5.286824537234453142e-02
-1.999160942655751894e-03,-1.999160942655751894e-03
-1.246830411802080790e-02,-1.246830411802080790e-02
-2.504366497457218010e-02,-2.504366497457218010e-02
-3.192244753684854441e-02,-3.192244753684854441e-02
-1.731105232040881792e-02,-1.731105232040881792e-02
-2.134013719733654502e-02,-2.134013719733654502e-02
-1.907243975817383280e-02,-1.907243975817383280e-02
-2.217378949406670352e-02,-2.217378949406670352e-02
-2.941903308363958552e-02,-2.941903308363958552e-02
-2.963614988603821554e-02,-2.963614988603821554e-02
-6.115695934764901753e-03,-6.115695934764901753e-03
-3.207223003930065319e-02,-3.207223003930065319e-02
-1.099377924655898370e-02,-1.099377924655898370e-02
-3.045920875898489033e-02,-3.045920875898489033e-02
2.081694619577042007e-02,2.081694619577042007e-02
-3.879767933080058989e-02,-3.879767933080058989e-02
-1.891591807033290301e-02,-1.891591807033290301e-02
-3.266734852180196852e-02,-3.266734852180196852e-02
-3.370434509557159591e-02,-3.370434509557159591e-02
-3.768205190359925905e-02,-3.768205190359925905e-02
-1.540455684978601913e-02,-1.540455684978601913e-02
-2.201477542646210553e-02,-2.201477542646210553e-02
-3.195729730010560266e-03,-3.195729730010560266e-03
-2.260082332504747410e-02,-2.260082332504747410e-02
-3.398611863252585380e-02,-3.398611863252585380e-02
-2.314157619604432364e-02,-2.314157619604432364e-02
-5.393673576601324543e-02,-5.393673576601324543e-02
-7.793173609720011052e-03,-7.793173609720011052e-03
-3.810594610046474928e-02,-3.810594610046474928e-02
-1.432592715411299539e-02,-1.432592715411299539e-02
-2.328176391988286131e-02,-2.328176391988286131e-02
-1.870997414102497369e-02,-1.870997414102497369e-02
-3.123804102239748082e-02,-3.123804102239748082e-02
-1.114774239809488560e-02,-1.114774239809488560e-02
-1.121984178167009100e-02,-1.121984178167009100e-02
-1.964499689491047696e-02,-1.964499689491047696e-02
-2.888739996515131414e-02,-2.888739996515131414e-02
-2.738242732908694257e-02,-2.738242732908694257e-02
-1.598185130453150596e-02,-1.598185130453150596e-02
-4.259186269879409320e-02,-4.259186269879409320e-02
-7.576792424362020079e-03,-7.576792424362020079e-03
-7.344166662152304403e-03,-7.344166662152304403e-03
-6.917826952712979871e-03,-6.917826952712979871e-03
-3.923006575539430413e-02,-3.923006575539430413e-02
-2.989017935195362186e-02,-2.989017935195362186e-02
-1.571948119293325313e-03,-1.571948119293325313e-03
-4.789326420150208374e-02,-4.789326420150208374e-02
-2.911141938629237952e-02,-2.911141938629237952e-02
-3.798658884775712313e-02,-3.798658884775712313e-02
-3.134793332382784098e-02,-3.134793332382784098e-02
-2.475510011086219653e-02,-2.475510011086219653e-02
-3.899771733193894974e-02,-3.899771733193894974e-02
-6.386045246659623198e-03,-6.386045246659623198e-03
-1.715435279228953031e-02,-1.715435279228953031e-02
-2.333523380219948776e-02,-2.333523380219948776e-02
-1.758849715049416035e-02,-1.758849715049416035e-02
-2.533704112792571975e-02,-2.533704112792571975e-02
-2.572566215802805228e-02,-2.572566215802805228e-02
1.204562029797119974e-02,1.204562029797119974e-02
-3.396768976462704454e-02,-3.396768976462704454e-02
-3.080921617975418414e-02,-3.080921617975418414e-02
-6.188077755020914006e-02,-6.188077755020914006e-02
2.209252157077290502e-03,2.209252157077290502e-03
-3.209450747562523493e-02,-3.209450747562523493e-02
-2.613850560934835587e-02,-2.613850560934835587e-02
1.613087235213923887e-03,1.613087235213923887e-03
-4.750328866738138395e-02,-4.750328866738138395e-02
9.185888067429526932e-03,9.185888067429526932e-03
-1.861724098637494024e-02,-1.861724098637494024e-02
-1.854797822684223219e-02,-1.854797822684223219e-02
-3.721152058342554886e-02,-3.721152058342554886e-02
-2.922683783521955875e-02,-2.922683783521955875e-02
-3.261847326513568623e-02,-3.261847326513568623e-02
-1.313901416396328486e-02,-1.313901416396328486e-02
-2.691818898718496486e-02,-2.691818898718496486e-02
-4.438634938681027681e-02,-4.438634938681027681e-02
-3.531831703726100169e-02,-3.531831703726100169e-02
7.914034580689389281e-03,7.914034580689389281e-03
-3.118317119640825683e-02,-3.118317119640825683e-02
-6.424888746193322536e-03,-6.424888746193322536e-03
-4.113425496452695340e-03,-4.113425496452695340e-03
-5.079485068176460560e-02,-5.079485068176460560e-02
-1.958775493816612007e-02,-1.958775493816612007e-02
-2.761108201905622395e-03,-2.761108201905622395e-03
-2.225650001432415842e-02,-2.225650001432415842e-02
2.096516756256841529e-03,2.096516756256841529e-03
-8.217269766276638632e-03,-8.217269766276638632e-03
-1.384046595776829494e-02,-1.384046595776829494e-02
-4.960444390078838639e-03,-4.960444390078838639e-03
2.951638837578172969e-03,2.951638837578172969e-03
-4.102043188185914430e-02,-4.102043188185914430e-02
-2.740829525597932373e-02,-2.740829525597932373e-02
-1.028518797715798766e-03,-1.028518797715798766e-03
-1.391522584491846487e-02,-1.391522584491846487e-02
-3.387792268130528778e-02,-3.387792268130528778e-02
-2.604722613996088634e-02,-2.604722613996088634e-02
-4.494091946151453076e-02,-4.494091946151453076e-02
-1.207836047808776708e-02,-1.207836047808776708e-02
-2.492866915306688608e-02,-2.492866915306688608e-02
1.446219059854397110e-02,1.446219059854397110e-02
-2.754187424023356312e-03,-2.754187424023356312e-03
-2.585283651567994723e-02,-2.585283651567994723e-02
-2.107670013193139319e-02,-2.107670013193139319e-02
-3.375516311925841340e-02,-3.375516311925841340e-02
-2.132914069832065468e-02,-2.132914069832065468e-02
-2.436790903866878355e-02,-2.436790903866878355e-02
-3.347245931305960209e-02,-3.347245931305960209e-02
-2.382139421548368219e-02,-2.382139421548368219e-02
-2.684472074187219115e-02,-2.684472074187219115e-02
-2.994428647055334680e-02,-2.994428647055334680e-02
6.247820045184142301e-04,6.247820045184142301e-04
-1.506918362086335020e-02,-1.506918362086335020e-02
-3.366286991362472253e-02,-3.366286991362472253e-02
-1.627153177743376200e-02,-1.627153177743376200e-02
-1.353138227771443630e-02,-1.353138227771443630e-02
-1.257164247454312794e-02,-1.257164247454312794e-02
-1.701463041809427035e-02,-1.701463041809427035e-02
-1.789739836678266166e-02,-1.789739836678266166e-02
-1.883385476659984667e-02,-1.883385476659984667e-02
-3.112583200146269713e-03,-3.112583200146269713e-03
-3.087973270386506347e-02,-3.087973270386506347e-02
-4.925906746025568439e-02,-4.925906746025568439e-02
-1.612871024530267150e-02,-1.612871024530267150e-02
-4.320361947779970818e-03,-4.320361947779970818e-03
-1.906621426038901737e-02,-1.906621426038901737e-02
-4.172982090300949437e-02,-4.172982090300949437e-02
-2.380209108783147565e-02,-2.380209108783147565e-02
-2.005474261266783353e-02,-2.005474261266783353e-02
-4.072811761367596539e-02,-4.072811761367596539e-02
-9.767541882891982857e-03,-9.767541882891982857e-03
-2.529133066322012541e-02,-2.529133066322012541e-02
-2.271699786391176423e-02,-2.271699786391176423e-02
-1.841106658999867862e-02,-1.841106658999867862e-02
-2.197721841095477691e-02,-2.197721841095477691e-02
-3.509841736932080292e-02,-3.509841736932080292e-02
-8.934603736072268404e-03,-8.934603736072268404e-03
-3.409291869466420100e-02,-3.409291869466420100e-02
-2.127973797758287572e-02,-2.127973797758287572e-02
-2.749894788493391362e-02,-2.749894788493391362e-02
-1.307423925515404511e-02,-1.307423925515404511e-02
-1.897613653578653775e-02,-1.897613653578653775e-02
6.313470806099813482e-04,6.313470806099813482e-04
-1.168427689305180650e-02,-1.168427689305180650e-02
5.731258230444680191e-03,5.731258230444680191e-03
-4.151422965231170437e-02,-4.151422965231170437e-02
-1.487823498094992258e-02,-1.487823498094992258e-02
-1.447619508246982684e-02,-1.447619508246982684e-02
-2.189853173360239297e-02,-2.189853173360239297e-02
-3.247029168810942196e-02,-3.247029168810942196e-02
-2.996903315665538220e-02,-2.996903315665538220e-02
-3.559088795921384885e-02,-3.559088795921384885e-02
1.649422042742286487e-03,1.649422042742286487e-03
-3.217031405069465527e-02,-3.217031405069465527e-02
-2.133300536537936776e-02,-2.133300536537936776e-02
-9.579179832599329925e-03,-9.579179832599329925e-03
-2.559976225888563328e-03,-2.559976225888563328e-03
-2.186213532343812826e-02,-2.186213532343812826e-02
-1.015090831569514379e-02,-1.015090831569514379e-02
-1.028839310516953959e-02,-1.028839310516953959e-02
-3.426412559422366277e-02,-3.426412559422366277e-02
-3.019932343570057298e-03,-3.019932343570057298e-03
-2.427393183745829575e-02,-2.427393183745829575e-02
-5.429980349704002784e-03,-5.429980349704002784e-03
-9.671927747968721983e-03,-9.671927747968721983e-03
-1.089225335063886621e-02,-1.089225335063886621e-02
-1.019168863449931850e-02,-1.019168863449931850e-02
-1.122330930052534842e-02,-1.122330930052534842e-02
-3.324492618953576312e-02,-3.324492618953576312e-02
-4.219449222572829727e-02,-4.219449222572829727e-02
-1.896483301477575739e-02,-1.896483301477575739e-02
-1.360954752060675177e-02,-1.360954752060675177e-02
-3.418620289982453320e-02,-3.418620289982453320e-02
-4.437735470240069396e-02,-4.437735470240069396e-02
-2.775045796469314402e-02,-2.775045796469314402e-02
-2.296443706131293117e-02,-2.296443706131293117e-02
1.516149086160234818e-02,1.516149086160234818e-02
-1.515481967204833358e-02,-1.515481967204833358e-02
-3.980121177013545841e-02,-3.980121177013545841e-02
-3.701115227246715850e-02,-3.701115227246715850e-02
-4.013424688668287138e-02,-4.013424688668287138e-02
-5.554789719292636818e-03,-5.554789719292636818e-03
-9.502591333034958454e-03,-9.502591333034958454e-03
-1.082208641448003522e-02,-1.082208641448003522e-02
-3.560929964838833311e-02,-3.560929964838833311e-02
-5.831153367730317061e-03,-5.831153367730317061e-03
-8.449554915599264554e-03,-8.449554915599264554e-03
-1.824870437035722853e-02,-1.824870437035722853e-02
-1.776704438891558990e-03,-1.776704438891558990e-03
-1.856063238980703439e-02,-1.856063238980703439e-02
-1.900181943133273307e-02,-1.900181943133273307e-02
-1.830890427377737661e-02,-1.830890427377737661e-02
-1.860009004470170729e-02,-1.860009004470170729e-02
-3.443090338617642299e-02,-3.443090338617642299e-02
-2.231370298364184629e-02,-2.231370298364184629e-02
-8.783529166566050872e-03,-8.783529166566050872e-03
-2.287451536170501121e-02,-2.287451536170501121e-02
-1.508458882232565149e-02,-1.508458882232565149e-02
-1.929447978817376563e-02,-1.929447978817376563e-02
-9.147300684624014300e-03,-9.147300684624014300e-03
-9.452319283649646131e-03,-9.452319283649646131e-03
-1.917693016167327374e-02,-1.917693016167327374e-02
-1.567884214157522563e-02,-1.567884214157522563e-02
-2.026334985527881299e-02,-2.026334985527881299e-02
-2.137814620201189397e-02,-2.137814620201189397e-02
-1.450790011264588980e-02,-1.450790011264588980e-02
-2.942689135829481412e-02,-2.942689135829481412e-02
-1.770386954861798146e-02,-1.770386954861798146e-02
-3.591491178635800724e-02,-3.591491178635800724e-02
-3.768356616150708716e-02,-3.768356616150708716e-02
-2.787661701981923937e-02,-2.787661701981923937e-02
-3.680861906888983209e-02,-3.680861906888983209e-02
-1.571935814375843496e-02,-1.571935814375843496e-02
-1.408636132496854723e-02,-1.408636132496854723e-02
4.188239618751313925e-03,4.188239618751313925e-03
-2.657303621099339069e-02,-2.657303621099339069e-02
-2.197541932439538159e-02,-2.197541932439538159e-02
-1.255445520725284592e-02,-1.255445520725284592e-02
6.204566496971535006e-03,6.204566496971535006e-03
2.277298784032891210e-03,2.277298784032891210e-03
-8.698695510655881508e-03,-8.698695510655881508e-03
-4.077611770354814397e-02,-4.077611770354814397e-02
-2.257069648058197819e-03,-2.257069648058197819e-03
-3.826239659452351782e-02,-3.826239659452351782e-02
-3.588395787582887575e-02,-3.588395787582887575e-02
-1.808738967848789320e-02,-1.808738967848789320e-02
-2.173457053802817923e-02,-2.173457053802817923e-02
-2.382144862017155154e-02,-2.382144862017155154e-02
-3.273314687439291687e-02,-3.273314687439291687e-02
-2.076312989399944214e-02,-2.076312989399944214e-02
-2.874722049589439887e-02,-2.874722049589439887e-02
-2.001286484432236723e-02,-2.001286484432236723e-02
-2.771030896403519489e-02,-2.771030896403519489e-02
-6.502243994980713704e-04,-6.502243994980713704e-04
-1.854894364346603569e-02,-1.854894364346603569e-02
-3.877892230540209290e-02,-3.877892230540209290e-02
-3.086842657217694907e-02,-3.086842657217694907e-02
-5.342441940230820141e-03,-5.342441940230820141e-03
-2.303903368901245863e-02,-2.303903368901245863e-02
-2.325949805060366360e-02,-2.325949805060366360e-02
-3.903994383175081462e-02,-3.903994383175081462e-02
-5.267348341816974200e-02,-5.267348341816974200e-02
-4.403261987302185820e-02,-4.403261987302185820e-02
-3.564296535685814588e-02,-3.564296535685814588e-02
-2.638435953527362710e-02,-2.638435953527362710e-02
-2.973486092326880353e-02,-2.973486092326880353e-02
3.713366058187561602e-05,3.713366058187561602e-05
-1.891817403571763312e-02,-1.891817403571763312e-02
-4.967347736250283391e-03,-4.967347736250283391e-03
-1.249869358908837352e-02,-1.249869358908837352e-02
-1.501966102819196625e-02,-1.501966102819196625e-02
-4.129941705846319061e-02,-4.129941705846319061e-02
-4.835120389992880047e-02,-4.835120389992880047e-02
-4.753608975289584648e-03,-4.753608975289584648e-03
-1.890629274886592229e-02,-1.890629274886592229e-02
-2.442721470210609119e-02,-2.442721470210609119e-02
-3.083498786750454856e-02,-3.083498786750454856e-02
-2.394729985110748138e-02,-2.394729985110748138e-02
-2.242529618861381635e-02,-2.242529618861381635e-02
-3.220159958023436492e-02,-3.220159958023436492e-02
7.055246418226253369e-03,7.055246418226253369e-03
-1.957831627401343880e-02,-1.957831627401343880e-02
-2.011297482703328435e-02,-2.011297482703328435e-02
-3.491138651497240064e-02,-3.491138651497240064e-02
-1.140913052795136662e-03,-1.140913052795136662e-03
-3.813362816947735850e-02,-3.813362816947735850e-02
-8.340935145554242980e-03,-8.340935145554242980e-03
-3.863615011685017642e-02,-3.863615011685017642e-02
-7.126592168817273698e-03,-7.126592168817273698e-03
-2.986178120687639492e-02,-2.986178120687639492e-02
-4.481160770552468364e-02,-4.481160770552468364e-02
-4.795830855619485911e-03,-4.795830855619485911e-03
-1.965914923064482345e-02,-1.965914923064482345e-02
-3.615174804572546252e-02,-3.615174804572546252e-02
-3.873246322259737973e-02,-3.873246322259737973e-02
-1.283574835869553954e-02,-1.283574835869553954e-02
-1.557462060247297858e-02,-1.557462060247297858e-02
-4.708134257225980029e-02,-4.708134257225980029e-02
-1.481641584533887820e-02,-1.481641584533887820e-02
-6.045348310901716565e-03,-6.045348310901716565e-03
-3.624857987681547739e-02,-3.624857987681547739e-02
-2.479205443509007595e-02,-2.479205443509007595e-02
-9.725416615434918921e-03,-9.725416615434918921e-03
-6.023017500230952448e-03,-6.023017500230952448e-03
-3.079540069333577823e-02,-3.079540069333577823e-02
-3.574127785398321933e-02,-3.574127785398321933e-02
-3.718751199096251986e-02,-3.718751199096251986e-02
1.020170297091862327e-03,1.020170297091862327e-03
-2.268710486902010548e-02,-2.268710486902010548e-02
-2.771338362357916169e-02,-2.771338362357916169e-02
-2.892113643704086884e-02,-2.892113643704086884e-02
-3.086209172117895111e-02,-3.086209172117895111e-02
-3.772535604941650716e-02,-3.772535604941650716e-02
-1.849087117996967011e-02,-1.849087117996967011e-02
-8.168839021451872184e-03,-8.168839021451872184e-03
-1.979378088950223269e-02,-1.979378088950223269e-02
-3.602233073176794309e-02,-3.602233073176794309e-02
-2.867069979136271235e-02,-2.867069979136271235e-02
-5.629923042462407767e-02,-5.629923042462407767e-02
-1.821241861953028923e-02,-1.821241861953028923e-02
-2.084732830047008809e-02,-2.084732830047008809e-02
-3.262724195724223120e-02,-3.262724195724223120e-02
-1.447191186794378678e-02,-1.447191186794378678e-02
-9.204874217100717654e-03,-9.204874217100717654e-03
-1.869823412740070565e-02,-1.869823412740070565e-02
-2.040073711253642674e-02,-2.040073711253642674e-02
-3.169976281734934037e-02,-3.169976281734934037e-02
-7.928390991647833730e-03,-7.928390991647833730e-03
-3.165731217145440618e-02,-3.165731217145440618e-02
-5.142932641480655459e-02,-5.142932641480655459e-02
3.983579974924506689e-03,3.983579974924506689e-03
-1.729799597138842460e-02,-1.729799597138842460e-02
-7.825763742929661704e-03,-7.825763742929661704e-03
-2.283534693800920445e-02,-2.283534693800920445e-02
-1.787870364526103137e-02,-1.787870364526103137e-02
-1.192491956900915834e-02,-1.192491956900915834e-02
-4.999569994338536050e-02,-4.999569994338536050e-02
-7.252387026671844317e-03,-7.252387026671844317e-03
-2.508073748110373202e-02,-2.508073748110373202e-02
-2.753135849696650844e-02,-2.753135849696650844e-02
9.695234227507933122e-03,9.695234227507933122e-03
-8.047225943398444298e-03,-8.047225943398444298e-03
7.448396263641764159e-03,7.448396263641764159e-03
-1.792794158527379750e-02,-1.792794158527379750e-02
-4.367855283048754228e-02,-4.367855283048754228e-02
-1.869403024234930072e-02,-1.869403024234930072e-02
-4.184956663891561263e-02,-4.184956663891561263e-02
-2.231933352545532878e-03,-2.231933352545532878e-03
-1.379475097417069002e-02,-1.379475097417069002e-02
-1.696420891371012984e-02,-1.696420891371012984e-02
-1.001655355648753756e-02,-1.001655355648753756e-02
-1.159566431267569642e-02,-1.159566431267569642e-02
-4.882866914341840725e-02,-4.882866914341840725e-02
-1.010346857486016381e-02,-1.010346857486016381e-02
1.343545214849705544e-03,1.343545214849705544e-03
-3.231397665587707607e-02,-3.231397665587707607e-02
-7.600473200975808863e-03,-7.600473200975808863e-03
-2.338276704400504488e-02,-2.338276704400504488e-02
-1.929464124557615096e-02,-1.929464124557615096e-02
-8.139228382478422286e-03,-8.139228382478422286e-03
-2.972318868986145030e-02,-2.972318868986145030e-02
-2.193453611862702934e-02,-2.193453611862702934e-02
-2.468149964371600669e-02,-2.468149964371600669e-02
-2.896580456328845532e-04,-2.896580456328845532e-04
-3.915322712185418524e-02,-3.915322712185418524e-02
-4.495166898515211978e-03,-4.495166898515211978e-03
-1.437348773949374825e-03,-1.437348773949374825e-03
-1.180855352181732487e-02,-1.180855352181732487e-02
-8.823243832661059605e-03,-8.823243832661059605e-03
-6.366721200462971408e-04,-6.366721200462971408e-04
-2.805685243583254385e-02,-2.805685243583254385e-02
-3.117663288852465242e-02,-3.117663288852465242e-02
-1.659658841381504712e-02,-1.659658841381504712e-02
-3.372244462327818326e-03,-3.372244462327818326e-03
-3.581894922723462271e-02,-3.581894922723462271e-02
-3.558379146061214915e-02,-3.558379146061214915e-02
-3.964635637433665954e-03,-3.964635637433665954e-03
-2.271386845992966891e-02,-2.271386845992966891e-02
-1.914574964783541389e-02,-1.914574964783541389e-02
-3.205158822477494757e-02,-3.205158822477494757e-02
-3.118550497400714855e-02,-3.118550497400714855e-02
-2.134034212389108315e-02,-2.134034212389108315e-02
-1.409004633305396825e-02,-1.409004633305396825e-02
2.549337836004163943e-03,2.549337836004163943e-03
-2.307282389837933545e-02,-2.307282389837933545e-02
-1.220518266926307743e-02,-1.220518266926307743e-02
-2.337786740626263127e-02,-2.337786740626263127e-02
-1.329631899835435199e-02,-1.329631899835435199e-02
-1.863435085325514801e-02,-1.863435085325514801e-02
-3.179727280200947415e-02,-3.179727280200947415e-02
-2.407040759755305070e-02,-2.407040759755305070e-02
-3.439859039080087055e-02,-3.439859039080087055e-02
-5.125841549818620224e-03,-5.125841549818620224e-03
-1.846313477571179251e-02,-1.846313477571179251e-02
-3.164273213978385790e-03,-3.164273213978385790e-03
-6.261323456070097548e-03,-6.261323456070097548e-03
-2.523943612125860436e-02,-2.523943612125860436e-02
-3.116363982606891458e-02,-3.116363982606891458e-02
-1.794166055551564554e-02,-1.794166055551564554e-02
-2.117947818120189535e-02,-2.117947818120189535e-02
-2.250494639714189712e-02,-2.250494639714189712e-02
-1.295203906021684392e-02,-1.295203906021684392e-02
-3.034740215499149088e-02,-3.034740215499149088e-02
-3.633343437540959703e-02,-3.633343437540959703e-02
-4.136331955992463005e-02,-4.136331955992463005e-02
-3.698457997971733857e-02,-3.698457997971733857e-02
-3.074513498027932334e-02,-3.074513498027932334e-02
-3.204342383490870610e-02,-3.204342383490870610e-02
-1.170558243796658571e-03,-1.170558243796658571e-03
-1.568712962839962852e-02,-1.568712962839962852e-02
-1.749114033377376781e-02,-1.749114033377376781e-02
-1.266010145996216557e-03,-1.266010145996216557e-03
-1.297374922485029086e-02,-1.297374922485029086e-02
-2.738678807734436574e-02,-2.738678807734436574e-02
-1.934400434806519964e-03,-1.934400434806519964e-03
-1.868010227186703287e-02,-1.868010227186703287e-02
-1.119358292552601053e-02,-1.119358292552601053e-02
-2.141284429075524659e-02,-2.141284429075524659e-02
-2.413447057049565234e-02,-2.413447057049565234e-02
-2.505283133091979614e-02,-2.505283133091979614e-02
-2.917276245400696535e-02,-2.917276245400696535e-02
-3.589543259526661173e-02,-3.589543259526661173e-02
-1.874122443861095735e-02,-1.874122443861095735e-02
-2.042564665129700807e-02,-2.042564665129700807e-02
-2.288528875595885470e-02,-2.288528875595885470e-02
-3.674279673395722257e-02,-3.674279673395722257e-02
-4.115585997631476811e-02,-4.115585997631476811e-02
-1.427884880270122864e-02,-1.427884880270122864e-02
-4.647848339867690498e-02,-4.647848339867690498e-02
-1.299840433300716858e-02,-1.299840433300716858e-02
-1.715997353448761240e-02,-1.715997353448761240e-02
-2.716350068301284088e-03,-2.716350068301284088e-03
-1.782724650725446558e-02,-1.782724650725446558e-02
-5.285928766134102841e-03,-5.285928766134102841e-03
-2.531521025600413227e-02,-2.531521025600413227e-02
-2.288291987554579021e-02,-2.288291987554579021e-02
-3.887907001005538182e-02,-3.887907001005538182e-02
-1.241872579584989145e-02,-1.241872579584989145e-02
-2.462066707913908303e-02,-2.462066707913908303e-02
-3.714541234499289801e-02,-3.714541234499289801e-02
-2.367312210041605525e-02,-2.367312210041605525e-02
-1.317735147841489485e-02,-1.317735147841489485e-02
-2.544024547091327387e-02,-2.544024547091327387e-02
-8.935930862713652167e-03,-8.935930862713652167e-03
-1.917895214199719089e-02,-1.917895214199719089e-02
-1.275142561897018093e-02,-1.275142561897018093e-02
-2.470826330474808902e-02,-2.470826330474808902e-02
-3.949546749019235137e-02,-3.949546749019235137e-02
-1.988022921965058171e-02,-1.988022921965058171e-02
-3.980515127471614262e-02,-3.980515127471614262e-02
-1.478205715137532669e-02,-1.478205715137532669e-02
-1.381865034554964622e-02,-1.381865034554964622e-02
-1.791977994567219012e-02,-1.791977994567219012e-02
-2.158599073521082212e-02,-2.158599073521082212e-02
-1.782238587427022181e-02,-1.782238587427022181e-02
-2.176557173138088386e-02,-2.176557173138088386e-02
-1.826994147749830960e-02,-1.826994147749830960e-02
-4.165722744060466887e-02,-4.165722744060466887e-02
-1.670050390246306804e-02,-1.670050390246306804e-02
-1.109044755563162038e-02,-1.109044755563162038e-02
-1.995450628576167160e-02,-1.995450628576167160e-02
-2.006030089719849224e-02,-2.006030089719849224e-02
-1.778159877154984747e-02,-1.778159877154984747e-02
-2.475320672200328337e-02,-2.475320672200328337e-02
-4.236291443792430944e-02,-4.236291443792430944e-02
-5.079640219012059033e-02,-5.079640219012059033e-02
-3.913018235977279435e-02,-3.913018235977279435e-02
-1.772794042468845907e-02,-1.772794042468845907e-02
-3.194206181941554312e-02,-3.194206181941554312e-02
-1.792412860009235179e-02,-1.792412860009235179e-02
7.161499201724201569e-04,7.161499201724201569e-04
-6.643113533330420595e-03,-6.643113533330420595e-03
-2.246536051431054226e-03,-2.246536051431054226e-03
-5.256035732769240298e-03,-5.256035732769240298e-03
-1.348515589618699828e-02,-1.348515589618699828e-02
-6.836441709176011711e-03,-6.836441709176011711e-03
-2.236606857673258120e-02,-2.236606857673258120e-02
-1.209183720579855986e-02,-1.209183720579855986e-02
-2.043660593194342179e-02,-2.043660593194342179e-02
-1.646931192946614331e-02,-1.646931192946614331e-02
-5.223455106154423905e-03,-5.223455106154423905e-03
-3.051272379719555464e-02,-3.051272379719555464e-02
-1.664787686499067526e-02,-1.664787686499067526e-02
5.194620713905088311e-03,5.194620713905088311e-03
-9.203417939937022507e-03,-9.203417939937022507e-03
-1.811520278061822670e-02,-1.811520278061822670e-02
-2.743396993649351717e-02,-2.743396993649351717e-02
-4.161353350253124000e-02,-4.161353350253124000e-02
-6.327093146865289675e-04,-6.327093146865289675e-04
-3.675138208464657358e-02,-3.675138208464657358e-02
5.753627390187886215e-03,5.753627390187886215e-03
-1.467240593514522462e-02,-1.467240593514522462e-02
-1.953180578447543531e-02,-1.953180578447543531e-02
-1.178771888046187266e-03,-1.178771888046187266e-03
-3.181918547491650873e-02,-3.181918547491650873e-02
-3.661219621999733248e-02,-3.661219621999733248e-02
-6.060636897368112258e-02,-6.060636897368112258e-02
-2.720144565408900983e-02,-2.720144565408900983e-02
-1.510813784118858472e-02,-1.510813784118858472e-02
-8.004413889829121997e-03,-8.004413889829121997e-03
-1.411203383173267184e-02,-1.411203383173267184e-02
-4.328103836881545818e-02,-4.328103836881545818e-02
-5.632265581179914105e-03,-5.632265581179914105e-03
-3.127337426331251724e-02,-3.127337426331251724e-02
-1.547762268937482102e-02,-1.547762268937482102e-02
-2.779255618999502270e-02,-2.779255618999502270e-02
-2.712319429465773896e-02,-2.712319429465773896e-02
6.548067452184794246e-03,6.548067452184794246e-03
-8.726054221974071518e-03,-8.726054221974071518e-03
-1.841318970043761064e-02,-1.841318970043761064e-02
-1.850840388395625508e-02,-1.850840388395625508e-02
-3.265927994225442665e-02,-3.265927994225442665e-02
-3.143066355931601469e-02,-3.143066355931601469e-02
-2.194539184091331627e-02,-2.194539184091331627e-02
-1.900710134125412759e-02,-1.900710134125412759e-02
-1.060276018079926025e-02,-1.060276018079926025e-02
-1.156368513972031581e-02,-1.156368513972031581e-02
-2.431452408791757308e-02,-2.431452408791757308e-02
-2.707119865278138221e-02,-2.707119865278138221e-02
-3.944752181300791027e-02,-3.944752181300791027e-02
-1.686672755367640136e-02,-1.686672755367640136e-02
-3.016493609774491963e-02,-3.016493609774491963e-02
-2.260773657573193068e-02,-2.260773657573193068e-02
-4.616246527152102763e-02,-4.616246527152102763e-02
-3.168203012186731476e-02,-3.168203012186731476e-02
-2.078720804066335956e-02,-2.078720804066335956e-02
-1.489527068582682107e-02,-1.489527068582682107e-02
-1.868257248842778925e-02,-1.868257248842778925e-02
-1.571232010962397840e-02,-1.571232010962397840e-02
-2.869344563919579497e-02,-2.869344563919579497e-02
-3.167674604102792973e-02,-3.167674604102792973e-02
-2.377026029359867801e-02,-2.377026029359867801e-02
-3.229364372643538095e-02,-3.229364372643538095e-02
-1.239353998927369277e-02,-1.239353998927369277e-02
-3.073638215448471975e-02,-3.073638215448471975e-02
-3.000555833603658212e-02,-3.000555833603658212e-02
-1.697764010133271523e-02,-1.697764010133271523e-02
-3.491434864711286112e-02,-3.491434864711286112e-02
-2.828646123699013470e-02,-2.828646123699013470e-02
-1.832826021940665157e-02,-1.832826021940665157e-02
-8.451583670695435313e-03,-8.451583670695435313e-03
-2.216403382117467652e-02,-2.216403382117467652e-02
-2.582992003423054128e-02,-2.582992003423054128e-02
-2.583837472569225358e-02,-2.583837472569225358e-02
-1.653811805406469118e-02,-1.653811805406469118e-02
-1.024879415676496069e-02,-1.024879415676496069e-02
-1.199302366161836969e-02,-1.199302366161836969e-02
-5.684068502691583258e-03,-5.684068502691583258e-03
-1.808810211614865493e-02,-1.808810211614865493e-02
-2.896718707062134052e-03,-2.896718707062134052e-03
-3.597025492885597836e-02,-3.597025492885597836e-02
-8.422756187187109556e-03,-8.422756187187109556e-03
-1.824586593627884612e-02,-1.824586593627884612e-02
-3.441284323081982011e-02,-3.441284323081982011e-02
-1.819829632148250304e-02,-1.819829632148250304e-02
-5.846626018110867573e-04,-5.846626018110867573e-04
-3.463285958330911823e-02,-3.463285958330911823e-02
-6.394927084105675452e-03,-6.394927084105675452e-03
-3.898286967955698346e-02,-3.898286967955698346e-02
-1.991243710547384305e-02,-1.991243710547384305e-02
-2.591174541511511581e-02,-2.591174541511511581e-02
-1.129396632071949513e-02,-1.129396632071949513e-02
-2.264194749408766916e-02,-2.264194749408766916e-02
-1.069256030514226935e-02,-1.069256030514226935e-02
-3.393338118558679450e-02,-3.393338118558679450e-02
-8.132243798798118734e-03,-8.132243798798118734e-03
-4.677497933021498855e-02,-4.677497933021498855e-02
-2.751595516492877716e-02,-2.751595516492877716e-02
-1.804924353291267186e-02,-1.804924353291267186e-02
-1.445820803148121364e-02,-1.445820803148121364e-02
-5.206226545943801881e-02,-5.206226545943801881e-02
-3.687795840085902888e-02,-3.687795840085902888e-02
-3.269032708968080264e-02,-3.269032708968080264e-02
-1.834925771123237237e-02,-1.834925771123237237e-02
2.128487362109493519e-03,2.128487362109493519e-03
-1.657630929104052242e-02,-1.657630929104052242e-02
-4.591004735240335893e-02,-4.591004735240335893e-02
-9.241693266509302951e-03,-9.241693266509302951e-03
9.292102070621876403e-03,9.292102070621876403e-03
-3.061833230061065253e-02,-3.061833230061065253e-02
-3.565103326679408546e-02,-3.565103326679408546e-02
-2.028725226165441903e-02,-2.028725226165441903e-02
-2.968085364950659791e-02,-2.968085364950659791e-02
-1.244136733844103393e-02,-1.244136733844103393e-02
-2.522757628285456077e-02,-2.522757628285456077e-02
-2.143298016456747154e-02,-2.143298016456747154e-02
-2.527672595398622324e-02,-2.527672595398622324e-02
-1.638217761690229785e-02,-1.638217761690229785e-02
-1.293223594151283670e-02,-1.293223594151283670e-02
-1.075842098454514104e-02,-1.075842098454514104e-02
-3.586060583110472350e-02,-3.586060583110472350e-02
3.189352525113497289e-03,3.189352525113497289e-03
-8.443055025090774601e-03,-8.443055025090774601e-03
-2.154458088591119230e-02,-2.154458088591119230e-02
-2.320654448628173272e-02,-2.320654448628173272e-02
-2.429041420552625896e-02,-2.429041420552625896e-02
-2.186005139135590442e-02,-2.186005139135590442e-02
-3.288627838424869332e-02,-3.288627838424869332e-02
2.398478960861472747e-03,2.398478960861472747e-03
-2.647709517609670576e-02,-2.647709517609670576e-02
-4.585458910966171142e-02,-4.585458910966171142e-02
-1.780545910340644578e-02,-1.780545910340644578e-02
-1.632803611391550613e-02,-1.632803611391550613e-02
-1.825100851472312435e-03,-1.825100851472312435e-03
-1.843795540472458611e-02,-1.843795540472458611e-02
-3.723255584179058914e-02,-3.723255584179058914e-02
-8.436940513729979108e-03,-8.436940513729979108e-03
-1.788797405277805369e-02,-1.788797405277805369e-02
-9.464708708401846360e-03,-9.464708708401846360e-03
-3.802076526567367554e-02,-3.802076526567367554e-02
-1.337947203583195188e-02,-1.337947203583195188e-02
-1.943190791413451635e-02,-1.943190791413451635e-02
-1.501683855246246230e-02,-1.501683855246246230e-02
-4.827996775636290983e-02,-4.827996775636290983e-02
-1.918043468748372588e-02,-1.918043468748372588e-02
-1.474380964520867476e-02,-1.474380964520867476e-02
-3.636541914594261515e-02,-3.636541914594261515e-02
-1.124029168193595510e-02,-1.124029168193595510e-02
-2.988631993033262144e-02,-2.988631993033262144e-02
-2.138055621435339115e-02,-2.138055621435339115e-02
1.386531628810356437e-02,1.386531628810356437e-02
-1.206543172242467710e-02,-1.206543172242467710e-02
-4.509028415308736354e-02,-4.509028415308736354e-02
-2.664975319176799556e-03,-2.664975319176799556e-03
-2.403081741357934037e-02,-2.403081741357934037e-02
-3.854876685069558856e-02,-3.854876685069558856e-02
-1.251624748786199504e-02,-1.251624748786199504e-02
1.165313681159720061e-03,1.165313681159720061e-03
-2.873525256842127812e-02,-2.873525256842127812e-02
-1.350567967668579727e-02,-1.350567967668579727e-02
-3.577732621776859301e-02,-3.577732621776859301e-02
-1.942457446569234580e-02,-1.942457446569234580e-02
-1.127850155523191927e-02,-1.127850155523191927e-02
-1.776590482833644360e-02,-1.776590482833644360e-02
-2.169945845640913404e-02,-2.169945845640913404e-02
-1.577998869337052246e-02,-1.577998869337052246e-02
-2.902915051004877761e-02,-2.902915051004877761e-02
-2.675110135482331591e-02,-2.675110135482331591e-02
-2.761145174290872625e-02,-2.761145174290872625e-02
-1.434123555866020916e-02,-1.434123555866020916e-02
-1.760668060214400088e-02,-1.760668060214400088e-02
-1.193012859776716728e-02,-1.193012859776716728e-02
-8.711075364944323440e-03,-8.711075364944323440e-03
-2.762179621150994552e-02,-2.762179621150994552e-02
-1.675171259033492177e-02,-1.675171259033492177e-02
-1.611505871597192913e-02,-1.611505871597192913e-02
-9.004094434843425837e-03,-9.004094434843425837e-03
-1.442137803721099676e-02,-1.442137803721099676e-02
5.548416308093696847e-03,5.548416308093696847e-03
-1.912647513946219222e-02,-1.912647513946219222e-02
-1.596446048161129921e-02,-1.596446048161129921e-02
-2.927245226678047707e-02,-2.927245226678047707e-02
-4.254211022518689100e-03,-4.254211022518689100e-03
-3.141907528119265713e-02,-3.141907528119265713e-02
-1.068117348519970894e-02,-1.068117348519970894e-02
-1.122741170510584488e-02,-1.122741170510584488e-02
-5.782730920504252498e-03,-5.782730920504252498e-03
-2.874409298363177212e-02,-2.874409298363177212e-02
-3.930852860265394294e-02,-3.930852860265394294e-02
-1.008539110406035666e-02,-1.008539110406035666e-02
-3.192288839794685945e-02,-3.192288839794685945e-02
-8.566864837059526283e-04,-8.566864837059526283e-04
-2.304363865848995524e-02,-2.304363865848995524e-02
-1.269785031035097420e-02,-1.269785031035097420e-02
-2.923460949883600196e-02,-2.923460949883600196e-02
-2.012173351598215559e-02,-2.012173351598215559e-02
-3.394045071600453739e-02,-3.394045071600453739e-02
-1.431678730647094680e-02,-1.431678730647094680e-02
-3.900957558409205717e-02,-3.900957558409205717e-02
-2.343146442000876989e-02,-2.343146442000876989e-02
-2.761642151112531085e-02,-2.761642151112531085e-02
-1.998534368515031412e-02,-1.998534368515031412e-02
-1.223028105378153735e-02,-1.223028105378153735e-02
-2.966390124825139460e-02,-2.966390124825139460e-02
-1.654311866194829728e-02,-1.654311866194829728e-02
-2.409969282687877273e-02,-2.409969282687877273e-02
-1.919490421630904234e-02,-1.919490421630904234e-02
-1.115402318110994898e-02,-1.115402318110994898e-02
-3.753524909385395208e-02,-3.753524909385395208e-02
-2.290393731177473025e-02,-2.290393731177473025e-02
-6.093580901692374763e-03,-6.093580901692374763e-03
-1.236637998703213337e-02,-1.236637998703213337e-02
-6.011411383611553472e-04,-6.011411383611553472e-04
-6.817620669738348044e-03,-6.817620669738348044e-03
-4.485679505519289678e-02,-4.485679505519289678e-02
3.581690832790033335e-03,3.581690832790033335e-03
-4.691943240672735022e-02,-4.691943240672735022e-02
5.694413181719336359e-03,5.694413181719336359e-03
-2.388018577445853025e-02,-2.388018577445853025e-02
-2.406817436033693858e-02,-2.406817436033693858e-02
-1.054926610582950994e-02,-1.054926610582950994e-02
-2.725284644729884104e-02,-2.725284644729884104e-02
-3.380839528649550590e-02,-3.380839528649550590e-02
-4.195706310802457123e-02,-4.195706310802457123e-02
-1.015194387329864528e-02,-1.015194387329864528e-02
-2.892452312606755976e-02,-2.892452312606755976e-02
-2.679982644406574133e-03,-2.679982644406574133e-03
6.973908338241963101e-04,6.973908338241963101e-04
-3.323468359258708454e-02,-3.323468359258708454e-02
-3.424063007766368905e-03,-3.424063007766368905e-03
-3.273753204603085942e-02,-3.273753204603085942e-02
-2.898818396000799741e-02,-2.898818396000799741e-02
-1.416863700852741964e-02,-1.416863700852741964e-02
-2.386707687053597760e-02,-2.386707687053597760e-02
-1.196481425789549385e-02,-1.196481425789549385e-02
-5.109080922553903281e-03,-5.109080922553903281e-03
-4.162005431735662370e-02,-4.162005431735662370e-02
-1.217905875708266694e-02,-1.217905875708266694e-02
-8.026077382902556401e-03,-8.026077382902556401e-03
-2.286704266476225975e-02,-2.286704266476225975e-02
-2.496098404551706784e-02,-2.496098404551706784e-02
-2.630450307609791954e-02,-2.630450307609791954e-02
-7.923697728759199199e-03,-7.923697728759199199e-03
-2.396318894935255128e-02,-2.396318894935255128e-02
-2.576859097552646263e-02,-2.576859097552646263e-02
-4.574695667007340483e-02,-4.574695667007340483e-02
-2.620659370471484229e-02,-2.620659370471484229e-02
-4.901679299207244850e-03,-4.901679299207244850e-03
-1.729463337583985946e-02,-1.729463337583985946e-02
-3.130983188282745328e-02,-3.130983188282745328e-02
-3.089086715535275390e-02,-3.089086715535275390e-02
-2.799804911145467590e-02,-2.799804911145467590e-02
-2.062275495846843665e-02,-2.062275495846843665e-02
-2.798927086340281811e-02,-2.798927086340281811e-02
-3.244695985636982666e-02,-3.244695985636982666e-02
-1.644585443621792570e-02,-1.644585443621792570e-02
-2.999394806264813612e-02,-2.999394806264813612e-02
-3.368384759878647466e-02,-3.368384759878647466e-02
-1.630226601146471735e-02,-1.630226601146471735e-02
-1.639815764879302973e-02,-1.639815764879302973e-02
-2.830714020463095948e-02,-2.830714020463095948e-02
-6.571535054431372480e-03,-6.571535054431372480e-03
2.286222212636825762e-03,2.286222212636825762e-03
-1.639172654905259041e-02,-1.639172654905259041e-02
-2.742595858687000426e-02,-2.742595858687000426e-02
-2.324961854327423083e-02,-2.324961854327423083e-02
-1.755544692582464150e-02,-1.755544692582464150e-02
-5.461819095836646654e-02,-5.461819095836646654e-02
-1.364940060628060114e-02,-1.364940060628060114e-02
-4.453069970211030043e-03,-4.453069970211030043e-03
-1.111718683562807827e-02,-1.111718683562807827e-02
-2.470356140449369436e-02,-2.470356140449369436e-02
-6.220626294885324425e-03,-6.220626294885324425e-03
-1.410420026824142636e-04,-1.410420026824142636e-04
-1.600842877860901917e-02,-1.600842877860901917e-02
-3.985565749391632717e-02,-3.985565749391632717e-02
-7.282186901534475065e-04,-7.282186901534475065e-04
-7.152323852066301557e-03,-7.152323852066301557e-03
-2.525960249677149105e-02,-2.525960249677149105e-02
-1.982193441015334817e-02,-1.982193441015334817e-02
-1.020889443225416957e-02,-1.020889443225416957e-02
-1.347527902722904514e-02,-1.347527902722904514e-02
-3.512914514340305383e-02,-3.512914514340305383e-02
-1.032781228969425341e-02,-1.032781228969425341e-02
-1.986616594716645104e-02,-1.986616594716645104e-02
-3.362111548865304167e-02,-3.362111548865304167e-02
-4.170600522589572312e-03,-4.170600522589572312e-03
-1.655097458720083958e-03,-1.655097458720083958e-03
-1.345542485410111677e-02,-1.345542485410111677e-02
-6.177372443737075280e-03,-6.177372443737075280e-03
-1.452908404532440162e-02,-1.452908404532440162e-02
-1.036967679571350331e-02,-1.036967679571350331e-02
-1.979889724821949984e-02,-1.979889724821949984e-02
-1.248914498902498060e-02,-1.248914498902498060e-02
-3.794012443867381124e-02,-3.794012443867381124e-02
-3.428743892475495658e-02,-3.428743892475495658e-02
-2.683576927512190680e-02,-2.683576927512190680e-02
-1.609107382634926420e-02,-1.609107382634926420e-02
2.735739942534141933e-03,2.735739942534141933e-03
4.076892099095209832e-03,4.076892099095209832e-03
-5.324452240947737808e-03,-5.324452240947737808e-03
-3.963055311730752373e-02,-3.963055311730752373e-02
-2.854524769838462372e-02,-2.854524769838462372e-02
-1.003942966889357843e-02,-1.003942966889357843e-02
-3.435274405965069167e-02,-3.435274405965069167e-02
-4.012629823569868748e-04,-4.012629823569868748e-04
-2.868845928542969326e-02,-2.868845928542969326e-02
-3.200849280498334337e-02,-3.200849280498334337e-02
-2.298014636051153720e-02,-2.298014636051153720e-02
-1.404226477416906788e-02,-1.404226477416906788e-02
-3.566443605366163838e-02,-3.566443605366163838e-02
-3.132072683249467054e-02,-3.132072683249467054e-02
-2.129109082076718895e-02,-2.129109082076718895e-02
-7.728259187784039530e-03,-7.728259187784039530e-03
-1.388416478840028348e-02,-1.388416478840028348e-02
-1.265661089659103622e-02,-1.265661089659103622e-02
-1.294664571901125646e-02,-1.294664571901125646e-02
-2.571863388090539493e-02,-2.571863388090539493e-02
-5.268038722939633739e-02,-5.268038722939633739e-02
-4.016497988188041240e-02,-4.016497988188041240e-02
-1.115719612380938752e-03,-1.115719612380938752e-03
-3.439214496338930532e-02,-3.439214496338930532e-02
-2.847545939429131645e-02,-2.847545939429131645e-02
-8.949276264272040815e-03,-8.949276264272040815e-03
-1.279364690900269136e-02,-1.279364690900269136e-02
-1.983470020251032473e-02,-1.983470020251032473e-02
-3.682700752073775341e-03,-3.682700752073775341e-03
-1.619065883309098869e-02,-1.619065883309098869e-02
-1.943211588847743726e-02,-1.943211588847743726e-02
-1.893139880529137037e-02,-1.893139880529137037e-02
-2.055388773211411918e-02,-2.055388773211411918e-02
-1.762879359822728392e-02,-1.762879359822728392e-02
-1.418762224894996177e-02,-1.418762224894996177e-02
-1.285084778699456531e-02,-1.285084778699456531e-02
2.188860866139889783e-03,2.188860866139889783e-03
-1.022099568236209399e-02,-1.022099568236209399e-02
-1.290493505173990335e-02,-1.290493505173990335e-02
-2.362181609030943735e-02,-2.362181609030943735e-02
-1.228513471062813583e-02,-1.228513471062813583e-02
2.471705294780079942e-03,2.471705294780079942e-03
-3.096680419850766225e-02,-3.096680419850766225e-02
-5.925961500793601455e-03,-5.925961500793601455e-03
-4.597111977342881184e-03,-4.597111977342881184e-03
-3.023635718536982209e-02,-3.023635718536982209e-02
-2.510922659121571365e-02,-2.510922659121571365e-02
-2.347537019897068949e-02,-2.347537019897068949e-02
-8.504595857682283044e-03,-8.504595857682283044e-03
-3.072805787528339744e-02,-3.072805787528339744e-02
8.022626403642769966e-04,8.022626403642769966e-04
-1.026437314685236385e-02,-1.026437314685236385e-02
-1.671979950708398638e-02,-1.671979950708398638e-02
-2.254871193210800789e-02,-2.254871193210800789e-02
-1.837430513784796965e-02,-1.837430513784796965e-02
-1.417428299470741698e-02,-1.417428299470741698e-02
-3.318560846669801889e-03,-3.318560846669801889e-03
-2.277222100130623511e-02,-2.277222100130623511e-02
-4.905339943829738897e-02,-4.905339943829738897e-02
9.077931129359253365e-03,9.077931129359253365e-03
-4.195323631855582547e-03,-4.195323631855582547e-03
-2.590047029911142495e-02,-2.590047029911142495e-02
4.659036896637033798e-03,4.659036896637033798e-03
-1.466008330953155053e-02,-1.466008330953155053e-02
-3.564018546016515382e-02,-3.564018546016515382e-02
-1.661738946749576409e-02,-1.661738946749576409e-02
-3.322194754101540082e-02,-3.322194754101540082e-02
-1.359974768416309654e-02,-1.359974768416309654e-02
-3.846480705973329139e-02,-3.846480705973329139e-02
-4.121313687263324088e-03,-4.121313687263324088e-03
-2.194154295835602092e-02,-2.194154295835602092e-02
-1.374015352280654606e-02,-1.374015352280654606e-02
-1.094655197517330897e-02,-1.094655197517330897e-02
-1.502466252505656880e-02,-1.502466252505656880e-02
-4.845372082477185371e-03,-4.845372082477185371e-03
-8.306105265517213510e-03,-8.306105265517213510e-03
-1.976832097086828749e-02,-1.976832097086828749e-02
-8.429729728310558085e-03,-8.429729728310558085e-03
-1.331444688122634945e-02,-1.331444688122634945e-02
-2.902747021859315019e-02,-2.902747021859315019e-02
-3.389882470509338747e-02,-3.389882470509338747e-02
-1.124721531475209035e-02,-1.124721531475209035e-02
-1.088503642760630871e-02,-1.088503642760630871e-02
-7.497798484737798475e-03,-7.497798484737798475e-03
-2.242320027560269768e-02,-2.242320027560269768e-02
-2.316354244077831540e-02,-2.316354244077831540e-02
-2.828521588179897309e-02,-2.828521588179897309e-02
-2.793485525689951010e-02,-2.793485525689951010e-02
-3.495102979833050738e-02,-3.495102979833050738e-02
-4.859266449786389663e-02,-4.859266449786389663e-02
-2.990714291123523078e-02,-2.990714291123523078e-02
-3.824399615724562163e-02,-3.824399615724562163e-02
-2.394204342673519198e-02,-2.394204342673519198e-02
-1.346215303361618376e-03,-1.346215303361618376e-03
1.033827606647722344e-02,1.033827606647722344e-02
-3.045279292962616707e-02,-3.045279292962616707e-02
-7.002428405726839056e-03,-7.002428405726839056e-03
-3.006418844677310326e-02,-3.006418844677310326e-02
-4.477724182126893021e-02,-4.477724182126893021e-02
-1.106537208937879990e-02,-1.106537208937879990e-02
-6.495536917302813240e-04,-6.495536917302813240e-04
-2.747898119436649467e-02,-2.747898119436649467e-02
-1.575314994590281542e-02,-1.575314994590281542e-02
-4.136664375268008648e-02,-4.136664375268008648e-02
-1.854038173584573318e-02,-1.854038173584573318e-02
-6.243648245985791712e-04,-6.243648245985791712e-04
-1.756860680785326395e-02,-1.756860680785326395e-02
-2.577259496290983110e-02,-2.577259496290983110e-02
-3.412170365202351480e-02,-3.412170365202351480e-02
-2.053301636696970578e-02,-2.053301636696970578e-02
-1.470932587737026204e-02,-1.470932587737026204e-02
3.163812680001355793e-03,3.163812680001355793e-03
-3.872961689488858134e-02,-3.872961689488858134e-02
-3.237072112344762526e-02,-3.237072112344762526e-02
-1.385136467756978990e-02,-1.385136467756978990e-02
-1.033276569075956830e-02,-1.033276569075956830e-02
-1.114718820688621881e-03,-1.114718820688621881e-03
-2.180788321498566829e-02,-2.180788321498566829e-02
-3.120891575295346027e-02,-3.120891575295346027e-02
-1.932958312187318603e-02,-1.932958312187318603e-02
-3.887826722046163613e-02,-3.887826722046163613e-02
-3.202243291357240867e-02,-3.202243291357240867e-02
-1.778810490555820037e-02,-1.778810490555820037e-02
4.607012878091350239e-03,4.607012878091350239e-03
-2.055831331617858498e-02,-2.055831331617858498e-02
-3.210934442432007013e-02,-3.210934442432007013e-02
-2.030052490923135722e-02,-2.030052490923135722e-02
-1.399018083574249394e-02,-1.399018083574249394e-02
-5.820288972125064325e-03,-5.820288972125064325e-03
-1.224974405759290258e-02,-1.224974405759290258e-02
-1.955262462092506939e-02,-1.955262462092506939e-02
-1.622695385247602262e-02,-1.622695385247602262e-02
-1.841823376605736945e-02,-1.841823376605736945e-02
-2.527103403323762570e-03,-2.527103403323762570e-03
-7.616877537371391504e-03,-7.616877537371391504e-03
-7.862125059647746134e-03,-7.862125059647746134e-03
-1.758786924926172140e-02,-1.758786924926172140e-02
-1.783740743697439374e-02,-1.783740743697439374e-02
-3.515959588396909419e-02,-3.515959588396909419e-02
-2.877952378838409889e-02,-2.877952378838409889e-02
-3.078302915223294495e-02,-3.078302915223294495e-02
-4.642969523627512446e-02,-4.642969523627512446e-02
-1.788725442508781044e-02,-1.788725442508781044e-02
-3.795636014937667224e-02,-3.795636014937667224e-02
-3.944321117509849012e-02,-3.944321117509849012e-02
2.956976617688757830e-03,2.956976617688757830e-03
-1.364909498322007531e-02,-1.364909498322007531e-02
-2.702080676459862885e-03,-2.702080676459862885e-03
-2.444985869500133913e-02,-2.444985869500133913e-02
-4.241222368380086205e-02,-4.241222368380086205e-02
-4.265548161241494024e-02,-4.265548161241494024e-02
-1.322875346908676530e-02,-1.322875346908676530e-02
-3.738258681633358643e-03,-3.738258681633358643e-03
-2.735875319117491572e-02,-2.735875319117491572e-02
-1.827594431551271548e-02,-1.827594431551271548e-02
-3.803458888679864258e-02,-3.803458888679864258e-02
1.405413909145856316e-02,1.405413909145856316e-02
-3.117227024178960415e-02,-3.117227024178960415e-02
-2.416459997320437314e-02,-2.416459997320437314e-02
-2.797547691546628523e-02,-2.797547691546628523e-02
-1.813230050134429644e-02,-1.813230050134429644e-02
-2.567629946708658434e-02,-2.567629946708658434e-02
1.847739461735810329e-03,1.847739461735810329e-03
-6.570669499435091709e-03,-6.570669499435091709e-03
-2.484574338706892899e-02,-2.484574338706892899e-02
1.182249530854833502e-02,1.182249530854833502e-02
-3.355791188614658249e-02,-3.355791188614658249e-02
-3.529113234394101045e-02,-3.529113234394101045e-02
-2.293567191207915301e-02,-2.293567191207915301e-02
-3.765797983028671553e-02,-3.765797983028671553e-02
-2.278017409346365721e-02,-2.278017409346365721e-02
-2.577517406454848253e-02,-2.577517406454848253e-02
-2.396192339596985021e-02,-2.396192339596985021e-02
-6.284953201641026166e-03,-6.284953201641026166e-03
-1.333106788890630820e-02,-1.333106788890630820e-02
-1.673855618376831472e-02,-1.673855618376831472e-02
-1.719059437277500185e-02,-1.719059437277500185e-02
-2.750252867940383011e-02,-2.750252867940383011e-02
-3.079034284265608212e-02,-3.079034284265608212e-02
-2.066461204721307260e-02,-2.066461204721307260e-02
-3.600703159193285874e-02,-3.600703159193285874e-02
-2.655071009067991317e-02,-2.655071009067991317e-02
-1.437503631012662653e-02,-1.437503631012662653e-02
7.149578575598898589e-04,7.149578575598898589e-04
-4.503333124303576795e-02,-4.503333124303576795e-02
-1.317092639807190824e-02,-1.317092639807190824e-02
-1.324818372691421303e-02,-1.324818372691421303e-02
-3.233077341421087408e-02,-3.233077341421087408e-02
-1.650171758773048836e-02,-1.650171758773048836e-02
-3.001816455890659457e-02,-3.001816455890659457e-02
-1.421702749617476808e-02,-1.421702749617476808e-02
-1.959834269846282701e-02,-1.959834269846282701e-02
-1.939790769671779352e-02,-1.939790769671779352e-02
-3.236858799237090495e-02,-3.236858799237090495e-02
-1.511516095311095376e-02,-1.511516095311095376e-02
-2.146306465143389686e-02,-2.146306465143389686e-02
-2.766395360693189170e-02,-2.766395360693189170e-02
-1.556662749593449441e-02,-1.556662749593449441e-02
-2.791706364265827273e-02,-2.791706364265827273e-02
-2.290662443938155240e-02,-2.290662443938155240e-02
-2.737485741394726085e-02,-2.737485741394726085e-02
-2.770572375252623731e-02,-2.770572375252623731e-02
2.145197877848656343e-03,2.145197877848656343e-03
-3.611809419782825714e-02,-3.611809419782825714e-02
-3.848931619272834281e-02,-3.848931619272834281e-02
-3.757279328529291446e-02,-3.757279328529291446e-02
-1.637857173536794858e-02,-1.637857173536794858e-02
-2.310694149258658153e-02,-2.310694149258658153e-02
-1.160193562386925559e-03,-1.160193562386925559e-03
-1.289511156283924820e-02,-1.289511156283924820e-02
2.346397498656366265e-04,2.346397498656366265e-04
-1.950283565698372051e-02,-1.950283565698372051e-02
-2.116702897437163639e-02,-2.116702897437163639e-02
-5.113555066743411676e-03,-5.113555066743411676e-03
-1.570555906854953498e-02,-1.570555906854953498e-02
-1.486836515014385712e-02,-1.486836515014385712e-02
-2.361954451357232282e-02,-2.361954451357232282e-02
-1.010046070004266827e-02,-1.010046070004266827e-02
-4.487300923020150906e-02,-4.487300923020150906e-02
-5.478233312008284200e-02,-5.478233312008284200e-02
-2.339379469478042317e-02,-2.339379469478042317e-02
-2.541831084167375104e-02,-2.541831084167375104e-02
-1.246612709015713916e-02,-1.246612709015713916e-02
-2.162306115643442689e-02,-2.162306115643442689e-02
-2.636444583123083441e-02,-2.636444583123083441e-02
-2.054622204489878895e-02,-2.054622204489878895e-02
-2.518522997643815597e-02,-2.518522997643815597e-02
-3.010936256952521928e-02,-3.010936256952521928e-02
-2.286941972315297000e-02,-2.286941972315297000e-02
-2.542651420253109334e-02,-2.542651420253109334e-02
-2.767511679455393614e-02,-2.767511679455393614e-02
-1.209558956141155300e-02,-1.209558956141155300e-02
-3.830029801254991595e-03,-3.830029801254991595e-03
-3.177450225960268965e-02,-3.177450225960268965e-02
-2.058784545991051984e-03,-2.058784545991051984e-03
-1.351558984810495925e-02,-1.351558984810495925e-02
-3.154613293564361570e-02,-3.154613293564361570e-02
-2.039421675221483182e-02,-2.039421675221483182e-02
-4.285371116796027335e-03,-4.285371116796027335e-03
-4.038126675268427501e-04,-4.038126675268427501e-04
-2.465503378034396287e-02,-2.465503378034396287e-02
-3.150053959484080957e-02,-3.150053959484080957e-02
-3.685315410363085298e-02,-3.685315410363085298e-02
-1.674239047331369315e-02,-1.674239047331369315e-02
-1.037420365351479981e-02,-1.037420365351479981e-02
-2.454787502143249839e-02,-2.454787502143249839e-02
-1.236387156190180137e-02,-1.236387156190180137e-02
-1.894392452142665273e-03,-1.894392452142665273e-03
-1.919595894398457014e-02,-1.919595894398457014e-02
-2.911065324815123589e-02,-2.911065324815123589e-02
-1.966625983030971525e-02,-1.966625983030971525e-02
-1.733730531999368857e-02,-1.733730531999368857e-02
-4.659100209642033641e-02,-4.659100209642033641e-02
-3.950502886947666187e-02,-3.950502886947666187e-02
-1.454798522566325136e-02,-1.454798522566325136e-02
-2.435391389773434306e-03,-2.435391389773434306e-03
-1.681441487853592431e-02,-1.681441487853592431e-02
-1.855303642742030246e-02,-1.855303642742030246e-02
-3.343770964141831725e-03,-3.343770964141831725e-03
-3.860861660662837092e-02,-3.860861660662837092e-02
-1.799542685015363686e-02,-1.799542685015363686e-02
-1.161632896447925209e-02,-1.161632896447925209e-02
-2.431319419511588503e-02,-2.431319419511588503e-02
-1.705897775894792134e-02,-1.705897775894792134e-02
-2.014310357775767404e-02,-2.014310357775767404e-02
-4.829647622382822469e-02,-4.829647622382822469e-02
-1.955098683094391721e-02,-1.955098683094391721e-02
-4.399754698908065614e-02,-4.399754698908065614e-02
-2.362355842503612718e-02,-2.362355842503612718e-02
-3.193415312568571168e-02,-3.193415312568571168e-02
-4.387323525933913698e-02,-4.387323525933913698e-02
-2.174311029002742868e-02,-2.174311029002742868e-02
-2.410718208625155234e-02,-2.410718208625155234e-02
-1.753643057590721643e-02,-1.753643057590721643e-02
-2.362746586315739999e-02,-2.362746586315739999e-02
-4.967197861558141081e-02,-4.967197861558141081e-02
-2.111573789527962375e-03,-2.111573789527962375e-03
-2.263171939052992937e-02,-2.263171939052992937e-02
-1.834160165308196949e-02,-1.834160165308196949e-02
-1.394238056181009225e-02,-1.394238056181009225e-02
-3.727849636498655611e-02,-3.727849636498655611e-02
-1.725627806769067588e-02,-1.725627806769067588e-02
-4.033424721730863305e-05,-4.033424721730863305e-05
-2.288182468900775562e-02,-2.288182468900775562e-02
-2.571599527566344884e-02,-2.571599527566344884e-02
-1.967836035248463067e-02,-1.967836035248463067e-02
-3.303985545249206457e-02,-3.303985545249206457e-02
-1.973724030411383445e-02,-1.973724030411383445e-02
-8.431620569429972706e-03,-8.431620569429972706e-03
-2.160255448136584253e-02,-2.160255448136584253e-02
-1.888543039260151546e-02,-1.888543039260151546e-02
-1.646589183839057904e-02,-1.646589183839057904e-02
1.216291371387498432e-03,1.216291371387498432e-03
-2.391921158566999092e-02,-2.391921158566999092e-02
2.271334706608271747e-03,2.271334706608271747e-03
-1.760309758427820032e-02,-1.760309758427820032e-02
-3.573795108254963770e-02,-3.573795108254963770e-02
-2.099096531307416413e-02,-2.099096531307416413e-02
-2.526134502292988471e-02,-2.526134502292988471e-02
-3.866414255849982134e-03,-3.866414255849982134e-03
1.189604679564831846e-02,1.189604679564831846e-02
-7.548482630799983883e-03,-7.548482630799983883e-03
-1.110998293418315186e-02,-1.110998293418315186e-02
-3.253541611137686362e-02,-3.253541611137686362e-02
-1.894737338840411789e-02,-1.894737338840411789e-02
-2.703694091202505506e-02,-2.703694091202505506e-02
-2.281815185658744860e-02,-2.281815185658744860e-02
-2.001252444622621945e-02,-2.001252444622621945e-02
-4.978343997274134458e-03,-4.978343997274134458e-03
-3.223907717748769608e-02,-3.223907717748769608e-02
-2.204649250448410119e-02,-2.204649250448410119e-02
-2.824387353987353050e-02,-2.824387353987353050e-02
-3.824727008373510206e-02,-3.824727008373510206e-02
-1.616934334129813133e-02,-1.616934334129813133e-02
-3.489239632841251854e-02,-3.489239632841251854e-02
-3.209057343613679059e-02,-3.209057343613679059e-02
-2.198225116082538552e-02,-2.198225116082538552e-02
-2.633940468259035605e-02,-2.633940468259035605e-02
-1.347653993952573070e-02,-1.347653993952573070e-02
-8.396392977211439290e-03,-8.396392977211439290e-03
3.433466869748685868e-03,3.433466869748685868e-03
-3.621649191570922022e-02,-3.621649191570922022e-02
-2.711674858068254673e-02,-2.711674858068254673e-02
-1.886307131906816981e-02,-1.886307131906816981e-02
-6.155611978964765224e-03,-6.155611978964765224e-03
-2.271461042832927102e-02,-2.271461042832927102e-02
-3.529274055255605252e-02,-3.529274055255605252e-02
-3.493834745314316342e-02,-3.493834745314316342e-02
-1.789981392733089663e-02,-1.789981392733089663e-02
-3.148906511978216693e-03,-3.148906511978216693e-03
-2.071460687948373583e-02,-2.071460687948373583e-02
-3.664504160951846667e-02,-3.664504160951846667e-02
-2.321990577532258640e-02,-2.321990577532258640e-02
-2.446784572787098766e-02,-2.446784572787098766e-02
-3.162951116453253941e-02,-3.162951116453253941e-02
-9.711543568528487741e-03,-9.711543568528487741e-03
1.929992371264236534e-03,1.929992371264236534e-03
-2.439948190572444747e-02,-2.439948190572444747e-02
-3.556048491330758565e-02,-3.556048491330758565e-02
-2.936647122192594800e-02,-2.936647122192594800e-02
-1.738088120278315912e-02,-1.738088120278315912e-02
-2.475284630688228196e-02,-2.475284630688228196e-02
-1.365610148052683048e-02,-1.365610148052683048e-02
-3.091027307591941164e-03,-3.091027307591941164e-03
-2.055264184122280319e-02,-2.055264184122280319e-02
-1.635081667498736180e-02,-1.635081667498736180e-02
-2.776981009511995946e-02,-2.776981009511995946e-02
-2.109426290570291795e-02,-2.109426290570291795e-02
-2.322462952861895080e-02,-2.322462952861895080e-02
-2.269489371835382852e-02,-2.269489371835382852e-02
-3.205196033326124239e-02,-3.205196033326124239e-02
-3.224610798845556348e-02,-3.224610798845556348e-02
-3.714788388562034749e-02,-3.714788388562034749e-02
-5.902004517351169821e-02,-5.902004517351169821e-02
-1.445527189359761822e-02,-1.445527189359761822e-02
-2.720609592387329689e-02,-2.720609592387329689e-02
-3.983591464049997255e-02,-3.983591464049997255e-02
-3.783358824370224721e-02,-3.783358824370224721e-02
2.746713279396760521e-03,2.746713279396760521e-03
-3.655589839979262595e-02,-3.655589839979262595e-02
-4.212150667363575435e-02,-4.212150667363575435e-02
-3.360355913237957071e-02,-3.360355913237957071e-02
-2.698306520945575881e-02,-2.698306520945575881e-02
-8.769797356047669828e-03,-8.769797356047669828e-03
-2.178339480218050017e-02,-2.178339480218050017e-02
-6.479504728875616626e-03,-6.479504728875616626e-03
-3.306878666556278823e-02,-3.306878666556278823e-02
-3.358146038361939367e-02,-3.358146038361939367e-02
-3.969408182731367501e-02,-3.969408182731367501e-02
-5.194810803349367290e-03,-5.194810803349367290e-03
-7.498917911390793473e-03,-7.498917911390793473e-03
-1.162143454611903881e-02,-1.162143454611903881e-02
-2.358643792421531715e-02,-2.358643792421531715e-02
-8.520672099956841383e-03,-8.520672099956841383e-03
-3.275515849879387376e-02,-3.275515849879387376e-02
-9.693448300831623843e-03,-9.693448300831623843e-03
-8.437212675922636795e-03,-8.437212675922636795e-03
-1.189410103860451609e-02,-1.189410103860451609e-02
-3.512853908313886414e-02,-3.512853908313886414e-02
-2.570431214132995468e-02,-2.570431214132995468e-02
-1.924946449964855255e-02,-1.924946449964855255e-02
-2.409067066181310585e-02,-2.409067066181310585e-02
-9.444011974035007584e-03,-9.444011974035007584e-03
-3.965287591744076634e-02,-3.965287591744076634e-02
-2.757171628277784239e-02,-2.757171628277784239e-02
-1.922303701130549658e-02,-1.922303701130549658e-02
-6.700030858644942522e-03,-6.700030858644942522e-03
1.700145244824691898e-03,1.700145244824691898e-03
-4.850399711991533469e-02,-4.850399711991533469e-02
-3.894964307028763589e-02,-3.894964307028763589e-02
4.095602066148076870e-03,4.095602066148076870e-03
-7.873985584623655054e-03,-7.873985584623655054e-03
-6.835105952318707573e-03,-6.835105952318707573e-03
-2.547391292366425058e-02,-2.547391292366425058e-02
-1.763705015331920589e-02,-1.763705015331920589e-02
-3.189688397940787512e-02,-3.189688397940787512e-02
-3.302538674539935715e-02,-3.302538674539935715e-02
-2.384663936829020670e-02,-2.384663936829020670e-02
-1.178681168140826435e-02,-1.178681168140826435e-02
-2.899576191011662279e-03,-2.899576191011662279e-03
-2.350406511648563124e-02,-2.350406511648563124e-02
-3.050085496856039941e-02,-3.050085496856039941e-02
-1.037037968148052380e-02,-1.037037968148052380e-02
-3.060696514750303743e-02,-3.060696514750303743e-02
-9.410054559784435113e-03,-9.410054559784435113e-03
-6.479389413952634652e-03,-6.479389413952634652e-03
-4.007937925595625450e-02,-4.007937925595625450e-02
2.445270321180081918e-03,2.445270321180081918e-03
-7.150084036558000677e-03,-7.150084036558000677e-03
-1.418163348810729668e-02,-1.418163348810729668e-02
-1.829141763432932943e-02,-1.829141763432932943e-02
-1.910045557560711288e-02,-1.910045557560711288e-02
-2.048779543375542356e-02,-2.048779543375542356e-02
-2.037357257969997851e-02,-2.037357257969997851e-02
-1.623093530611792804e-02,-1.623093530611792804e-02
-3.860304032958931236e-02,-3.860304032958931236e-02
-1.053104327455200995e-03,-1.053104327455200995e-03
3.527749029631876976e-03,3.527749029631876976e-03
-1.784879944284134545e-02,-1.784879944284134545e-02
-2.841230337163539940e-02,-2.841230337163539940e-02
-4.271456577073139138e-03,-4.271456577073139138e-03
-2.272125763832547052e-02,-2.272125763832547052e-02
-1.255993866115028348e-02,-1.255993866115028348e-02
-2.443110491261281381e-02,-2.443110491261281381e-02
-1.674394756060458914e-02,-1.674394756060458914e-02
-1.195677283746338776e-02,-1.195677283746338776e-02
-9.998110345646356312e-03,-9.998110345646356312e-03
-1.295433301419306876e-02,-1.295433301419306876e-02
-1.527179543045728907e-02,-1.527179543045728907e-02
-2.003653331999943887e-02,-2.003653331999943887e-02
-1.476448353808675062e-03,-1.476448353808675062e-03
-2.150461334633144150e-02,-2.150461334633144150e-02
-1.279676864644600093e-02,-1.279676864644600093e-02
-2.697852374927974667e-02,-2.697852374927974667e-02
-3.344365523094761788e-02,-3.344365523094761788e-02
-3.988620979380644999e-02,-3.988620979380644999e-02
-5.314546231422229150e-02,-5.314546231422229150e-02
-2.370061134629347643e-02,-2.370061134629347643e-02
-3.087800288587605468e-02,-3.087800288587605468e-02
-4.032366370085374574e-04,-4.032366370085374574e-04
-2.924686651417778699e-02,-2.924686651417778699e-02
-2.407967493326920033e-02,-2.407967493326920033e-02
-1.108487831428361936e-02,-1.108487831428361936e-02
-2.050212681387019592e-02,-2.050212681387019592e-02
-1.723731909641672277e-02,-1.723731909641672277e-02
-2.610962685451493487e-02,-2.610962685451493487e-02
-2.378273596725051509e-03,-2.378273596725051509e-03
-2.367591083192665397e-02,-2.367591083192665397e-02
-3.143428911373576801e-02,-3.143428911373576801e-02
-2.844489717958255393e-02,-2.844489717958255393e-02
-2.227517412360073557e-02,-2.227517412360073557e-02
-2.156115295400364007e-02,-2.156115295400364007e-02
-1.742928689775460199e-02,-1.742928689775460199e-02
-2.924632057822697251e-02,-2.924632057822697251e-02
7.500414567149185641e-03,7.500414567149185641e-03
-5.649426377058364840e-02,-5.649426377058364840e-02
-3.044960289220381700e-02,-3.044960289220381700e-02
-1.974580856822540781e-02,-1.974580856822540781e-02
-2.363167844823368252e-02,-2.363167844823368252e-02
-1.620366530472748534e-02,-1.620366530472748534e-02
-3.431514523745961970e-02,-3.431514523745961970e-02
-1.653632415602029893e-02,-1.653632415602029893e-02
-2.247052956024760823e-02,-2.247052956024760823e-02
-1.171916993630289089e-02,-1.171916993630289089e-02
-2.461546537596307968e-02,-2.461546537596307968e-02
-6.868086051427021305e-03,-6.868086051427021305e-03
-2.126146200078735810e-02,-2.126146200078735810e-02
-2.761572694753421792e-03,-2.761572694753421792e-03
-3.382767965798758047e-02,-3.382767965798758047e-02
-1.802452497009007781e-02,-1.802452497009007781e-02
2.406555460841514060e-02,2.406555460841514060e-02
-3.068621935960594987e-02,-3.068621935960594987e-02
-2.646347639131483437e-02,-2.646347639131483437e-02
-2.701010112264969065e-02,-2.701010112264969065e-02
-3.818116621921065212e-02,-3.818116621921065212e-02
-1.825512581126861184e-02,-1.825512581126861184e-02
-2.273942078815650164e-02,-2.273942078815650164e-02
-2.343580750625916947e-02,-2.343580750625916947e-02
-4.014485825475865022e-02,-4.014485825475865022e-02
-3.168702755890540762e-02,-3.168702755890540762e-02
-2.731221157904603972e-02,-2.731221157904603972e-02
-2.869155026443358930e-02,-2.869155026443358930e-02
-2.821224818814783292e-02,-2.821224818814783292e-02
-1.588262062855087114e-02,-1.588262062855087114e-02
-2.652096327561036249e-02,-2.652096327561036249e-02
8.444488964698296934e-03,8.444488964698296934e-03
-3.393239109887309646e-02,-3.393239109887309646e-02
-3.587932452472138156e-02,-3.587932452472138156e-02
-1.128065466787111365e-02,-1.128065466787111365e-02
-2.582025063678201199e-02,-2.582025063678201199e-02
-1.410782726363309439e-02,-1.410782726363309439e-02
-1.985494348933290742e-02,-1.985494348933290742e-02
-5.922503191306406622e-02,-5.922503191306406622e-02
-2.842877477277042098e-02,-2.842877477277042098e-02
-3.007293547189807126e-02,-3.007293547189807126e-02
-3.843159140385124517e-02,-3.843159140385124517e-02
-8.009547407112096312e-03,-8.009547407112096312e-03
-2.307583121068233073e-02,-2.307583121068233073e-02
-2.377744877495071435e-02,-2.377744877495071435e-02
-2.655887341043740996e-03,-2.655887341043740996e-03
4.447541349948888612e-03,4.447541349948888612e-03
-2.051261272973257943e-02,-2.051261272973257943e-02
-1.931353156472862681e-02,-1.931353156472862681e-02
-2.841411630928821971e-02,-2.841411630928821971e-02
-2.885661959397757548e-02,-2.885661959397757548e-02
-2.834663993989279540e-02,-2.834663993989279540e-02
-1.874288088094148291e-02,-1.874288088094148291e-02
-3.926101528491419274e-02,-3.926101528491419274e-02
-1.504847028778296542e-02,-1.504847028778296542e-02
-3.588148728667230059e-03,-3.588148728667230059e-03
-4.031492486421272420e-02,-4.031492486421272420e-02
-3.588790771495986576e-02,-3.588790771495986576e-02
-1.946047947586702215e-02,-1.946047947586702215e-02
-1.533621693132607156e-02,-1.533621693132607156e-02
-7.172771306410693354e-03,-7.172771306410693354e-03
-1.901920305512922599e-02,-1.901920305512922599e-02
-7.447161613337600211e-03,-7.447161613337600211e-03
-2.342578610019418334e-02,-2.342578610019418334e-02
-3.188940093709412282e-02,-3.188940093709412282e-02
-3.142883968823448337e-02,-3.142883968823448337e-02
-3.535592247573469959e-02,-3.535592247573469959e-02
-3.685864287868551720e-02,-3.685864287868551720e-02
-4.078777703050552594e-02,-4.078777703050552594e-02
-1.977578054614891057e-02,-1.977578054614891057e-02
-9.875409651966551849e-03,-9.875409651966551849e-03
-2.858281215597428121e-02,-2.858281215597428121e-02
-2.728696731787990520e-02,-2.728696731787990520e-02
-2.018606819916840892e-02,-2.018606819916840892e-02
-2.346289071484814609e-02,-2.346289071484814609e-02
-4.120219297443579454e-02,-4.120219297443579454e-02
-3.363714604016575932e-02,-3.363714604016575932e-02
-1.594008454634814401e-02,-1.594008454634814401e-02
3.850816422484928947e-04,3.850816422484928947e-04
1.700884387086515348e-03,1.700884387086515348e-03
-1.706598548923801001e-02,-1.706598548923801001e-02
-1.436116318355511526e-02,-1.436116318355511526e-02
-1.936857300750573219e-02,-1.936857300750573219e-02
-2.397074985223195120e-02,-2.397074985223195120e-02
-6.987235023716894394e-03,-6.987235023716894394e-03
-1.684016689456956789e-02,-1.684016689456956789e-02
-2.245450255974706238e-02,-2.245450255974706238e-02
-7.776945804560411735e-03,-7.776945804560411735e-03
8.085991785850080160e-04,8.085991785850080160e-04
-7.782120289702758320e-03,-7.782120289702758320e-03
-3.212975690537718532e-02,-3.212975690537718532e-02
-1.968766472286237815e-02,-1.968766472286237815e-02
-4.859051596802402284e-02,-4.859051596802402284e-02
-6.222073898130488223e-03,-6.222073898130488223e-03
-2.078610922586580922e-02,-2.078610922586580922e-02
-4.180361538025665485e-02,-4.180361538025665485e-02
-8.213560388905631615e-03,-8.213560388905631615e-03
-4.040094054718227495e-02,-4.040094054718227495e-02
-8.117953325518852126e-03,-8.117953325518852126e-03
-2.081663091249881525e-02,-2.081663091249881525e-02
-2.821606719922312156e-02,-2.821606719922312156e-02
8.562216658866410313e-03,8.562216658866410313e-03
-1.924331530657838463e-02,-1.924331530657838463e-02
-1.400281607624011271e-02,-1.400281607624011271e-02
-3.414044762458439547e-02,-3.414044762458439547e-02
-1.904829143653889029e-02,-1.904829143653889029e-02
-5.568050120800908942e-02,-5.568050120800908942e-02
-1.500942063647956945e-02,-1.500942063647956945e-02
-2.601876866266008420e-02,-2.601876866266008420e-02
-2.354336580713266985e-02,-2.354336580713266985e-02
-2.893409599001681848e-02,-2.893409599001681848e-02
-7.021288307984069332e-03,-7.021288307984069332e-03
-2.959067727774537804e-02,-2.959067727774537804e-02
-2.379798329635786358e-02,-2.379798329635786358e-02
-2.247950693335429295e-03,-2.247950693335429295e-03
-4.073446902678883735e-02,-4.073446902678883735e-02
-3.565831834009897117e-02,-3.565831834009897117e-02
-3.392625097611655371e-02,-3.392625097611655371e-02
-4.167672386134144147e-02,-4.167672386134144147e-02
-6.275123209459467638e-03,-6.275123209459467638e-03
-2.880173373473724277e-02,-2.880173373473724277e-02
-2.307816895730038093e-02,-2.307816895730038093e-02
-2.884662180718796515e-02,-2.884662180718796515e-02
5.687958938988997570e-04,5.687958938988997570e-04
-1.022698810031791306e-02,-1.022698810031791306e-02
-1.244882909706077068e-02,-1.244882909706077068e-02
-2.799265693318366693e-03,-2.799265693318366693e-03
-2.466927561939346453e-02,-2.466927561939346453e-02
-2.494172806163106465e-02,-2.494172806163106465e-02
-2.950583511526344571e-02,-2.950583511526344571e-02
-3.109784162565525090e-02,-3.109784162565525090e-02
2.694010026773843713e-03,2.694010026773843713e-03
-2.714628290297978891e-02,-2.714628290297978891e-02
-1.908412250911294822e-02,-1.908412250911294822e-02
-2.787088044510863116e-02,-2.787088044510863116e-02
-2.971794416700791752e-03,-2.971794416700791752e-03
-3.234225683612684116e-02,-3.234225683612684116e-02
-1.361907825518142434e-03,-1.361907825518142434e-03
-2.057645745482743205e-02,-2.057645745482743205e-02
-1.607178720584768322e-02,-1.607178720584768322e-02
2.210193265575824406e-03,2.210193265575824406e-03
-7.069030637306430304e-03,-7.069030637306430304e-03
-1.018254567408203096e-02,-1.018254567408203096e-02
-1.216887157158167906e-02,-1.216887157158167906e-02
6.288881329006408560e-03,6.288881329006408560e-03
1.017716874257541815e-02,1.017716874257541815e-02
-1.767666655535587994e-02,-1.767666655535587994e-02
-7.552930255666931436e-03,-7.552930255666931436e-03
-1.504358385729564346e-02,-1.504358385729564346e-02
-1.237248664258211450e-02,-1.237248664258211450e-02
-2.491738940360820401e-02,-2.491738940360820401e-02
-2.572967953322765483e-02,-2.572967953322765483e-02
-1.098427922937664572e-02,-1.098427922937664572e-02
-3.707107716936071384e-02,-3.707107716936071384e-02
-2.223757020016829677e-02,-2.223757020016829677e-02
-3.020454892222394078e-02,-3.020454892222394078e-02
-1.584660598317105817e-02,-1.584660598317105817e-02
-3.604240079799464480e-02,-3.604240079799464480e-02
-1.273360827033385989e-02,-1.273360827033385989e-02
-1.536048749003092809e-02,-1.536048749003092809e-02
-1.718118386933914499e-02,-1.718118386933914499e-02
-2.334062498821144749e-02,-2.334062498821144749e-02
-2.037320611095586737e-02,-2.037320611095586737e-02
-3.282187596690260695e-02,-3.282187596690260695e-02
-2.288459985328909069e-02,-2.288459985328909069e-02
-1.216869946111488049e-02,-1.216869946111488049e-02
-3.066866976828714134e-02,-3.066866976828714134e-02
-2.932601664302874472e-02,-2.932601664302874472e-02
-2.406878411987975475e-02,-2.406878411987975475e-02
-1.341286610866845169e-02,-1.341286610866845169e-02
-3.376190428886836209e-02,-3.376190428886836209e-02
-2.078110989746145137e-02,-2.078110989746145137e-02
-3.101730362779400729e-03,-3.101730362779400729e-03
-1.961848682273472158e-02,-1.961848682273472158e-02
-2.964290768663217779e-02,-2.964290768663217779e-02
-7.270034758658061591e-03,-7.270034758658061591e-03
-3.333216062522845885e-02,-3.333216062522845885e-02
-2.721898289675588056e-02,-2.721898289675588056e-02
-1.422327163901806329e-02,-1.422327163901806329e-02
-4.010037930789397964e-04,-4.010037930789397964e-04
-1.828911116990022956e-02,-1.828911116990022956e-02
-1.030200928170262042e-02,-1.030200928170262042e-02
-1.613207273127628683e-02,-1.613207273127628683e-02
-1.438713311104487802e-02,-1.438713311104487802e-02
-2.711550494260186323e-02,-2.711550494260186323e-02
-1.210781262222921512e-02,-1.210781262222921512e-02
-3.051874159083672877e-02,-3.051874159083672877e-02
-2.387457402120698319e-02,-2.387457402120698319e-02
-2.320302941894179793e-02,-2.320302941894179793e-02
-1.237979145856953761e-02,-1.237979145856953761e-02
-2.144030159696267562e-02,-2.144030159696267562e-02
-3.094640969393436941e-02,-3.094640969393436941e-02
-2.642503876713244576e-02,-2.642503876713244576e-02
-4.067122296722889413e-02,-4.067122296722889413e-02
-2.245937663888841057e-02,-2.245937663888841057e-02
-1.354780924586641150e-02,-1.354780924586641150e-02
-3.736033637152437470e-02,-3.736033637152437470e-02
-1.052615159041544318e-02,-1.052615159041544318e-02
-1.576568032182749240e-02,-1.576568032182749240e-02
-1.539237070697592469e-02,-1.539237070697592469e-02
-2.421611762202793144e-02,-2.421611762202793144e-02
-2.403736383265096116e-02,-2.403736383265096116e-02
-2.700626291594418471e-02,-2.700626291594418471e-02
-4.198679220305048809e-04,-4.198679220305048809e-04
-2.863349052581006665e-02,-2.863349052581006665e-02
-2.116366208346077971e-02,-2.116366208346077971e-02
-6.553386100032875666e-03,-6.553386100032875666e-03
-3.369862516762929527e-02,-3.369862516762929527e-02
-4.459679847414193404e-02,-4.459679847414193404e-02
-2.100605412089343732e-02,-2.100605412089343732e-02
-7.459944080400036925e-03,-7.459944080400036925e-03
-3.274604216429620462e-02,-3.274604216429620462e-02
-2.242703789422621080e-02,-2.242703789422621080e-02
-1.431373974925218007e-02,-1.431373974925218007e-02
-2.494972394829789511e-02,-2.494972394829789511e-02
-1.657241821981230226e-02,-1.657241821981230226e-02
-3.152411161606150786e-02,-3.152411161606150786e-02
-1.957614391914186056e-02,-1.957614391914186056e-02
-1.283661855096565607e-02,-1.283661855096565607e-02
-2.544021775151353304e-03,-2.544021775151353304e-03
-4.666042732443316521e-02,-4.666042732443316521e-02
-1.747025613688761234e-02,-1.747025613688761234e-02
-2.629387047202207117e-02,-2.629387047202207117e-02
-3.897217108395597401e-02,-3.897217108395597401e-02
-2.126479660602038912e-04,-2.126479660602038912e-04
-2.120282106754746085e-02,-2.120282106754746085e-02
-2.241023417709768484e-02,-2.241023417709768484e-02
-2.051309111155445730e-02,-2.051309111155445730e-02
-1.421348379462541653e-02,-1.421348379462541653e-02
-2.261554038644714854e-02,-2.261554038644714854e-02
-2.501209862222973299e-02,-2.501209862222973299e-02
-3.053672826327580997e-02,-3.053672826327580997e-02
-1.379664150747278439e-04,-1.379664150747278439e-04
-3.794829454491710496e-02,-3.794829454491710496e-02
-2.583286789007005826e-02,-2.583286789007005826e-02
-1.386494925526283312e-02,-1.386494925526283312e-02
-2.701570379621785756e-02,-2.701570379621785756e-02
-1.637000063923166326e-02,-1.637000063923166326e-02
8.469376391058505704e-04,8.469376391058505704e-04
-1.081826809804087297e-02,-1.081826809804087297e-02
-4.626018523994031295e-02,-4.626018523994031295e-02
-2.195488284358600162e-02,-2.195488284358600162e-02
-1.825114893785728665e-02,-1.825114893785728665e-02
-1.204405027882759355e-02,-1.204405027882759355e-02
-5.882346694244706270e-02,-5.882346694244706270e-02
-2.592556085114336439e-02,-2.592556085114336439e-02
-4.561985544952203847e-02,-4.561985544952203847e-02
-7.618307516824629477e-03,-7.618307516824629477e-03
4.267610599053839326e-03,4.267610599053839326e-03
-9.490103791755077900e-03,-9.490103791755077900e-03
-4.276441596479842178e-02,-4.276441596479842178e-02
-2.382802685460660985e-02,-2.382802685460660985e-02
-2.110392168858227224e-02,-2.110392168858227224e-02
-1.764705471508915685e-02,-1.764705471508915685e-02
-4.561490118051519244e-02,-4.561490118051519244e-02
-1.308972320920440136e-02,-1.308972320920440136e-02
-2.015042151588172098e-02,-2.015042151588172098e-02
-1.224621693132504213e-02,-1.224621693132504213e-02
-2.784831594356520362e-02,-2.784831594356520362e-02
-2.522137986479855432e-02,-2.522137986479855432e-02
-1.873920339570367410e-02,-1.873920339570367410e-02
-1.234166117381846339e-02,-1.234166117381846339e-02
-2.101562035190009808e-02,-2.101562035190009808e-02
-4.215967663585811626e-02,-4.215967663585811626e-02
-3.779191499174212876e-02,-3.779191499174212876e-02
-3.496197024913126616e-02,-3.496197024913126616e-02
-2.549997174226794824e-02,-2.549997174226794824e-02
-2.474586891622733431e-02,-2.474586891622733431e-02
-2.647697254124738164e-02,-2.647697254124738164e-02
-4.209559764795287734e-03,-4.209559764795287734e-03
-1.491570380574928911e-02,-1.491570380574928911e-02
-2.769459092044762594e-02,-2.769459092044762594e-02
-2.615509908336590209e-02,-2.615509908336590209e-02
-3.084153920708238017e-03,-3.084153920708238017e-03
-1.724573088944760663e-02,-1.724573088944760663e-02
-3.095836216385562667e-02,-3.095836216385562667e-02
-2.238981559401425486e-03,-2.238981559401425486e-03
-3.633505824289617187e-02,-3.633505824289617187e-02
-3.343679520952133610e-02,-3.343679520952133610e-02
-2.125208355598312560e-02,-2.125208355598312560e-02
-4.526977428015446087e-02,-4.526977428015446087e-02
-3.068441976320101378e-02,-3.068441976320101378e-02
-2.079559320767970787e-02,-2.079559320767970787e-02
-2.579762675773092373e-02,-2.579762675773092373e-02
-5.266910594151560238e-02,-5.266910594151560238e-02
-1.136075749149922237e-02,-1.136075749149922237e-02
-1.772203414156536469e-02,-1.772203414156536469e-02
-2.894819750674980374e-02,-2.894819750674980374e-02
-1.813925360380999607e-02,-1.813925360380999607e-02
-3.148402138350995388e-02,-3.148402138350995388e-02
-1.305046315837607787e-02,-1.305046315837607787e-02
-8.216210809166610285e-03,-8.216210809166610285e-03
-2.466264799245850362e-02,-2.466264799245850362e-02
-3.301435494585795716e-02,-3.301435494585795716e-02
-1.676460756185838702e-02,-1.676460756185838702e-02
-2.051344152643576682e-02,-2.051344152643576682e-02
