-1.225874111088578675e-02,-1.225874111088578675e-02
-1.335908456392058408e-02,-1.335908456392058408e-02
-5.900690376910617402e-03,-5.900690376910617402e-03
-5.217043957449374325e-03,-5.217043957449374325e-03
-8.756924963273154949e-03,-8.756924963273154949e-03
-1.656947056321477624e-02,-1.656947056321477624e-02
-4.133341160811973558e-03,-4.133341160811973558e-03
1.212866836696507508e-02,1.212866836696507508e-02
-9.863687306542072430e-03,-9.863687306542072430e-03
-1.113626147311897602e-02,-1.113626147311897602e-02
-6.681915615565785921e-03,-6.681915615565785921e-03
1.073726972396269602e-02,1.073726972396269602e-02
-5.707145563037033936e-03,-5.707145563037033936e-03
-1.499721332866148574e-02,-1.499721332866148574e-02
1.181249066312728066e-02,1.181249066312728066e-02
-1.787075625189924258e-02,-1.787075625189924258e-02
7.229066304434716289e-03,7.229066304434716289e-03
-8.478945916564385038e-03,-8.478945916564385038e-03
-1.790393571486054852e-02,-1.790393571486054852e-02
-1.118546720508920012e-02,-1.118546720508920012e-02
-4.637445091554618509e-03,-4.637445091554618509e-03
2.470764902948133224e-03,2.470764902948133224e-03
-2.510764246487488111e-02,-2.510764246487488111e-02
-1.906841871688137735e-03,-1.906841871688137735e-03
-4.407428530860051791e-03,-4.407428530860051791e-03
6.377130228451655114e-03,6.377130228451655114e-03
-4.746648228327224328e-03,-4.746648228327224328e-03
6.750696848570578862e-03,6.750696848570578862e-03
-2.318439309674544951e-02,-2.318439309674544951e-02
7.183440687863317659e-03,7.183440687863317659e-03
-2.436255693545389539e-03,-2.436255693545389539e-03
1.044657427906974662e-03,1.044657427906974662e-03
-2.610261246980129929e-03,-2.610261246980129929e-03
-1.210979849596425378e-03,-1.210979849596425378e-03
-1.713019810814087052e-02,-1.713019810814087052e-02
-2.713150893669017891e-02,-2.713150893669017891e-02
-2.516160499954081878e-02,-2.516160499954081878e-02
4.928425330638908780e-03,4.928425330638908780e-03
-1.750808600298387613e-02,-1.750808600298387613e-02
1.181508028376515931e-02,1.181508028376515931e-02
-1.061962314912371155e-02,-1.061962314912371155e-02
-1.910257987614102232e-02,-1.910257987614102232e-02
-2.891616420308110516e-02,-2.891616420308110516e-02
2.485988993890513032e-03,2.485988993890513032e-03
-1.778254431123513918e-02,-1.778254431123513918e-02
-4.773689849257776313e-03,-4.773689849257776313e-03
-1.255792736337933008e-02,-1.255792736337933008e-02
-2.845516836831804564e-04,-2.845516836831804564e-04
3.971087663211133462e-03,3.971087663211133462e-03
5.738842795082934461e-03,5.738842795082934461e-03
5.045359154823673975e-03,5.045359154823673975e-03
-9.830785671116486907e-03,-9.830785671116486907e-03
3.198661832989051212e-03,3.198661832989051212e-03
8.064263718920744450e-03,8.064263718920744450e-03
-1.328814513085541105e-02,-1.328814513085541105e-02
-6.068354034491366122e-03,-6.068354034491366122e-03
5.491773747730407246e-03,5.491773747730407246e-03
1.828061367296539286e-03,1.828061367296539286e-03
-1.316806344128501616e-02,-1.316806344128501616e-02
-9.275916229875003083e-03,-9.275916229875003083e-03
7.642258697774031995e-04,7.642258697774031995e-04
1.294031608709411002e-02,1.294031608709411002e-02
2.636360824540721209e-03,2.636360824540721209e-03
-1.394425854982189739e-02,-1.394425854982189739e-02
-5.430153812714642175e-03,-5.430153812714642175e-03
-1.472676940286960293e-02,-1.472676940286960293e-02
-1.819349990064150074e-03,-1.819349990064150074e-03
-1.686775685861054142e-02,-1.686775685861054142e-02
-3.283379505688389932e-03,-3.283379505688389932e-03
5.708643215939772364e-03,5.708643215939772364e-03
-1.403487410816204109e-02,-1.403487410816204109e-02
-9.112123641080344810e-03,-9.112123641080344810e-03
-7.368833755337478308e-03,-7.368833755337478308e-03
-2.492527802299923309e-02,-2.492527802299923309e-02
4.656895906119985773e-03,4.656895906119985773e-03
-3.918457297829476549e-04,-3.918457297829476549e-04
-1.825465554805405163e-02,-1.825465554805405163e-02
1.301154384167696465e-03,1.301154384167696465e-03
-1.149237820206963981e-02,-1.149237820206963981e-02
-6.692240453168674802e-03,-6.692240453168674802e-03
-4.927201009665375248e-03,-4.927201009665375248e-03
-7.066505453532753722e-03,-7.066505453532753722e-03
-2.336721733870344639e-02,-2.336721733870344639e-02
1.287062696962361016e-02,1.287062696962361016e-02
2.956390562908735656e-02,2.956390562908735656e-02
1.402670989173963184e-02,1.402670989173963184e-02
-3.545751828188108135e-03,-3.545751828188108135e-03
-1.836230836030653540e-02,-1.836230836030653540e-02
1.306364332263604613e-02,1.306364332263604613e-02
-1.480325414412909935e-02,-1.480325414412909935e-02
-2.324273757298435383e-02,-2.324273757298435383e-02
-8.594919015482354457e-03,-8.594919015482354457e-03
-2.875188866610051130e-02,-2.875188866610051130e-02
-1.345127247221175951e-02,-1.345127247221175951e-02
-1.096842925544564556e-02,-1.096842925544564556e-02
-1.245949150075278261e-02,-1.245949150075278261e-02
-9.311624080448017288e-03,-9.311624080448017288e-03
-1.438782402882817640e-02,-1.438782402882817640e-02
-1.380850086287483541e-03,-1.380850086287483541e-03
-5.958680891026135740e-03,-5.958680891026135740e-03
-5.827481329517578829e-03,-5.827481329517578829e-03
-9.353666430157975276e-03,-9.353666430157975276e-03
-3.422842383968234536e-02,-3.422842383968234536e-02
2.889395439486681927e-02,2.889395439486681927e-02
-1.137816108550022964e-04,-1.137816108550022964e-04
-1.284341359454669457e-02,-1.284341359454669457e-02
-2.371301379420882871e-03,-2.371301379420882871e-03
-3.437342402230105648e-02,-3.437342402230105648e-02
-2.376723636024640970e-02,-2.376723636024640970e-02
-1.378742042859562589e-02,-1.378742042859562589e-02
-3.059934957676159126e-02,-3.059934957676159126e-02
-1.717819128291886432e-03,-1.717819128291886432e-03
-9.597219858139757753e-03,-9.597219858139757753e-03
-9.295608973391131929e-03,-9.295608973391131929e-03
-4.706247232652293472e-03,-4.706247232652293472e-03
-3.228216197202776749e-02,-3.228216197202776749e-02
-1.235927424957025678e-03,-1.235927424957025678e-03
3.377936795315686358e-03,3.377936795315686358e-03
-2.226991162973159660e-02,-2.226991162973159660e-02
-1.107128145951170525e-02,-1.107128145951170525e-02
1.448153078502182126e-02,1.448153078502182126e-02
-7.964952094600092486e-03,-7.964952094600092486e-03
-5.825712438813704375e-03,-5.825712438813704375e-03
5.749192779001384423e-03,5.749192779001384423e-03
-2.715560829845316271e-04,-2.715560829845316271e-04
-1.923908792461657274e-02,-1.923908792461657274e-02
3.127803960122910176e-03,3.127803960122910176e-03
1.508607902678156532e-03,1.508607902678156532e-03
1.595548529254841100e-02,1.595548529254841100e-02
-1.115873510191076404e-02,-1.115873510191076404e-02
-3.104353783204793354e-03,-3.104353783204793354e-03
-1.242628741301848860e-03,-1.242628741301848860e-03
-7.569355032912301190e-03,-7.569355032912301190e-03
-2.122243749066856505e-02,-2.122243749066856505e-02
-2.510746579825892666e-02,-2.510746579825892666e-02
1.481301821176265326e-02,1.481301821176265326e-02
-1.196895903666434988e-02,-1.196895903666434988e-02
1.133554074795809635e-02,1.133554074795809635e-02
3.320442092076054952e-03,3.320442092076054952e-03
-2.664364402623165679e-02,-2.664364402623165679e-02
-2.491444140396399318e-02,-2.491444140396399318e-02
-4.814749357321471135e-04,-4.814749357321471135e-04
1.577733844521306619e-02,1.577733844521306619e-02
-7.147372725189792692e-03,-7.147372725189792692e-03
-1.522966846398217736e-02,-1.522966846398217736e-02
1.265285679161378893e-02,1.265285679161378893e-02
-1.024999084149054787e-02,-1.024999084149054787e-02
-1.921932145399606745e-03,-1.921932145399606745e-03
-1.297652775812832560e-02,-1.297652775812832560e-02
-6.176750203824989821e-03,-6.176750203824989821e-03
-2.328101072642066102e-02,-2.328101072642066102e-02
-6.673635387864567531e-03,-6.673635387864567531e-03
-6.075668704694791450e-03,-6.075668704694791450e-03
-1.392728001161770701e-02,-1.392728001161770701e-02
-2.554424701398330319e-02,-2.554424701398330319e-02
-2.708247594771048816e-03,-2.708247594771048816e-03
-7.158334208641491808e-03,-7.158334208641491808e-03
-2.333456994461764050e-03,-2.333456994461764050e-03
-2.787947916379505259e-02,-2.787947916379505259e-02
-1.634707783144637855e-02,-1.634707783144637855e-02
-2.342789812233326066e-02,-2.342789812233326066e-02
-3.853105113050672714e-02,-3.853105113050672714e-02
1.168437847767366325e-02,1.168437847767366325e-02
-8.729740342613406118e-03,-8.729740342613406118e-03
1.377127755645888435e-03,1.377127755645888435e-03
-7.290760504947542409e-03,-7.290760504947542409e-03
-1.542901441435279991e-03,-1.542901441435279991e-03
3.218725579532944608e-03,3.218725579532944608e-03
1.140049508689765581e-02,1.140049508689765581e-02
-8.121247067895662891e-03,-8.121247067895662891e-03
-9.267176689898379977e-03,-9.267176689898379977e-03
-1.790827409088286207e-02,-1.790827409088286207e-02
5.271055953042690090e-03,5.271055953042690090e-03
-2.359352899767572231e-02,-2.359352899767572231e-02
-8.907855308459285137e-03,-8.907855308459285137e-03
-1.807391774882121521e-02,-1.807391774882121521e-02
1.240923539910496198e-03,1.240923539910496198e-03
-1.064290643944387771e-02,-1.064290643944387771e-02
-7.790202765834228910e-03,-7.790202765834228910e-03
-2.415205618190627637e-02,-2.415205618190627637e-02
-2.970032734473119010e-02,-2.970032734473119010e-02
-2.753920629250497520e-02,-2.753920629250497520e-02
-3.461068104842390802e-02,-3.461068104842390802e-02
-1.176052620895047529e-02,-1.176052620895047529e-02
-1.056146255995240105e-02,-1.056146255995240105e-02
-1.762638214922910077e-02,-1.762638214922910077e-02
-1.145137754519296933e-02,-1.145137754519296933e-02
1.476329114790147015e-02,1.476329114790147015e-02
2.023122713600472231e-02,2.023122713600472231e-02
-1.633358715269250111e-02,-1.633358715269250111e-02
-3.596357026923322625e-03,-3.596357026923322625e-03
-1.607248616759031357e-03,-1.607248616759031357e-03
6.182110689698747108e-03,6.182110689698747108e-03
-1.170632034962818674e-03,-1.170632034962818674e-03
5.137228802462243116e-05,5.137228802462243116e-05
3.799838452689711932e-03,3.799838452689711932e-03
-2.459888162174399609e-02,-2.459888162174399609e-02
-6.180040786667381769e-03,-6.180040786667381769e-03
-1.351960874756235123e-02,-1.351960874756235123e-02
-8.107167975826300166e-03,-8.107167975826300166e-03
1.539020413515067298e-02,1.539020413515067298e-02
-2.107017160495978925e-02,-2.107017160495978925e-02
-2.545047804616153847e-02,-2.545047804616153847e-02
-9.292074008649831712e-03,-9.292074008649831712e-03
-4.459688933748987699e-03,-4.459688933748987699e-03
-1.704560273210888738e-02,-1.704560273210888738e-02
-1.515062098103081914e-02,-1.515062098103081914e-02
-3.896818632568743723e-03,-3.896818632568743723e-03
-8.419808654943856940e-03,-8.419808654943856940e-03
7.451006750159701320e-03,7.451006750159701320e-03
-4.589715998884622006e-03,-4.589715998884622006e-03
6.944285000470690888e-03,6.944285000470690888e-03
2.161111176628920105e-03,2.161111176628920105e-03
3.071895443039426160e-03,3.071895443039426160e-03
-1.601500943489168882e-02,-1.601500943489168882e-02
3.179047683085332171e-03,3.179047683085332171e-03
-1.687099268461752025e-02,-1.687099268461752025e-02
7.023073595880925668e-03,7.023073595880925668e-03
-1.496752349493714676e-02,-1.496752349493714676e-02
-9.144916135219068043e-03,-9.144916135219068043e-03
-5.714074638066314604e-04,-5.714074638066314604e-04
1.807764150078578283e-02,1.807764150078578283e-02
-1.418010713969630743e-03,-1.418010713969630743e-03
-1.354782159506712214e-02,-1.354782159506712214e-02
1.325571605118050500e-03,1.325571605118050500e-03
-6.642219084935716000e-05,-6.642219084935716000e-05
1.444158191558712542e-02,1.444158191558712542e-02
-7.274794168321711829e-03,-7.274794168321711829e-03
-1.486910441317856532e-02,-1.486910441317856532e-02
-1.067307553811257942e-02,-1.067307553811257942e-02
9.721576516154063069e-03,9.721576516154063069e-03
-4.233693774664298165e-03,-4.233693774664298165e-03
-5.097414890956355332e-03,-5.097414890956355332e-03
-4.363659151852373325e-03,-4.363659151852373325e-03
-2.682156018698260078e-02,-2.682156018698260078e-02
-2.998210166125009693e-02,-2.998210166125009693e-02
-3.352900659353226509e-02,-3.352900659353226509e-02
-1.734309570223421457e-02,-1.734309570223421457e-02
-3.697074970432209784e-02,-3.697074970432209784e-02
-1.087521898164294995e-02,-1.087521898164294995e-02
1.343743498081813315e-03,1.343743498081813315e-03
2.671415276537570521e-02,2.671415276537570521e-02
-1.062315377969025310e-04,-1.062315377969025310e-04
-3.952166050575195433e-02,-3.952166050575195433e-02
-1.961591784150714876e-02,-1.961591784150714876e-02
-1.514476334135375982e-02,-1.514476334135375982e-02
-8.064621811078673957e-03,-8.064621811078673957e-03
-1.362017093900561027e-02,-1.362017093900561027e-02
7.381405979312229138e-03,7.381405979312229138e-03
-9.296897970571059433e-03,-9.296897970571059433e-03
-1.845923090982658221e-03,-1.845923090982658221e-03
-5.899200228331544921e-03,-5.899200228331544921e-03
-2.176068364783408093e-02,-2.176068364783408093e-02
2.481089266698179724e-03,2.481089266698179724e-03
-7.751196684601724396e-03,-7.751196684601724396e-03
9.699841327018249998e-03,9.699841327018249998e-03
-2.511622538186493794e-02,-2.511622538186493794e-02
-1.358983172034555070e-02,-1.358983172034555070e-02
-1.639651480271023601e-02,-1.639651480271023601e-02
-1.246272767909997747e-02,-1.246272767909997747e-02
1.679050196733360145e-03,1.679050196733360145e-03
-1.537219746716816590e-02,-1.537219746716816590e-02
-3.115027968588746782e-03,-3.115027968588746782e-03
-9.071783291101427615e-03,-9.071783291101427615e-03
-6.993126542049026007e-03,-6.993126542049026007e-03
-6.906381864193233966e-03,-6.906381864193233966e-03
-3.435132151635166692e-03,-3.435132151635166692e-03
-2.149630111436809377e-02,-2.149630111436809377e-02
-1.624637906471163018e-02,-1.624637906471163018e-02
2.554071963551281937e-03,2.554071963551281937e-03
-3.007469373434393939e-02,-3.007469373434393939e-02
-9.398985978813077791e-03,-9.398985978813077791e-03
-1.719101985729412987e-02,-1.719101985729412987e-02
-4.297154413425419844e-03,-4.297154413425419844e-03
-7.905208524950579907e-03,-7.905208524950579907e-03
2.203491315174794032e-02,2.203491315174794032e-02
-3.271410216335108451e-03,-3.271410216335108451e-03
2.752086352585343676e-03,2.752086352585343676e-03
-2.770149344800524466e-03,-2.770149344800524466e-03
-2.981597922989100147e-02,-2.981597922989100147e-02
2.622586539819057178e-03,2.622586539819057178e-03
-2.107410369198019218e-02,-2.107410369198019218e-02
-4.536068173291257083e-03,-4.536068173291257083e-03
-8.716234585502250637e-03,-8.716234585502250637e-03
-1.744458823748070223e-02,-1.744458823748070223e-02
-1.821784155826042945e-03,-1.821784155826042945e-03
1.125397766156838175e-02,1.125397766156838175e-02
5.246618435546995807e-03,5.246618435546995807e-03
-3.472489561161782451e-03,-3.472489561161782451e-03
-9.171564916644333459e-03,-9.171564916644333459e-03
-6.147594578350977501e-03,-6.147594578350977501e-03
-1.974482458319729364e-02,-1.974482458319729364e-02
-1.590612026133478990e-03,-1.590612026133478990e-03
-2.028386579286570179e-03,-2.028386579286570179e-03
-2.052416073014096815e-02,-2.052416073014096815e-02
-2.796169376273822255e-03,-2.796169376273822255e-03
-2.402602017965931036e-02,-2.402602017965931036e-02
6.179317380095059736e-03,6.179317380095059736e-03
-3.639709849623876808e-02,-3.639709849623876808e-02
-1.274945306808405315e-02,-1.274945306808405315e-02
-1.922571558257082577e-02,-1.922571558257082577e-02
-1.597408968860018069e-02,-1.597408968860018069e-02
-2.606234250945519207e-02,-2.606234250945519207e-02
-9.065510193508694026e-03,-9.065510193508694026e-03
-3.063212321188116954e-02,-3.063212321188116954e-02
-3.830284309414233590e-03,-3.830284309414233590e-03
-5.221681720177489411e-03,-5.221681720177489411e-03
9.045001093654126550e-03,9.045001093654126550e-03
-8.741863754094841149e-03,-8.741863754094841149e-03
-8.331134394847370533e-03,-8.331134394847370533e-03
-2.125923816444087386e-02,-2.125923816444087386e-02
-1.151278300628308035e-02,-1.151278300628308035e-02
-1.788734037182489189e-02,-1.788734037182489189e-02
1.600825667978197225e-03,1.600825667978197225e-03
1.501620964348086146e-03,1.501620964348086146e-03
-2.870934366128468154e-02,-2.870934366128468154e-02
-5.691585035995302966e-03,-5.691585035995302966e-03
1.288410695567098266e-02,1.288410695567098266e-02
8.720572922426256257e-03,8.720572922426256257e-03
-8.065935353331402102e-03,-8.065935353331402102e-03
-5.191604108927570793e-03,-5.191604108927570793e-03
-9.842615998166825975e-03,-9.842615998166825975e-03
2.179529572342794180e-03,2.179529572342794180e-03
6.989374365571034836e-03,6.989374365571034836e-03
-2.062964624598781840e-02,-2.062964624598781840e-02
-7.394751507825935571e-03,-7.394751507825935571e-03
-1.103580504515663113e-02,-1.103580504515663113e-02
-8.511069831890101522e-03,-8.511069831890101522e-03
-3.232067687825124214e-02,-3.232067687825124214e-02
-9.292088701182966287e-03,-9.292088701182966287e-03
-1.218856754086577662e-02,-1.218856754086577662e-02
1.322497275633164465e-03,1.322497275633164465e-03
-1.140007114457523840e-02,-1.140007114457523840e-02
-8.073287644929892648e-04,-8.073287644929892648e-04
-1.926901272383188882e-02,-1.926901272383188882e-02
-7.561770812275426384e-03,-7.561770812275426384e-03
-1.541265007154952321e-02,-1.541265007154952321e-02
-2.644764293808267788e-02,-2.644764293808267788e-02
-3.936484561111692343e-03,-3.936484561111692343e-03
-5.810103349851467730e-03,-5.810103349851467730e-03
-9.399444631678587764e-03,-9.399444631678587764e-03
-8.191290141156954557e-03,-8.191290141156954557e-03
-1.729537027780324657e-02,-1.729537027780324657e-02
-2.695936126219967977e-03,-2.695936126219967977e-03
-1.099373189745591131e-02,-1.099373189745591131e-02
6.991801956933146184e-03,6.991801956933146184e-03
4.728315939574564281e-03,4.728315939574564281e-03
-8.018151423497606178e-03,-8.018151423497606178e-03
-1.376714094485447654e-02,-1.376714094485447654e-02
-2.836237979601262393e-02,-2.836237979601262393e-02
1.880415643422008593e-02,1.880415643422008593e-02
8.800291408981520541e-03,8.800291408981520541e-03
-8.179298052236778915e-04,-8.179298052236778915e-04
-1.547503079446011648e-02,-1.547503079446011648e-02
2.806086741271657942e-03,2.806086741271657942e-03
-3.249706135787257949e-03,-3.249706135787257949e-03
-1.658863363633549665e-02,-1.658863363633549665e-02
7.002304573139328525e-03,7.002304573139328525e-03
-7.444656850411793952e-03,-7.444656850411793952e-03
-3.641290552136987324e-03,-3.641290552136987324e-03
-1.299902628709549701e-02,-1.299902628709549701e-02
-1.565654606318601927e-02,-1.565654606318601927e-02
-2.099458911684896206e-03,-2.099458911684896206e-03
-2.040441295002323741e-02,-2.040441295002323741e-02
-2.512373670625302202e-02,-2.512373670625302202e-02
-7.096582950935959033e-03,-7.096582950935959033e-03
6.643527178881093731e-03,6.643527178881093731e-03
1.356488400897074703e-02,1.356488400897074703e-02
-4.690673101222057884e-03,-4.690673101222057884e-03
-3.487583223028559165e-02,-3.487583223028559165e-02
-2.868164261443124918e-02,-2.868164261443124918e-02
-5.049561979208489620e-03,-5.049561979208489620e-03
-2.656430208946285176e-03,-2.656430208946285176e-03
1.015427965848205230e-02,1.015427965848205230e-02
-5.179800501315209860e-03,-5.179800501315209860e-03
-1.279929045651717612e-02,-1.279929045651717612e-02
-3.302172598145226845e-02,-3.302172598145226845e-02
-1.176555946298143626e-02,-1.176555946298143626e-02
-2.772011748663149797e-02,-2.772011748663149797e-02
-1.524748863135757734e-02,-1.524748863135757734e-02
-2.895147176078766843e-02,-2.895147176078766843e-02
1.134655294262829073e-02,1.134655294262829073e-02
-2.654277517384942206e-02,-2.654277517384942206e-02
-5.529355344193461613e-03,-5.529355344193461613e-03
1.383305968132621244e-02,1.383305968132621244e-02
-1.635113999364175980e-02,-1.635113999364175980e-02
-4.352396444246044160e-04,-4.352396444246044160e-04
-8.807124702283165157e-03,-8.807124702283165157e-03
-2.082809062097779398e-02,-2.082809062097779398e-02
-1.480406148857508347e-02,-1.480406148857508347e-02
-1.622377231420830609e-02,-1.622377231420830609e-02
-1.747923404882746265e-02,-1.747923404882746265e-02
-8.690708754761734128e-03,-8.690708754761734128e-03
-2.926780938390396991e-03,-2.926780938390396991e-03
-4.943448492987941728e-03,-4.943448492987941728e-03
1.387872162262712358e-02,1.387872162262712358e-02
-1.936659551912846972e-02,-1.936659551912846972e-02
-1.617165184866710056e-02,-1.617165184866710056e-02
-1.052753662436489018e-02,-1.052753662436489018e-02
-1.289881777197710716e-02,-1.289881777197710716e-02
-2.534385389431816071e-02,-2.534385389431816071e-02
-1.072691596912468681e-02,-1.072691596912468681e-02
-1.259288542544905604e-02,-1.259288542544905604e-02
1.830268475570895684e-02,1.830268475570895684e-02
-7.658572518744816843e-03,-7.658572518744816843e-03
-8.851690336417576688e-04,-8.851690336417576688e-04
-1.860582505067857537e-02,-1.860582505067857537e-02
-3.012105497273136548e-02,-3.012105497273136548e-02
-3.948951811777873244e-04,-3.948951811777873244e-04
1.147155637436689246e-02,1.147155637436689246e-02
-1.550832150442077451e-03,-1.550832150442077451e-03
-7.739950502299700746e-03,-7.739950502299700746e-03
-2.791491682580856878e-02,-2.791491682580856878e-02
-1.032996569281447244e-02,-1.032996569281447244e-02
-4.153044813171087590e-03,-4.153044813171087590e-03
-9.642560198726276427e-03,-9.642560198726276427e-03
-1.204512802990389403e-02,-1.204512802990389403e-02
-1.769003447000131249e-02,-1.769003447000131249e-02
1.733376162772808440e-02,1.733376162772808440e-02
-4.276362722426169799e-03,-4.276362722426169799e-03
3.361982896168253659e-03,3.361982896168253659e-03
-1.208415711116263280e-02,-1.208415711116263280e-02
-9.121675496740703354e-03,-9.121675496740703354e-03
-1.904091329838623892e-02,-1.904091329838623892e-02
-2.584174878137981274e-02,-2.584174878137981274e-02
3.392126069065418831e-03,3.392126069065418831e-03
2.927426121978320139e-03,2.927426121978320139e-03
6.493206265156276774e-03,6.493206265156276774e-03
-1.185329639171547877e-03,-1.185329639171547877e-03
-1.830972197242981825e-02,-1.830972197242981825e-02
-1.615356520174181590e-02,-1.615356520174181590e-02
6.831180564626403856e-03,6.831180564626403856e-03
-3.319873235030596642e-03,-3.319873235030596642e-03
-3.377965201133471124e-03,-3.377965201133471124e-03
1.424577905618149704e-03,1.424577905618149704e-03
2.876892693597470768e-02,2.876892693597470768e-02
-3.477266901635954477e-02,-3.477266901635954477e-02
2.706114292182471709e-03,2.706114292182471709e-03
1.306398394866209629e-02,1.306398394866209629e-02
-5.001543484539967832e-03,-5.001543484539967832e-03
-5.255451442495166769e-03,-5.255451442495166769e-03
9.473912771500690722e-04,9.473912771500690722e-04
-1.725466977980063751e-02,-1.725466977980063751e-02
3.099186042304254152e-03,3.099186042304254152e-03
-7.353905948023455735e-03,-7.353905948023455735e-03
-2.269287588237394598e-03,-2.269287588237394598e-03
-4.847945677059029707e-02,-4.847945677059029707e-02
-1.065663991024053125e-02,-1.065663991024053125e-02
-1.447732441782761600e-02,-1.447732441782761600e-02
-1.391424654222414917e-02,-1.391424654222414917e-02
-1.050420553864561679e-02,-1.050420553864561679e-02
-1.805908517698019342e-02,-1.805908517698019342e-02
-7.638137618425334951e-03,-7.638137618425334951e-03
7.558315206821025062e-03,7.558315206821025062e-03
5.035195899550162779e-03,5.035195899550162779e-03
-1.776115111973820479e-02,-1.776115111973820479e-02
-1.507697998289410021e-02,-1.507697998289410021e-02
-1.212758787166465582e-02,-1.212758787166465582e-02
-1.164988137245667049e-02,-1.164988137245667049e-02
-1.224895110623928224e-02,-1.224895110623928224e-02
-2.070107653991171831e-03,-2.070107653991171831e-03
-2.615504439193092057e-02,-2.615504439193092057e-02
2.507471135130376338e-03,2.507471135130376338e-03
-6.193468388687100451e-03,-6.193468388687100451e-03
8.767418817174365414e-03,8.767418817174365414e-03
-1.364628180259172541e-02,-1.364628180259172541e-02
-5.536585293970146954e-03,-5.536585293970146954e-03
-8.256152080752740541e-03,-8.256152080752740541e-03
-1.260312896750330480e-02,-1.260312896750330480e-02
3.183440945752489398e-03,3.183440945752489398e-03
-1.497324350929732720e-02,-1.497324350929732720e-02
4.422672422581097607e-03,4.422672422581097607e-03
-2.150860206292145096e-02,-2.150860206292145096e-02
6.535493876196257768e-03,6.535493876196257768e-03
4.631185465384823896e-03,4.631185465384823896e-03
-2.865983756053069875e-03,-2.865983756053069875e-03
-4.632539433547626373e-04,-4.632539433547626373e-04
4.043665616480857788e-03,4.043665616480857788e-03
-3.068334881821629251e-02,-3.068334881821629251e-02
4.529206536101747227e-03,4.529206536101747227e-03
1.065536898821556680e-02,1.065536898821556680e-02
-3.861538937762150347e-02,-3.861538937762150347e-02
3.553965423600848050e-03,3.553965423600848050e-03
-1.636232921071753901e-02,-1.636232921071753901e-02
-1.975714173904622589e-02,-1.975714173904622589e-02
2.368713565780038860e-03,2.368713565780038860e-03
2.421988792658564746e-02,2.421988792658564746e-02
-1.873828270150192793e-02,-1.873828270150192793e-02
-2.388351639320630132e-02,-2.388351639320630132e-02
-8.043725251936847953e-03,-8.043725251936847953e-03
-1.144715512006920857e-02,-1.144715512006920857e-02
-7.032413573662382733e-03,-7.032413573662382733e-03
1.300051592882378593e-04,1.300051592882378593e-04
-1.039878654599213706e-02,-1.039878654599213706e-02
-8.807375563556877479e-03,-8.807375563556877479e-03
1.237715875600925441e-02,1.237715875600925441e-02
-1.080820735288904808e-02,-1.080820735288904808e-02
-8.445592454502905827e-03,-8.445592454502905827e-03
-4.051662611496205380e-03,-4.051662611496205380e-03
4.848690499275019883e-04,4.848690499275019883e-04
-1.286747092906717974e-02,-1.286747092906717974e-02
1.617513579623955020e-02,1.617513579623955020e-02
-7.947174457192625330e-03,-7.947174457192625330e-03
-1.592828914662748271e-02,-1.592828914662748271e-02
1.236410243859619937e-02,1.236410243859619937e-02
1.318114477189552894e-02,1.318114477189552894e-02
-7.052446873550024392e-03,-7.052446873550024392e-03
2.935420925325699093e-03,2.935420925325699093e-03
-1.754447809736684252e-02,-1.754447809736684252e-02
-1.695439140371218095e-02,-1.695439140371218095e-02
-1.445486257799045299e-02,-1.445486257799045299e-02
-2.130464570826381618e-02,-2.130464570826381618e-02
-1.593608122869389840e-02,-1.593608122869389840e-02
-8.575787197154134678e-03,-8.575787197154134678e-03
-1.187996045356522201e-02,-1.187996045356522201e-02
-7.438681206281844843e-03,-7.438681206281844843e-03
-1.059761506611409110e-02,-1.059761506611409110e-02
-2.944409377935525846e-02,-2.944409377935525846e-02
-2.025498991791786774e-02,-2.025498991791786774e-02
-8.464286649191053030e-03,-8.464286649191053030e-03
4.228085325038113962e-03,4.228085325038113962e-03
-6.173204412312307404e-03,-6.173204412312307404e-03
-8.351877922482420918e-03,-8.351877922482420918e-03
1.761909571980314199e-02,1.761909571980314199e-02
-2.049923561502504238e-02,-2.049923561502504238e-02
-2.489938839753007283e-03,-2.489938839753007283e-03
-9.444768731865976763e-03,-9.444768731865976763e-03
-9.253979517948145161e-04,-9.253979517948145161e-04
4.721610732829301799e-03,4.721610732829301799e-03
-1.307619187335738384e-02,-1.307619187335738384e-02
-6.235329019516584054e-03,-6.235329019516584054e-03
5.731838716869060157e-03,5.731838716869060157e-03
1.296330770238661098e-02,1.296330770238661098e-02
7.755296986042627821e-03,7.755296986042627821e-03
-2.442121091433362493e-02,-2.442121091433362493e-02
-1.606176075364486311e-03,-1.606176075364486311e-03
-1.664933349369886184e-02,-1.664933349369886184e-02
-2.682667434787969901e-02,-2.682667434787969901e-02
-2.013877231221854885e-03,-2.013877231221854885e-03
-1.557772928357920722e-03,-1.557772928357920722e-03
-2.544902947707001692e-02,-2.544902947707001692e-02
-1.299526803986405729e-02,-1.299526803986405729e-02
-2.201502938604085399e-02,-2.201502938604085399e-02
-5.450752901611240209e-03,-5.450752901611240209e-03
-2.751937537620823340e-02,-2.751937537620823340e-02
1.116431196025967354e-03,1.116431196025967354e-03
-1.583701108447719066e-02,-1.583701108447719066e-02
-2.534072935589415029e-02,-2.534072935589415029e-02
-4.131237238873999851e-03,-4.131237238873999851e-03
-8.377560373756996748e-03,-8.377560373756996748e-03
-1.734645953441150273e-02,-1.734645953441150273e-02
-1.432801883302029997e-02,-1.432801883302029997e-02
3.207902021046846880e-03,3.207902021046846880e-03
-1.891245120898259538e-02,-1.891245120898259538e-02
-1.582452015779625340e-02,-1.582452015779625340e-02
-9.563671584814636972e-03,-9.563671584814636972e-03
5.564603852393490424e-03,5.564603852393490424e-03
-2.146963419294319400e-02,-2.146963419294319400e-02
1.047562197772283071e-03,1.047562197772283071e-03
-1.556493454953079142e-02,-1.556493454953079142e-02
1.499196821596390436e-02,1.499196821596390436e-02
-9.634234134576473430e-03,-9.634234134576473430e-03
1.223161273974607277e-03,1.223161273974607277e-03
-1.114944540594024758e-02,-1.114944540594024758e-02
-3.111136019749438653e-04,-3.111136019749438653e-04
6.140441249589088935e-04,6.140441249589088935e-04
-1.369180670544253159e-03,-1.369180670544253159e-03
-5.708165121861064062e-03,-5.708165121861064062e-03
-5.511813038843065005e-03,-5.511813038843065005e-03
-9.477424240938104455e-03,-9.477424240938104455e-03
5.759242338488831936e-04,5.759242338488831936e-04
-1.569043938220833490e-02,-1.569043938220833490e-02
-5.892121870741937051e-03,-5.892121870741937051e-03
-3.388766986637111595e-02,-3.388766986637111595e-02
-1.274347643775657415e-02,-1.274347643775657415e-02
-1.725142807234759587e-02,-1.725142807234759587e-02
-4.295460867029903679e-03,-4.295460867029903679e-03
7.358686563513384959e-04,7.358686563513384959e-04
-8.506820825867428271e-03,-8.506820825867428271e-03
-5.602185282695786028e-04,-5.602185282695786028e-04
-4.957457000987625095e-05,-4.957457000987625095e-05
7.883348605055569974e-03,7.883348605055569974e-03
1.657234877236467979e-03,1.657234877236467979e-03
-6.649126136437259055e-03,-6.649126136437259055e-03
-3.263799530936643822e-02,-3.263799530936643822e-02
-1.640344475727829876e-02,-1.640344475727829876e-02
-3.131804375085402159e-03,-3.131804375085402159e-03
-1.574807475546356403e-02,-1.574807475546356403e-02
-4.345950109115741949e-03,-4.345950109115741949e-03
-2.407433528978677323e-03,-2.407433528978677323e-03
-8.310358986077674703e-03,-8.310358986077674703e-03
-2.098563972365597233e-02,-2.098563972365597233e-02
-2.148427514984216358e-03,-2.148427514984216358e-03
-1.400820473908388764e-03,-1.400820473908388764e-03
-5.169821796714716561e-03,-5.169821796714716561e-03
-1.499921651110756524e-02,-1.499921651110756524e-02
6.319134539820754626e-03,6.319134539820754626e-03
-7.956347850041341901e-03,-7.956347850041341901e-03
-1.460833333386146043e-02,-1.460833333386146043e-02
-2.413481682746136670e-02,-2.413481682746136670e-02
-1.702796951381703103e-02,-1.702796951381703103e-02
-2.465600899465429999e-02,-2.465600899465429999e-02
1.097988125961791780e-02,1.097988125961791780e-02
-2.040351966719414906e-02,-2.040351966719414906e-02
2.134231404724777625e-02,2.134231404724777625e-02
-1.094727945169641711e-02,-1.094727945169641711e-02
-1.682714151227674565e-03,-1.682714151227674565e-03
-2.302931756397460020e-02,-2.302931756397460020e-02
1.185841216601982162e-02,1.185841216601982162e-02
-3.950813939186589852e-02,-3.950813939186589852e-02
-3.645380012871662218e-03,-3.645380012871662218e-03
-2.049370499286821620e-02,-2.049370499286821620e-02
9.120096740049300765e-04,9.120096740049300765e-04
2.121950853929673725e-02,2.121950853929673725e-02
-6.815999787030940088e-03,-6.815999787030940088e-03
-3.242858931359764857e-03,-3.242858931359764857e-03
-3.550847596772644527e-03,-3.550847596772644527e-03
-1.481627338709865654e-02,-1.481627338709865654e-02
-1.016052843394302241e-03,-1.016052843394302241e-03
-1.419981691807626484e-02,-1.419981691807626484e-02
1.408884600547138932e-02,1.408884600547138932e-02
5.940557170098708512e-03,5.940557170098708512e-03
-1.758543035281047787e-02,-1.758543035281047787e-02
5.225937698604448539e-03,5.225937698604448539e-03
-1.378991822284615643e-02,-1.378991822284615643e-02
-2.829949392603910152e-02,-2.829949392603910152e-02
-1.102208665290274614e-02,-1.102208665290274614e-02
-5.616385070347416908e-03,-5.616385070347416908e-03
-3.233761973431115849e-02,-3.233761973431115849e-02
-6.685634837053991419e-03,-6.685634837053991419e-03
1.429665924770091162e-02,1.429665924770091162e-02
4.261936483258416813e-03,4.261936483258416813e-03
-2.263142183236391269e-02,-2.263142183236391269e-02
-1.766576343657131135e-02,-1.766576343657131135e-02
-5.068088151870330654e-03,-5.068088151870330654e-03
-1.206937715516169865e-02,-1.206937715516169865e-02
-1.652254042281476806e-02,-1.652254042281476806e-02
4.613882158996791133e-03,4.613882158996791133e-03
-2.649445948680662424e-02,-2.649445948680662424e-02
2.846726776528727548e-03,2.846726776528727548e-03
-1.390865421694340021e-02,-1.390865421694340021e-02
1.332035097171334510e-02,1.332035097171334510e-02
2.181791057684605989e-03,2.181791057684605989e-03
-1.242281794843887177e-02,-1.242281794843887177e-02
-1.411278310577242234e-02,-1.411278310577242234e-02
1.346833203913307131e-02,1.346833203913307131e-02
1.779680217785761451e-02,1.779680217785761451e-02
-1.512167021302736336e-02,-1.512167021302736336e-02
-5.151291349057271485e-03,-5.151291349057271485e-03
3.694773330471495809e-03,3.694773330471495809e-03
-2.068152034763426003e-02,-2.068152034763426003e-02
-2.939858894741829640e-02,-2.939858894741829640e-02
9.396937207622531318e-03,9.396937207622531318e-03
-2.241341566644622016e-02,-2.241341566644622016e-02
-9.830958845038376831e-03,-9.830958845038376831e-03
-1.794922769571585114e-02,-1.794922769571585114e-02
8.135525698009214018e-03,8.135525698009214018e-03
-6.792305831871590927e-03,-6.792305831871590927e-03
-1.525992827565452944e-02,-1.525992827565452944e-02
-1.977222976159845325e-02,-1.977222976159845325e-02
4.105181826871629608e-03,4.105181826871629608e-03
-3.046663389757262724e-03,-3.046663389757262724e-03
-3.386724437871876936e-02,-3.386724437871876936e-02
2.050950733581734242e-02,2.050950733581734242e-02
4.653668720519418128e-03,4.653668720519418128e-03
-1.069350978243016614e-02,-1.069350978243016614e-02
4.568300911294329025e-03,4.568300911294329025e-03
-5.560830551043227654e-03,-5.560830551043227654e-03
7.832924117315055029e-03,7.832924117315055029e-03
-9.826787726925530209e-04,-9.826787726925530209e-04
-1.697801332992221121e-02,-1.697801332992221121e-02
-2.345720959984059009e-02,-2.345720959984059009e-02
-1.168065669450952387e-03,-1.168065669450952387e-03
-1.420511563114129974e-02,-1.420511563114129974e-02
3.547431662672104885e-03,3.547431662672104885e-03
-1.652370586150683079e-02,-1.652370586150683079e-02
-1.237606230060572798e-02,-1.237606230060572798e-02
-1.073103019108533757e-02,-1.073103019108533757e-02
-7.580573265359935586e-03,-7.580573265359935586e-03
-2.394946307882083944e-02,-2.394946307882083944e-02
-1.458582941208963826e-02,-1.458582941208963826e-02
-1.267930219769386815e-02,-1.267930219769386815e-02
-2.187037264766087882e-02,-2.187037264766087882e-02
7.919818803794029943e-03,7.919818803794029943e-03
-7.383850310325786731e-03,-7.383850310325786731e-03
-1.493116068042138478e-02,-1.493116068042138478e-02
-1.941885152683413621e-02,-1.941885152683413621e-02
-3.298807129858877946e-03,-3.298807129858877946e-03
-1.691759735463432834e-02,-1.691759735463432834e-02
-3.246221452866816792e-02,-3.246221452866816792e-02
-2.688489123677255052e-02,-2.688489123677255052e-02
-1.065801961815852558e-02,-1.065801961815852558e-02
-2.093605726870912537e-03,-2.093605726870912537e-03
4.264084005489800905e-03,4.264084005489800905e-03
4.415437902863077191e-03,4.415437902863077191e-03
-1.228230288201987222e-02,-1.228230288201987222e-02
-3.915105741983112425e-03,-3.915105741983112425e-03
-8.718237694503409851e-03,-8.718237694503409851e-03
-6.400456074583751181e-03,-6.400456074583751181e-03
-5.957913353789034971e-03,-5.957913353789034971e-03
5.581179602295874981e-03,5.581179602295874981e-03
-1.036724865700195189e-02,-1.036724865700195189e-02
-3.683828803299642185e-03,-3.683828803299642185e-03
-1.516381378149180351e-02,-1.516381378149180351e-02
1.113075362436091384e-02,1.113075362436091384e-02
2.080201855472389380e-02,2.080201855472389380e-02
-1.661507853470260698e-02,-1.661507853470260698e-02
-7.480322618398430740e-03,-7.480322618398430740e-03
-8.733105311755300082e-03,-8.733105311755300082e-03
-1.850982841458781794e-02,-1.850982841458781794e-02
-8.367316972518745732e-03,-8.367316972518745732e-03
1.362738420515850063e-03,1.362738420515850063e-03
1.587762218142814777e-02,1.587762218142814777e-02
-8.212620056073899333e-03,-8.212620056073899333e-03
-8.868286999525590297e-03,-8.868286999525590297e-03
1.019611281336623917e-02,1.019611281336623917e-02
1.554796167829674419e-03,1.554796167829674419e-03
1.373457112491508619e-02,1.373457112491508619e-02
-1.831049809474413759e-02,-1.831049809474413759e-02
-1.954420528847407648e-02,-1.954420528847407648e-02
-1.327804805318060638e-02,-1.327804805318060638e-02
2.396694485821429521e-03,2.396694485821429521e-03
-7.662921451534535078e-03,-7.662921451534535078e-03
-3.275023437576367324e-02,-3.275023437576367324e-02
-5.999620426198296053e-03,-5.999620426198296053e-03
-1.704084718078852437e-02,-1.704084718078852437e-02
-6.081456434264474048e-03,-6.081456434264474048e-03
-1.713592931641439929e-02,-1.713592931641439929e-02
-6.290371603654681260e-03,-6.290371603654681260e-03
-6.373915224509207195e-03,-6.373915224509207195e-03
5.426167059247380409e-04,5.426167059247380409e-04
2.234766927158321481e-02,2.234766927158321481e-02
-1.985949980997308087e-02,-1.985949980997308087e-02
6.713715423745183347e-03,6.713715423745183347e-03
5.089453280927986462e-03,5.089453280927986462e-03
-9.188443016628924931e-03,-9.188443016628924931e-03
-3.232262274479699021e-03,-3.232262274479699021e-03
8.961620280513230702e-03,8.961620280513230702e-03
3.377397495740033090e-03,3.377397495740033090e-03
-1.456767747962715506e-02,-1.456767747962715506e-02
-7.062725896927659480e-03,-7.062725896927659480e-03
5.510539179717968000e-03,5.510539179717968000e-03
-1.260985071189603401e-02,-1.260985071189603401e-02
-1.937479513635730413e-02,-1.937479513635730413e-02
-8.504908789727559648e-03,-8.504908789727559648e-03
-2.298017537164409943e-02,-2.298017537164409943e-02
-3.780678490918421009e-02,-3.780678490918421009e-02
1.315279455688669191e-02,1.315279455688669191e-02
-7.784320166485218795e-03,-7.784320166485218795e-03
-1.797985787472394098e-02,-1.797985787472394098e-02
7.620046743777968146e-03,7.620046743777968146e-03
-4.542350032804176596e-03,-4.542350032804176596e-03
-5.147973779918806753e-03,-5.147973779918806753e-03
2.583347457143156389e-04,2.583347457143156389e-04
-2.221392925884271841e-02,-2.221392925884271841e-02
4.562110479887568348e-03,4.562110479887568348e-03
-1.108566416896030957e-02,-1.108566416896030957e-02
-1.557867127104621205e-02,-1.557867127104621205e-02
1.227554935614972795e-02,1.227554935614972795e-02
-7.664156929082288627e-03,-7.664156929082288627e-03
-7.328746582747590332e-03,-7.328746582747590332e-03
8.910680969363191095e-03,8.910680969363191095e-03
-1.734391692790119774e-02,-1.734391692790119774e-02
-1.977241464054354733e-02,-1.977241464054354733e-02
-9.843123753076263305e-03,-9.843123753076263305e-03
-5.206128196433217753e-03,-5.206128196433217753e-03
-3.331863937930074765e-03,-3.331863937930074765e-03
8.247609577523313390e-03,8.247609577523313390e-03
-3.157312681521422942e-02,-3.157312681521422942e-02
7.306593415230849820e-03,7.306593415230849820e-03
7.739568897653339302e-03,7.739568897653339302e-03
-8.450488200054291632e-04,-8.450488200054291632e-04
-2.246053676540762239e-03,-2.246053676540762239e-03
-1.572077451025568479e-02,-1.572077451025568479e-02
-3.371215726744140884e-04,-3.371215726744140884e-04
1.560097973342340280e-02,1.560097973342340280e-02
-4.956780915968652529e-03,-4.956780915968652529e-03
-1.460765994583734101e-02,-1.460765994583734101e-02
-3.917234759950524725e-04,-3.917234759950524725e-04
-1.063689642028544866e-02,-1.063689642028544866e-02
-1.183539320341249826e-02,-1.183539320341249826e-02
-1.446840575541575441e-02,-1.446840575541575441e-02
-4.221156522012818602e-03,-4.221156522012818602e-03
-2.140439904391707240e-02,-2.140439904391707240e-02
-6.055606055294350532e-03,-6.055606055294350532e-03
-2.865813962837555212e-02,-2.865813962837555212e-02
-8.811009364290835200e-03,-8.811009364290835200e-03
-1.645349360016513246e-02,-1.645349360016513246e-02
-4.181251473682456171e-02,-4.181251473682456171e-02
4.358811897742786989e-04,4.358811897742786989e-04
2.140017659893286850e-03,2.140017659893286850e-03
-3.844477381026951968e-03,-3.844477381026951968e-03
-2.231360053912129562e-02,-2.231360053912129562e-02
-2.595546648420682390e-03,-2.595546648420682390e-03
3.876034872675154785e-03,3.876034872675154785e-03
-8.013290262738472641e-03,-8.013290262738472641e-03
4.289781384463852570e-03,4.289781384463852570e-03
4.417224781533574812e-03,4.417224781533574812e-03
-8.516726299163872999e-03,-8.516726299163872999e-03
-1.514851697062216673e-02,-1.514851697062216673e-02
-2.936065879176399593e-02,-2.936065879176399593e-02
-1.324800729458280174e-02,-1.324800729458280174e-02
-2.208050217840139620e-02,-2.208050217840139620e-02
-2.326630736520444998e-02,-2.326630736520444998e-02
-9.258295543066626110e-04,-9.258295543066626110e-04
-2.516300890445709315e-03,-2.516300890445709315e-03
-1.760730799885470640e-02,-1.760730799885470640e-02
-1.804939633030178819e-03,-1.804939633030178819e-03
9.137661041546039226e-03,9.137661041546039226e-03
-1.851204344697529591e-02,-1.851204344697529591e-02
-3.613603524908458320e-02,-3.613603524908458320e-02
7.125123604441197314e-03,7.125123604441197314e-03
1.715993834005390128e-02,1.715993834005390128e-02
-2.657690686144160638e-02,-2.657690686144160638e-02
-1.927492368214581142e-02,-1.927492368214581142e-02
8.751036741101701072e-03,8.751036741101701072e-03
9.121181323102068444e-03,9.121181323102068444e-03
5.909026482075026981e-03,5.909026482075026981e-03
-2.235274956105670618e-02,-2.235274956105670618e-02
-5.025285414305795395e-04,-5.025285414305795395e-04
-1.408084134547625890e-02,-1.408084134547625890e-02
1.544127180748068595e-03,1.544127180748068595e-03
-2.047679073051017484e-02,-2.047679073051017484e-02
-5.806932477426546974e-03,-5.806932477426546974e-03
-4.827663672903242942e-03,-4.827663672903242942e-03
-3.851069561316981110e-03,-3.851069561316981110e-03
-4.916991197361057081e-03,-4.916991197361057081e-03
-1.620827623222198532e-02,-1.620827623222198532e-02
-1.349311569633181163e-02,-1.349311569633181163e-02
2.801320263683942241e-02,2.801320263683942241e-02
-6.799260403008985237e-03,-6.799260403008985237e-03
-2.724417472128631140e-02,-2.724417472128631140e-02
-1.385727569056962455e-02,-1.385727569056962455e-02
-2.985089742797886886e-02,-2.985089742797886886e-02
-1.191569692517215756e-02,-1.191569692517215756e-02
-5.385216267643641586e-03,-5.385216267643641586e-03
-6.575805495612485618e-04,-6.575805495612485618e-04
-2.492003645375245532e-02,-2.492003645375245532e-02
-5.743000558746425704e-03,-5.743000558746425704e-03
3.074499720146822018e-03,3.074499720146822018e-03
-6.133202808696169850e-03,-6.133202808696169850e-03
-3.260125443124608363e-02,-3.260125443124608363e-02
-1.531631425910876323e-02,-1.531631425910876323e-02
6.007529681839231944e-03,6.007529681839231944e-03
-1.378042174282223531e-02,-1.378042174282223531e-02
-7.802577503592800917e-03,-7.802577503592800917e-03
1.539124664993201871e-02,1.539124664993201871e-02
4.244681361341987730e-03,4.244681361341987730e-03
-1.667944067702482186e-02,-1.667944067702482186e-02
-8.009126987689855343e-03,-8.009126987689855343e-03
3.098572999902335368e-03,3.098572999902335368e-03
-1.228765280949223326e-02,-1.228765280949223326e-02
-1.660101568351347867e-02,-1.660101568351347867e-02
4.328994651191950260e-03,4.328994651191950260e-03
-3.136551077971586055e-02,-3.136551077971586055e-02
5.571482988643676471e-04,5.571482988643676471e-04
9.175294955167549726e-03,9.175294955167549726e-03
-5.662809210621691514e-03,-5.662809210621691514e-03
-2.279730651511879813e-02,-2.279730651511879813e-02
-5.490845982410931525e-03,-5.490845982410931525e-03
-2.173036731293216672e-02,-2.173036731293216672e-02
2.314017546289963076e-02,2.314017546289963076e-02
-1.412129585268545248e-02,-1.412129585268545248e-02
-2.069062837448523706e-02,-2.069062837448523706e-02
2.020035600987079433e-03,2.020035600987079433e-03
-4.562328797892860333e-03,-4.562328797892860333e-03
4.792366289915785116e-04,4.792366289915785116e-04
-1.571922355777960120e-02,-1.571922355777960120e-02
-1.117903928532493901e-02,-1.117903928532493901e-02
-1.696586686680609524e-02,-1.696586686680609524e-02
-8.591475841689059922e-03,-8.591475841689059922e-03
-3.551300455378714194e-03,-3.551300455378714194e-03
-6.845873321753990354e-03,-6.845873321753990354e-03
-1.729927571501927927e-02,-1.729927571501927927e-02
-4.519993731607517551e-03,-4.519993731607517551e-03
-1.865339756649562336e-02,-1.865339756649562336e-02
-2.003296816391931384e-03,-2.003296816391931384e-03
1.500886496809849743e-02,1.500886496809849743e-02
-1.941372283083224806e-02,-1.941372283083224806e-02
-3.045920777287117881e-02,-3.045920777287117881e-02
-2.265091410767294811e-02,-2.265091410767294811e-02
1.147668889072670298e-02,1.147668889072670298e-02
9.854873051502413550e-03,9.854873051502413550e-03
1.074996358439430852e-02,1.074996358439430852e-02
8.879342443723948347e-03,8.879342443723948347e-03
-5.313269410210371552e-03,-5.313269410210371552e-03
4.696405960829541648e-04,4.696405960829541648e-04
-3.631375022850515111e-02,-3.631375022850515111e-02
-2.202085781302256379e-02,-2.202085781302256379e-02
-1.286628534263729862e-02,-1.286628534263729862e-02
-1.274630244907299509e-02,-1.274630244907299509e-02
1.902040427681630369e-03,1.902040427681630369e-03
-3.081916141394349870e-02,-3.081916141394349870e-02
-4.181203131495526970e-02,-4.181203131495526970e-02
4.070566936248687373e-03,4.070566936248687373e-03
3.581840457811610867e-03,3.581840457811610867e-03
-2.038382523586601547e-02,-2.038382523586601547e-02
-1.965175279110582818e-02,-1.965175279110582818e-02
7.026693603065785332e-03,7.026693603065785332e-03
4.955667425629098344e-04,4.955667425629098344e-04
-1.426713565587028193e-02,-1.426713565587028193e-02
3.560508465792699972e-03,3.560508465792699972e-03
-7.093895780739056106e-03,-7.093895780739056106e-03
-3.690563713772538473e-03,-3.690563713772538473e-03
1.250018160406478340e-04,1.250018160406478340e-04
-1.361625068020880930e-02,-1.361625068020880930e-02
1.010149107305611041e-02,1.010149107305611041e-02
-1.613622608750504145e-02,-1.613622608750504145e-02
-5.702361920127133749e-03,-5.702361920127133749e-03
9.304422161801675917e-04,9.304422161801675917e-04
4.387620481915880527e-03,4.387620481915880527e-03
-3.657961953411578704e-02,-3.657961953411578704e-02
4.457896939900798938e-03,4.457896939900798938e-03
-1.452843201762485381e-02,-1.452843201762485381e-02
-2.905476918952542773e-02,-2.905476918952542773e-02
1.020509464318319556e-02,1.020509464318319556e-02
5.379570027857702441e-04,5.379570027857702441e-04
7.783311642989121371e-03,7.783311642989121371e-03
-8.936409402932478374e-03,-8.936409402932478374e-03
-6.900418037668495236e-03,-6.900418037668495236e-03
1.889092706793169332e-02,1.889092706793169332e-02
-1.122018476955753685e-02,-1.122018476955753685e-02
2.178059255414063755e-02,2.178059255414063755e-02
3.060262065476014592e-03,3.060262065476014592e-03
-3.301443721507774792e-03,-3.301443721507774792e-03
-1.700491616726671623e-02,-1.700491616726671623e-02
-1.625839526913246472e-02,-1.625839526913246472e-02
-3.118366017130414294e-02,-3.118366017130414294e-02
-3.643447802144133413e-03,-3.643447802144133413e-03
-1.195197832171051786e-02,-1.195197832171051786e-02
-1.149432612907326859e-02,-1.149432612907326859e-02
-1.710859426420333063e-02,-1.710859426420333063e-02
-2.195026553461776678e-02,-2.195026553461776678e-02
-8.726969323771649467e-03,-8.726969323771649467e-03
-1.706586812071906809e-02,-1.706586812071906809e-02
-1.218948602690344760e-02,-1.218948602690344760e-02
9.301605209749104486e-03,9.301605209749104486e-03
-1.175482607035456539e-02,-1.175482607035456539e-02
7.495750071448491897e-03,7.495750071448491897e-03
-7.522095390347597471e-03,-7.522095390347597471e-03
-4.081371004694942656e-03,-4.081371004694942656e-03
-1.947360524402097157e-02,-1.947360524402097157e-02
-2.289118028708643851e-02,-2.289118028708643851e-02
9.448676540542374352e-03,9.448676540542374352e-03
-4.664014747069872291e-04,-4.664014747069872291e-04
-1.345118714621049150e-02,-1.345118714621049150e-02
1.589823951518525014e-02,1.589823951518525014e-02
-8.407143620126095174e-03,-8.407143620126095174e-03
-8.175444715016695618e-03,-8.175444715016695618e-03
-3.019352309504726509e-02,-3.019352309504726509e-02
1.520170039965482861e-02,1.520170039965482861e-02
-1.525960358233616199e-02,-1.525960358233616199e-02
-1.490989557865640691e-03,-1.490989557865640691e-03
6.761964195374409875e-03,6.761964195374409875e-03
4.965607304880877843e-03,4.965607304880877843e-03
-2.233391090361815795e-02,-2.233391090361815795e-02
-1.613014446575229688e-02,-1.613014446575229688e-02
8.281294242525973071e-03,8.281294242525973071e-03
2.626718361971005361e-03,2.626718361971005361e-03
-4.421961548577796330e-03,-4.421961548577796330e-03
-6.111147681108805574e-03,-6.111147681108805574e-03
-2.035356228312420329e-02,-2.035356228312420329e-02
1.056546792260022391e-02,1.056546792260022391e-02
-3.665254004860608178e-03,-3.665254004860608178e-03
-2.848993698929989937e-02,-2.848993698929989937e-02
2.633916735604556469e-04,2.633916735604556469e-04
4.991945810160075547e-05,4.991945810160075547e-05
3.389875681561148324e-03,3.389875681561148324e-03
-2.365145624390329118e-02,-2.365145624390329118e-02
-7.570330102155280877e-03,-7.570330102155280877e-03
4.209548340806418265e-03,4.209548340806418265e-03
-1.483070947360591238e-02,-1.483070947360591238e-02
-1.045094203775905409e-02,-1.045094203775905409e-02
-1.120039210366016377e-02,-1.120039210366016377e-02
-1.965751363558892670e-02,-1.965751363558892670e-02
-9.468729871429572981e-03,-9.468729871429572981e-03
-2.290546607866147250e-03,-2.290546607866147250e-03
-5.674540069364669009e-03,-5.674540069364669009e-03
-6.285530164601656200e-03,-6.285530164601656200e-03
-2.337286472511783050e-02,-2.337286472511783050e-02
-3.098202323370784217e-02,-3.098202323370784217e-02
-2.847905868612436719e-03,-2.847905868612436719e-03
-1.682479180743332720e-02,-1.682479180743332720e-02
2.201436808528269701e-03,2.201436808528269701e-03
-2.595153193736395372e-02,-2.595153193736395372e-02
-3.323926894836675555e-02,-3.323926894836675555e-02
-9.589743533234953987e-03,-9.589743533234953987e-03
-4.837487216775980536e-03,-4.837487216775980536e-03
-1.637395414094468260e-02,-1.637395414094468260e-02
-6.368058840447124447e-03,-6.368058840447124447e-03
-9.329942579953148796e-03,-9.329942579953148796e-03
-4.232834237384436316e-03,-4.232834237384436316e-03
4.699869932945351797e-03,4.699869932945351797e-03
-1.392528415797468500e-02,-1.392528415797468500e-02
-1.470564679325505469e-02,-1.470564679325505469e-02
-7.233301888169122590e-03,-7.233301888169122590e-03
-7.886072404642872208e-03,-7.886072404642872208e-03
-2.776278754174632546e-04,-2.776278754174632546e-04
-8.810855023090636423e-03,-8.810855023090636423e-03
-1.865215398577066419e-02,-1.865215398577066419e-02
-1.040159190106189346e-02,-1.040159190106189346e-02
-1.736320647749556301e-02,-1.736320647749556301e-02
-1.708939187631880116e-02,-1.708939187631880116e-02
-4.165006988687391248e-03,-4.165006988687391248e-03
-1.438244055832224935e-02,-1.438244055832224935e-02
-6.242860480046664995e-03,-6.242860480046664995e-03
-2.250325271245224787e-02,-2.250325271245224787e-02
4.457920945455991907e-03,4.457920945455991907e-03
-1.433830668041630174e-02,-1.433830668041630174e-02
2.081955371555275006e-02,2.081955371555275006e-02
1.198087747550948684e-03,1.198087747550948684e-03
1.029392496077126407e-02,1.029392496077126407e-02
-7.039489056204582124e-03,-7.039489056204582124e-03
-3.256595153970018308e-03,-3.256595153970018308e-03
-1.018528920616211877e-02,-1.018528920616211877e-02
-1.315719844268706945e-03,-1.315719844268706945e-03
2.875355671986407069e-03,2.875355671986407069e-03
-7.588156049730326175e-03,-7.588156049730326175e-03
1.330553670417602280e-02,1.330553670417602280e-02
-7.079086934614620130e-04,-7.079086934614620130e-04
-7.039811211064853080e-03,-7.039811211064853080e-03
-1.345191226904093873e-02,-1.345191226904093873e-02
2.224707705248126638e-03,2.224707705248126638e-03
-2.862023319845247507e-02,-2.862023319845247507e-02
-2.208436968928689792e-02,-2.208436968928689792e-02
-3.014843575495714315e-02,-3.014843575495714315e-02
3.975312786499266698e-03,3.975312786499266698e-03
-2.332233827148243524e-02,-2.332233827148243524e-02
-9.165546741434743572e-03,-9.165546741434743572e-03
-7.260281350755289770e-03,-7.260281350755289770e-03
9.592248955928622117e-03,9.592248955928622117e-03
1.262868903771148521e-03,1.262868903771148521e-03
-4.913044751605394334e-03,-4.913044751605394334e-03
-8.436113893670976055e-03,-8.436113893670976055e-03
-2.257544383175054750e-02,-2.257544383175054750e-02
-3.360768314174175653e-02,-3.360768314174175653e-02
-1.641550507676982698e-02,-1.641550507676982698e-02
1.175105138074561406e-03,1.175105138074561406e-03
6.677247201415079797e-03,6.677247201415079797e-03
-7.517416626942888952e-03,-7.517416626942888952e-03
-2.023420014354086402e-02,-2.023420014354086402e-02
-2.606221640195302905e-02,-2.606221640195302905e-02
-1.074471537053789741e-02,-1.074471537053789741e-02
-1.461702342417837974e-02,-1.461702342417837974e-02
-3.999489291626474874e-03,-3.999489291626474874e-03
-8.104133599806075811e-03,-8.104133599806075811e-03
1.214365770519275356e-03,1.214365770519275356e-03
-1.166292937776479410e-02,-1.166292937776479410e-02
-8.849465805426521420e-03,-8.849465805426521420e-03
-2.790457663006127090e-02,-2.790457663006127090e-02
9.067809364083512930e-03,9.067809364083512930e-03
-3.076114251887820950e-02,-3.076114251887820950e-02
-1.778015872758493751e-02,-1.778015872758493751e-02
3.160253943496338369e-04,3.160253943496338369e-04
4.194166683207017909e-03,4.194166683207017909e-03
-3.056652828153129386e-04,-3.056652828153129386e-04
-2.056705906788129298e-02,-2.056705906788129298e-02
5.895878613281418934e-03,5.895878613281418934e-03
-1.376677426304398488e-02,-1.376677426304398488e-02
1.298750544741440055e-02,1.298750544741440055e-02
-1.471467744504337261e-03,-1.471467744504337261e-03
1.023385734627501112e-02,1.023385734627501112e-02
-1.092485633204099554e-02,-1.092485633204099554e-02
-1.848206504546732326e-02,-1.848206504546732326e-02
1.754701388811539392e-03,1.754701388811539392e-03
-1.841706291677039017e-02,-1.841706291677039017e-02
-8.891557477516652541e-04,-8.891557477516652541e-04
-2.779751577170036861e-02,-2.779751577170036861e-02
-1.159311633000473934e-02,-1.159311633000473934e-02
2.830347327332415064e-03,2.830347327332415064e-03
6.307341003781045952e-03,6.307341003781045952e-03
1.186555471455284089e-02,1.186555471455284089e-02
-2.580154174163344638e-03,-2.580154174163344638e-03
4.463796716347594867e-03,4.463796716347594867e-03
-9.318089627625519150e-03,-9.318089627625519150e-03
8.809788069147148765e-03,8.809788069147148765e-03
6.812666040606801116e-03,6.812666040606801116e-03
-1.001812558234336722e-02,-1.001812558234336722e-02
-2.016774697094041863e-02,-2.016774697094041863e-02
-7.802093125968787013e-03,-7.802093125968787013e-03
-2.151973768934526202e-02,-2.151973768934526202e-02
-1.605462870187442798e-02,-1.605462870187442798e-02
-5.907715437763451372e-03,-5.907715437763451372e-03
-4.110813153694804767e-03,-4.110813153694804767e-03
2.271261278153555857e-02,2.271261278153555857e-02
-7.503667868906129662e-03,-7.503667868906129662e-03
-1.254223166456278071e-02,-1.254223166456278071e-02
-1.131311340578088076e-02,-1.131311340578088076e-02
-1.465779637706328409e-02,-1.465779637706328409e-02
-8.515613908252131492e-03,-8.515613908252131492e-03
-1.132593190977705666e-02,-1.132593190977705666e-02
-1.198765834935239943e-03,-1.198765834935239943e-03
-1.148962455911522323e-02,-1.148962455911522323e-02
-3.975234017428438266e-03,-3.975234017428438266e-03
-2.313443465412689040e-02,-2.313443465412689040e-02
-1.535691676843799203e-02,-1.535691676843799203e-02
-3.348023548321182180e-03,-3.348023548321182180e-03
6.465151714211223727e-03,6.465151714211223727e-03
-2.478238131212361778e-02,-2.478238131212361778e-02
-2.176169302441229719e-02,-2.176169302441229719e-02
-6.554355811704170448e-03,-6.554355811704170448e-03
-2.425313970395175794e-03,-2.425313970395175794e-03
-5.074067717568336161e-03,-5.074067717568336161e-03
-3.056818207273455032e-02,-3.056818207273455032e-02
5.278610111073639422e-03,5.278610111073639422e-03
2.943914316494256750e-03,2.943914316494256750e-03
-1.194401731023759378e-02,-1.194401731023759378e-02
-2.423758029934941494e-04,-2.423758029934941494e-04
-1.597048892750820709e-02,-1.597048892750820709e-02
-1.154968343116821727e-02,-1.154968343116821727e-02
-8.007873457532215661e-03,-8.007873457532215661e-03
-3.520168904334351756e-02,-3.520168904334351756e-02
1.334399138202076174e-02,1.334399138202076174e-02
-1.298108104174272581e-02,-1.298108104174272581e-02
-7.228452468869377145e-03,-7.228452468869377145e-03
-1.249029782713839687e-02,-1.249029782713839687e-02
-8.660097662948552238e-03,-8.660097662948552238e-03
-2.042524476145644169e-02,-2.042524476145644169e-02
-1.704047342501848264e-02,-1.704047342501848264e-02
2.740844712365329144e-03,2.740844712365329144e-03
1.020865923380856119e-02,1.020865923380856119e-02
3.477353890751766485e-06,3.477353890751766485e-06
-9.634281555710999534e-03,-9.634281555710999534e-03
-9.792832181933251029e-03,-9.792832181933251029e-03
-2.636258037466273491e-02,-2.636258037466273491e-02
-8.384402956406376839e-03,-8.384402956406376839e-03
-1.070951042068295916e-02,-1.070951042068295916e-02
-1.255212328866444488e-02,-1.255212328866444488e-02
-3.428625520491555140e-02,-3.428625520491555140e-02
-1.198004393291119893e-02,-1.198004393291119893e-02
-2.127219527174897817e-02,-2.127219527174897817e-02
-3.119129716869530750e-02,-3.119129716869530750e-02
-1.579693742885899047e-02,-1.579693742885899047e-02
-1.221447713920964170e-02,-1.221447713920964170e-02
-1.078743505181187223e-02,-1.078743505181187223e-02
-1.535147211829039973e-02,-1.535147211829039973e-02
-5.941020098574452402e-03,-5.941020098574452402e-03
-4.206915787047184330e-02,-4.206915787047184330e-02
-4.488264815502004956e-03,-4.488264815502004956e-03
-4.407479507580226719e-03,-4.407479507580226719e-03
-8.577135794017032300e-04,-8.577135794017032300e-04
-2.295888544114718655e-02,-2.295888544114718655e-02
1.800608669403222506e-03,1.800608669403222506e-03
1.022653029903889191e-02,1.022653029903889191e-02
-1.962654787838870665e-02,-1.962654787838870665e-02
9.959772298472207436e-03,9.959772298472207436e-03
-1.895620726456129571e-02,-1.895620726456129571e-02
-2.984974672808139023e-02,-2.984974672808139023e-02
-1.228830260476170347e-02,-1.228830260476170347e-02
3.448519733310825841e-04,3.448519733310825841e-04
8.314717525179649016e-04,8.314717525179649016e-04
-7.958869568970950575e-03,-7.958869568970950575e-03
-8.671112343563644465e-04,-8.671112343563644465e-04
-2.161311140401548161e-02,-2.161311140401548161e-02
3.277246443847168372e-03,3.277246443847168372e-03
-7.684998755667953735e-03,-7.684998755667953735e-03
-1.598501535704078061e-02,-1.598501535704078061e-02
-6.897278853182871317e-03,-6.897278853182871317e-03
-4.170601993062721807e-03,-4.170601993062721807e-03
9.393724284223404358e-03,9.393724284223404358e-03
-1.753875300586238070e-02,-1.753875300586238070e-02
-1.477590639055170740e-04,-1.477590639055170740e-04
-1.310372519993577983e-02,-1.310372519993577983e-02
-1.975120748787691574e-02,-1.975120748787691574e-02
-2.989861010003723452e-03,-2.989861010003723452e-03
-1.155530147609294331e-02,-1.155530147609294331e-02
3.575617595155539119e-04,3.575617595155539119e-04
-5.191763510709983265e-04,-5.191763510709983265e-04
-1.046301468736858531e-02,-1.046301468736858531e-02
-1.390117898548599851e-03,-1.390117898548599851e-03
-8.756957157782147699e-03,-8.756957157782147699e-03
5.738468558392113839e-03,5.738468558392113839e-03
2.505534499083668723e-02,2.505534499083668723e-02
-1.444066528155084003e-02,-1.444066528155084003e-02
-1.848984975479417078e-02,-1.848984975479417078e-02
-2.856212454803851511e-02,-2.856212454803851511e-02
-1.100033727592399785e-03,-1.100033727592399785e-03
-9.894396834374798166e-03,-9.894396834374798166e-03
5.993929977699305467e-03,5.993929977699305467e-03
1.451254401743103106e-03,1.451254401743103106e-03
-8.207578827413124223e-04,-8.207578827413124223e-04
-1.633221988169250224e-02,-1.633221988169250224e-02
-4.839867935631424201e-03,-4.839867935631424201e-03
-8.831271274216925121e-03,-8.831271274216925121e-03
-1.887291028329978956e-02,-1.887291028329978956e-02
-2.846510404925533047e-02,-2.846510404925533047e-02
-2.568165458876319612e-03,-2.568165458876319612e-03
-2.435324448878802700e-02,-2.435324448878802700e-02
-1.092211795362528493e-03,-1.092211795362528493e-03
-2.165339732048482402e-02,-2.165339732048482402e-02
1.482703133188447570e-02,1.482703133188447570e-02
-3.007294161864138005e-02,-3.007294161864138005e-02
4.943917487320200616e-03,4.943917487320200616e-03
-3.140757774439825734e-02,-3.140757774439825734e-02
-1.256304161558468788e-02,-1.256304161558468788e-02
-4.560082542356621443e-03,-4.560082542356621443e-03
-3.615823311232436998e-02,-3.615823311232436998e-02
1.485543639255564041e-03,1.485543639255564041e-03
-1.022398646407299966e-02,-1.022398646407299966e-02
-1.683728517031892954e-02,-1.683728517031892954e-02
-1.386143434897071924e-02,-1.386143434897071924e-02
1.732567852006670905e-03,1.732567852006670905e-03
-1.444325471186300516e-02,-1.444325471186300516e-02
-8.302746461108793247e-03,-8.302746461108793247e-03
6.583307474497077094e-03,6.583307474497077094e-03
-1.591436958422597081e-02,-1.591436958422597081e-02
-1.427878135408711807e-02,-1.427878135408711807e-02
-1.486447998701657600e-02,-1.486447998701657600e-02
-3.957642581411086047e-02,-3.957642581411086047e-02
7.016697662929727297e-03,7.016697662929727297e-03
-1.279219612522268165e-02,-1.279219612522268165e-02
-1.240813926692728095e-02,-1.240813926692728095e-02
-1.359904998332370912e-02,-1.359904998332370912e-02
-2.305696255900066549e-02,-2.305696255900066549e-02
2.067207361168284241e-03,2.067207361168284241e-03
-7.952036546039334408e-03,-7.952036546039334408e-03
-4.340384592047743378e-03,-4.340384592047743378e-03
-3.825610795175005824e-03,-3.825610795175005824e-03
1.243669717537539132e-03,1.243669717537539132e-03
-6.031400664394375583e-03,-6.031400664394375583e-03
-1.173237437373242376e-02,-1.173237437373242376e-02
-4.095054321652493584e-03,-4.095054321652493584e-03
-1.386714441523415747e-02,-1.386714441523415747e-02
-3.465304512540522824e-02,-3.465304512540522824e-02
-1.398493202094811330e-02,-1.398493202094811330e-02
-1.819224162746513329e-02,-1.819224162746513329e-02
-1.429749471532020325e-02,-1.429749471532020325e-02
8.163048796785869060e-03,8.163048796785869060e-03
2.127058598814662166e-03,2.127058598814662166e-03
-1.112544081473423180e-02,-1.112544081473423180e-02
6.804550289393359458e-03,6.804550289393359458e-03
-1.761893443438331333e-02,-1.761893443438331333e-02
-6.717419631949921727e-03,-6.717419631949921727e-03
-2.153959825326402788e-02,-2.153959825326402788e-02
-1.107010076668962784e-02,-1.107010076668962784e-02
6.903393556396068831e-03,6.903393556396068831e-03
5.897496331408010745e-03,5.897496331408010745e-03
-1.761918387096923083e-02,-1.761918387096923083e-02
-1.256074764168132671e-02,-1.256074764168132671e-02
-9.174272132994543139e-03,-9.174272132994543139e-03
-2.017186690958789469e-02,-2.017186690958789469e-02
-2.410433899495928109e-02,-2.410433899495928109e-02
-2.260807941851985386e-03,-2.260807941851985386e-03
-1.693348721369742488e-02,-1.693348721369742488e-02
1.013631313006192747e-02,1.013631313006192747e-02
-1.238446286416831910e-02,-1.238446286416831910e-02
-2.694693263540027736e-02,-2.694693263540027736e-02
-2.263722298130639576e-02,-2.263722298130639576e-02
-2.263223504289686022e-02,-2.263223504289686022e-02
8.585546981097452734e-03,8.585546981097452734e-03
-2.280696712348354374e-02,-2.280696712348354374e-02
-1.699342400700540323e-02,-1.699342400700540323e-02
-9.692754851659522025e-03,-9.692754851659522025e-03
-5.550042247135136830e-03,-5.550042247135136830e-03
-1.755472580655746684e-02,-1.755472580655746684e-02
1.690562719081772913e-06,1.690562719081772913e-06
-2.872085442356092991e-02,-2.872085442356092991e-02
-1.182342572884639842e-02,-1.182342572884639842e-02
-1.088448441088438884e-02,-1.088448441088438884e-02
-1.448037689053683144e-02,-1.448037689053683144e-02
-3.472653072438002669e-03,-3.472653072438002669e-03
-1.587433866701331783e-02,-1.587433866701331783e-02
-1.315851983395269903e-02,-1.315851983395269903e-02
-3.101654953452850222e-03,-3.101654953452850222e-03
1.409968126962896084e-04,1.409968126962896084e-04
6.263507916772118045e-03,6.263507916772118045e-03
-1.352600370574326416e-02,-1.352600370574326416e-02
-1.217731188799663425e-02,-1.217731188799663425e-02
-2.389638156925923129e-03,-2.389638156925923129e-03
-2.470857265485913376e-02,-2.470857265485913376e-02
-2.680877781671237720e-02,-2.680877781671237720e-02
6.233219699470705227e-03,6.233219699470705227e-03
-2.048166340913310651e-02,-2.048166340913310651e-02
-4.710832999435671242e-04,-4.710832999435671242e-04
-1.031749238805004104e-02,-1.031749238805004104e-02
-2.418858818572038744e-02,-2.418858818572038744e-02
-2.740676930991002569e-02,-2.740676930991002569e-02
-3.463377659322239982e-02,-3.463377659322239982e-02
-2.684561960631799346e-02,-2.684561960631799346e-02
-9.324286581142163244e-03,-9.324286581142163244e-03
-2.313653858094442614e-02,-2.313653858094442614e-02
-8.778252011310133662e-04,-8.778252011310133662e-04
-3.329406112286738967e-03,-3.329406112286738967e-03
-9.371217204766250225e-03,-9.371217204766250225e-03
7.066727003156993842e-03,7.066727003156993842e-03
-1.202687866773770667e-02,-1.202687866773770667e-02
1.333964030051915106e-02,1.333964030051915106e-02
-2.875388500845944134e-03,-2.875388500845944134e-03
1.303312555576183196e-03,1.303312555576183196e-03
-7.575523632656382816e-03,-7.575523632656382816e-03
-1.065303211747875914e-02,-1.065303211747875914e-02
-4.433537108018401063e-03,-4.433537108018401063e-03
-2.450898848667670479e-02,-2.450898848667670479e-02
-1.140444796564595714e-02,-1.140444796564595714e-02
-1.160427636724085942e-02,-1.160427636724085942e-02
-1.037198575404263065e-02,-1.037198575404263065e-02
-1.426711445710462239e-03,-1.426711445710462239e-03
-1.148333453126363507e-02,-1.148333453126363507e-02
-1.947125240968678589e-02,-1.947125240968678589e-02
-6.151866285209826868e-03,-6.151866285209826868e-03
-3.128549216283786627e-02,-3.128549216283786627e-02
5.404396388689596681e-03,5.404396388689596681e-03
-2.128413297446128324e-02,-2.128413297446128324e-02
-8.266515971090210302e-03,-8.266515971090210302e-03
-1.136170496982587610e-02,-1.136170496982587610e-02
-2.579832856480093056e-02,-2.579832856480093056e-02
-7.702919708287278566e-03,-7.702919708287278566e-03
-1.249169960545113561e-03,-1.249169960545113561e-03
-1.463258897253200477e-02,-1.463258897253200477e-02
-1.314179856339810562e-02,-1.314179856339810562e-02
-1.225414375117563764e-02,-1.225414375117563764e-02
-1.892860848395092749e-02,-1.892860848395092749e-02
-2.691451082871951228e-02,-2.691451082871951228e-02
-1.956460645451642277e-02,-1.956460645451642277e-02
-3.366317743100532417e-02,-3.366317743100532417e-02
-1.451827122157534761e-02,-1.451827122157534761e-02
-8.182251431481147447e-03,-8.182251431481147447e-03
-7.444975228363948788e-03,-7.444975228363948788e-03
2.700413560344516045e-03,2.700413560344516045e-03
-2.370236934079437974e-02,-2.370236934079437974e-02
-2.916855021042889101e-02,-2.916855021042889101e-02
-7.509464158035702996e-03,-7.509464158035702996e-03
-2.923693987774684741e-02,-2.923693987774684741e-02
-4.508335767103684860e-03,-4.508335767103684860e-03
-1.844436354551173829e-02,-1.844436354551173829e-02
-9.622538430618231969e-03,-9.622538430618231969e-03
-2.364646808753660331e-02,-2.364646808753660331e-02
-2.355535735740847680e-02,-2.355535735740847680e-02
-4.170079304586252200e-03,-4.170079304586252200e-03
2.901530504061575200e-02,2.901530504061575200e-02
-2.808465831797497814e-02,-2.808465831797497814e-02
-2.993699952165317091e-02,-2.993699952165317091e-02
-2.562560885323679483e-02,-2.562560885323679483e-02
-3.150525961771049460e-03,-3.150525961771049460e-03
-1.248145866362035047e-02,-1.248145866362035047e-02
-2.785782056315167649e-02,-2.785782056315167649e-02
-1.379364302963295708e-02,-1.379364302963295708e-02
-2.573392686915410010e-02,-2.573392686915410010e-02
1.233454089341396581e-02,1.233454089341396581e-02
-6.282456924305322016e-03,-6.282456924305322016e-03
5.618860927294352242e-03,5.618860927294352242e-03
-3.294419190785317919e-04,-3.294419190785317919e-04
-1.400816317477576040e-02,-1.400816317477576040e-02
-1.140081046712352816e-02,-1.140081046712352816e-02
-3.981693194691011961e-02,-3.981693194691011961e-02
-2.013758981732580167e-02,-2.013758981732580167e-02
-9.750814373086960640e-03,-9.750814373086960640e-03
-2.263027489057115038e-03,-2.263027489057115038e-03
2.077757095014845512e-02,2.077757095014845512e-02
-3.309387869392631243e-03,-3.309387869392631243e-03
-1.563174291059882259e-02,-1.563174291059882259e-02
4.425307683976816009e-03,4.425307683976816009e-03
-2.127622645063976733e-02,-2.127622645063976733e-02
-2.522273833629245718e-02,-2.522273833629245718e-02
1.111875438727584486e-02,1.111875438727584486e-02
8.435521596546112499e-03,8.435521596546112499e-03
-1.456480200301089184e-02,-1.456480200301089184e-02
-2.374951490272226434e-02,-2.374951490272226434e-02
-2.322333898537847982e-02,-2.322333898537847982e-02
-1.857557173250430627e-02,-1.857557173250430627e-02
-3.999941292448519481e-02,-3.999941292448519481e-02
8.141625711547043065e-03,8.141625711547043065e-03
-1.458162744579540038e-02,-1.458162744579540038e-02
6.726038929715037751e-03,6.726038929715037751e-03
-1.049696552320579859e-02,-1.049696552320579859e-02
6.681995340673842904e-03,6.681995340673842904e-03
-1.338459417611993427e-02,-1.338459417611993427e-02
-1.535365994840110979e-02,-1.535365994840110979e-02
5.766554858347809620e-04,5.766554858347809620e-04
-9.094730683126241860e-03,-9.094730683126241860e-03
-1.660578575289277034e-02,-1.660578575289277034e-02
-1.469996421200241848e-02,-1.469996421200241848e-02
-3.229703950263604351e-03,-3.229703950263604351e-03
-1.300242088894780490e-03,-1.300242088894780490e-03
-9.097228006210766882e-03,-9.097228006210766882e-03
-1.127332538172962778e-02,-1.127332538172962778e-02
1.951287323921149786e-04,1.951287323921149786e-04
-2.726735398136115318e-03,-2.726735398136115318e-03
-4.794023075402921441e-04,-4.794023075402921441e-04
-3.171445112571499858e-02,-3.171445112571499858e-02
1.195888795658243270e-03,1.195888795658243270e-03
-2.374036375796578086e-02,-2.374036375796578086e-02
-9.785129413143616589e-03,-9.785129413143616589e-03
-6.348767864420568063e-03,-6.348767864420568063e-03
-1.649476828606062651e-03,-1.649476828606062651e-03
-1.254465207064183255e-02,-1.254465207064183255e-02
-5.264360983323539828e-03,-5.264360983323539828e-03
5.072758500179002511e-03,5.072758500179002511e-03
-5.923638877708154588e-03,-5.923638877708154588e-03
-6.978549214124375039e-03,-6.978549214124375039e-03
-2.635128624009135459e-02,-2.635128624009135459e-02
-7.756366842694463470e-04,-7.756366842694463470e-04
2.699505248864805113e-03,2.699505248864805113e-03
-2.394135358699018071e-02,-2.394135358699018071e-02
-2.186049252864093184e-02,-2.186049252864093184e-02
-6.828147057255800484e-03,-6.828147057255800484e-03
-2.778963704593028633e-03,-2.778963704593028633e-03
-1.763995641753610816e-02,-1.763995641753610816e-02
-2.317567572990590283e-02,-2.317567572990590283e-02
-2.654164202574008438e-02,-2.654164202574008438e-02
4.147161524096654867e-03,4.147161524096654867e-03
-3.537122390682712059e-04,-3.537122390682712059e-04
-1.365057345926791801e-02,-1.365057345926791801e-02
-1.000178223635969990e-02,-1.000178223635969990e-02
-3.829119049975168720e-03,-3.829119049975168720e-03
-9.458646010663838977e-03,-9.458646010663838977e-03
-2.513160665741087652e-03,-2.513160665741087652e-03
-1.406541736691905090e-02,-1.406541736691905090e-02
4.174386663299001210e-04,4.174386663299001210e-04
-8.529476630941106030e-04,-8.529476630941106030e-04
1.149689693377106345e-02,1.149689693377106345e-02
-9.724401341898999268e-03,-9.724401341898999268e-03
-1.192316524978416503e-02,-1.192316524978416503e-02
-9.034640421940378502e-03,-9.034640421940378502e-03
2.607564714813736736e-02,2.607564714813736736e-02
-2.596937358891279746e-02,-2.596937358891279746e-02
-9.998503828142407679e-03,-9.998503828142407679e-03
-2.233506826421455260e-02,-2.233506826421455260e-02
-5.212060599733753241e-03,-5.212060599733753241e-03
1.926125372803608182e-02,1.926125372803608182e-02
-5.151580281594451971e-03,-5.151580281594451971e-03
-2.088398135855691964e-02,-2.088398135855691964e-02
-9.412809151112821321e-03,-9.412809151112821321e-03
5.305083607317902933e-03,5.305083607317902933e-03
-1.539044304969253499e-02,-1.539044304969253499e-02
-2.587906049864461405e-02,-2.587906049864461405e-02
-1.507109185694258807e-02,-1.507109185694258807e-02
-1.581826442812855199e-02,-1.581826442812855199e-02
-1.254231787884215604e-02,-1.254231787884215604e-02
-2.477079813019363724e-02,-2.477079813019363724e-02
-2.540872050854764419e-02,-2.540872050854764419e-02
7.834224275351887867e-03,7.834224275351887867e-03
-1.027113506826204253e-02,-1.027113506826204253e-02
-1.206568570861669965e-02,-1.206568570861669965e-02
1.584360123592445241e-02,1.584360123592445241e-02
-1.489364748916796946e-02,-1.489364748916796946e-02
-1.237478392341310671e-02,-1.237478392341310671e-02
-7.141960648381420751e-03,-7.141960648381420751e-03
4.337411561540240740e-03,4.337411561540240740e-03
1.226146947013317251e-02,1.226146947013317251e-02
-1.306133219150702740e-02,-1.306133219150702740e-02
1.397145729610739170e-02,1.397145729610739170e-02
-1.715552957546496310e-02,-1.715552957546496310e-02
9.937006697177369619e-03,9.937006697177369619e-03
-2.153044914513387725e-02,-2.153044914513387725e-02
-2.738651766506713936e-04,-2.738651766506713936e-04
1.088883490053371705e-02,1.088883490053371705e-02
1.181384657721991707e-02,1.181384657721991707e-02
4.850002703011294103e-03,4.850002703011294103e-03
-1.031961452722747127e-02,-1.031961452722747127e-02
-4.645381783010410492e-04,-4.645381783010410492e-04
-2.491214279656225536e-02,-2.491214279656225536e-02
-2.878688429388228873e-02,-2.878688429388228873e-02
-1.038871524129923729e-03,-1.038871524129923729e-03
-5.014015973010283594e-03,-5.014015973010283594e-03
-2.047698786360590412e-02,-2.047698786360590412e-02
4.395549391829241259e-03,4.395549391829241259e-03
-5.382811630293641431e-03,-5.382811630293641431e-03
-6.923923636332471321e-03,-6.923923636332471321e-03
-1.378630969105774581e-02,-1.378630969105774581e-02
-2.302433687875876309e-02,-2.302433687875876309e-02
-2.061632884799936144e-02,-2.061632884799936144e-02
-1.231261921152488475e-03,-1.231261921152488475e-03
-1.318213728200422555e-02,-1.318213728200422555e-02
-9.836428343018569637e-03,-9.836428343018569637e-03
-2.692341612591266781e-03,-2.692341612591266781e-03
1.113958363209007277e-02,1.113958363209007277e-02
-1.661792518524432549e-02,-1.661792518524432549e-02
-1.177523342584597607e-02,-1.177523342584597607e-02
-2.870961196292377143e-02,-2.870961196292377143e-02
-1.831675986951218291e-02,-1.831675986951218291e-02
-8.845977088260948556e-03,-8.845977088260948556e-03
-2.097007030203428338e-02,-2.097007030203428338e-02
-2.882687595003184666e-02,-2.882687595003184666e-02
-1.330787294013790339e-02,-1.330787294013790339e-02
5.998352664926865502e-03,5.998352664926865502e-03
5.468232250089135119e-03,5.468232250089135119e-03
-1.974673083949273628e-02,-1.974673083949273628e-02
-3.397252961120381110e-03,-3.397252961120381110e-03
-1.460801825503653395e-02,-1.460801825503653395e-02
1.417507287715647282e-02,1.417507287715647282e-02
-2.901770631428356173e-02,-2.901770631428356173e-02
-3.085627232142854059e-03,-3.085627232142854059e-03
-5.402317153683128953e-03,-5.402317153683128953e-03
-1.098728396826644665e-03,-1.098728396826644665e-03
2.148389783965115596e-04,2.148389783965115596e-04
-1.312716631606715423e-02,-1.312716631606715423e-02
-1.791287750285537606e-02,-1.791287750285537606e-02
-1.629692937266669084e-04,-1.629692937266669084e-04
-2.810535721381162561e-02,-2.810535721381162561e-02
-1.425247573411280583e-02,-1.425247573411280583e-02
-2.277302798837979939e-02,-2.277302798837979939e-02
-7.163742298919407309e-03,-7.163742298919407309e-03
7.657350290415775029e-03,7.657350290415775029e-03
-2.378328553707530560e-02,-2.378328553707530560e-02
3.373666270211825996e-03,3.373666270211825996e-03
-2.276434103381014262e-02,-2.276434103381014262e-02
-1.043597411307439771e-02,-1.043597411307439771e-02
-4.371815695795241985e-03,-4.371815695795241985e-03
-6.465029174213685753e-03,-6.465029174213685753e-03
-4.570778397421901978e-03,-4.570778397421901978e-03
-5.644209086409741200e-03,-5.644209086409741200e-03
-1.002246041568726626e-02,-1.002246041568726626e-02
-1.806637029267133682e-02,-1.806637029267133682e-02
-1.978966321959321067e-02,-1.978966321959321067e-02
-1.033603487071546936e-02,-1.033603487071546936e-02
-6.393651138170891590e-03,-6.393651138170891590e-03
-4.851289805702603541e-03,-4.851289805702603541e-03
-5.993143960601330505e-03,-5.993143960601330505e-03
-3.119033926786307642e-03,-3.119033926786307642e-03
-2.315125473034290032e-03,-2.315125473034290032e-03
-1.950777083174594015e-02,-1.950777083174594015e-02
-6.872573013066464453e-03,-6.872573013066464453e-03
-3.269622176689754300e-02,-3.269622176689754300e-02
-5.861784486426938751e-03,-5.861784486426938751e-03
-2.551378713423577138e-02,-2.551378713423577138e-02
1.789470863913315488e-02,1.789470863913315488e-02
-6.762807983733125361e-03,-6.762807983733125361e-03
2.292595523507386795e-02,2.292595523507386795e-02
-2.036353882789732408e-02,-2.036353882789732408e-02
-1.802576843161634440e-02,-1.802576843161634440e-02
-9.905641487735906969e-03,-9.905641487735906969e-03
-3.165665163193703141e-03,-3.165665163193703141e-03
-1.099575706781083517e-02,-1.099575706781083517e-02
-1.804433105358212858e-02,-1.804433105358212858e-02
-3.717960653584508751e-03,-3.717960653584508751e-03
-1.479079233763758855e-02,-1.479079233763758855e-02
-2.210235911367895711e-03,-2.210235911367895711e-03
-6.162778565846491891e-03,-6.162778565846491891e-03
-1.410473287161831749e-02,-1.410473287161831749e-02
-7.834404851785457813e-03,-7.834404851785457813e-03
3.137775993163127025e-03,3.137775993163127025e-03
-4.118172576563397524e-03,-4.118172576563397524e-03
-1.114892008367304732e-02,-1.114892008367304732e-02
-3.640289251964332062e-02,-3.640289251964332062e-02
-3.494541219992989417e-03,-3.494541219992989417e-03
7.624135038713165252e-03,7.624135038713165252e-03
-3.096458151583918877e-03,-3.096458151583918877e-03
-2.756429064020870373e-02,-2.756429064020870373e-02
-3.511135163350993793e-02,-3.511135163350993793e-02
-1.375769277195224363e-02,-1.375769277195224363e-02
-1.592550224476277365e-02,-1.592550224476277365e-02
1.256666509974936272e-02,1.256666509974936272e-02
-7.331283036035477624e-03,-7.331283036035477624e-03
-1.738189751677114009e-03,-1.738189751677114009e-03
-2.432687547380407017e-02,-2.432687547380407017e-02
-2.876479834336150010e-03,-2.876479834336150010e-03
-2.271116820883954668e-03,-2.271116820883954668e-03
2.076702356923132431e-02,2.076702356923132431e-02
8.082266128771775637e-03,8.082266128771775637e-03
-3.473215326529037472e-02,-3.473215326529037472e-02
-4.244316585209143011e-03,-4.244316585209143011e-03
8.556387095979167690e-03,8.556387095979167690e-03
-4.140814338152318252e-03,-4.140814338152318252e-03
-9.144504848128991864e-03,-9.144504848128991864e-03
-7.151911532871271793e-03,-7.151911532871271793e-03
-2.432077912768925917e-02,-2.432077912768925917e-02
-1.788060377750891675e-02,-1.788060377750891675e-02
2.479448181817552749e-03,2.479448181817552749e-03
-2.136454206478870244e-02,-2.136454206478870244e-02
-2.664945821928298153e-02,-2.664945821928298153e-02
-1.550496776133043764e-02,-1.550496776133043764e-02
-1.170006640950842919e-02,-1.170006640950842919e-02
1.460624917338536680e-02,1.460624917338536680e-02
-1.397314689818710681e-02,-1.397314689818710681e-02
-1.595024238215249010e-02,-1.595024238215249010e-02
-2.897260241770694203e-02,-2.897260241770694203e-02
-7.703216992377838468e-03,-7.703216992377838468e-03
-7.711379863963807590e-03,-7.711379863963807590e-03
-1.198412076401388082e-02,-1.198412076401388082e-02
-1.065958498056307838e-02,-1.065958498056307838e-02
-2.374873943929360631e-02,-2.374873943929360631e-02
-6.277314067473782622e-05,-6.277314067473782622e-05
-1.774156901484678223e-02,-1.774156901484678223e-02
-1.016806636176799047e-02,-1.016806636176799047e-02
-2.342243962000389174e-02,-2.342243962000389174e-02
6.371935186456217232e-03,6.371935186456217232e-03
-1.999260449455492542e-02,-1.999260449455492542e-02
-3.342298552290051683e-02,-3.342298552290051683e-02
-5.927403246545719095e-04,-5.927403246545719095e-04
2.418972725734408469e-04,2.418972725734408469e-04
2.377089153705966296e-02,2.377089153705966296e-02
-1.442037912543606831e-03,-1.442037912543606831e-03
-1.998485334552758605e-02,-1.998485334552758605e-02
-1.838919961574433243e-02,-1.838919961574433243e-02
1.486033419729196683e-02,1.486033419729196683e-02
-7.698680227269681653e-03,-7.698680227269681653e-03
-2.710579445575841268e-02,-2.710579445575841268e-02
9.646565918925674443e-04,9.646565918925674443e-04
-1.853296893048136246e-03,-1.853296893048136246e-03
-2.848050254605376599e-02,-2.848050254605376599e-02
-1.302407550986171836e-02,-1.302407550986171836e-02
3.973444995433884214e-03,3.973444995433884214e-03
8.009981794651298975e-03,8.009981794651298975e-03
-1.545468120699484624e-02,-1.545468120699484624e-02
-6.134443065891045932e-03,-6.134443065891045932e-03
-9.495940252136177845e-03,-9.495940252136177845e-03
-1.975515149078527904e-03,-1.975515149078527904e-03
2.052326386614597778e-02,2.052326386614597778e-02
-5.629444372791152923e-03,-5.629444372791152923e-03
-8.734832507949458202e-03,-8.734832507949458202e-03
-6.890798020127809204e-03,-6.890798020127809204e-03
-2.789329659898033206e-02,-2.789329659898033206e-02
-5.798714324765929379e-03,-5.798714324765929379e-03
-4.021861838558030144e-03,-4.021861838558030144e-03
-1.162553601917509435e-02,-1.162553601917509435e-02
-4.623972592711433904e-02,-4.623972592711433904e-02
-1.367735151115831785e-02,-1.367735151115831785e-02
6.522868876218911038e-04,6.522868876218911038e-04
-6.035834605268932535e-03,-6.035834605268932535e-03
-1.218378041538225459e-02,-1.218378041538225459e-02
-1.136776419433311799e-02,-1.136776419433311799e-02
9.617459904519010117e-04,9.617459904519010117e-04
1.289065502097059765e-02,1.289065502097059765e-02
-7.842152634319241034e-03,-7.842152634319241034e-03
-7.995153595420162462e-03,-7.995153595420162462e-03
1.348808411644707161e-02,1.348808411644707161e-02
-1.931300658844914420e-02,-1.931300658844914420e-02
-8.804869453648556110e-03,-8.804869453648556110e-03
-3.697142329338366090e-03,-3.697142329338366090e-03
2.519784937829755433e-03,2.519784937829755433e-03
-8.247319810801321399e-03,-8.247319810801321399e-03
-7.854226332390620846e-03,-7.854226332390620846e-03
-4.813791967320735221e-03,-4.813791967320735221e-03
-1.243440642635580684e-02,-1.243440642635580684e-02
1.218744977517059042e-02,1.218744977517059042e-02
-2.725659441364787147e-02,-2.725659441364787147e-02
-3.380327574101292532e-02,-3.380327574101292532e-02
7.701845071994964376e-03,7.701845071994964376e-03
-3.716943440129530374e-03,-3.716943440129530374e-03
-4.736521422391403585e-03,-4.736521422391403585e-03
6.291430571757496149e-03,6.291430571757496149e-03
-2.170476236220266614e-02,-2.170476236220266614e-02
-9.245963948948381084e-03,-9.245963948948381084e-03
-2.218184325618599573e-03,-2.218184325618599573e-03
-1.587012054256247556e-02,-1.587012054256247556e-02
-6.334695653332209075e-03,-6.334695653332209075e-03
9.630155775527969586e-03,9.630155775527969586e-03
-1.691155402544350372e-02,-1.691155402544350372e-02
1.685640247667265570e-02,1.685640247667265570e-02
-5.078550304699138568e-03,-5.078550304699138568e-03
3.984030506309747116e-03,3.984030506309747116e-03
-7.913850674799067370e-03,-7.913850674799067370e-03
-2.526822101986278546e-03,-2.526822101986278546e-03
-1.332594876341406179e-02,-1.332594876341406179e-02
-4.956038292305328663e-03,-4.956038292305328663e-03
-1.524551647775419100e-02,-1.524551647775419100e-02
-9.019693952499904105e-03,-9.019693952499904105e-03
-1.747596379925231078e-02,-1.747596379925231078e-02
-2.224243818235188686e-03,-2.224243818235188686e-03
-1.150993869176685988e-02,-1.150993869176685988e-02
-4.501033165114770584e-03,-4.501033165114770584e-03
-2.244979357174397769e-02,-2.244979357174397769e-02
-1.123240473764944986e-02,-1.123240473764944986e-02
-1.705890674698399417e-03,-1.705890674698399417e-03
-3.896386854980199432e-03,-3.896386854980199432e-03
-5.191842844182541911e-03,-5.191842844182541911e-03
-1.236145993728971285e-02,-1.236145993728971285e-02
3.752027644634566006e-03,3.752027644634566006e-03
-1.953253074683426738e-02,-1.953253074683426738e-02
5.269381597588329580e-03,5.269381597588329580e-03
-2.452936963774812046e-02,-2.452936963774812046e-02
-3.139440760463529240e-02,-3.139440760463529240e-02
-5.090083043045187661e-03,-5.090083043045187661e-03
-2.150130301414052147e-02,-2.150130301414052147e-02
-1.459925286662067806e-02,-1.459925286662067806e-02
1.105266852875074271e-02,1.105266852875074271e-02
6.829788388407569827e-03,6.829788388407569827e-03
9.986024406637011852e-04,9.986024406637011852e-04
-1.731165668667584631e-02,-1.731165668667584631e-02
-4.654369680633548001e-03,-4.654369680633548001e-03
-9.912940913018690459e-04,-9.912940913018690459e-04
6.484148374614626120e-03,6.484148374614626120e-03
1.749905159155294015e-02,1.749905159155294015e-02
-6.366517822248059927e-03,-6.366517822248059927e-03
5.632645751476574036e-03,5.632645751476574036e-03
9.772115720141822531e-03,9.772115720141822531e-03
1.088096068921878476e-02,1.088096068921878476e-02
-1.502474089505029947e-02,-1.502474089505029947e-02
-9.431055857318688951e-03,-9.431055857318688951e-03
-6.007011746360261389e-03,-6.007011746360261389e-03
4.825624660276910116e-04,4.825624660276910116e-04
-3.276079830700953655e-03,-3.276079830700953655e-03
-2.099599589848915801e-02,-2.099599589848915801e-02
6.940629622617325994e-03,6.940629622617325994e-03
-1.276385322322558941e-03,-1.276385322322558941e-03
-1.205682398934862856e-02,-1.205682398934862856e-02
-4.913541388127284221e-03,-4.913541388127284221e-03
-5.292441933767062096e-03,-5.292441933767062096e-03
-2.851055501188681437e-02,-2.851055501188681437e-02
-2.820599426692015077e-03,-2.820599426692015077e-03
-1.251476853493171601e-02,-1.251476853493171601e-02
-1.168565162153176185e-03,-1.168565162153176185e-03
-2.178618177713268281e-02,-2.178618177713268281e-02
-9.969393457994871199e-03,-9.969393457994871199e-03
-1.263518714987144423e-02,-1.263518714987144423e-02
-2.581871032523286660e-02,-2.581871032523286660e-02
-3.653291250923777767e-03,-3.653291250923777767e-03
-3.082658721680363312e-03,-3.082658721680363312e-03
-9.017364133756412131e-03,-9.017364133756412131e-03
-1.418919948045737137e-02,-1.418919948045737137e-02
-1.493435687548751861e-03,-1.493435687548751861e-03
-1.355915633450889210e-02,-1.355915633450889210e-02
-6.536610275300690220e-03,-6.536610275300690220e-03
-3.031261553722162938e-02,-3.031261553722162938e-02
-5.886507409253106254e-03,-5.886507409253106254e-03
-2.814353539760930736e-02,-2.814353539760930736e-02
-4.999080737844056183e-03,-4.999080737844056183e-03
-1.772947852939433383e-02,-1.772947852939433383e-02
-2.133792795156202321e-02,-2.133792795156202321e-02
3.511935948868380453e-03,3.511935948868380453e-03
6.198702228992759161e-03,6.198702228992759161e-03
-1.669941880553379998e-02,-1.669941880553379998e-02
-3.408414924244769495e-02,-3.408414924244769495e-02
3.635138294606286846e-03,3.635138294606286846e-03
1.066289938993694036e-02,1.066289938993694036e-02
-4.094643275557544038e-03,-4.094643275557544038e-03
1.767001414406881021e-03,1.767001414406881021e-03
-6.862354559750313138e-03,-6.862354559750313138e-03
-2.375592424795509167e-02,-2.375592424795509167e-02
