7.497710066455005595e-01,7.497710066455005595e-01
1.861674337057237949e+00,1.861674337057237949e+00
-1.852256166195820342e-01,-1.852256166195820342e-01
1.094164215310932331e+00,1.094164215310932331e+00
1.589251651018140254e+00,1.589251651018140254e+00
3.084673354040294857e-01,3.084673354040294857e-01
3.080981706251060714e+00,3.080981706251060714e+00
-6.912573838602855680e-01,-6.912573838602855680e-01
2.873018020634250824e+00,2.873018020634250824e+00
1.762373216142184784e+00,1.762373216142184784e+00
-1.104946010898851361e+00,-1.104946010898851361e+00
8.768643405699700910e-01,8.768643405699700910e-01
2.877236025305867528e+00,2.877236025305867528e+00
8.023303690616234718e-01,8.023303690616234718e-01
2.454063954061047603e-01,2.454063954061047603e-01
-3.888287535138232887e-01,-3.888287535138232887e-01
1.251651501464339677e+00,1.251651501464339677e+00
3.146706011215862908e+00,3.146706011215862908e+00
6.110691510001289295e-01,6.110691510001289295e-01
3.962503236586010225e-01,3.962503236586010225e-01
1.521086854718459502e+00,1.521086854718459502e+00
-8.857888902228248096e-01,-8.857888902228248096e-01
7.373849513996431071e-01,7.373849513996431071e-01
1.206099849197229901e+00,1.206099849197229901e+00
-1.639038878478388472e+00,-1.639038878478388472e+00
2.392495959971997266e+00,2.392495959971997266e+00
3.243382781943437543e+00,3.243382781943437543e+00
3.831440936509087791e+00,3.831440936509087791e+00
1.927481641926180878e+00,1.927481641926180878e+00
3.887006383379079111e+00,3.887006383379079111e+00
8.294974967937616128e-01,8.294974967937616128e-01
1.846216307984382299e+00,1.846216307984382299e+00
1.505794686833174412e+00,1.505794686833174412e+00
-2.580797812530812863e-01,-2.580797812530812863e-01
-9.047538735002136345e-01,-9.047538735002136345e-01
6.882401711429997349e-02,6.882401711429997349e-02
3.300385554719427184e-01,3.300385554719427184e-01
5.672736271923153328e-01,5.672736271923153328e-01
1.578864652255682621e-01,1.578864652255682621e-01
7.561397202229143133e-01,7.561397202229143133e-01
3.236291357454804452e+00,3.236291357454804452e+00
3.212264347551734289e-01,3.212264347551734289e-01
-3.039258829949880170e-01,-3.039258829949880170e-01
8.869216404157160838e-01,8.869216404157160838e-01
2.254905803435794276e+00,2.254905803435794276e+00
9.698574489740552362e-01,9.698574489740552362e-01
9.144560664809093797e-01,9.144560664809093797e-01
9.678077331321083276e-01,9.678077331321083276e-01
6.286037654961937893e-01,6.286037654961937893e-01
7.559139666988052841e-01,7.559139666988052841e-01
1.415318488630450400e-01,1.415318488630450400e-01
2.432937484138865791e+00,2.432937484138865791e+00
4.011611414842075618e-01,4.011611414842075618e-01
-6.224017571867354048e-01,-6.224017571867354048e-01
5.030879856497132430e-01,5.030879856497132430e-01
1.769516386287070864e+00,1.769516386287070864e+00
1.715364260512906469e+00,1.715364260512906469e+00
1.220309452153286678e+00,1.220309452153286678e+00
-1.070730377422864699e+00,-1.070730377422864699e+00
1.558565263742799134e+00,1.558565263742799134e+00
1.710822878066078134e+00,1.710822878066078134e+00
1.436625239362851580e+00,1.436625239362851580e+00
5.226269743260671952e-01,5.226269743260671952e-01
3.109729808296479270e+00,3.109729808296479270e+00
1.065517668897743686e+00,1.065517668897743686e+00
1.874686635023044001e-01,1.874686635023044001e-01
1.392528303624822605e+00,1.392528303624822605e+00
-6.200972159236417536e-01,-6.200972159236417536e-01
-1.007488137210587720e+00,-1.007488137210587720e+00
4.835223965916457534e-01,4.835223965916457534e-01
4.730883277668964659e-01,4.730883277668964659e-01
-2.195324655463516628e+00,-2.195324655463516628e+00
1.452053071722224864e+00,1.452053071722224864e+00
6.070397692954478952e-01,6.070397692954478952e-01
1.799908524203739368e+00,1.799908524203739368e+00
-2.855573770545909440e-01,-2.855573770545909440e-01
2.152672688620978825e+00,2.152672688620978825e+00
4.415179465939067516e-01,4.415179465939067516e-01
1.602719528256475012e+00,1.602719528256475012e+00
3.636369634011247243e-01,3.636369634011247243e-01
-2.566864507344701618e-01,-2.566864507344701618e-01
4.225292131075437663e-01,4.225292131075437663e-01
-1.871606774312710719e-01,-1.871606774312710719e-01
-7.038472286479657836e-01,-7.038472286479657836e-01
2.832132161353234423e+00,2.832132161353234423e+00
-1.126545131820468892e+00,-1.126545131820468892e+00
4.864464181989496261e-01,4.864464181989496261e-01
1.578622208659232973e+00,1.578622208659232973e+00
-3.519590523536524351e-01,-3.519590523536524351e-01
4.882202751270060759e+00,4.882202751270060759e+00
1.109792780886794894e+00,1.109792780886794894e+00
1.577917313095689833e+00,1.577917313095689833e+00
6.912864029051379866e-01,6.912864029051379866e-01
6.069581323401619377e-01,6.069581323401619377e-01
-3.036155557534196969e-01,-3.036155557534196969e-01
3.733163160406172132e-01,3.733163160406172132e-01
2.134675474229298153e+00,2.134675474229298153e+00
5.298124292124344326e-01,5.298124292124344326e-01
8.757022820029474186e-01,8.757022820029474186e-01
1.945185549689531834e+00,1.945185549689531834e+00
2.456215841220827478e+00,2.456215841220827478e+00
8.786986356599399972e-01,8.786986356599399972e-01
1.206217459721945495e+00,1.206217459721945495e+00
1.405207949315848470e+00,1.405207949315848470e+00
1.427502062010425954e+00,1.427502062010425954e+00
2.768282475659219255e+00,2.768282475659219255e+00
2.158661334759274908e+00,2.158661334759274908e+00
1.943093261444395425e+00,1.943093261444395425e+00
2.734387922139381644e+00,2.734387922139381644e+00
3.294762050053330338e+00,3.294762050053330338e+00
2.967204312399789323e-01,2.967204312399789323e-01
7.779922998599424488e-01,7.779922998599424488e-01
1.196366587482546207e+00,1.196366587482546207e+00
-1.926706058535847532e-01,-1.926706058535847532e-01
-3.956248789394760657e-01,-3.956248789394760657e-01
6.591015731597489324e-01,6.591015731597489324e-01
5.567674943625957606e-01,5.567674943625957606e-01
-2.094112267203684929e-01,-2.094112267203684929e-01
4.745459673919201204e-01,4.745459673919201204e-01
-2.297560056403797013e+00,-2.297560056403797013e+00
-4.061353966904135415e-02,-4.061353966904135415e-02
1.556610541436144635e+00,1.556610541436144635e+00
3.680497315774693856e+00,3.680497315774693856e+00
3.474603832697251704e-01,3.474603832697251704e-01
2.045899042813410951e+00,2.045899042813410951e+00
-5.751740168292893696e-01,-5.751740168292893696e-01
1.470744619280238252e+00,1.470744619280238252e+00
8.408658281418446290e-01,8.408658281418446290e-01
1.526011839801097780e+00,1.526011839801097780e+00
5.819059308471274949e-01,5.819059308471274949e-01
2.534931879685594858e+00,2.534931879685594858e+00
4.046661882715467229e+00,4.046661882715467229e+00
3.530111354123023126e+00,3.530111354123023126e+00
1.961564336739056946e+00,1.961564336739056946e+00
5.226842078077273968e-01,5.226842078077273968e-01
-9.912389497400717620e-01,-9.912389497400717620e-01
2.767196909130320126e+00,2.767196909130320126e+00
1.447159862014621323e+00,1.447159862014621323e+00
5.900322386278846754e-01,5.900322386278846754e-01
3.761285090460708247e+00,3.761285090460708247e+00
1.373641230215224551e+00,1.373641230215224551e+00
1.559265437740793958e+00,1.559265437740793958e+00
1.219871983706378726e+00,1.219871983706378726e+00
-9.629940627596811353e-02,-9.629940627596811353e-02
4.973206225361911592e+00,4.973206225361911592e+00
1.256397451997701253e+00,1.256397451997701253e+00
9.210340849116620543e-01,9.210340849116620543e-01
-5.204152208927952383e-01,-5.204152208927952383e-01
2.228561203385943656e-01,2.228561203385943656e-01
1.153920926665473523e+00,1.153920926665473523e+00
5.194160725381868904e-01,5.194160725381868904e-01
1.142876431126198078e+00,1.142876431126198078e+00
7.969735158613058257e-01,7.969735158613058257e-01
1.730628506200339256e+00,1.730628506200339256e+00
3.087120819246788717e+00,3.087120819246788717e+00
8.381697480209993056e-01,8.381697480209993056e-01
7.175490863223896731e-01,7.175490863223896731e-01
1.260092085918101068e+00,1.260092085918101068e+00
6.219800823991983307e-03,6.219800823991983307e-03
5.229128873932773480e-01,5.229128873932773480e-01
1.152619251189201499e+00,1.152619251189201499e+00
-7.218096563211460204e-01,-7.218096563211460204e-01
-5.452839957315174235e-01,-5.452839957315174235e-01
2.616157421522529614e+00,2.616157421522529614e+00
-1.121162957681673289e+00,-1.121162957681673289e+00
4.073348215490086854e-01,4.073348215490086854e-01
7.696841233439128960e-01,7.696841233439128960e-01
1.666784750652853031e+00,1.666784750652853031e+00
1.127768523996527383e+00,1.127768523996527383e+00
3.175377712011283826e+00,3.175377712011283826e+00
1.131643856718672181e+00,1.131643856718672181e+00
6.860144946308239788e-01,6.860144946308239788e-01
2.765487314194703394e-01,2.765487314194703394e-01
7.852632459255135533e-01,7.852632459255135533e-01
4.776285574951666391e-01,4.776285574951666391e-01
7.771712466864761915e-01,7.771712466864761915e-01
5.151681274088808493e-01,5.151681274088808493e-01
-1.687359134125637317e+00,-1.687359134125637317e+00
9.367221438507293829e-01,9.367221438507293829e-01
2.740314562591184000e-01,2.740314562591184000e-01
3.310365905274355924e+00,3.310365905274355924e+00
2.777769425027006189e+00,2.777769425027006189e+00
4.915611498043637173e-01,4.915611498043637173e-01
8.191814960844134852e-01,8.191814960844134852e-01
5.197326070091148331e-01,5.197326070091148331e-01
2.089057102917046826e-01,2.089057102917046826e-01
8.925783252383825417e-01,8.925783252383825417e-01
1.705125636959999413e+00,1.705125636959999413e+00
1.902483400563073745e+00,1.902483400563073745e+00
-4.234068646271069714e-01,-4.234068646271069714e-01
-7.875139978657983431e-01,-7.875139978657983431e-01
1.152990655556344501e+00,1.152990655556344501e+00
2.414664697740587229e-01,2.414664697740587229e-01
1.428788652781258550e+00,1.428788652781258550e+00
-2.575970752382745754e-01,-2.575970752382745754e-01
7.798885012088936364e-01,7.798885012088936364e-01
1.886472681757999537e+00,1.886472681757999537e+00
-3.315498363884539224e-02,-3.315498363884539224e-02
1.634109989476424829e+00,1.634109989476424829e+00
8.232176066086795974e-01,8.232176066086795974e-01
1.838971585065412473e+00,1.838971585065412473e+00
2.504624421163114345e+00,2.504624421163114345e+00
9.054107729059275300e-01,9.054107729059275300e-01
1.043512125685497338e+00,1.043512125685497338e+00
8.175337130860382828e-01,8.175337130860382828e-01
7.207091897691055848e-01,7.207091897691055848e-01
1.195686127404374632e+00,1.195686127404374632e+00
1.556707554718059106e+00,1.556707554718059106e+00
-6.991292704332023877e-01,-6.991292704332023877e-01
-2.030773464381598892e-01,-2.030773464381598892e-01
2.205077126685179856e+00,2.205077126685179856e+00
1.315608662824735431e+00,1.315608662824735431e+00
3.089953623853647358e-02,3.089953623853647358e-02
-5.207738814148199502e-01,-5.207738814148199502e-01
-9.637853889275245223e-01,-9.637853889275245223e-01
3.539652131863324502e-01,3.539652131863324502e-01
1.250975224804434127e+00,1.250975224804434127e+00
1.228188575643640590e+00,1.228188575643640590e+00
-6.173441052693167119e-01,-6.173441052693167119e-01
2.395739073080806136e+00,2.395739073080806136e+00
-8.594393674899527547e-01,-8.594393674899527547e-01
6.687738182107070273e-01,6.687738182107070273e-01
5.793373691646734880e-01,5.793373691646734880e-01
1.797701106340339638e+00,1.797701106340339638e+00
-5.113823005818027845e-01,-5.113823005818027845e-01
5.842934504620991287e-01,5.842934504620991287e-01
4.906596559524591949e-01,4.906596559524591949e-01
-6.959763556140252660e-01,-6.959763556140252660e-01
8.799573333649763907e-01,8.799573333649763907e-01
1.238119647452114558e+00,1.238119647452114558e+00
-1.297854867142840263e-01,-1.297854867142840263e-01
-1.183854011580449450e+00,-1.183854011580449450e+00
1.125055286865230375e+00,1.125055286865230375e+00
-1.493802544384360331e+00,-1.493802544384360331e+00
1.917930946163597383e-01,1.917930946163597383e-01
1.945126327225446650e+00,1.945126327225446650e+00
1.425821922112859630e+00,1.425821922112859630e+00
2.301331761410566390e+00,2.301331761410566390e+00
1.671813958573120651e-02,1.671813958573120651e-02
2.991080930823777351e+00,2.991080930823777351e+00
6.471040747267795545e-01,6.471040747267795545e-01
1.387197482965285555e+00,1.387197482965285555e+00
1.700609058805624407e-02,1.700609058805624407e-02
1.927964403930552795e+00,1.927964403930552795e+00
4.209747549501086095e-01,4.209747549501086095e-01
3.715010813578771831e+00,3.715010813578771831e+00
2.187864838288700486e+00,2.187864838288700486e+00
1.952205544273090787e+00,1.952205544273090787e+00
1.150226610876509570e+00,1.150226610876509570e+00
1.872656760702980039e+00,1.872656760702980039e+00
2.322645760513890156e+00,2.322645760513890156e+00
2.365219384428950633e+00,2.365219384428950633e+00
5.402066212566669634e-03,5.402066212566669634e-03
-7.788953276519220426e-01,-7.788953276519220426e-01
2.498709873277793481e+00,2.498709873277793481e+00
1.702861078883791901e+00,1.702861078883791901e+00
-2.992607554926667301e-01,-2.992607554926667301e-01
5.373676260766169221e-01,5.373676260766169221e-01
-3.203266133950000150e-01,-3.203266133950000150e-01
5.502147377900731273e-01,5.502147377900731273e-01
7.356972030659976181e-01,7.356972030659976181e-01
2.450329824670423040e-01,2.450329824670423040e-01
1.657556870129536897e+00,1.657556870129536897e+00
-1.620918011872016784e-01,-1.620918011872016784e-01
-2.319110929823646750e-01,-2.319110929823646750e-01
1.165206640592258536e+00,1.165206640592258536e+00
1.892417251963601998e+00,1.892417251963601998e+00
4.061921452145070610e+00,4.061921452145070610e+00
1.441321541116798777e+00,1.441321541116798777e+00
1.439482323691404497e+00,1.439482323691404497e+00
2.103688337781429718e-01,2.103688337781429718e-01
1.727383952149783575e-01,1.727383952149783575e-01
1.651212555520345404e+00,1.651212555520345404e+00
8.736417638835083377e-01,8.736417638835083377e-01
7.134704575138013372e-01,7.134704575138013372e-01
1.361980063293394494e+00,1.361980063293394494e+00
1.084091710833502642e+00,1.084091710833502642e+00
1.369534877755195668e+00,1.369534877755195668e+00
2.991163698152166539e+00,2.991163698152166539e+00
8.139218529322800322e-02,8.139218529322800322e-02
2.348735447741219229e-01,2.348735447741219229e-01
-7.928723113787885524e-01,-7.928723113787885524e-01
1.715196905346256795e-01,1.715196905346256795e-01
2.889325320349133808e+00,2.889325320349133808e+00
2.248665531494571823e+00,2.248665531494571823e+00
1.035417552175068590e+00,1.035417552175068590e+00
5.374377329287314264e-01,5.374377329287314264e-01
-6.306237775902441278e-01,-6.306237775902441278e-01
5.288258142145785268e-01,5.288258142145785268e-01
1.509077214690158097e+00,1.509077214690158097e+00
-3.430603168274171111e-02,-3.430603168274171111e-02
1.862287225609071006e+00,1.862287225609071006e+00
-9.552705169670689944e-01,-9.552705169670689944e-01
2.678269961350415507e+00,2.678269961350415507e+00
1.672639031567051182e+00,1.672639031567051182e+00
2.951373506630212695e-01,2.951373506630212695e-01
2.018376058159344399e+00,2.018376058159344399e+00
-4.324250655929564591e-01,-4.324250655929564591e-01
3.395630170670147052e+00,3.395630170670147052e+00
2.145695695809640036e+00,2.145695695809640036e+00
2.612168298847000969e+00,2.612168298847000969e+00
-4.330338370272797111e-01,-4.330338370272797111e-01
1.404449212110822298e+00,1.404449212110822298e+00
8.893265814501567501e-01,8.893265814501567501e-01
1.413316923968031436e+00,1.413316923968031436e+00
1.945824827570457272e+00,1.945824827570457272e+00
3.693120472992279524e-01,3.693120472992279524e-01
-1.371144339772151666e+00,-1.371144339772151666e+00
2.666291746714090749e+00,2.666291746714090749e+00
6.110214920391487947e-01,6.110214920391487947e-01
1.004735351174232960e-01,1.004735351174232960e-01
5.266532650725326281e-01,5.266532650725326281e-01
2.185878235966312033e+00,2.185878235966312033e+00
9.157704287692580714e-02,9.157704287692580714e-02
2.245223084867167263e+00,2.245223084867167263e+00
1.251720509043304563e+00,1.251720509043304563e+00
4.633506321280911333e-01,4.633506321280911333e-01
-4.063625114112721093e-01,-4.063625114112721093e-01
1.662979705464016966e+00,1.662979705464016966e+00
3.633480095835021295e+00,3.633480095835021295e+00
2.153010326778297845e+00,2.153010326778297845e+00
-9.623769527075634045e-01,-9.623769527075634045e-01
1.742469116098041670e+00,1.742469116098041670e+00
-8.240677179072914971e-01,-8.240677179072914971e-01
1.569959277281328003e+00,1.569959277281328003e+00
2.340367738213206650e+00,2.340367738213206650e+00
1.999501715395521462e+00,1.999501715395521462e+00
4.045373908172323674e+00,4.045373908172323674e+00
5.717099685556443767e-01,5.717099685556443767e-01
3.858510651046008100e+00,3.858510651046008100e+00
-5.194442349930097347e-01,-5.194442349930097347e-01
1.335169533542726494e+00,1.335169533542726494e+00
3.130010143481337437e+00,3.130010143481337437e+00
2.918791042504515598e+00,2.918791042504515598e+00
-1.147812300322895052e+00,-1.147812300322895052e+00
1.877855751574502241e+00,1.877855751574502241e+00
1.331865350985701024e+00,1.331865350985701024e+00
1.800106528062208389e+00,1.800106528062208389e+00
2.051219629322007076e+00,2.051219629322007076e+00
-6.433900799799203707e-01,-6.433900799799203707e-01
-3.922172076992718193e-01,-3.922172076992718193e-01
2.115903644986855348e+00,2.115903644986855348e+00
1.634606426558167236e+00,1.634606426558167236e+00
8.158411691217513084e-01,8.158411691217513084e-01
1.393446464857365230e+00,1.393446464857365230e+00
-3.735681220369526656e-01,-3.735681220369526656e-01
-5.233806262519546948e-01,-5.233806262519546948e-01
-1.148850143046612260e+00,-1.148850143046612260e+00
1.601815738910030262e+00,1.601815738910030262e+00
3.652325806081511139e-01,3.652325806081511139e-01
2.184196174464589468e+00,2.184196174464589468e+00
8.270717848503190694e-01,8.270717848503190694e-01
-3.869513047754948865e-01,-3.869513047754948865e-01
-1.218436456452505645e+00,-1.218436456452505645e+00
2.154251129383474073e+00,2.154251129383474073e+00
1.247580761796617477e+00,1.247580761796617477e+00
-1.592613077483329143e-02,-1.592613077483329143e-02
1.845482645328520022e+00,1.845482645328520022e+00
9.702640884668982668e-01,9.702640884668982668e-01
8.154720860608377642e-01,8.154720860608377642e-01
-6.645666337928000100e-01,-6.645666337928000100e-01
4.307519903850204557e+00,4.307519903850204557e+00
6.799188582923424429e-01,6.799188582923424429e-01
2.398506553955656262e+00,2.398506553955656262e+00
4.915067953446605742e-02,4.915067953446605742e-02
9.376670624909939633e-01,9.376670624909939633e-01
6.776107302425595780e-01,6.776107302425595780e-01
-1.782162974599475813e+00,-1.782162974599475813e+00
2.043856880614404847e+00,2.043856880614404847e+00
6.645737249405974101e-01,6.645737249405974101e-01
-7.509087623653722954e-01,-7.509087623653722954e-01
7.555574025875364530e-01,7.555574025875364530e-01
-1.479156402096422740e+00,-1.479156402096422740e+00
-2.053868944575585331e-01,-2.053868944575585331e-01
-8.982144068435065076e-01,-8.982144068435065076e-01
-8.598704960291978505e-01,-8.598704960291978505e-01
2.063495076615073032e+00,2.063495076615073032e+00
1.294404043650796865e+00,1.294404043650796865e+00
6.560089268321673828e-01,6.560089268321673828e-01
1.155897218239363422e+00,1.155897218239363422e+00
1.678470351756507828e+00,1.678470351756507828e+00
4.159709440495791277e-01,4.159709440495791277e-01
1.475476707989046732e+00,1.475476707989046732e+00
-1.340843899991037702e+00,-1.340843899991037702e+00
3.374758482133064952e+00,3.374758482133064952e+00
3.229937827447109111e-01,3.229937827447109111e-01
6.934595643375462970e-02,6.934595643375462970e-02
1.933093254049653709e-01,1.933093254049653709e-01
1.847330566669361573e+00,1.847330566669361573e+00
8.349389603758872180e-01,8.349389603758872180e-01
2.470764955160444032e+00,2.470764955160444032e+00
1.855765203157179410e+00,1.855765203157179410e+00
-6.405066865190911507e-01,-6.405066865190911507e-01
2.263306223524064187e-01,2.263306223524064187e-01
-3.064659091000967450e+00,-3.064659091000967450e+00
9.482217071968011002e-01,9.482217071968011002e-01
3.660182685372405098e-01,3.660182685372405098e-01
2.205097772817740776e+00,2.205097772817740776e+00
3.855831336563898759e+00,3.855831336563898759e+00
1.779098404272521528e+00,1.779098404272521528e+00
1.283409566292627924e+00,1.283409566292627924e+00
1.581420470686112356e+00,1.581420470686112356e+00
2.576847215485367659e+00,2.576847215485367659e+00
2.453768527387344189e+00,2.453768527387344189e+00
1.375697943254911682e+00,1.375697943254911682e+00
4.324236280464763826e-01,4.324236280464763826e-01
2.010735212394416216e+00,2.010735212394416216e+00
2.135759233448826233e+00,2.135759233448826233e+00
1.842624072395206092e+00,1.842624072395206092e+00
1.117700856595904568e+00,1.117700856595904568e+00
-2.161052038438324718e-01,-2.161052038438324718e-01
1.381984449615658583e+00,1.381984449615658583e+00
1.611646509054887932e+00,1.611646509054887932e+00
1.042153771359798586e+00,1.042153771359798586e+00
-1.311934452920446859e-01,-1.311934452920446859e-01
2.106343527303674579e-01,2.106343527303674579e-01
-3.712980701335588662e-01,-3.712980701335588662e-01
-2.673894018503177872e-01,-2.673894018503177872e-01
7.187933404956869943e-01,7.187933404956869943e-01
7.456679481508632357e-02,7.456679481508632357e-02
1.346107360643680195e+00,1.346107360643680195e+00
1.220293522137773312e+00,1.220293522137773312e+00
-4.042329655971530489e-01,-4.042329655971530489e-01
1.564608556271160467e+00,1.564608556271160467e+00
3.022646289581746082e+00,3.022646289581746082e+00
-2.140941543615810794e+00,-2.140941543615810794e+00
-7.649376885780756474e-02,-7.649376885780756474e-02
2.454721946417289580e+00,2.454721946417289580e+00
1.049370749288232707e+00,1.049370749288232707e+00
1.000732344748847646e+00,1.000732344748847646e+00
-2.214491820335328098e-01,-2.214491820335328098e-01
-1.425240913196268666e+00,-1.425240913196268666e+00
1.149707175536338832e+00,1.149707175536338832e+00
2.717042036737201016e+00,2.717042036737201016e+00
1.767091156153783871e-01,1.767091156153783871e-01
-1.599490814455992727e-01,-1.599490814455992727e-01
2.160392972810289081e+00,2.160392972810289081e+00
1.597773664440059527e+00,1.597773664440059527e+00
-1.576272131200958881e+00,-1.576272131200958881e+00
2.678658870581781315e+00,2.678658870581781315e+00
9.024684077277538297e-01,9.024684077277538297e-01
1.654089890720600531e+00,1.654089890720600531e+00
2.254938115945629207e+00,2.254938115945629207e+00
1.128153689721989927e+00,1.128153689721989927e+00
2.983035585802292111e+00,2.983035585802292111e+00
2.243066876177457480e-02,2.243066876177457480e-02
2.874814845265750929e+00,2.874814845265750929e+00
4.156345498935491989e-01,4.156345498935491989e-01
-3.375679589569771100e-01,-3.375679589569771100e-01
2.526528482166631839e+00,2.526528482166631839e+00
2.525015369610738691e+00,2.525015369610738691e+00
4.797949769614107129e-01,4.797949769614107129e-01
1.334650578666947585e+00,1.334650578666947585e+00
2.012805253700652663e+00,2.012805253700652663e+00
2.408248699461470466e+00,2.408248699461470466e+00
3.894944783881599815e-01,3.894944783881599815e-01
4.701432606424631455e-01,4.701432606424631455e-01
-9.939643250657159701e-01,-9.939643250657159701e-01
9.577311502340448701e-01,9.577311502340448701e-01
1.356272649498009075e+00,1.356272649498009075e+00
1.399756201763028063e+00,1.399756201763028063e+00
5.051075534148148360e-01,5.051075534148148360e-01
-8.565950119220731018e-01,-8.565950119220731018e-01
1.999160260992445481e+00,1.999160260992445481e+00
2.520067530621095120e-01,2.520067530621095120e-01
1.049596604717503823e+00,1.049596604717503823e+00
9.120226519606269289e-01,9.120226519606269289e-01
1.960234578804298522e+00,1.960234578804298522e+00
-7.696006397985692971e-01,-7.696006397985692971e-01
1.705428561403000032e+00,1.705428561403000032e+00
1.360117940165597838e+00,1.360117940165597838e+00
-1.957395790060219465e+00,-1.957395790060219465e+00
1.206765638480476799e+00,1.206765638480476799e+00
3.929474677481661349e-01,3.929474677481661349e-01
7.346601759746869131e-01,7.346601759746869131e-01
1.367912475636326786e+00,1.367912475636326786e+00
1.694065982764002332e+00,1.694065982764002332e+00
1.749353348045989298e+00,1.749353348045989298e+00
-7.974821344308291593e-01,-7.974821344308291593e-01
9.112420068377462545e-01,9.112420068377462545e-01
1.510027011395006502e+00,1.510027011395006502e+00
1.629383850598221439e+00,1.629383850598221439e+00
-7.121661034093875742e-01,-7.121661034093875742e-01
1.797597535068581553e+00,1.797597535068581553e+00
3.475982191411368660e-01,3.475982191411368660e-01
-6.869701456799481853e-02,-6.869701456799481853e-02
1.706104933952753866e+00,1.706104933952753866e+00
7.657648098689868732e-01,7.657648098689868732e-01
4.018574806537180688e-01,4.018574806537180688e-01
-3.950196392630165310e-01,-3.950196392630165310e-01
1.635546743060035890e+00,1.635546743060035890e+00
2.067926877278764231e+00,2.067926877278764231e+00
3.370736192933404540e-01,3.370736192933404540e-01
1.122938187479844085e+00,1.122938187479844085e+00
2.264258871987636645e+00,2.264258871987636645e+00
1.639848015052085106e+00,1.639848015052085106e+00
1.806338789064727113e+00,1.806338789064727113e+00
1.782756074014942627e+00,1.782756074014942627e+00
2.568884723462129482e+00,2.568884723462129482e+00
3.804263810198797113e+00,3.804263810198797113e+00
-2.260227127482723475e-01,-2.260227127482723475e-01
3.291657549356314938e+00,3.291657549356314938e+00
5.465426404733533694e+00,5.465426404733533694e+00
1.124738078825003873e+00,1.124738078825003873e+00
-2.069924505414550975e-01,-2.069924505414550975e-01
-9.250125430835254292e-01,-9.250125430835254292e-01
8.616818564179848927e-01,8.616818564179848927e-01
3.889713167795495252e+00,3.889713167795495252e+00
2.776865426724277164e+00,2.776865426724277164e+00
7.747026793195084249e-01,7.747026793195084249e-01
-1.132589701596943055e+00,-1.132589701596943055e+00
-2.208996371654181612e-01,-2.208996371654181612e-01
-2.584718300535628899e-01,-2.584718300535628899e-01
-1.573127910244027650e-01,-1.573127910244027650e-01
5.444884282195170400e-01,5.444884282195170400e-01
3.285810769761341898e+00,3.285810769761341898e+00
1.188764345926562660e+00,1.188764345926562660e+00
1.364962897507212336e+00,1.364962897507212336e+00
6.005603467860656242e-01,6.005603467860656242e-01
9.118516531617852916e-01,9.118516531617852916e-01
-5.630822495792178195e-01,-5.630822495792178195e-01
2.319813107816722564e+00,2.319813107816722564e+00
-2.354158784032767127e-01,-2.354158784032767127e-01
1.324687747582562025e+00,1.324687747582562025e+00
1.483354687809924410e+00,1.483354687809924410e+00
1.868742161136762503e+00,1.868742161136762503e+00
-9.710953698917488275e-01,-9.710953698917488275e-01
7.558574397639736819e-01,7.558574397639736819e-01
-1.982596426521743282e+00,-1.982596426521743282e+00
5.575230973205946849e-01,5.575230973205946849e-01
8.012507591014732533e-01,8.012507591014732533e-01
2.159367803605764635e+00,2.159367803605764635e+00
2.521600572590882106e+00,2.521600572590882106e+00
1.509021084997759887e+00,1.509021084997759887e+00
4.184853889730644205e-02,4.184853889730644205e-02
9.464154552130403797e-01,9.464154552130403797e-01
2.339746476401977304e+00,2.339746476401977304e+00
4.355037406099325992e+00,4.355037406099325992e+00
3.922788063303316530e+00,3.922788063303316530e+00
6.929536030660849999e-01,6.929536030660849999e-01
3.423206619563976538e-01,3.423206619563976538e-01
1.656784540239923720e+00,1.656784540239923720e+00
2.173278111112699307e+00,2.173278111112699307e+00
1.834336901085054983e+00,1.834336901085054983e+00
-4.206600272649059225e-01,-4.206600272649059225e-01
-1.022650767451658949e+00,-1.022650767451658949e+00
5.604585938121415811e-01,5.604585938121415811e-01
2.665310940763756520e+00,2.665310940763756520e+00
8.441947609709146150e-01,8.441947609709146150e-01
3.162536157571054662e+00,3.162536157571054662e+00
2.034453983990714754e+00,2.034453983990714754e+00
4.068595477911994607e+00,4.068595477911994607e+00
7.363320584760351117e-01,7.363320584760351117e-01
2.236336055112198906e+00,2.236336055112198906e+00
1.431989049272339276e+00,1.431989049272339276e+00
6.937149431437468206e-01,6.937149431437468206e-01
1.928686432809942009e+00,1.928686432809942009e+00
1.866412972916618562e+00,1.866412972916618562e+00
1.911471313949459905e+00,1.911471313949459905e+00
-7.757647461726553395e-01,-7.757647461726553395e-01
-8.658890608709415293e-01,-8.658890608709415293e-01
1.669574031850475926e+00,1.669574031850475926e+00
-9.765860485499031629e-01,-9.765860485499031629e-01
5.571849480230325335e-01,5.571849480230325335e-01
1.007199790557594676e+00,1.007199790557594676e+00
7.146285963868193036e-01,7.146285963868193036e-01
2.509857522378303507e+00,2.509857522378303507e+00
-1.139024347782623403e+00,-1.139024347782623403e+00
-2.114349586094403932e+00,-2.114349586094403932e+00
1.496872083672366127e+00,1.496872083672366127e+00
5.812319186422398865e-01,5.812319186422398865e-01
8.721749580598558982e-01,8.721749580598558982e-01
-6.819417025135539046e-01,-6.819417025135539046e-01
-6.737108694287534671e-01,-6.737108694287534671e-01
-1.135984847432011335e+00,-1.135984847432011335e+00
-5.549359067350296826e-01,-5.549359067350296826e-01
2.531177062742137718e+00,2.531177062742137718e+00
4.887747322960083185e-01,4.887747322960083185e-01
1.244160349302683155e+00,1.244160349302683155e+00
2.432875203321910984e+00,2.432875203321910984e+00
1.513432911586640062e+00,1.513432911586640062e+00
7.399611674568411512e-01,7.399611674568411512e-01
-1.602674539629812323e+00,-1.602674539629812323e+00
1.657417052865379770e-01,1.657417052865379770e-01
-2.486432820238195784e-01,-2.486432820238195784e-01
-1.851458982394575958e-01,-1.851458982394575958e-01
-3.673355138508631601e-01,-3.673355138508631601e-01
2.475130969825412919e+00,2.475130969825412919e+00
3.258880301693756198e-01,3.258880301693756198e-01
1.183300813578052058e-01,1.183300813578052058e-01
1.012623592207636314e+00,1.012623592207636314e+00
-3.749500177918863031e-01,-3.749500177918863031e-01
-4.278169844632895291e-01,-4.278169844632895291e-01
1.140267815180441513e+00,1.140267815180441513e+00
3.232290746494708156e-01,3.232290746494708156e-01
-6.632466545025332838e-01,-6.632466545025332838e-01
1.481482285475709260e+00,1.481482285475709260e+00
7.226204823152728718e-01,7.226204823152728718e-01
3.951728578561857219e-01,3.951728578561857219e-01
7.183063294732221493e-01,7.183063294732221493e-01
-7.083752923463453310e-01,-7.083752923463453310e-01
1.962053467391499995e+00,1.962053467391499995e+00
5.330344282148828938e-01,5.330344282148828938e-01
2.265177917184323597e+00,2.265177917184323597e+00
3.495493622435716929e-01,3.495493622435716929e-01
-8.954730235240315750e-02,-8.954730235240315750e-02
1.078489154139948392e+00,1.078489154139948392e+00
1.807389084566232373e+00,1.807389084566232373e+00
1.551010975042148132e+00,1.551010975042148132e+00
6.050922344291473909e-01,6.050922344291473909e-01
2.000649560635920921e-01,2.000649560635920921e-01
-1.389237055940731880e-01,-1.389237055940731880e-01
1.222954977700883017e-01,1.222954977700883017e-01
-3.880986605712655191e-02,-3.880986605712655191e-02
1.380864984958380726e+00,1.380864984958380726e+00
1.983374058980998722e+00,1.983374058980998722e+00
1.845833468845526681e+00,1.845833468845526681e+00
-2.650611326183907934e+00,-2.650611326183907934e+00
2.542384118598094211e+00,2.542384118598094211e+00
2.833262417714473180e+00,2.833262417714473180e+00
2.947458801100636627e+00,2.947458801100636627e+00
2.440100113358283807e+00,2.440100113358283807e+00
1.580270176747280209e+00,1.580270176747280209e+00
1.227893226707248209e+00,1.227893226707248209e+00
1.010979991269169931e+00,1.010979991269169931e+00
3.979178781942316334e-03,3.979178781942316334e-03
-2.962950117703977426e-03,-2.962950117703977426e-03
2.909822489223101716e-01,2.909822489223101716e-01
1.389450901422189633e+00,1.389450901422189633e+00
7.348100767539116340e-01,7.348100767539116340e-01
2.233460448141900478e+00,2.233460448141900478e+00
-1.087853259933930117e+00,-1.087853259933930117e+00
1.038824977491761281e-01,1.038824977491761281e-01
9.463178638171622081e-01,9.463178638171622081e-01
-1.917905052160082668e-01,-1.917905052160082668e-01
1.330972731070147796e+00,1.330972731070147796e+00
2.610916982092157390e+00,2.610916982092157390e+00
-4.942041581345275603e-01,-4.942041581345275603e-01
3.079931600646872880e+00,3.079931600646872880e+00
5.422418144618310620e-01,5.422418144618310620e-01
7.439882316450454613e-01,7.439882316450454613e-01
5.416907392252685582e-01,5.416907392252685582e-01
-1.343774745550478489e+00,-1.343774745550478489e+00
-1.771592490041904444e-01,-1.771592490041904444e-01
-3.773107465355005630e-01,-3.773107465355005630e-01
-1.939999351198529398e+00,-1.939999351198529398e+00
1.468345014536677873e+00,1.468345014536677873e+00
2.772215988135020126e+00,2.772215988135020126e+00
-8.577017129382042970e-01,-8.577017129382042970e-01
-2.162372827613481263e-01,-2.162372827613481263e-01
5.656407919608115176e-01,5.656407919608115176e-01
1.070392599902875164e+00,1.070392599902875164e+00
1.049046467732898780e+00,1.049046467732898780e+00
-6.584170245589984205e-01,-6.584170245589984205e-01
1.807593993768756180e+00,1.807593993768756180e+00
-3.817680817562960627e-01,-3.817680817562960627e-01
-6.869553972994084656e-01,-6.869553972994084656e-01
2.961381124718097002e+00,2.961381124718097002e+00
1.494442845843075851e+00,1.494442845843075851e+00
9.248668781169548936e-01,9.248668781169548936e-01
-1.628176267225252438e+00,-1.628176267225252438e+00
1.838296002387326489e+00,1.838296002387326489e+00
1.311097955169169715e+00,1.311097955169169715e+00
9.565676427180458408e-01,9.565676427180458408e-01
2.052055809777889372e+00,2.052055809777889372e+00
-5.843087915348414985e-01,-5.843087915348414985e-01
1.652489140605869933e+00,1.652489140605869933e+00
4.184834140440414352e-01,4.184834140440414352e-01
1.023330904297540478e+00,1.023330904297540478e+00
4.137466545546495400e-01,4.137466545546495400e-01
1.836606698003144134e+00,1.836606698003144134e+00
5.799585342550467315e-01,5.799585342550467315e-01
4.802336592892921807e-01,4.802336592892921807e-01
7.789527123672526088e-01,7.789527123672526088e-01
2.651051045178517640e+00,2.651051045178517640e+00
1.261209384049025495e+00,1.261209384049025495e+00
6.229257313657754480e-01,6.229257313657754480e-01
1.426867035755149171e+00,1.426867035755149171e+00
-6.200350436985093694e-01,-6.200350436985093694e-01
3.590340787127503930e-01,3.590340787127503930e-01
5.523811158854432968e+00,5.523811158854432968e+00
-3.988365469166019750e-01,-3.988365469166019750e-01
2.028335852211451851e+00,2.028335852211451851e+00
1.668916669386510954e+00,1.668916669386510954e+00
3.101893259350074761e-01,3.101893259350074761e-01
1.545776143967765304e+00,1.545776143967765304e+00
1.664765816394729203e+00,1.664765816394729203e+00
-7.181592186571841285e-01,-7.181592186571841285e-01
1.041302110249429536e+00,1.041302110249429536e+00
6.181967089854683017e-01,6.181967089854683017e-01
1.244681436442526712e+00,1.244681436442526712e+00
-4.418859666913643736e-02,-4.418859666913643736e-02
3.378888344441209668e+00,3.378888344441209668e+00
2.122305536333161768e+00,2.122305536333161768e+00
-1.713439464588319971e-01,-1.713439464588319971e-01
9.956906501740603321e-01,9.956906501740603321e-01
2.167227416686728692e+00,2.167227416686728692e+00
2.268023773071444538e+00,2.268023773071444538e+00
1.920503959591999488e+00,1.920503959591999488e+00
1.611673420066689566e+00,1.611673420066689566e+00
1.094963816455704730e+00,1.094963816455704730e+00
1.494262499237912767e+00,1.494262499237912767e+00
2.402588807287408645e+00,2.402588807287408645e+00
2.415863416399260721e+00,2.415863416399260721e+00
8.049255250796480965e-01,8.049255250796480965e-01
-4.867179741982683439e-01,-4.867179741982683439e-01
-5.802245130579608556e-01,-5.802245130579608556e-01
7.493898637868490198e-01,7.493898637868490198e-01
7.969434819687584159e-01,7.969434819687584159e-01
7.175468923208199179e-01,7.175468923208199179e-01
-1.432886321306150457e-01,-1.432886321306150457e-01
-1.855165737950908555e+00,-1.855165737950908555e+00
1.399207691441633816e+00,1.399207691441633816e+00
2.507649214727624365e+00,2.507649214727624365e+00
7.263903651295584574e-01,7.263903651295584574e-01
-1.407342699770281813e+00,-1.407342699770281813e+00
1.608881439732420260e+00,1.608881439732420260e+00
4.960367864141455030e-01,4.960367864141455030e-01
-2.398147970138568841e-01,-2.398147970138568841e-01
1.000642610192518100e+00,1.000642610192518100e+00
5.204145984008414771e-01,5.204145984008414771e-01
1.361156035125776986e+00,1.361156035125776986e+00
1.763302846622293751e+00,1.763302846622293751e+00
1.177046045300447652e+00,1.177046045300447652e+00
4.997022210901180816e-01,4.997022210901180816e-01
-3.185189842557514250e-01,-3.185189842557514250e-01
6.535396411289871033e-01,6.535396411289871033e-01
1.848553674470901020e+00,1.848553674470901020e+00
1.620434302558292794e+00,1.620434302558292794e+00
-1.797655320048310745e+00,-1.797655320048310745e+00
1.925768753875245487e-02,1.925768753875245487e-02
2.793195093641392290e+00,2.793195093641392290e+00
9.507511870520137798e-01,9.507511870520137798e-01
-2.361412194283418753e-01,-2.361412194283418753e-01
5.578871074051194867e-01,5.578871074051194867e-01
2.138335980944723325e+00,2.138335980944723325e+00
3.120544174472241750e+00,3.120544174472241750e+00
2.127092382985806829e+00,2.127092382985806829e+00
-1.434685801309962816e-01,-1.434685801309962816e-01
2.387308596141728856e+00,2.387308596141728856e+00
1.383677899000246292e-02,1.383677899000246292e-02
3.783357743545230356e-01,3.783357743545230356e-01
2.208557553962660513e+00,2.208557553962660513e+00
1.973324188328584139e+00,1.973324188328584139e+00
8.853659820249371037e-01,8.853659820249371037e-01
2.885244413699518340e+00,2.885244413699518340e+00
1.174441017142016541e+00,1.174441017142016541e+00
-1.145777145444037970e-02,-1.145777145444037970e-02
-6.957522934973452422e-01,-6.957522934973452422e-01
1.300441695853680635e+00,1.300441695853680635e+00
7.940732814485851332e-01,7.940732814485851332e-01
1.348120057240143055e-02,1.348120057240143055e-02
4.071601486796769809e-01,4.071601486796769809e-01
2.383768858568648064e+00,2.383768858568648064e+00
1.223585858418633432e+00,1.223585858418633432e+00
2.066452998630415205e+00,2.066452998630415205e+00
1.015204972470385991e+00,1.015204972470385991e+00
5.794673523813100857e-01,5.794673523813100857e-01
3.207959002245348579e-01,3.207959002245348579e-01
2.714031607427300763e+00,2.714031607427300763e+00
3.727314509613906868e+00,3.727314509613906868e+00
3.032570416968180638e+00,3.032570416968180638e+00
2.533379117951048975e+00,2.533379117951048975e+00
6.014827837057223903e-02,6.014827837057223903e-02
7.191585709984660291e-02,7.191585709984660291e-02
6.628398239735959763e-01,6.628398239735959763e-01
1.049221021843562696e-01,1.049221021843562696e-01
-1.616042764751268068e+00,-1.616042764751268068e+00
2.660811768042719461e+00,2.660811768042719461e+00
1.334891648252111152e+00,1.334891648252111152e+00
4.535086147232400222e+00,4.535086147232400222e+00
2.455082788176497832e+00,2.455082788176497832e+00
-5.719470969006519301e-01,-5.719470969006519301e-01
3.756919219035841362e-01,3.756919219035841362e-01
1.938493304267896455e-01,1.938493304267896455e-01
1.277383839368233964e+00,1.277383839368233964e+00
9.925753076212031623e-01,9.925753076212031623e-01
-1.086782044063332009e+00,-1.086782044063332009e+00
2.229345421253888127e+00,2.229345421253888127e+00
1.109980285312054393e+00,1.109980285312054393e+00
4.463123365426837630e-01,4.463123365426837630e-01
8.301426848904307487e-01,8.301426848904307487e-01
5.370901094727345004e-01,5.370901094727345004e-01
2.849445758096729175e-01,2.849445758096729175e-01
1.555201391211348039e+00,1.555201391211348039e+00
2.331491892061852589e+00,2.331491892061852589e+00
2.943700392494013940e+00,2.943700392494013940e+00
-1.408878541710323340e-01,-1.408878541710323340e-01
7.328122683909732427e-01,7.328122683909732427e-01
1.102589325016190447e+00,1.102589325016190447e+00
1.081381596923650434e+00,1.081381596923650434e+00
8.471820746920597500e-01,8.471820746920597500e-01
3.097177481431399038e-01,3.097177481431399038e-01
-4.322520032359873365e-01,-4.322520032359873365e-01
1.517232685250342383e+00,1.517232685250342383e+00
-2.075136842480032051e-01,-2.075136842480032051e-01
-4.205967116198001676e-01,-4.205967116198001676e-01
-1.019598244341814786e+00,-1.019598244341814786e+00
2.185099862002972682e-01,2.185099862002972682e-01
2.296845987364770636e-02,2.296845987364770636e-02
2.024049696553980482e+00,2.024049696553980482e+00
1.167995546704741816e+00,1.167995546704741816e+00
2.426879629598462262e+00,2.426879629598462262e+00
1.567628537022488722e+00,1.567628537022488722e+00
-7.275243797487984665e-01,-7.275243797487984665e-01
2.985136393732675586e+00,2.985136393732675586e+00
1.361078470594065060e+00,1.361078470594065060e+00
5.768345680792792418e-01,5.768345680792792418e-01
-2.528996400660642685e+00,-2.528996400660642685e+00
1.714868379956812294e+00,1.714868379956812294e+00
2.697345278268323820e-01,2.697345278268323820e-01
9.313898350844656004e-01,9.313898350844656004e-01
1.044849913512196915e+00,1.044849913512196915e+00
9.531194667174394120e-01,9.531194667174394120e-01
2.959311479427535030e+00,2.959311479427535030e+00
2.972603620923047529e+00,2.972603620923047529e+00
1.447544678879535640e+00,1.447544678879535640e+00
-1.285483862836429569e+00,-1.285483862836429569e+00
1.768214865296928728e+00,1.768214865296928728e+00
2.133418140502628013e+00,2.133418140502628013e+00
1.079140883149084962e+00,1.079140883149084962e+00
1.540792012304893488e+00,1.540792012304893488e+00
6.534235182626562111e-01,6.534235182626562111e-01
5.992135159935993993e-01,5.992135159935993993e-01
3.143951865505754562e+00,3.143951865505754562e+00
9.347317133295756086e-01,9.347317133295756086e-01
3.077956245442575067e+00,3.077956245442575067e+00
-4.151747865994701581e-01,-4.151747865994701581e-01
5.756446013998304245e-01,5.756446013998304245e-01
6.508185139343281023e-02,6.508185139343281023e-02
4.628742409676434022e+00,4.628742409676434022e+00
1.730406796648690904e+00,1.730406796648690904e+00
2.023217191488358768e+00,2.023217191488358768e+00
2.712966892138266584e+00,2.712966892138266584e+00
-4.657182187244313099e-03,-4.657182187244313099e-03
2.562486498180732486e+00,2.562486498180732486e+00
1.333788112279537419e+00,1.333788112279537419e+00
4.655300500079275761e-01,4.655300500079275761e-01
-1.912846356125079694e-01,-1.912846356125079694e-01
1.902665484444906685e+00,1.902665484444906685e+00
2.783093979342294411e+00,2.783093979342294411e+00
1.442637117019963222e+00,1.442637117019963222e+00
3.523111620223609464e+00,3.523111620223609464e+00
2.692102209230511356e+00,2.692102209230511356e+00
-5.046133024962022873e-01,-5.046133024962022873e-01
-9.494485408208785948e-02,-9.494485408208785948e-02
2.810365819700554102e+00,2.810365819700554102e+00
1.564015907494162860e+00,1.564015907494162860e+00
2.692636871183433200e+00,2.692636871183433200e+00
3.305755841234613079e+00,3.305755841234613079e+00
2.024124743370933288e+00,2.024124743370933288e+00
2.221204681937779757e+00,2.221204681937779757e+00
4.194126987958920694e+00,4.194126987958920694e+00
-7.817093781758768234e-01,-7.817093781758768234e-01
2.328134986361614533e+00,2.328134986361614533e+00
1.119535768337798665e+00,1.119535768337798665e+00
3.067622864942131322e+00,3.067622864942131322e+00
-2.392058741045826054e-01,-2.392058741045826054e-01
7.643973933295939993e-01,7.643973933295939993e-01
2.152824994802900793e+00,2.152824994802900793e+00
-1.359801110978085870e+00,-1.359801110978085870e+00
1.573218565751747899e+00,1.573218565751747899e+00
4.154319039761167343e-01,4.154319039761167343e-01
1.344984151575667752e-01,1.344984151575667752e-01
2.647792794563028629e+00,2.647792794563028629e+00
1.289923902243946818e+00,1.289923902243946818e+00
-2.378870097048331189e-01,-2.378870097048331189e-01
1.270320304991421345e+00,1.270320304991421345e+00
-3.376354821753403401e-01,-3.376354821753403401e-01
1.237910472578652499e+00,1.237910472578652499e+00
8.354802187221184173e-01,8.354802187221184173e-01
3.260882945532458166e+00,3.260882945532458166e+00
9.298267568014284556e-02,9.298267568014284556e-02
4.780447329162915704e-01,4.780447329162915704e-01
2.879225723719831542e+00,2.879225723719831542e+00
8.963503650975627179e-01,8.963503650975627179e-01
-7.364074203777228877e-01,-7.364074203777228877e-01
2.313834166195462672e+00,2.313834166195462672e+00
2.970817428929506399e+00,2.970817428929506399e+00
-4.253307336142007067e-01,-4.253307336142007067e-01
1.427068197241827319e+00,1.427068197241827319e+00
1.057004219253278476e+00,1.057004219253278476e+00
5.166168736121357075e-01,5.166168736121357075e-01
7.922874158479051854e-01,7.922874158479051854e-01
2.137633061674993229e+00,2.137633061674993229e+00
9.603269100039790729e-01,9.603269100039790729e-01
9.377537899052348358e-01,9.377537899052348358e-01
2.930544249988327188e+00,2.930544249988327188e+00
1.229999453690704181e+00,1.229999453690704181e+00
-2.067914535080208616e-01,-2.067914535080208616e-01
-1.933876545816512360e+00,-1.933876545816512360e+00
2.662168233452519850e-01,2.662168233452519850e-01
2.257034520907954533e+00,2.257034520907954533e+00
1.240747574441887213e+00,1.240747574441887213e+00
2.190315157672007018e+00,2.190315157672007018e+00
3.808305919327690692e+00,3.808305919327690692e+00
5.337618135514190509e-01,5.337618135514190509e-01
1.857875203789734142e+00,1.857875203789734142e+00
1.452474653634460600e+00,1.452474653634460600e+00
1.235969406723055553e+00,1.235969406723055553e+00
2.698688670484681751e+00,2.698688670484681751e+00
2.050435835696411413e-01,2.050435835696411413e-01
1.061428177771108761e+00,1.061428177771108761e+00
7.295690505718347429e-01,7.295690505718347429e-01
2.808019528074874316e-01,2.808019528074874316e-01
1.127146391678997661e+00,1.127146391678997661e+00
6.028970111497236051e-01,6.028970111497236051e-01
1.821246301890149688e+00,1.821246301890149688e+00
2.020986712149091424e+00,2.020986712149091424e+00
1.937605950612536265e+00,1.937605950612536265e+00
6.471855769441983153e-01,6.471855769441983153e-01
1.202584130540067520e+00,1.202584130540067520e+00
1.795132199175611065e+00,1.795132199175611065e+00
1.286766945692930930e+00,1.286766945692930930e+00
2.613548719700885314e+00,2.613548719700885314e+00
2.319209151527483748e+00,2.319209151527483748e+00
2.353136931110716645e+00,2.353136931110716645e+00
9.601089154727582287e-01,9.601089154727582287e-01
-1.004906972882859240e+00,-1.004906972882859240e+00
2.214563383933476626e-01,2.214563383933476626e-01
2.242752817792991404e+00,2.242752817792991404e+00
1.023487361950659036e-02,1.023487361950659036e-02
9.626095075362925968e-01,9.626095075362925968e-01
9.007739331383657344e-03,9.007739331383657344e-03
1.689167243306352262e+00,1.689167243306352262e+00
2.381848520299568506e+00,2.381848520299568506e+00
-4.458609991297213249e-02,-4.458609991297213249e-02
2.960733192990572804e-01,2.960733192990572804e-01
-1.293945803250075910e+00,-1.293945803250075910e+00
-8.509432529537145351e-01,-8.509432529537145351e-01
7.677076374375497725e-01,7.677076374375497725e-01
6.662929829757295863e-01,6.662929829757295863e-01
7.301339172421439372e-02,7.301339172421439372e-02
9.569348292990162985e-01,9.569348292990162985e-01
1.614966824156488512e-01,1.614966824156488512e-01
2.090797853159771957e+00,2.090797853159771957e+00
1.655396168523077360e+00,1.655396168523077360e+00
2.087106005501470740e+00,2.087106005501470740e+00
2.937332737499576130e-01,2.937332737499576130e-01
4.504682984658476830e-01,4.504682984658476830e-01
1.380612299012362376e+00,1.380612299012362376e+00
3.219675326429390250e+00,3.219675326429390250e+00
1.910275745519790958e+00,1.910275745519790958e+00
1.150553527309362112e+00,1.150553527309362112e+00
-9.963352911114875532e-02,-9.963352911114875532e-02
-1.979365558369838851e-02,-1.979365558369838851e-02
2.439552505341713307e-02,2.439552505341713307e-02
-2.220515460678914366e+00,-2.220515460678914366e+00
-2.139116824901951652e+00,-2.139116824901951652e+00
2.947923998804842238e-01,2.947923998804842238e-01
1.829335450821923725e+00,1.829335450821923725e+00
-5.848280097605023098e-01,-5.848280097605023098e-01
2.106176448965520809e+00,2.106176448965520809e+00
1.532915142007508891e+00,1.532915142007508891e+00
3.314508466049437274e-01,3.314508466049437274e-01
6.337193120277413438e-01,6.337193120277413438e-01
2.259819753123270658e+00,2.259819753123270658e+00
1.796173141616195235e+00,1.796173141616195235e+00
5.076770593801251952e-01,5.076770593801251952e-01
4.026601463721890539e-02,4.026601463721890539e-02
1.244788081535569413e+00,1.244788081535569413e+00
5.731101276347279061e-01,5.731101276347279061e-01
2.057982582425296858e+00,2.057982582425296858e+00
1.584972802338833420e+00,1.584972802338833420e+00
1.786416880979543098e+00,1.786416880979543098e+00
6.511542864987265311e-01,6.511542864987265311e-01
-7.581736595195773809e-01,-7.581736595195773809e-01
1.204617183577982864e-01,1.204617183577982864e-01
3.418537943364742926e+00,3.418537943364742926e+00
6.007755694677530123e-02,6.007755694677530123e-02
9.584053844308695336e-01,9.584053844308695336e-01
2.072387353179375502e+00,2.072387353179375502e+00
1.876675553858987211e+00,1.876675553858987211e+00
1.646581527445855730e+00,1.646581527445855730e+00
9.207621665252168075e-01,9.207621665252168075e-01
2.539098815505287376e+00,2.539098815505287376e+00
1.336664384442360465e+00,1.336664384442360465e+00
1.403337694411153969e+00,1.403337694411153969e+00
1.427699284805394209e+00,1.427699284805394209e+00
8.870480589194983390e-01,8.870480589194983390e-01
2.242671808898951014e+00,2.242671808898951014e+00
2.939934380119975987e+00,2.939934380119975987e+00
2.116874850538312813e+00,2.116874850538312813e+00
-9.489591698156800703e-01,-9.489591698156800703e-01
1.259521483770509320e+00,1.259521483770509320e+00
1.245678306694528059e+00,1.245678306694528059e+00
-9.131767204649616776e-01,-9.131767204649616776e-01
3.610070938352887726e+00,3.610070938352887726e+00
2.013454315091768532e+00,2.013454315091768532e+00
2.446553580562468522e+00,2.446553580562468522e+00
6.376288412011184015e-01,6.376288412011184015e-01
-3.345305029463070401e-01,-3.345305029463070401e-01
3.067587979691711375e+00,3.067587979691711375e+00
2.928162860555463265e-01,2.928162860555463265e-01
7.945632659082491056e-01,7.945632659082491056e-01
1.220005467387614839e+00,1.220005467387614839e+00
4.125934120614349609e-02,4.125934120614349609e-02
2.059335278358317645e+00,2.059335278358317645e+00
1.240913856191336651e+00,1.240913856191336651e+00
2.772597521828916278e+00,2.772597521828916278e+00
1.362119984286147334e+00,1.362119984286147334e+00
4.850106938600697859e-01,4.850106938600697859e-01
-1.380653009288113964e+00,-1.380653009288113964e+00
1.181192972223605864e+00,1.181192972223605864e+00
5.784602228080570896e-01,5.784602228080570896e-01
3.542600739422963052e-02,3.542600739422963052e-02
8.394477717132520223e-01,8.394477717132520223e-01
1.928449886748818010e+00,1.928449886748818010e+00
-1.246104474385897998e+00,-1.246104474385897998e+00
4.705327170769164624e-01,4.705327170769164624e-01
1.579265725216456584e+00,1.579265725216456584e+00
1.109752634194671517e+00,1.109752634194671517e+00
2.843061412872249782e+00,2.843061412872249782e+00
-4.598075115619402187e-01,-4.598075115619402187e-01
3.798559266870638496e+00,3.798559266870638496e+00
2.896932214937586458e+00,2.896932214937586458e+00
5.009990729913897933e-01,5.009990729913897933e-01
7.855668020339992008e-01,7.855668020339992008e-01
3.422956184139640534e-01,3.422956184139640534e-01
-9.930623343111693035e-01,-9.930623343111693035e-01
-3.610697902342483445e-01,-3.610697902342483445e-01
3.679062432932843851e+00,3.679062432932843851e+00
4.910175878835557839e+00,4.910175878835557839e+00
7.184526672972852968e-01,7.184526672972852968e-01
1.427313686008674809e+00,1.427313686008674809e+00
1.730446852954092840e-02,1.730446852954092840e-02
5.604205295628046368e-01,5.604205295628046368e-01
6.565010280168683821e-01,6.565010280168683821e-01
8.093241277364806585e-01,8.093241277364806585e-01
1.482020337378168406e+00,1.482020337378168406e+00
1.373537844915743600e+00,1.373537844915743600e+00
-2.355247106850546501e+00,-2.355247106850546501e+00
2.916618242905973712e+00,2.916618242905973712e+00
2.943909358804874810e-01,2.943909358804874810e-01
2.550270954009424607e+00,2.550270954009424607e+00
-8.186572154501750020e-01,-8.186572154501750020e-01
1.231783921792069414e+00,1.231783921792069414e+00
1.483831140046568686e+00,1.483831140046568686e+00
5.871172847307937204e-01,5.871172847307937204e-01
-4.073421043717848633e-01,-4.073421043717848633e-01
9.440304412380361443e-01,9.440304412380361443e-01
1.880646893710644196e+00,1.880646893710644196e+00
-6.862442173797038691e-01,-6.862442173797038691e-01
2.113284094373526933e+00,2.113284094373526933e+00
1.584043307336966411e+00,1.584043307336966411e+00
-4.458944278287391150e-01,-4.458944278287391150e-01
1.826537659300809580e+00,1.826537659300809580e+00
5.767720242813025866e-01,5.767720242813025866e-01
3.862639762997073234e-01,3.862639762997073234e-01
3.217014390027455040e-01,3.217014390027455040e-01
1.546614960727177079e+00,1.546614960727177079e+00
-2.821757515089238222e-01,-2.821757515089238222e-01
-2.945808488548213866e-01,-2.945808488548213866e-01
3.492189120970852656e+00,3.492189120970852656e+00
3.316880442684208674e+00,3.316880442684208674e+00
-1.166039207394525601e+00,-1.166039207394525601e+00
3.364594964300077873e+00,3.364594964300077873e+00
7.866712507638784491e-01,7.866712507638784491e-01
1.870493988552954789e+00,1.870493988552954789e+00
-2.621275769170523517e-01,-2.621275769170523517e-01
7.772700146492259599e-01,7.772700146492259599e-01
4.678500120883106739e-01,4.678500120883106739e-01
2.355695141536993109e+00,2.355695141536993109e+00
-1.111607755665499742e+00,-1.111607755665499742e+00
-1.632868216466330180e+00,-1.632868216466330180e+00
3.064779291572004016e+00,3.064779291572004016e+00
6.275104157431821150e-03,6.275104157431821150e-03
2.885504402818765968e-01,2.885504402818765968e-01
3.400690199078118869e+00,3.400690199078118869e+00
1.434132483186236318e+00,1.434132483186236318e+00
-5.430341411436410137e-01,-5.430341411436410137e-01
1.253142236077174898e-01,1.253142236077174898e-01
1.666107771732979304e+00,1.666107771732979304e+00
2.330550648935260760e+00,2.330550648935260760e+00
1.821125883852784177e+00,1.821125883852784177e+00
-1.537763291291871948e+00,-1.537763291291871948e+00
2.208403708770698692e-01,2.208403708770698692e-01
1.102012175347647283e+00,1.102012175347647283e+00
2.019203179762024014e+00,2.019203179762024014e+00
1.872198035858564369e+00,1.872198035858564369e+00
2.497157334847914800e-01,2.497157334847914800e-01
1.568847257556168273e+00,1.568847257556168273e+00
2.164584620985506191e+00,2.164584620985506191e+00
7.161268435951639866e-02,7.161268435951639866e-02
1.290181564894902211e+00,1.290181564894902211e+00
5.230052424785245346e-01,5.230052424785245346e-01
1.623713995171348623e+00,1.623713995171348623e+00
-4.348133786823908942e-01,-4.348133786823908942e-01
-8.270659784579970086e-02,-8.270659784579970086e-02
8.196350685021038807e-01,8.196350685021038807e-01
1.438426733209077657e+00,1.438426733209077657e+00
1.361529132947699727e+00,1.361529132947699727e+00
7.218361312394270257e-01,7.218361312394270257e-01
-1.539731225907203793e-01,-1.539731225907203793e-01
1.295559865175999192e-02,1.295559865175999192e-02
1.212844669273843712e+00,1.212844669273843712e+00
1.518375560338784958e+00,1.518375560338784958e+00
2.319482126652122389e+00,2.319482126652122389e+00
3.327070712508239048e+00,3.327070712508239048e+00
2.057498131065019553e+00,2.057498131065019553e+00
-1.110811077387648504e+00,-1.110811077387648504e+00
-1.589027036461376774e+00,-1.589027036461376774e+00
1.659571510239885805e+00,1.659571510239885805e+00
1.801706948824944199e+00,1.801706948824944199e+00
4.485967409041484721e-01,4.485967409041484721e-01
1.499780086635626120e+00,1.499780086635626120e+00
-1.561992473448006180e-01,-1.561992473448006180e-01
2.481939022892835744e+00,2.481939022892835744e+00
4.746935634971360951e-01,4.746935634971360951e-01
8.746031748435612041e-01,8.746031748435612041e-01
2.869544827163935885e+00,2.869544827163935885e+00
2.590486873653812694e+00,2.590486873653812694e+00
-1.626001948996333990e-01,-1.626001948996333990e-01
1.901798237337017250e+00,1.901798237337017250e+00
2.451050140618664663e-01,2.451050140618664663e-01
-1.343237027121904070e-01,-1.343237027121904070e-01
1.058228679852399878e+00,1.058228679852399878e+00
8.211558827222957824e-01,8.211558827222957824e-01
1.272868505062763500e+00,1.272868505062763500e+00
-7.389231298783671686e-01,-7.389231298783671686e-01
1.339143173625783056e+00,1.339143173625783056e+00
-3.287849076444690155e+00,-3.287849076444690155e+00
5.151458104921596837e-01,5.151458104921596837e-01
-1.146959844804820383e+00,-1.146959844804820383e+00
1.411331222828469123e+00,1.411331222828469123e+00
3.926423264308215089e+00,3.926423264308215089e+00
-5.505129180080825524e-01,-5.505129180080825524e-01
1.058496002691089011e+00,1.058496002691089011e+00
4.245510680351772592e+00,4.245510680351772592e+00
8.495223187639924234e-01,8.495223187639924234e-01
2.864048345927731276e+00,2.864048345927731276e+00
9.899068947241458361e-01,9.899068947241458361e-01
1.895336017223763880e+00,1.895336017223763880e+00
9.795713676994645125e-01,9.795713676994645125e-01
7.186057292659380202e-01,7.186057292659380202e-01
1.160980264294783071e-01,1.160980264294783071e-01
1.818384100765273903e+00,1.818384100765273903e+00
2.271429025912584443e+00,2.271429025912584443e+00
-1.942750357398141947e-01,-1.942750357398141947e-01
9.676954349622080009e-01,9.676954349622080009e-01
1.003585159815521211e+00,1.003585159815521211e+00
9.477576373928036091e-01,9.477576373928036091e-01
5.597096984888709770e-01,5.597096984888709770e-01
-1.013390574892216733e+00,-1.013390574892216733e+00
1.940290993524006913e+00,1.940290993524006913e+00
1.732650761231329550e+00,1.732650761231329550e+00
2.202284332689606217e+00,2.202284332689606217e+00
2.897119938605654088e+00,2.897119938605654088e+00
1.884138345446247254e+00,1.884138345446247254e+00
1.012640989443369000e+00,1.012640989443369000e+00
3.659380564109589784e+00,3.659380564109589784e+00
2.000859115654634035e+00,2.000859115654634035e+00
1.213073513017778993e+00,1.213073513017778993e+00
1.077519387178003107e-01,1.077519387178003107e-01
1.914639389158321992e+00,1.914639389158321992e+00
1.638621760111115488e+00,1.638621760111115488e+00
3.056221083772994618e+00,3.056221083772994618e+00
1.378179947547597539e+00,1.378179947547597539e+00
-4.013827526491786646e-01,-4.013827526491786646e-01
6.069379690215230827e-01,6.069379690215230827e-01
3.781046693347505094e-01,3.781046693347505094e-01
-4.886384957125344819e-01,-4.886384957125344819e-01
6.368749908977395791e-01,6.368749908977395791e-01
2.629054230542607229e+00,2.629054230542607229e+00
1.460263806717020163e+00,1.460263806717020163e+00
1.487843680682271463e+00,1.487843680682271463e+00
1.678771467340712586e+00,1.678771467340712586e+00
1.464716439129560177e+00,1.464716439129560177e+00
8.720617429755339600e-01,8.720617429755339600e-01
8.658227625633563296e-01,8.658227625633563296e-01
-9.636091538981224058e-01,-9.636091538981224058e-01
-7.125388478060743491e-01,-7.125388478060743491e-01
9.561946533487049038e-01,9.561946533487049038e-01
5.957895059183075936e-01,5.957895059183075936e-01
2.524206472648033994e+00,2.524206472648033994e+00
1.858696437021426506e+00,1.858696437021426506e+00
-1.933331161414475474e-02,-1.933331161414475474e-02
-5.322181726578898431e-01,-5.322181726578898431e-01
-4.767775864790311235e-01,-4.767775864790311235e-01
1.937078474604165823e-01,1.937078474604165823e-01
2.000801712507573438e+00,2.000801712507573438e+00
-9.715557280110143079e-01,-9.715557280110143079e-01
1.355277851311153858e+00,1.355277851311153858e+00
2.006330736049179109e+00,2.006330736049179109e+00
-6.389286912631142457e-01,-6.389286912631142457e-01
1.948764703047277891e+00,1.948764703047277891e+00
-2.222408653918790389e-01,-2.222408653918790389e-01
-1.926826542043698076e-01,-1.926826542043698076e-01
2.613965410328220607e+00,2.613965410328220607e+00
8.624282955327209343e-01,8.624282955327209343e-01
-1.004123548461260951e+00,-1.004123548461260951e+00
8.699020164677369049e-01,8.699020164677369049e-01
1.349438168229738721e+00,1.349438168229738721e+00
7.393372522037049421e-01,7.393372522037049421e-01
-3.358099051816392233e-01,-3.358099051816392233e-01
-1.655348250633812413e+00,-1.655348250633812413e+00
-8.457047116985498825e-01,-8.457047116985498825e-01
1.682428791461693995e+00,1.682428791461693995e+00
1.889414460488526792e+00,1.889414460488526792e+00
2.772205075195567581e+00,2.772205075195567581e+00
1.968524512072090893e+00,1.968524512072090893e+00
2.276848016552547094e+00,2.276848016552547094e+00
2.799264369602245672e-01,2.799264369602245672e-01
1.133436068154059839e+00,1.133436068154059839e+00
6.021663241137420464e-02,6.021663241137420464e-02
1.274527802996271220e+00,1.274527802996271220e+00
2.101436710565614874e+00,2.101436710565614874e+00
-1.636054622537409742e+00,-1.636054622537409742e+00
1.556615768331309546e+00,1.556615768331309546e+00
-5.105838334284895641e-01,-5.105838334284895641e-01
1.947190301189013706e+00,1.947190301189013706e+00
1.412510011295142531e+00,1.412510011295142531e+00
2.151774154732590816e-01,2.151774154732590816e-01
-1.351511733879708688e+00,-1.351511733879708688e+00
1.309611313090020435e+00,1.309611313090020435e+00
-1.636365850359755569e-03,-1.636365850359755569e-03
-6.298774040571943900e-01,-6.298774040571943900e-01
7.787907646534362183e-01,7.787907646534362183e-01
1.389097711343752595e+00,1.389097711343752595e+00
-2.516512416868565971e-02,-2.516512416868565971e-02
2.730606672376791444e+00,2.730606672376791444e+00
-4.099670424735362140e-01,-4.099670424735362140e-01
-6.467655063988830832e-01,-6.467655063988830832e-01
1.718804667217512572e+00,1.718804667217512572e+00
5.206850159670448619e-01,5.206850159670448619e-01
1.462532501816711239e+00,1.462532501816711239e+00
1.690706473728572412e+00,1.690706473728572412e+00
6.730611532901489280e-01,6.730611532901489280e-01
3.652353890351809351e-01,3.652353890351809351e-01
3.930578216842015582e+00,3.930578216842015582e+00
1.150694895246481941e+00,1.150694895246481941e+00
3.142352941480558215e+00,3.142352941480558215e+00
1.966440130648082540e+00,1.966440130648082540e+00
8.251653558728768711e-01,8.251653558728768711e-01
4.210911387000666473e+00,4.210911387000666473e+00
-5.105404626163700943e-01,-5.105404626163700943e-01
2.133108554820528635e+00,2.133108554820528635e+00
-4.825371852635895742e-01,-4.825371852635895742e-01
2.029575105036822258e+00,2.029575105036822258e+00
-7.255295682518121403e-01,-7.255295682518121403e-01
1.688771789371828147e+00,1.688771789371828147e+00
8.127513663174280589e-01,8.127513663174280589e-01
5.314138653497149090e-01,5.314138653497149090e-01
1.718764043028625288e+00,1.718764043028625288e+00
2.861239512352077963e+00,2.861239512352077963e+00
-3.249554088907702365e-02,-3.249554088907702365e-02
1.616199643920017692e+00,1.616199643920017692e+00
2.814943951000303812e+00,2.814943951000303812e+00
-4.536791526087129434e-01,-4.536791526087129434e-01
2.187604096681551979e+00,2.187604096681551979e+00
1.291097595273700271e+00,1.291097595273700271e+00
1.348720037190540122e+00,1.348720037190540122e+00
3.157269143713179016e+00,3.157269143713179016e+00
1.835838085792486307e+00,1.835838085792486307e+00
1.950058197246080649e-01,1.950058197246080649e-01
4.315979961022913258e-01,4.315979961022913258e-01
8.997766580757935451e-01,8.997766580757935451e-01
1.035698042217614967e+00,1.035698042217614967e+00
1.793630396839320795e+00,1.793630396839320795e+00
1.403275603070955446e+00,1.403275603070955446e+00
1.761995256210749261e+00,1.761995256210749261e+00
9.068512490295665973e-01,9.068512490295665973e-01
1.688733153954293797e+00,1.688733153954293797e+00
1.343063365520572594e+00,1.343063365520572594e+00
-2.792400927616622841e-01,-2.792400927616622841e-01
1.244928146938664160e+00,1.244928146938664160e+00
3.404035483528911055e-01,3.404035483528911055e-01
2.573283794204899166e-01,2.573283794204899166e-01
2.741918030034424802e-01,2.741918030034424802e-01
2.587232810290319041e+00,2.587232810290319041e+00
9.008663286703486595e-01,9.008663286703486595e-01
6.594934811098625005e-01,6.594934811098625005e-01
2.717174674925257882e+00,2.717174674925257882e+00
1.171822819138990113e+00,1.171822819138990113e+00
1.230429493004181030e+00,1.230429493004181030e+00
9.384429723963187975e-01,9.384429723963187975e-01
2.185083934280689810e+00,2.185083934280689810e+00
5.051949974099514407e-01,5.051949974099514407e-01
1.268378518503385788e+00,1.268378518503385788e+00
1.037558153608322264e+00,1.037558153608322264e+00
7.864850329552488528e-01,7.864850329552488528e-01
1.577164029451874061e+00,1.577164029451874061e+00
2.623745292424279896e+00,2.623745292424279896e+00
-1.738190540774195991e-01,-1.738190540774195991e-01
1.059438769658255231e+00,1.059438769658255231e+00
1.188286813769267480e+00,1.188286813769267480e+00
2.955826736902320562e-01,2.955826736902320562e-01
-1.277555690301409586e+00,-1.277555690301409586e+00
7.322259020808827845e-01,7.322259020808827845e-01
9.849694961030254214e-01,9.849694961030254214e-01
1.630351834554383483e+00,1.630351834554383483e+00
-8.640329299576050559e-01,-8.640329299576050559e-01
1.283596892417249169e-01,1.283596892417249169e-01
7.407816364432400214e-01,7.407816364432400214e-01
2.357777335041282729e+00,2.357777335041282729e+00
5.413430038325326432e-01,5.413430038325326432e-01
-1.696077860762623679e-02,-1.696077860762623679e-02
1.829776824945797742e+00,1.829776824945797742e+00
-6.571261481636803126e-02,-6.571261481636803126e-02
4.127818841537735928e-01,4.127818841537735928e-01
1.239785558021740952e+00,1.239785558021740952e+00
1.066932144553942363e+00,1.066932144553942363e+00
-7.633865986096253220e-01,-7.633865986096253220e-01
3.045628831594873187e-01,3.045628831594873187e-01
-3.287256809857987960e-01,-3.287256809857987960e-01
-1.707816195406206550e+00,-1.707816195406206550e+00
1.934403776358603277e+00,1.934403776358603277e+00
-4.512333935791870587e+00,-4.512333935791870587e+00
8.000377238840874483e-01,8.000377238840874483e-01
2.124650337329536676e+00,2.124650337329536676e+00
1.426420710798175007e+00,1.426420710798175007e+00
-1.025708546858472570e-01,-1.025708546858472570e-01
1.326493031438596759e+00,1.326493031438596759e+00
2.801532140720157216e+00,2.801532140720157216e+00
3.706121231496792845e-01,3.706121231496792845e-01
2.385183287282635067e-01,2.385183287282635067e-01
1.439357540640564537e-01,1.439357540640564537e-01
1.515087320091783596e-01,1.515087320091783596e-01
3.134282669409699462e+00,3.134282669409699462e+00
1.894081451330509314e+00,1.894081451330509314e+00
5.617302316459762412e-01,5.617302316459762412e-01
2.885633687214980814e+00,2.885633687214980814e+00
2.243208376228695400e+00,2.243208376228695400e+00
1.134989291612743978e+00,1.134989291612743978e+00
2.058949939001923468e+00,2.058949939001923468e+00
-9.485778938679547689e-01,-9.485778938679547689e-01
2.638025981149976218e+00,2.638025981149976218e+00
7.646895977751513307e-01,7.646895977751513307e-01
2.618078260911851363e+00,2.618078260911851363e+00
1.224157856952717838e+00,1.224157856952717838e+00
1.334766175630009988e+00,1.334766175630009988e+00
-2.306213386389981412e-01,-2.306213386389981412e-01
2.125323410599944118e+00,2.125323410599944118e+00
8.008271309234926694e-01,8.008271309234926694e-01
1.416988699124164919e+00,1.416988699124164919e+00
-1.588754539234440433e+00,-1.588754539234440433e+00
2.412816021275309808e+00,2.412816021275309808e+00
9.026706092708030038e-01,9.026706092708030038e-01
6.549798461614153577e-01,6.549798461614153577e-01
2.132216860123503643e-02,2.132216860123503643e-02
1.628508250676319102e+00,1.628508250676319102e+00
-2.754189500995938289e-01,-2.754189500995938289e-01
2.091471948398073266e+00,2.091471948398073266e+00
3.709621456733590561e-01,3.709621456733590561e-01
3.102542036246108470e+00,3.102542036246108470e+00
4.081572658791225994e-01,4.081572658791225994e-01
-3.063052971204187624e-01,-3.063052971204187624e-01
8.857309859417101805e-01,8.857309859417101805e-01
1.621782190627447884e+00,1.621782190627447884e+00
1.916227274170210215e-01,1.916227274170210215e-01
3.616979053479973949e+00,3.616979053479973949e+00
-3.901399199496522474e-01,-3.901399199496522474e-01
8.177484077284347119e-01,8.177484077284347119e-01
2.507819918826390104e+00,2.507819918826390104e+00
-7.735364102032140643e-01,-7.735364102032140643e-01
4.424910468168090638e-01,4.424910468168090638e-01
-1.718562528201361683e-01,-1.718562528201361683e-01
-1.678901073671672517e-01,-1.678901073671672517e-01
-2.174197383634224323e-03,-2.174197383634224323e-03
9.473078415173530331e-01,9.473078415173530331e-01
1.674062640860835005e+00,1.674062640860835005e+00
-3.721246253165082507e-01,-3.721246253165082507e-01
-1.267428842963433278e+00,-1.267428842963433278e+00
-6.655073227456345109e-01,-6.655073227456345109e-01
1.136735509678253875e+00,1.136735509678253875e+00
-4.086945957914647209e-01,-4.086945957914647209e-01
1.827069725213856577e+00,1.827069725213856577e+00
1.338475153170273213e+00,1.338475153170273213e+00
9.038687218165377679e-01,9.038687218165377679e-01
-3.094460223003008270e-01,-3.094460223003008270e-01
1.167385518355149809e+00,1.167385518355149809e+00
7.312576493075662043e-01,7.312576493075662043e-01
4.412746100515057002e-01,4.412746100515057002e-01
3.063506035421226237e-02,3.063506035421226237e-02
1.328228143685413309e+00,1.328228143685413309e+00
4.165528082464391435e-01,4.165528082464391435e-01
1.977803310996394393e+00,1.977803310996394393e+00
2.113885609403618471e+00,2.113885609403618471e+00
5.873086292026941102e-02,5.873086292026941102e-02
9.671250744482191575e-01,9.671250744482191575e-01
1.409499708636797743e+00,1.409499708636797743e+00
3.782681070993807460e+00,3.782681070993807460e+00
8.370760166587132289e-01,8.370760166587132289e-01
-6.104994224221118593e-01,-6.104994224221118593e-01
-4.078519889692042710e-01,-4.078519889692042710e-01
-6.691889552997762891e-01,-6.691889552997762891e-01
1.590825357769328541e+00,1.590825357769328541e+00
3.691289803147559390e-01,3.691289803147559390e-01
5.349814521200997319e-01,5.349814521200997319e-01
1.169197608498654617e+00,1.169197608498654617e+00
1.461663327910052157e+00,1.461663327910052157e+00
-3.122108558074621065e-01,-3.122108558074621065e-01
3.827622884997869512e+00,3.827622884997869512e+00
2.127349530619133677e-01,2.127349530619133677e-01
1.436888162307341510e-01,1.436888162307341510e-01
2.287041376265561254e+00,2.287041376265561254e+00
-5.128783928761164734e-01,-5.128783928761164734e-01
1.292731158785044077e+00,1.292731158785044077e+00
1.682379836849360322e-01,1.682379836849360322e-01
5.429431117908742888e-01,5.429431117908742888e-01
2.115803874344180713e+00,2.115803874344180713e+00
1.964569998409760432e+00,1.964569998409760432e+00
3.666989939341305238e-01,3.666989939341305238e-01
5.297241921703670364e-01,5.297241921703670364e-01
1.273749707989130675e+00,1.273749707989130675e+00
2.649082296144103843e+00,2.649082296144103843e+00
1.923289535341631940e+00,1.923289535341631940e+00
-7.928806176068943223e-01,-7.928806176068943223e-01
-6.472875821307382260e-01,-6.472875821307382260e-01
-1.257738753518292452e+00,-1.257738753518292452e+00
1.519235033196984386e+00,1.519235033196984386e+00
-2.877840206616639751e-01,-2.877840206616639751e-01
-7.663602383673517870e-02,-7.663602383673517870e-02
6.901815643431377101e-01,6.901815643431377101e-01
1.847328553879093782e+00,1.847328553879093782e+00
1.855138958809649852e+00,1.855138958809649852e+00
1.834077723001981797e+00,1.834077723001981797e+00
-1.148607288549990280e+00,-1.148607288549990280e+00
2.151069895005632837e-01,2.151069895005632837e-01
2.903041663724248433e+00,2.903041663724248433e+00
5.841744061615550265e-02,5.841744061615550265e-02
5.158497251873770395e+00,5.158497251873770395e+00
7.890440804712752776e-01,7.890440804712752776e-01
2.470444740168443065e+00,2.470444740168443065e+00
8.651952877163064937e-01,8.651952877163064937e-01
1.590898429268829517e+00,1.590898429268829517e+00
1.809279387349670198e+00,1.809279387349670198e+00
-1.464397094958780787e+00,-1.464397094958780787e+00
1.080720812835673783e-01,1.080720812835673783e-01
3.650653698367491984e-01,3.650653698367491984e-01
-1.573249353025998332e-01,-1.573249353025998332e-01
1.502947754449730500e+00,1.502947754449730500e+00
-5.833117979465829439e-02,-5.833117979465829439e-02
2.297533520496398474e+00,2.297533520496398474e+00
7.947725461081509568e-01,7.947725461081509568e-01
1.619375317753674270e+00,1.619375317753674270e+00
4.508633654404126112e-01,4.508633654404126112e-01
3.133299335403952668e+00,3.133299335403952668e+00
-8.025356485753452063e-01,-8.025356485753452063e-01
4.419176596120943934e-02,4.419176596120943934e-02
1.812253467638283322e+00,1.812253467638283322e+00
-2.014832606118315272e-01,-2.014832606118315272e-01
1.465738165035613383e+00,1.465738165035613383e+00
6.994199739124276061e-01,6.994199739124276061e-01
-6.408728819016547007e-01,-6.408728819016547007e-01
8.987303086270890251e-01,8.987303086270890251e-01
-6.775149241126401378e-01,-6.775149241126401378e-01
-5.572456378087120576e-01,-5.572456378087120576e-01
1.174035790266621415e+00,1.174035790266621415e+00
1.037350803904546925e+00,1.037350803904546925e+00
1.479933265725231539e+00,1.479933265725231539e+00
1.058302733543638796e+00,1.058302733543638796e+00
-1.785441859014413879e-02,-1.785441859014413879e-02
1.815304005242262209e+00,1.815304005242262209e+00
1.132751593318041206e+00,1.132751593318041206e+00
1.328465857524990357e+00,1.328465857524990357e+00
-1.440347651678719920e+00,-1.440347651678719920e+00
1.705737504600319587e+00,1.705737504600319587e+00
3.517393501925125676e-02,3.517393501925125676e-02
-7.653153570936617189e-01,-7.653153570936617189e-01
2.618001010411282081e+00,2.618001010411282081e+00
2.066763439888021914e+00,2.066763439888021914e+00
1.117993001599288938e+00,1.117993001599288938e+00
-8.248159119524989258e-02,-8.248159119524989258e-02
1.369818838630323388e+00,1.369818838630323388e+00
1.568059054216291770e+00,1.568059054216291770e+00
2.064724715128675392e+00,2.064724715128675392e+00
1.052027271369508021e+00,1.052027271369508021e+00
-8.210235722255585511e-01,-8.210235722255585511e-01
1.983326763644246205e+00,1.983326763644246205e+00
1.108134892606155164e+00,1.108134892606155164e+00
6.850624212431737359e-01,6.850624212431737359e-01
1.632912381266324653e+00,1.632912381266324653e+00
2.052947705858735317e-01,2.052947705858735317e-01
1.908007150407140085e+00,1.908007150407140085e+00
2.021840444840124817e+00,2.021840444840124817e+00
3.038339809854546658e-01,3.038339809854546658e-01
-8.544100466634714230e-01,-8.544100466634714230e-01
2.940500488090227016e+00,2.940500488090227016e+00
4.754121148510723760e-01,4.754121148510723760e-01
-1.175178419173687594e+00,-1.175178419173687594e+00
1.156161540445817870e+00,1.156161540445817870e+00
-5.381403978678298561e-01,-5.381403978678298561e-01
-4.394329339289257952e-01,-4.394329339289257952e-01
9.576650728050198902e-01,9.576650728050198902e-01
2.606577600783603899e-01,2.606577600783603899e-01
-1.769218794636415515e+00,-1.769218794636415515e+00
2.184534408644590364e+00,2.184534408644590364e+00
3.844443494072029566e-01,3.844443494072029566e-01
5.611044827370514909e-03,5.611044827370514909e-03
1.260649147954330029e+00,1.260649147954330029e+00
-6.648887496954936083e-01,-6.648887496954936083e-01
1.168223310254770553e+00,1.168223310254770553e+00
1.956283742799401093e+00,1.956283742799401093e+00
1.171337515181803735e+00,1.171337515181803735e+00
3.060023055072949028e-01,3.060023055072949028e-01
-9.774811879439626594e-03,-9.774811879439626594e-03
9.774255131347631131e-01,9.774255131347631131e-01
2.171961380665262897e+00,2.171961380665262897e+00
3.412538076573475188e+00,3.412538076573475188e+00
1.387921648099179173e+00,1.387921648099179173e+00
2.995917062468763881e+00,2.995917062468763881e+00
1.553227680177155401e+00,1.553227680177155401e+00
1.611547536002835734e+00,1.611547536002835734e+00
-6.539907283232326840e-02,-6.539907283232326840e-02
1.079068923307140437e+00,1.079068923307140437e+00
1.501052547067259546e+00,1.501052547067259546e+00
-6.777814309306506857e-02,-6.777814309306506857e-02
1.161042593852290583e+00,1.161042593852290583e+00
2.498278157697995105e-01,2.498278157697995105e-01
1.546015726059872808e-01,1.546015726059872808e-01
9.642513717262310990e-01,9.642513717262310990e-01
-8.729573364545830660e-01,-8.729573364545830660e-01
-1.277378150149779401e-01,-1.277378150149779401e-01
5.804832888644994027e-01,5.804832888644994027e-01
-9.301278220148905262e-01,-9.301278220148905262e-01
-5.154082342527763760e-01,-5.154082342527763760e-01
4.437811419760255838e-01,4.437811419760255838e-01
6.377164539671364984e-02,6.377164539671364984e-02
5.992242800229259370e-01,5.992242800229259370e-01
1.118628991363499914e+00,1.118628991363499914e+00
1.013401212807703455e+00,1.013401212807703455e+00
1.537921635633969997e+00,1.537921635633969997e+00
2.941770312275942434e+00,2.941770312275942434e+00
2.158919160031704365e+00,2.158919160031704365e+00
1.278320824007308731e+00,1.278320824007308731e+00
1.740136890627258737e+00,1.740136890627258737e+00
4.684581848302946661e-01,4.684581848302946661e-01
9.259046733007298968e-01,9.259046733007298968e-01
2.866595563184355377e-01,2.866595563184355377e-01
1.373704867388055195e+00,1.373704867388055195e+00
-2.515146641697674212e-01,-2.515146641697674212e-01
1.551226268840398825e+00,1.551226268840398825e+00
8.072724064564662516e-01,8.072724064564662516e-01
9.746418084853758490e-01,9.746418084853758490e-01
3.057734593361380426e+00,3.057734593361380426e+00
-1.429896784409072197e+00,-1.429896784409072197e+00
1.404187700726232446e+00,1.404187700726232446e+00
1.719425254548164972e+00,1.719425254548164972e+00
4.261940292134669406e+00,4.261940292134669406e+00
5.118619413079562586e-01,5.118619413079562586e-01
-1.707298762714657414e+00,-1.707298762714657414e+00
1.996780089675202152e+00,1.996780089675202152e+00
1.052482159782873739e+00,1.052482159782873739e+00
5.337188981365561524e-01,5.337188981365561524e-01
-8.400404788087363350e-01,-8.400404788087363350e-01
1.217991973597138955e-01,1.217991973597138955e-01
1.449374231087335652e+00,1.449374231087335652e+00
-6.298008521151610140e-01,-6.298008521151610140e-01
-7.670671007550726728e-01,-7.670671007550726728e-01
1.252917804988612271e+00,1.252917804988612271e+00
6.898063655569188768e-01,6.898063655569188768e-01
1.913905498114314874e+00,1.913905498114314874e+00
1.483679684538692145e+00,1.483679684538692145e+00
1.263574590354448191e-01,1.263574590354448191e-01
-2.119755307589743509e-02,-2.119755307589743509e-02
8.429004987203831956e-01,8.429004987203831956e-01
7.933874231861266502e-01,7.933874231861266502e-01
2.993077150625052418e+00,2.993077150625052418e+00
2.974007819563538657e+00,2.974007819563538657e+00
1.781210642701035685e+00,1.781210642701035685e+00
8.677777905947541282e-01,8.677777905947541282e-01
4.082082841770189319e-01,4.082082841770189319e-01
7.513117868053393877e-01,7.513117868053393877e-01
2.160187952697778968e+00,2.160187952697778968e+00
2.299409137076956267e+00,2.299409137076956267e+00
1.643711357400405415e+00,1.643711357400405415e+00
-5.939306202461307471e-01,-5.939306202461307471e-01
5.365220922289406502e-01,5.365220922289406502e-01
1.930234396986946210e+00,1.930234396986946210e+00
4.195221950187268956e-01,4.195221950187268956e-01
9.882954807944477338e-02,9.882954807944477338e-02
-8.980436227621702017e-02,-8.980436227621702017e-02
7.471336655366247470e-01,7.471336655366247470e-01
5.149519617334203936e-01,5.149519617334203936e-01
3.400290408837662426e+00,3.400290408837662426e+00
7.883485507794250058e-01,7.883485507794250058e-01
2.538441055365949328e+00,2.538441055365949328e+00
6.028680117400173621e-01,6.028680117400173621e-01
2.246508426288219340e+00,2.246508426288219340e+00
1.481436803251869216e+00,1.481436803251869216e+00
1.683050169279646902e+00,1.683050169279646902e+00
-9.945955403382873428e-01,-9.945955403382873428e-01
4.840421461615813659e-01,4.840421461615813659e-01
2.122379007261959050e+00,2.122379007261959050e+00
2.052325556140984553e+00,2.052325556140984553e+00
2.028736681848100964e+00,2.028736681848100964e+00
2.623704672066768495e+00,2.623704672066768495e+00
-5.041921478902806619e-01,-5.041921478902806619e-01
2.463021025791531038e+00,2.463021025791531038e+00
3.226197013245005074e+00,3.226197013245005074e+00
2.007796039910078045e-01,2.007796039910078045e-01
2.622655101912654274e-01,2.622655101912654274e-01
1.624629131493302570e-01,1.624629131493302570e-01
9.394066020794182847e-01,9.394066020794182847e-01
1.299429374197652809e+00,1.299429374197652809e+00
1.001561329555389346e+00,1.001561329555389346e+00
3.625199020863647981e+00,3.625199020863647981e+00
1.372039795754081748e+00,1.372039795754081748e+00
1.670772270280447280e-01,1.670772270280447280e-01
1.711322926269842837e+00,1.711322926269842837e+00
-2.599657951506445741e+00,-2.599657951506445741e+00
3.281530611645142592e-01,3.281530611645142592e-01
-9.955200639235515236e-01,-9.955200639235515236e-01
6.890612705135448213e-01,6.890612705135448213e-01
1.452381004317959468e+00,1.452381004317959468e+00
1.193955972653778064e+00,1.193955972653778064e+00
2.047366256014624852e+00,2.047366256014624852e+00
6.726030453586799851e-01,6.726030453586799851e-01
6.686900844487810858e-01,6.686900844487810858e-01
1.525760969210747442e+00,1.525760969210747442e+00
1.564916808158832717e+00,1.564916808158832717e+00
2.331441642424758154e+00,2.331441642424758154e+00
-5.475038481111844657e-01,-5.475038481111844657e-01
9.637909272510820635e-01,9.637909272510820635e-01
1.660073113153256896e+00,1.660073113153256896e+00
-6.663221350675860855e-01,-6.663221350675860855e-01
1.818443308292485794e+00,1.818443308292485794e+00
4.081364265127851887e+00,4.081364265127851887e+00
8.964638233686681446e-01,8.964638233686681446e-01
-7.091826705105492845e-01,-7.091826705105492845e-01
1.845598140610271720e-01,1.845598140610271720e-01
1.127379872619023615e+00,1.127379872619023615e+00
-1.708888505510108846e-01,-1.708888505510108846e-01
2.749902041856516544e+00,2.749902041856516544e+00
4.825605877020192613e-01,4.825605877020192613e-01
9.416968310095328309e-01,9.416968310095328309e-01
-1.226411496708110782e-01,-1.226411496708110782e-01
1.596293694161496024e+00,1.596293694161496024e+00
2.815945079516125604e-01,2.815945079516125604e-01
8.728891180023170548e-01,8.728891180023170548e-01
1.239690525030429313e+00,1.239690525030429313e+00
2.058178115875914926e-01,2.058178115875914926e-01
2.434638330032165232e+00,2.434638330032165232e+00
3.465281150788043885e+00,3.465281150788043885e+00
1.513110966889828823e+00,1.513110966889828823e+00
1.153605884344708121e+00,1.153605884344708121e+00
1.096824336849442805e+00,1.096824336849442805e+00
-7.406489031939589296e-01,-7.406489031939589296e-01
1.135615919938409935e+00,1.135615919938409935e+00
2.208565420794685430e+00,2.208565420794685430e+00
1.059057608398801698e+00,1.059057608398801698e+00
1.372705915534461196e+00,1.372705915534461196e+00
8.636754012367260369e-01,8.636754012367260369e-01
-6.588455916271689361e-01,-6.588455916271689361e-01
-7.078398386859814373e-01,-7.078398386859814373e-01
2.585071686804150115e-01,2.585071686804150115e-01
2.950480589016100108e-01,2.950480589016100108e-01
3.520221490138673026e+00,3.520221490138673026e+00
1.893367943261280217e+00,1.893367943261280217e+00
1.808372042516501743e-01,1.808372042516501743e-01
3.122296430887184115e+00,3.122296430887184115e+00
9.324522698761829043e-01,9.324522698761829043e-01
1.220577563160808232e+00,1.220577563160808232e+00
1.565699481008494098e+00,1.565699481008494098e+00
8.899719234148633085e-01,8.899719234148633085e-01
-3.710293637094530528e-01,-3.710293637094530528e-01
3.794160342122845364e-01,3.794160342122845364e-01
1.195669132517380051e+00,1.195669132517380051e+00
3.730222761352252725e+00,3.730222761352252725e+00
8.500762310707282721e-01,8.500762310707282721e-01
1.576699279151162925e+00,1.576699279151162925e+00
2.902674137077683625e+00,2.902674137077683625e+00
1.285320392806249767e+00,1.285320392806249767e+00
1.048547388089313914e+00,1.048547388089313914e+00
3.608029630963127676e-01,3.608029630963127676e-01
9.006560064862425552e-01,9.006560064862425552e-01
1.792580215253456455e-01,1.792580215253456455e-01
2.402499135230502958e+00,2.402499135230502958e+00
1.890764316900631847e+00,1.890764316900631847e+00
-1.821883666780086175e+00,-1.821883666780086175e+00
2.018657227124905251e+00,2.018657227124905251e+00
2.040051137201558618e+00,2.040051137201558618e+00
-1.154578544337047763e+00,-1.154578544337047763e+00
1.450944796822193350e+00,1.450944796822193350e+00
1.095262673736787429e+00,1.095262673736787429e+00
9.358623007367516955e-01,9.358623007367516955e-01
9.187739574056730252e-01,9.187739574056730252e-01
2.751107360190153672e-01,2.751107360190153672e-01
2.561733243473068633e+00,2.561733243473068633e+00
4.046333958358352412e-01,4.046333958358352412e-01
3.503096737609314726e-01,3.503096737609314726e-01
2.557162655797076134e+00,2.557162655797076134e+00
1.373770243678876568e+00,1.373770243678876568e+00
1.585193496957085335e+00,1.585193496957085335e+00
1.342325459386804143e+00,1.342325459386804143e+00
3.226944567624330240e+00,3.226944567624330240e+00
1.879228715106574965e+00,1.879228715106574965e+00
1.027661664564510247e+00,1.027661664564510247e+00
3.352499772727827398e+00,3.352499772727827398e+00
9.948315303359669404e-01,9.948315303359669404e-01
-1.907047291190924199e-01,-1.907047291190924199e-01
2.863113550297868848e-02,2.863113550297868848e-02
-1.704645709569408751e+00,-1.704645709569408751e+00
1.012990560764829517e+00,1.012990560764829517e+00
6.756114963880706092e-01,6.756114963880706092e-01
2.657780928732695003e+00,2.657780928732695003e+00
1.407047126038900142e+00,1.407047126038900142e+00
1.419118268245591397e+00,1.419118268245591397e+00
9.038099379601685079e-01,9.038099379601685079e-01
1.101587221126727467e+00,1.101587221126727467e+00
1.175093555969110692e+00,1.175093555969110692e+00
2.264935671569588749e+00,2.264935671569588749e+00
-1.154479001666571580e+00,-1.154479001666571580e+00
1.284137895841997778e+00,1.284137895841997778e+00
-7.977183346625289495e-01,-7.977183346625289495e-01
1.300910714921279521e+00,1.300910714921279521e+00
2.051712099936390032e+00,2.051712099936390032e+00
3.291340920728710095e+00,3.291340920728710095e+00
4.804461623258480252e-01,4.804461623258480252e-01
1.996556134927492732e+00,1.996556134927492732e+00
-6.784453533382790447e-01,-6.784453533382790447e-01
2.202744567366023976e-01,2.202744567366023976e-01
3.874508956529101322e-01,3.874508956529101322e-01
-2.260632801533360769e+00,-2.260632801533360769e+00
-6.000436724902902252e-01,-6.000436724902902252e-01
1.337445346185767825e+00,1.337445346185767825e+00
-1.571309746108724426e-01,-1.571309746108724426e-01
-8.191889326994612475e-01,-8.191889326994612475e-01
3.089451409736416743e+00,3.089451409736416743e+00
