2.384643554687500000e-01,2.384643554687500000e-01
2.110900878906250000e-01,2.110900878906250000e-01
1.806640625000000000e-01,1.806640625000000000e-01
1.418457031250000000e-01,1.418457031250000000e-01
9.729003906250000000e-02,9.729003906250000000e-02
4.797363281250000000e-02,4.797363281250000000e-02
-7.507324218750000000e-03,-7.507324218750000000e-03
-6.271362304687500000e-02,-6.271362304687500000e-02
-9.945678710937500000e-02,-9.945678710937500000e-02
-1.190490722656250000e-01,-1.190490722656250000e-01
-1.415100097656250000e-01,-1.415100097656250000e-01
-1.780090332031250000e-01,-1.780090332031250000e-01
-2.267761230468750000e-01,-2.267761230468750000e-01
-2.696838378906250000e-01,-2.696838378906250000e-01
-2.919921875000000000e-01,-2.919921875000000000e-01
-3.039855957031250000e-01,-3.039855957031250000e-01
-3.149719238281250000e-01,-3.149719238281250000e-01
-3.262634277343750000e-01,-3.262634277343750000e-01
-3.442077636718750000e-01,-3.442077636718750000e-01
-3.567199707031250000e-01,-3.567199707031250000e-01
-3.427124023437500000e-01,-3.427124023437500000e-01
-3.131713867187500000e-01,-3.131713867187500000e-01
-2.930908203125000000e-01,-2.930908203125000000e-01
-2.795715332031250000e-01,-2.795715332031250000e-01
-2.477416992187500000e-01,-2.477416992187500000e-01
-1.987304687500000000e-01,-1.987304687500000000e-01
-1.637268066406250000e-01,-1.637268066406250000e-01
-1.452941894531250000e-01,-1.452941894531250000e-01
-1.262512207031250000e-01,-1.262512207031250000e-01
-1.179504394531250000e-01,-1.179504394531250000e-01
-1.170654296875000000e-01,-1.170654296875000000e-01
-9.936523437500000000e-02,-9.936523437500000000e-02
-8.453369140625000000e-02,-8.453369140625000000e-02
-9.957885742187500000e-02,-9.957885742187500000e-02
-1.219482421875000000e-01,-1.219482421875000000e-01
-1.275329589843750000e-01,-1.275329589843750000e-01
-1.313171386718750000e-01,-1.313171386718750000e-01
-1.424865722656250000e-01,-1.424865722656250000e-01
-1.442565917968750000e-01,-1.442565917968750000e-01
-1.440429687500000000e-01,-1.440429687500000000e-01
-1.580505371093750000e-01,-1.580505371093750000e-01
-1.684265136718750000e-01,-1.684265136718750000e-01
-1.693420410156250000e-01,-1.693420410156250000e-01
-1.778869628906250000e-01,-1.778869628906250000e-01
-1.864013671875000000e-01,-1.864013671875000000e-01
-1.831359863281250000e-01,-1.831359863281250000e-01
-1.809692382812500000e-01,-1.809692382812500000e-01
-1.859436035156250000e-01,-1.859436035156250000e-01
-1.864929199218750000e-01,-1.864929199218750000e-01
-1.788940429687500000e-01,-1.788940429687500000e-01
-1.726074218750000000e-01,-1.726074218750000000e-01
-1.690368652343750000e-01,-1.690368652343750000e-01
-1.589050292968750000e-01,-1.589050292968750000e-01
-1.432800292968750000e-01,-1.432800292968750000e-01
-1.212463378906250000e-01,-1.212463378906250000e-01
-8.819580078125000000e-02,-8.819580078125000000e-02
-6.155395507812500000e-02,-6.155395507812500000e-02
-4.589843750000000000e-02,-4.589843750000000000e-02
-2.157592773437500000e-02,-2.157592773437500000e-02
4.852294921875000000e-03,4.852294921875000000e-03
2.142333984375000000e-02,2.142333984375000000e-02
4.232788085937500000e-02,4.232788085937500000e-02
6.375122070312500000e-02,6.375122070312500000e-02
6.454467773437500000e-02,6.454467773437500000e-02
5.297851562500000000e-02,5.297851562500000000e-02
5.044555664062500000e-02,5.044555664062500000e-02
5.255126953125000000e-02,5.255126953125000000e-02
4.782104492187500000e-02,4.782104492187500000e-02
4.736328125000000000e-02,4.736328125000000000e-02
5.505371093750000000e-02,5.505371093750000000e-02
5.471801757812500000e-02,5.471801757812500000e-02
5.053710937500000000e-02,5.053710937500000000e-02
6.024169921875000000e-02,6.024169921875000000e-02
7.778930664062500000e-02,7.778930664062500000e-02
8.862304687500000000e-02,8.862304687500000000e-02
9.790039062500000000e-02,9.790039062500000000e-02
1.092224121093750000e-01,1.092224121093750000e-01
1.136779785156250000e-01,1.136779785156250000e-01
1.129760742187500000e-01,1.129760742187500000e-01
1.130371093750000000e-01,1.130371093750000000e-01
1.087036132812500000e-01,1.087036132812500000e-01
9.817504882812500000e-02,9.817504882812500000e-02
8.837890625000000000e-02,8.837890625000000000e-02
8.096313476562500000e-02,8.096313476562500000e-02
7.293701171875000000e-02,7.293701171875000000e-02
6.375122070312500000e-02,6.375122070312500000e-02
5.239868164062500000e-02,5.239868164062500000e-02
4.022216796875000000e-02,4.022216796875000000e-02
2.850341796875000000e-02,2.850341796875000000e-02
1.467895507812500000e-02,1.467895507812500000e-02
-5.950927734375000000e-03,-5.950927734375000000e-03
-3.479003906250000000e-02,-3.479003906250000000e-02
-6.704711914062500000e-02,-6.704711914062500000e-02
-1.023864746093750000e-01,-1.023864746093750000e-01
-1.416625976562500000e-01,-1.416625976562500000e-01
-1.784667968750000000e-01,-1.784667968750000000e-01
-2.110595703125000000e-01,-2.110595703125000000e-01
-2.436218261718750000e-01,-2.436218261718750000e-01
-2.728271484375000000e-01,-2.728271484375000000e-01
-2.931213378906250000e-01,-2.931213378906250000e-01
-3.069458007812500000e-01,-3.069458007812500000e-01
-3.184814453125000000e-01,-3.184814453125000000e-01
-3.255310058593750000e-01,-3.255310058593750000e-01
-3.253479003906250000e-01,-3.253479003906250000e-01
-3.224487304687500000e-01,-3.224487304687500000e-01
-3.194274902343750000e-01,-3.194274902343750000e-01
-3.123474121093750000e-01,-3.123474121093750000e-01
-3.013610839843750000e-01,-3.013610839843750000e-01
-2.911987304687500000e-01,-2.911987304687500000e-01
-2.796630859375000000e-01,-2.796630859375000000e-01
-2.633056640625000000e-01,-2.633056640625000000e-01
-2.482604980468750000e-01,-2.482604980468750000e-01
-2.371520996093750000e-01,-2.371520996093750000e-01
-2.220458984375000000e-01,-2.220458984375000000e-01
-2.030334472656250000e-01,-2.030334472656250000e-01
-1.873474121093750000e-01,-1.873474121093750000e-01
-1.705627441406250000e-01,-1.705627441406250000e-01
-1.489868164062500000e-01,-1.489868164062500000e-01
-1.314697265625000000e-01,-1.314697265625000000e-01
-1.210937500000000000e-01,-1.210937500000000000e-01
-1.095275878906250000e-01,-1.095275878906250000e-01
-9.350585937500000000e-02,-9.350585937500000000e-02
-7.934570312500000000e-02,-7.934570312500000000e-02
-7.205200195312500000e-02,-7.205200195312500000e-02
-7.241821289062500000e-02,-7.241821289062500000e-02
-7.144165039062500000e-02,-7.144165039062500000e-02
-5.926513671875000000e-02,-5.926513671875000000e-02
-4.733276367187500000e-02,-4.733276367187500000e-02
-4.620361328125000000e-02,-4.620361328125000000e-02
-4.544067382812500000e-02,-4.544067382812500000e-02
-3.646850585937500000e-02,-3.646850585937500000e-02
-2.111816406250000000e-02,-2.111816406250000000e-02
-3.082275390625000000e-03,-3.082275390625000000e-03
1.049804687500000000e-02,1.049804687500000000e-02
1.458740234375000000e-02,1.458740234375000000e-02
2.050781250000000000e-02,2.050781250000000000e-02
4.229736328125000000e-02,4.229736328125000000e-02
6.570434570312500000e-02,6.570434570312500000e-02
7.104492187500000000e-02,7.104492187500000000e-02
6.750488281250000000e-02,6.750488281250000000e-02
6.881713867187500000e-02,6.881713867187500000e-02
7.470703125000000000e-02,7.470703125000000000e-02
7.904052734375000000e-02,7.904052734375000000e-02
7.382202148437500000e-02,7.382202148437500000e-02
5.911254882812500000e-02,5.911254882812500000e-02
4.760742187500000000e-02,4.760742187500000000e-02
4.837036132812500000e-02,4.837036132812500000e-02
5.047607421875000000e-02,5.047607421875000000e-02
4.214477539062500000e-02,4.214477539062500000e-02
3.350830078125000000e-02,3.350830078125000000e-02
3.213500976562500000e-02,3.213500976562500000e-02
3.228759765625000000e-02,3.228759765625000000e-02
3.387451171875000000e-02,3.387451171875000000e-02
3.521728515625000000e-02,3.521728515625000000e-02
2.874755859375000000e-02,2.874755859375000000e-02
2.172851562500000000e-02,2.172851562500000000e-02
2.944946289062500000e-02,2.944946289062500000e-02
4.193115234375000000e-02,4.193115234375000000e-02
4.190063476562500000e-02,4.190063476562500000e-02
4.235839843750000000e-02,4.235839843750000000e-02
5.703735351562500000e-02,5.703735351562500000e-02
7.400512695312500000e-02,7.400512695312500000e-02
8.743286132812500000e-02,8.743286132812500000e-02
1.020507812500000000e-01,1.020507812500000000e-01
1.129760742187500000e-01,1.129760742187500000e-01
1.199340820312500000e-01,1.199340820312500000e-01
1.328430175781250000e-01,1.328430175781250000e-01
1.471862792968750000e-01,1.471862792968750000e-01
1.495361328125000000e-01,1.495361328125000000e-01
1.468811035156250000e-01,1.468811035156250000e-01
1.469726562500000000e-01,1.469726562500000000e-01
1.425781250000000000e-01,1.425781250000000000e-01
1.362915039062500000e-01,1.362915039062500000e-01
1.305236816406250000e-01,1.305236816406250000e-01
1.154479980468750000e-01,1.154479980468750000e-01
9.399414062500000000e-02,9.399414062500000000e-02
8.126831054687500000e-02,8.126831054687500000e-02
7.489013671875000000e-02,7.489013671875000000e-02
6.246948242187500000e-02,6.246948242187500000e-02
4.821777343750000000e-02,4.821777343750000000e-02
3.768920898437500000e-02,3.768920898437500000e-02
2.816772460937500000e-02,2.816772460937500000e-02
2.386474609375000000e-02,2.386474609375000000e-02
2.655029296875000000e-02,2.655029296875000000e-02
2.569580078125000000e-02,2.569580078125000000e-02
1.846313476562500000e-02,1.846313476562500000e-02
1.974487304687500000e-02,1.974487304687500000e-02
3.195190429687500000e-02,3.195190429687500000e-02
3.884887695312500000e-02,3.884887695312500000e-02
4.214477539062500000e-02,4.214477539062500000e-02
5.142211914062500000e-02,5.142211914062500000e-02
6.024169921875000000e-02,6.024169921875000000e-02
6.781005859375000000e-02,6.781005859375000000e-02
8.145141601562500000e-02,8.145141601562500000e-02
9.533691406250000000e-02,9.533691406250000000e-02
1.017761230468750000e-01,1.017761230468750000e-01
1.090698242187500000e-01,1.090698242187500000e-01
1.215209960937500000e-01,1.215209960937500000e-01
1.314086914062500000e-01,1.314086914062500000e-01
1.415100097656250000e-01,1.415100097656250000e-01
1.552429199218750000e-01,1.552429199218750000e-01
1.665954589843750000e-01,1.665954589843750000e-01
1.766052246093750000e-01,1.766052246093750000e-01
1.908569335937500000e-01,1.908569335937500000e-01
2.044372558593750000e-01,2.044372558593750000e-01
2.122802734375000000e-01,2.122802734375000000e-01
2.208862304687500000e-01,2.208862304687500000e-01
2.302246093750000000e-01,2.302246093750000000e-01
2.395019531250000000e-01,2.395019531250000000e-01
2.562561035156250000e-01,2.562561035156250000e-01
2.734069824218750000e-01,2.734069824218750000e-01
2.823486328125000000e-01,2.823486328125000000e-01
2.878417968750000000e-01,2.878417968750000000e-01
2.981872558593750000e-01,2.981872558593750000e-01
3.210754394531250000e-01,3.210754394531250000e-01
3.442077636718750000e-01,3.442077636718750000e-01
3.482971191406250000e-01,3.482971191406250000e-01
3.412170410156250000e-01,3.412170410156250000e-01
3.412170410156250000e-01,3.412170410156250000e-01
3.528442382812500000e-01,3.528442382812500000e-01
3.660278320312500000e-01,3.660278320312500000e-01
3.638610839843750000e-01,3.638610839843750000e-01
3.439941406250000000e-01,3.439941406250000000e-01
3.280334472656250000e-01,3.280334472656250000e-01
3.288879394531250000e-01,3.288879394531250000e-01
3.350524902343750000e-01,3.350524902343750000e-01
3.358459472656250000e-01,3.358459472656250000e-01
3.215942382812500000e-01,3.215942382812500000e-01
2.981872558593750000e-01,2.981872558593750000e-01
2.946472167968750000e-01,2.946472167968750000e-01
2.998657226562500000e-01,2.998657226562500000e-01
2.684326171875000000e-01,2.684326171875000000e-01
2.189025878906250000e-01,2.189025878906250000e-01
2.023925781250000000e-01,2.023925781250000000e-01
1.848449707031250000e-01,1.848449707031250000e-01
1.340637207031250000e-01,1.340637207031250000e-01
9.170532226562500000e-02,9.170532226562500000e-02
4.388427734375000000e-02,4.388427734375000000e-02
-2.456665039062500000e-02,-2.456665039062500000e-02
-5.340576171875000000e-02,-5.340576171875000000e-02
-6.216430664062500000e-02,-6.216430664062500000e-02
-1.195983886718750000e-01,-1.195983886718750000e-01
-1.826171875000000000e-01,-1.826171875000000000e-01
-1.974182128906250000e-01,-1.974182128906250000e-01
-2.118530273437500000e-01,-2.118530273437500000e-01
-2.560119628906250000e-01,-2.560119628906250000e-01
-2.937927246093750000e-01,-2.937927246093750000e-01
-3.195800781250000000e-01,-3.195800781250000000e-01
-3.330383300781250000e-01,-3.330383300781250000e-01
-3.188781738281250000e-01,-3.188781738281250000e-01
-3.211669921875000000e-01,-3.211669921875000000e-01
-3.567810058593750000e-01,-3.567810058593750000e-01
-3.601684570312500000e-01,-3.601684570312500000e-01
-3.164672851562500000e-01,-3.164672851562500000e-01
-2.734069824218750000e-01,-2.734069824218750000e-01
-2.510986328125000000e-01,-2.510986328125000000e-01
-2.331542968750000000e-01,-2.331542968750000000e-01
-2.085876464843750000e-01,-2.085876464843750000e-01
-1.754150390625000000e-01,-1.754150390625000000e-01
-1.303100585937500000e-01,-1.303100585937500000e-01
-1.047363281250000000e-01,-1.047363281250000000e-01
-1.181030273437500000e-01,-1.181030273437500000e-01
-1.201171875000000000e-01,-1.201171875000000000e-01
-8.850097656250000000e-02,-8.850097656250000000e-02
-7.736206054687500000e-02,-7.736206054687500000e-02
-1.068420410156250000e-01,-1.068420410156250000e-01
-1.282653808593750000e-01,-1.282653808593750000e-01
-1.262512207031250000e-01,-1.262512207031250000e-01
-1.284484863281250000e-01,-1.284484863281250000e-01
-1.326599121093750000e-01,-1.326599121093750000e-01
-1.356811523437500000e-01,-1.356811523437500000e-01
-1.535034179687500000e-01,-1.535034179687500000e-01
-1.661071777343750000e-01,-1.661071777343750000e-01
-1.533203125000000000e-01,-1.533203125000000000e-01
-1.511840820312500000e-01,-1.511840820312500000e-01
-1.774597167968750000e-01,-1.774597167968750000e-01
-1.924133300781250000e-01,-1.924133300781250000e-01
-1.828613281250000000e-01,-1.828613281250000000e-01
-1.808471679687500000e-01,-1.808471679687500000e-01
-1.905517578125000000e-01,-1.905517578125000000e-01
-1.957397460937500000e-01,-1.957397460937500000e-01
-1.990356445312500000e-01,-1.990356445312500000e-01
-1.934814453125000000e-01,-1.934814453125000000e-01
-1.729431152343750000e-01,-1.729431152343750000e-01
-1.540527343750000000e-01,-1.540527343750000000e-01
-1.396484375000000000e-01,-1.396484375000000000e-01
-1.145019531250000000e-01,-1.145019531250000000e-01
-8.047485351562500000e-02,-8.047485351562500000e-02
-5.377197265625000000e-02,-5.377197265625000000e-02
-3.173828125000000000e-02,-3.173828125000000000e-02
-5.859375000000000000e-03,-5.859375000000000000e-03
1.550292968750000000e-02,1.550292968750000000e-02
3.128051757812500000e-02,3.128051757812500000e-02
4.708862304687500000e-02,4.708862304687500000e-02
5.386352539062500000e-02,5.386352539062500000e-02
4.721069335937500000e-02,4.721069335937500000e-02
4.296875000000000000e-02,4.296875000000000000e-02
4.568481445312500000e-02,4.568481445312500000e-02
3.967285156250000000e-02,3.967285156250000000e-02
3.164672851562500000e-02,3.164672851562500000e-02
3.955078125000000000e-02,3.955078125000000000e-02
4.962158203125000000e-02,4.962158203125000000e-02
4.791259765625000000e-02,4.791259765625000000e-02
4.702758789062500000e-02,4.702758789062500000e-02
5.575561523437500000e-02,5.575561523437500000e-02
6.726074218750000000e-02,6.726074218750000000e-02
7.638549804687500000e-02,7.638549804687500000e-02
8.587646484375000000e-02,8.587646484375000000e-02
9.085083007812500000e-02,9.085083007812500000e-02
8.529663085937500000e-02,8.529663085937500000e-02
8.074951171875000000e-02,8.074951171875000000e-02
8.297729492187500000e-02,8.297729492187500000e-02
8.175659179687500000e-02,8.175659179687500000e-02
7.513427734375000000e-02,7.513427734375000000e-02
6.967163085937500000e-02,6.967163085937500000e-02
6.695556640625000000e-02,6.695556640625000000e-02
6.274414062500000000e-02,6.274414062500000000e-02
5.563354492187500000e-02,5.563354492187500000e-02
4.913330078125000000e-02,4.913330078125000000e-02
4.138183593750000000e-02,4.138183593750000000e-02
2.929687500000000000e-02,2.929687500000000000e-02
1.177978515625000000e-02,1.177978515625000000e-02
-1.315307617187500000e-02,-1.315307617187500000e-02
-4.116821289062500000e-02,-4.116821289062500000e-02
-6.893920898437500000e-02,-6.893920898437500000e-02
-1.029357910156250000e-01,-1.029357910156250000e-01
-1.420898437500000000e-01,-1.420898437500000000e-01
-1.752929687500000000e-01,-1.752929687500000000e-01
-2.032775878906250000e-01,-2.032775878906250000e-01
-2.318115234375000000e-01,-2.318115234375000000e-01
-2.559814453125000000e-01,-2.559814453125000000e-01
-2.744445800781250000e-01,-2.744445800781250000e-01
-2.919616699218750000e-01,-2.919616699218750000e-01
-3.041687011718750000e-01,-3.041687011718750000e-01
-3.059692382812500000e-01,-3.059692382812500000e-01
-3.070983886718750000e-01,-3.070983886718750000e-01
-3.124084472656250000e-01,-3.124084472656250000e-01
-3.126525878906250000e-01,-3.126525878906250000e-01
-3.082885742187500000e-01,-3.082885742187500000e-01
-3.032531738281250000e-01,-3.032531738281250000e-01
-2.929992675781250000e-01,-2.929992675781250000e-01
-2.810668945312500000e-01,-2.810668945312500000e-01
-2.728881835937500000e-01,-2.728881835937500000e-01
-2.608642578125000000e-01,-2.608642578125000000e-01
-2.422790527343750000e-01,-2.422790527343750000e-01
-2.243347167968750000e-01,-2.243347167968750000e-01
-2.065734863281250000e-01,-2.065734863281250000e-01
-1.865539550781250000e-01,-1.865539550781250000e-01
-1.694030761718750000e-01,-1.694030761718750000e-01
-1.543579101562500000e-01,-1.543579101562500000e-01
-1.348876953125000000e-01,-1.348876953125000000e-01
-1.185913085937500000e-01,-1.185913085937500000e-01
-1.121215820312500000e-01,-1.121215820312500000e-01
-1.058654785156250000e-01,-1.058654785156250000e-01
-9.460449218750000000e-02,-9.460449218750000000e-02
-8.255004882812500000e-02,-8.255004882812500000e-02
-7.424926757812500000e-02,-7.424926757812500000e-02
-6.863403320312500000e-02,-6.863403320312500000e-02
-6.066894531250000000e-02,-6.066894531250000000e-02
-5.322265625000000000e-02,-5.322265625000000000e-02
-4.727172851562500000e-02,-4.727172851562500000e-02
-3.482055664062500000e-02,-3.482055664062500000e-02
-2.014160156250000000e-02,-2.014160156250000000e-02
-1.330566406250000000e-02,-1.330566406250000000e-02
-3.295898437500000000e-03,-3.295898437500000000e-03
1.211547851562500000e-02,1.211547851562500000e-02
1.397705078125000000e-02,1.397705078125000000e-02
1.663208007812500000e-02,1.663208007812500000e-02
3.927612304687500000e-02,3.927612304687500000e-02
5.371093750000000000e-02,5.371093750000000000e-02
5.102539062500000000e-02,5.102539062500000000e-02
5.944824218750000000e-02,5.944824218750000000e-02
7.073974609375000000e-02,7.073974609375000000e-02
6.683349609375000000e-02,6.683349609375000000e-02
6.900024414062500000e-02,6.900024414062500000e-02
7.785034179687500000e-02,7.785034179687500000e-02
6.610107421875000000e-02,6.610107421875000000e-02
5.343627929687500000e-02,5.343627929687500000e-02
6.671142578125000000e-02,6.671142578125000000e-02
6.924438476562500000e-02,6.924438476562500000e-02
4.360961914062500000e-02,4.360961914062500000e-02
3.182983398437500000e-02,3.182983398437500000e-02
3.930664062500000000e-02,3.930664062500000000e-02
4.013061523437500000e-02,4.013061523437500000e-02
4.013061523437500000e-02,4.013061523437500000e-02
4.217529296875000000e-02,4.217529296875000000e-02
3.277587890625000000e-02,3.277587890625000000e-02
2.465820312500000000e-02,2.465820312500000000e-02
3.683471679687500000e-02,3.683471679687500000e-02
5.148315429687500000e-02,5.148315429687500000e-02
4.968261718750000000e-02,4.968261718750000000e-02
5.047607421875000000e-02,5.047607421875000000e-02
6.576538085937500000e-02,6.576538085937500000e-02
7.708740234375000000e-02,7.708740234375000000e-02
8.352661132812500000e-02,8.352661132812500000e-02
9.555053710937500000e-02,9.555053710937500000e-02
1.038513183593750000e-01,1.038513183593750000e-01
1.109619140625000000e-01,1.109619140625000000e-01
1.293945312500000000e-01,1.293945312500000000e-01
1.440124511718750000e-01,1.440124511718750000e-01
1.419982910156250000e-01,1.419982910156250000e-01
1.431274414062500000e-01,1.431274414062500000e-01
1.522827148437500000e-01,1.522827148437500000e-01
1.486511230468750000e-01,1.486511230468750000e-01
1.383666992187500000e-01,1.383666992187500000e-01
1.358032226562500000e-01,1.358032226562500000e-01
1.275024414062500000e-01,1.275024414062500000e-01
1.118164062500000000e-01,1.118164062500000000e-01
1.044311523437500000e-01,1.044311523437500000e-01
9.606933593750000000e-02,9.606933593750000000e-02
7.550048828125000000e-02,7.550048828125000000e-02
6.097412109375000000e-02,6.097412109375000000e-02
6.295776367187500000e-02,6.295776367187500000e-02
6.207275390625000000e-02,6.207275390625000000e-02
5.078125000000000000e-02,5.078125000000000000e-02
4.516601562500000000e-02,4.516601562500000000e-02
4.531860351562500000e-02,4.531860351562500000e-02
4.260253906250000000e-02,4.260253906250000000e-02
4.449462890625000000e-02,4.449462890625000000e-02
5.093383789062500000e-02,5.093383789062500000e-02
5.154418945312500000e-02,5.154418945312500000e-02
5.236816406250000000e-02,5.236816406250000000e-02
6.341552734375000000e-02,6.341552734375000000e-02
7.632446289062500000e-02,7.632446289062500000e-02
8.142089843750000000e-02,8.142089843750000000e-02
8.483886718750000000e-02,8.483886718750000000e-02
9.469604492187500000e-02,9.469604492187500000e-02
1.076049804687500000e-01,1.076049804687500000e-01
1.205444335937500000e-01,1.205444335937500000e-01
1.346435546875000000e-01,1.346435546875000000e-01
1.445617675781250000e-01,1.445617675781250000e-01
1.512756347656250000e-01,1.512756347656250000e-01
1.645812988281250000e-01,1.645812988281250000e-01
1.816101074218750000e-01,1.816101074218750000e-01
1.924133300781250000e-01,1.924133300781250000e-01
1.965637207031250000e-01,1.965637207031250000e-01
2.021484375000000000e-01,2.021484375000000000e-01
2.163696289062500000e-01,2.163696289062500000e-01
2.339782714843750000e-01,2.339782714843750000e-01
2.433776855468750000e-01,2.433776855468750000e-01
2.465209960937500000e-01,2.465209960937500000e-01
2.513122558593750000e-01,2.513122558593750000e-01
2.604675292968750000e-01,2.604675292968750000e-01
2.822265625000000000e-01,2.822265625000000000e-01
3.069763183593750000e-01,3.069763183593750000e-01
3.082885742187500000e-01,3.082885742187500000e-01
3.005676269531250000e-01,3.005676269531250000e-01
3.106994628906250000e-01,3.106994628906250000e-01
3.239440917968750000e-01,3.239440917968750000e-01
3.289184570312500000e-01,3.289184570312500000e-01
3.316955566406250000e-01,3.316955566406250000e-01
3.200683593750000000e-01,3.200683593750000000e-01
2.985839843750000000e-01,2.985839843750000000e-01
3.088073730468750000e-01,3.088073730468750000e-01
3.412780761718750000e-01,3.412780761718750000e-01
3.334350585937500000e-01,3.334350585937500000e-01
2.982177734375000000e-01,2.982177734375000000e-01
2.931213378906250000e-01,2.931213378906250000e-01
3.078308105468750000e-01,3.078308105468750000e-01
3.106079101562500000e-01,3.106079101562500000e-01
2.991027832031250000e-01,2.991027832031250000e-01
2.729492187500000000e-01,2.729492187500000000e-01
2.364196777343750000e-01,2.364196777343750000e-01
2.102050781250000000e-01,2.102050781250000000e-01
1.953735351562500000e-01,1.953735351562500000e-01
1.644592285156250000e-01,1.644592285156250000e-01
1.135559082031250000e-01,1.135559082031250000e-01
7.281494140625000000e-02,7.281494140625000000e-02
5.224609375000000000e-02,5.224609375000000000e-02
2.285766601562500000e-02,2.285766601562500000e-02
-2.572631835937500000e-02,-2.572631835937500000e-02
-7.073974609375000000e-02,-7.073974609375000000e-02
-9.970092773437500000e-02,-9.970092773437500000e-02
-1.177978515625000000e-01,-1.177978515625000000e-01
-1.426391601562500000e-01,-1.426391601562500000e-01
-1.922912597656250000e-01,-1.922912597656250000e-01
-2.510681152343750000e-01,-2.510681152343750000e-01
-2.806091308593750000e-01,-2.806091308593750000e-01
-2.833251953125000000e-01,-2.833251953125000000e-01
-3.011779785156250000e-01,-3.011779785156250000e-01
-3.397827148437500000e-01,-3.397827148437500000e-01
-3.572692871093750000e-01,-3.572692871093750000e-01
-3.391418457031250000e-01,-3.391418457031250000e-01
-3.107910156250000000e-01,-3.107910156250000000e-01
-2.824096679687500000e-01,-2.824096679687500000e-01
-2.592468261718750000e-01,-2.592468261718750000e-01
-2.454223632812500000e-01,-2.454223632812500000e-01
-2.184143066406250000e-01,-2.184143066406250000e-01
-1.700744628906250000e-01,-1.700744628906250000e-01
-1.305236816406250000e-01,-1.305236816406250000e-01
-1.259155273437500000e-01,-1.259155273437500000e-01
-1.359252929687500000e-01,-1.359252929687500000e-01
-1.316833496093750000e-01,-1.316833496093750000e-01
-1.254577636718750000e-01,-1.254577636718750000e-01
-1.280212402343750000e-01,-1.280212402343750000e-01
-1.322021484375000000e-01,-1.322021484375000000e-01
-1.359558105468750000e-01,-1.359558105468750000e-01
-1.390075683593750000e-01,-1.390075683593750000e-01
-1.410827636718750000e-01,-1.410827636718750000e-01
-1.375427246093750000e-01,-1.375427246093750000e-01
-1.305847167968750000e-01,-1.305847167968750000e-01
-1.312255859375000000e-01,-1.312255859375000000e-01
-1.356506347656250000e-01,-1.356506347656250000e-01
-1.360473632812500000e-01,-1.360473632812500000e-01
-1.386413574218750000e-01,-1.386413574218750000e-01
-1.513061523437500000e-01,-1.513061523437500000e-01
-1.673278808593750000e-01,-1.673278808593750000e-01
-1.759643554687500000e-01,-1.759643554687500000e-01
-1.842651367187500000e-01,-1.842651367187500000e-01
-2.015991210937500000e-01,-2.015991210937500000e-01
-2.125854492187500000e-01,-2.125854492187500000e-01
-2.009582519531250000e-01,-2.009582519531250000e-01
-1.841430664062500000e-01,-1.841430664062500000e-01
-1.792297363281250000e-01,-1.792297363281250000e-01
-1.671142578125000000e-01,-1.671142578125000000e-01
-1.394653320312500000e-01,-1.394653320312500000e-01
-1.157226562500000000e-01,-1.157226562500000000e-01
-9.274291992187500000e-02,-9.274291992187500000e-02
-5.950927734375000000e-02,-5.950927734375000000e-02
-3.277587890625000000e-02,-3.277587890625000000e-02
-2.102661132812500000e-02,-2.102661132812500000e-02
-6.134033203125000000e-03,-6.134033203125000000e-03
1.400756835937500000e-02,1.400756835937500000e-02
1.901245117187500000e-02,1.901245117187500000e-02
1.467895507812500000e-02,1.467895507812500000e-02
2.426147460937500000e-02,2.426147460937500000e-02
3.628540039062500000e-02,3.628540039062500000e-02
3.024291992187500000e-02,3.024291992187500000e-02
2.117919921875000000e-02,2.117919921875000000e-02
2.575683593750000000e-02,2.575683593750000000e-02
3.097534179687500000e-02,3.097534179687500000e-02
3.158569335937500000e-02,3.158569335937500000e-02
3.875732421875000000e-02,3.875732421875000000e-02
4.428100585937500000e-02,4.428100585937500000e-02
4.113769531250000000e-02,4.113769531250000000e-02
4.489135742187500000e-02,4.489135742187500000e-02
5.743408203125000000e-02,5.743408203125000000e-02
6.237792968750000000e-02,6.237792968750000000e-02
5.993652343750000000e-02,5.993652343750000000e-02
5.960083007812500000e-02,5.960083007812500000e-02
5.960083007812500000e-02,5.960083007812500000e-02
6.094360351562500000e-02,6.094360351562500000e-02
6.503295898437500000e-02,6.503295898437500000e-02
6.350708007812500000e-02,6.350708007812500000e-02
5.609130859375000000e-02,5.609130859375000000e-02
5.404663085937500000e-02,5.404663085937500000e-02
5.825805664062500000e-02,5.825805664062500000e-02
5.798339843750000000e-02,5.798339843750000000e-02
5.398559570312500000e-02,5.398559570312500000e-02
5.212402343750000000e-02,5.212402343750000000e-02
4.470825195312500000e-02,4.470825195312500000e-02
2.722167968750000000e-02,2.722167968750000000e-02
1.022338867187500000e-02,1.022338867187500000e-02
-5.737304687500000000e-03,-5.737304687500000000e-03
-3.134155273437500000e-02,-3.134155273437500000e-02
-6.344604492187500000e-02,-6.344604492187500000e-02
-9.350585937500000000e-02,-9.350585937500000000e-02
-1.234436035156250000e-01,-1.234436035156250000e-01
-1.567382812500000000e-01,-1.567382812500000000e-01
-1.852416992187500000e-01,-1.852416992187500000e-01
-2.060241699218750000e-01,-2.060241699218750000e-01
-2.303771972656250000e-01,-2.303771972656250000e-01
-2.531738281250000000e-01,-2.531738281250000000e-01
-2.629089355468750000e-01,-2.629089355468750000e-01
-2.687988281250000000e-01,-2.687988281250000000e-01
-2.785949707031250000e-01,-2.785949707031250000e-01
-2.861022949218750000e-01,-2.861022949218750000e-01
-2.885437011718750000e-01,-2.885437011718750000e-01
-2.891540527343750000e-01,-2.891540527343750000e-01
-2.894897460937500000e-01,-2.894897460937500000e-01
-2.884216308593750000e-01,-2.884216308593750000e-01
-2.839050292968750000e-01,-2.839050292968750000e-01
-2.778320312500000000e-01,-2.778320312500000000e-01
-2.714843750000000000e-01,-2.714843750000000000e-01
-2.608947753906250000e-01,-2.608947753906250000e-01
-2.474365234375000000e-01,-2.474365234375000000e-01
-2.334899902343750000e-01,-2.334899902343750000e-01
-2.146606445312500000e-01,-2.146606445312500000e-01
-1.915893554687500000e-01,-1.915893554687500000e-01
-1.733703613281250000e-01,-1.733703613281250000e-01
-1.608276367187500000e-01,-1.608276367187500000e-01
-1.459655761718750000e-01,-1.459655761718750000e-01
-1.289367675781250000e-01,-1.289367675781250000e-01
-1.136169433593750000e-01,-1.136169433593750000e-01
-1.019592285156250000e-01,-1.019592285156250000e-01
-9.939575195312500000e-02,-9.939575195312500000e-02
-1.009521484375000000e-01,-1.009521484375000000e-01
-9.188842773437500000e-02,-9.188842773437500000e-02
-7.583618164062500000e-02,-7.583618164062500000e-02
-6.774902343750000000e-02,-6.774902343750000000e-02
-6.439208984375000000e-02,-6.439208984375000000e-02
-5.523681640625000000e-02,-5.523681640625000000e-02
-4.397583007812500000e-02,-4.397583007812500000e-02
-3.070068359375000000e-02,-3.070068359375000000e-02
-8.270263671875000000e-03,-8.270263671875000000e-03
7.659912109375000000e-03,7.659912109375000000e-03
8.148193359375000000e-03,8.148193359375000000e-03
1.675415039062500000e-02,1.675415039062500000e-02
3.555297851562500000e-02,3.555297851562500000e-02
4.464721679687500000e-02,4.464721679687500000e-02
4.840087890625000000e-02,4.840087890625000000e-02
5.673217773437500000e-02,5.673217773437500000e-02
6.069946289062500000e-02,6.069946289062500000e-02
5.810546875000000000e-02,5.810546875000000000e-02
6.411743164062500000e-02,6.411743164062500000e-02
7.376098632812500000e-02,7.376098632812500000e-02
6.893920898437500000e-02,6.893920898437500000e-02
6.439208984375000000e-02,6.439208984375000000e-02
7.000732421875000000e-02,7.000732421875000000e-02
6.600952148437500000e-02,6.600952148437500000e-02
5.828857421875000000e-02,5.828857421875000000e-02
6.362915039062500000e-02,6.362915039062500000e-02
6.674194335937500000e-02,6.674194335937500000e-02
5.459594726562500000e-02,5.459594726562500000e-02
4.455566406250000000e-02,4.455566406250000000e-02
4.876708984375000000e-02,4.876708984375000000e-02
4.928588867187500000e-02,4.928588867187500000e-02
4.232788085937500000e-02,4.232788085937500000e-02
4.370117187500000000e-02,4.370117187500000000e-02
4.537963867187500000e-02,4.537963867187500000e-02
4.406738281250000000e-02,4.406738281250000000e-02
5.273437500000000000e-02,5.273437500000000000e-02
6.326293945312500000e-02,6.326293945312500000e-02
6.707763671875000000e-02,6.707763671875000000e-02
7.373046875000000000e-02,7.373046875000000000e-02
8.557128906250000000e-02,8.557128906250000000e-02
9.625244140625000000e-02,9.625244140625000000e-02
1.054382324218750000e-01,1.054382324218750000e-01
1.156616210937500000e-01,1.156616210937500000e-01
1.224670410156250000e-01,1.224670410156250000e-01
1.267700195312500000e-01,1.267700195312500000e-01
1.357116699218750000e-01,1.357116699218750000e-01
1.405029296875000000e-01,1.405029296875000000e-01
1.355285644531250000e-01,1.355285644531250000e-01
1.335754394531250000e-01,1.335754394531250000e-01
1.349182128906250000e-01,1.349182128906250000e-01
1.298828125000000000e-01,1.298828125000000000e-01
1.222839355468750000e-01,1.222839355468750000e-01
1.161804199218750000e-01,1.161804199218750000e-01
1.063842773437500000e-01,1.063842773437500000e-01
9.613037109375000000e-02,9.613037109375000000e-02
9.487915039062500000e-02,9.487915039062500000e-02
9.533691406250000000e-02,9.533691406250000000e-02
8.453369140625000000e-02,8.453369140625000000e-02
7.360839843750000000e-02,7.360839843750000000e-02
7.678222656250000000e-02,7.678222656250000000e-02
8.108520507812500000e-02,8.108520507812500000e-02
7.699584960937500000e-02,7.699584960937500000e-02
7.577514648437500000e-02,7.577514648437500000e-02
7.852172851562500000e-02,7.852172851562500000e-02
7.797241210937500000e-02,7.797241210937500000e-02
7.977294921875000000e-02,7.977294921875000000e-02
8.538818359375000000e-02,8.538818359375000000e-02
8.840942382812500000e-02,8.840942382812500000e-02
9.207153320312500000e-02,9.207153320312500000e-02
9.948730468750000000e-02,9.948730468750000000e-02
1.070861816406250000e-01,1.070861816406250000e-01
1.131896972656250000e-01,1.131896972656250000e-01
1.206970214843750000e-01,1.206970214843750000e-01
1.299438476562500000e-01,1.299438476562500000e-01
1.379394531250000000e-01,1.379394531250000000e-01
1.489562988281250000e-01,1.489562988281250000e-01
1.632080078125000000e-01,1.632080078125000000e-01
1.709289550781250000e-01,1.709289550781250000e-01
1.731567382812500000e-01,1.731567382812500000e-01
1.786499023437500000e-01,1.786499023437500000e-01
1.890258789062500000e-01,1.890258789062500000e-01
2.052612304687500000e-01,2.052612304687500000e-01
2.230834960937500000e-01,2.230834960937500000e-01
2.300415039062500000e-01,2.300415039062500000e-01
2.284545898437500000e-01,2.284545898437500000e-01
2.336730957031250000e-01,2.336730957031250000e-01
2.489318847656250000e-01,2.489318847656250000e-01
2.671813964843750000e-01,2.671813964843750000e-01
2.789916992187500000e-01,2.789916992187500000e-01
2.735290527343750000e-01,2.735290527343750000e-01
2.673339843750000000e-01,2.673339843750000000e-01
2.836608886718750000e-01,2.836608886718750000e-01
2.976379394531250000e-01,2.976379394531250000e-01
2.877502441406250000e-01,2.877502441406250000e-01
2.777709960937500000e-01,2.777709960937500000e-01
2.838745117187500000e-01,2.838745117187500000e-01
2.955322265625000000e-01,2.955322265625000000e-01
3.110656738281250000e-01,3.110656738281250000e-01
3.267211914062500000e-01,3.267211914062500000e-01
3.100891113281250000e-01,3.100891113281250000e-01
2.793273925781250000e-01,2.793273925781250000e-01
2.950744628906250000e-01,2.950744628906250000e-01
3.237609863281250000e-01,3.237609863281250000e-01
3.032531738281250000e-01,3.032531738281250000e-01
2.620849609375000000e-01,2.620849609375000000e-01
2.337341308593750000e-01,2.337341308593750000e-01
2.030029296875000000e-01,2.030029296875000000e-01
1.777038574218750000e-01,1.777038574218750000e-01
1.721191406250000000e-01,1.721191406250000000e-01
1.430053710937500000e-01,1.430053710937500000e-01
8.401489257812500000e-02,8.401489257812500000e-02
6.481933593750000000e-02,6.481933593750000000e-02
6.835937500000000000e-02,6.835937500000000000e-02
3.414916992187500000e-02,3.414916992187500000e-02
1.220703125000000000e-03,1.220703125000000000e-03
-1.501464843750000000e-02,-1.501464843750000000e-02
-5.566406250000000000e-02,-5.566406250000000000e-02
-1.014404296875000000e-01,-1.014404296875000000e-01
-1.246032714843750000e-01,-1.246032714843750000e-01
-1.660766601562500000e-01,-1.660766601562500000e-01
-2.425537109375000000e-01,-2.425537109375000000e-01
-2.865905761718750000e-01,-2.865905761718750000e-01
-2.945251464843750000e-01,-2.945251464843750000e-01
-3.299560546875000000e-01,-3.299560546875000000e-01
-3.570556640625000000e-01,-3.570556640625000000e-01
-3.377075195312500000e-01,-3.377075195312500000e-01
-3.208923339843750000e-01,-3.208923339843750000e-01
-3.057861328125000000e-01,-3.057861328125000000e-01
-2.601013183593750000e-01,-2.601013183593750000e-01
-2.159118652343750000e-01,-2.159118652343750000e-01
-1.960144042968750000e-01,-1.960144042968750000e-01
-1.650390625000000000e-01,-1.650390625000000000e-01
-1.223144531250000000e-01,-1.223144531250000000e-01
-1.143493652343750000e-01,-1.143493652343750000e-01
-1.314086914062500000e-01,-1.314086914062500000e-01
-1.359252929687500000e-01,-1.359252929687500000e-01
-1.407165527343750000e-01,-1.407165527343750000e-01
-1.571960449218750000e-01,-1.571960449218750000e-01
-1.664733886718750000e-01,-1.664733886718750000e-01
-1.697082519531250000e-01,-1.697082519531250000e-01
-1.781005859375000000e-01,-1.781005859375000000e-01
-1.724548339843750000e-01,-1.724548339843750000e-01
-1.484069824218750000e-01,-1.484069824218750000e-01
-1.343383789062500000e-01,-1.343383789062500000e-01
-1.285095214843750000e-01,-1.285095214843750000e-01
-1.148071289062500000e-01,-1.148071289062500000e-01
-1.089477539062500000e-01,-1.089477539062500000e-01
-1.185607910156250000e-01,-1.185607910156250000e-01
-1.271362304687500000e-01,-1.271362304687500000e-01
-1.423339843750000000e-01,-1.423339843750000000e-01
-1.738586425781250000e-01,-1.738586425781250000e-01
-1.972656250000000000e-01,-1.972656250000000000e-01
-2.111511230468750000e-01,-2.111511230468750000e-01
-2.319946289062500000e-01,-2.319946289062500000e-01
-2.393493652343750000e-01,-2.393493652343750000e-01
-2.199707031250000000e-01,-2.199707031250000000e-01
-1.970520019531250000e-01,-1.970520019531250000e-01
-1.823730468750000000e-01,-1.823730468750000000e-01
-1.565856933593750000e-01,-1.565856933593750000e-01
-1.112670898437500000e-01,-1.112670898437500000e-01
-7.113647460937500000e-02,-7.113647460937500000e-02
-4.345703125000000000e-02,-4.345703125000000000e-02
-1.596069335937500000e-02,-1.596069335937500000e-02
-2.685546875000000000e-03,-2.685546875000000000e-03
-4.516601562500000000e-03,-4.516601562500000000e-03
3.753662109375000000e-03,3.753662109375000000e-03
1.419067382812500000e-02,1.419067382812500000e-02
2.960205078125000000e-03,2.960205078125000000e-03
-1.235961914062500000e-02,-1.235961914062500000e-02
-7.202148437500000000e-03,-7.202148437500000000e-03
3.051757812500000000e-05,3.051757812500000000e-05
-2.502441406250000000e-03,-2.502441406250000000e-03
3.479003906250000000e-03,3.479003906250000000e-03
1.437377929687500000e-02,1.437377929687500000e-02
1.879882812500000000e-02,1.879882812500000000e-02
2.880859375000000000e-02,2.880859375000000000e-02
4.290771484375000000e-02,4.290771484375000000e-02
4.071044921875000000e-02,4.071044921875000000e-02
2.996826171875000000e-02,2.996826171875000000e-02
3.158569335937500000e-02,3.158569335937500000e-02
3.350830078125000000e-02,3.350830078125000000e-02
2.301025390625000000e-02,2.301025390625000000e-02
1.635742187500000000e-02,1.635742187500000000e-02
1.666259765625000000e-02,1.666259765625000000e-02
1.296997070312500000e-02,1.296997070312500000e-02
1.593017578125000000e-02,1.593017578125000000e-02
3.039550781250000000e-02,3.039550781250000000e-02
3.900146484375000000e-02,3.900146484375000000e-02
4.077148437500000000e-02,4.077148437500000000e-02
5.209350585937500000e-02,5.209350585937500000e-02
6.765747070312500000e-02,6.765747070312500000e-02
6.945800781250000000e-02,6.945800781250000000e-02
6.475830078125000000e-02,6.475830078125000000e-02
6.304931640625000000e-02,6.304931640625000000e-02
5.169677734375000000e-02,5.169677734375000000e-02
3.103637695312500000e-02,3.103637695312500000e-02
1.541137695312500000e-02,1.541137695312500000e-02
-3.570556640625000000e-03,-3.570556640625000000e-03
-3.491210937500000000e-02,-3.491210937500000000e-02
-6.488037109375000000e-02,-6.488037109375000000e-02
-8.911132812500000000e-02,-8.911132812500000000e-02
-1.159973144531250000e-01,-1.159973144531250000e-01
-1.429443359375000000e-01,-1.429443359375000000e-01
-1.630859375000000000e-01,-1.630859375000000000e-01
-1.831054687500000000e-01,-1.831054687500000000e-01
-2.068786621093750000e-01,-2.068786621093750000e-01
-2.238464355468750000e-01,-2.238464355468750000e-01
-2.349548339843750000e-01,-2.349548339843750000e-01
-2.483520507812500000e-01,-2.483520507812500000e-01
-2.608337402343750000e-01,-2.608337402343750000e-01
-2.702331542968750000e-01,-2.702331542968750000e-01
-2.775268554687500000e-01,-2.775268554687500000e-01
-2.810668945312500000e-01,-2.810668945312500000e-01
-2.813110351562500000e-01,-2.813110351562500000e-01
-2.810974121093750000e-01,-2.810974121093750000e-01
-2.798767089843750000e-01,-2.798767089843750000e-01
-2.730712890625000000e-01,-2.730712890625000000e-01
-2.612304687500000000e-01,-2.612304687500000000e-01
-2.479553222656250000e-01,-2.479553222656250000e-01
-2.315979003906250000e-01,-2.315979003906250000e-01
-2.151794433593750000e-01,-2.151794433593750000e-01
-2.036437988281250000e-01,-2.036437988281250000e-01
-1.892395019531250000e-01,-1.892395019531250000e-01
-1.685791015625000000e-01,-1.685791015625000000e-01
-1.543884277343750000e-01,-1.543884277343750000e-01
-1.463012695312500000e-01,-1.463012695312500000e-01
-1.323547363281250000e-01,-1.323547363281250000e-01
-1.220703125000000000e-01,-1.220703125000000000e-01
-1.213684082031250000e-01,-1.213684082031250000e-01
-1.170959472656250000e-01,-1.170959472656250000e-01
-1.089782714843750000e-01,-1.089782714843750000e-01
-1.049194335937500000e-01,-1.049194335937500000e-01
-1.014099121093750000e-01,-1.014099121093750000e-01
-9.274291992187500000e-02,-9.274291992187500000e-02
-8.532714843750000000e-02,-8.532714843750000000e-02
-7.821655273437500000e-02,-7.821655273437500000e-02
-5.978393554687500000e-02,-5.978393554687500000e-02
-4.263305664062500000e-02,-4.263305664062500000e-02
-3.594970703125000000e-02,-3.594970703125000000e-02
-2.072143554687500000e-02,-2.072143554687500000e-02
3.936767578125000000e-03,3.936767578125000000e-03
1.895141601562500000e-02,1.895141601562500000e-02
2.783203125000000000e-02,2.783203125000000000e-02
4.171752929687500000e-02,4.171752929687500000e-02
5.041503906250000000e-02,5.041503906250000000e-02
5.328369140625000000e-02,5.328369140625000000e-02
6.610107421875000000e-02,6.610107421875000000e-02
7.687377929687500000e-02,7.687377929687500000e-02
7.055664062500000000e-02,7.055664062500000000e-02
6.903076171875000000e-02,6.903076171875000000e-02
7.995605468750000000e-02,7.995605468750000000e-02
8.053588867187500000e-02,8.053588867187500000e-02
7.254028320312500000e-02,7.254028320312500000e-02
7.528686523437500000e-02,7.528686523437500000e-02
8.090209960937500000e-02,8.090209960937500000e-02
7.620239257812500000e-02,7.620239257812500000e-02
7.263183593750000000e-02,7.263183593750000000e-02
7.211303710937500000e-02,7.211303710937500000e-02
6.204223632812500000e-02,6.204223632812500000e-02
5.346679687500000000e-02,5.346679687500000000e-02
5.535888671875000000e-02,5.535888671875000000e-02
5.181884765625000000e-02,5.181884765625000000e-02
4.199218750000000000e-02,4.199218750000000000e-02
4.190063476562500000e-02,4.190063476562500000e-02
4.885864257812500000e-02,4.885864257812500000e-02
5.172729492187500000e-02,5.172729492187500000e-02
5.526733398437500000e-02,5.526733398437500000e-02
6.472778320312500000e-02,6.472778320312500000e-02
7.608032226562500000e-02,7.608032226562500000e-02
9.143066406250000000e-02,9.143066406250000000e-02
1.098022460937500000e-01,1.098022460937500000e-01
1.211853027343750000e-01,1.211853027343750000e-01
1.265258789062500000e-01,1.265258789062500000e-01
1.337890625000000000e-01,1.337890625000000000e-01
1.440124511718750000e-01,1.440124511718750000e-01
1.512756347656250000e-01,1.512756347656250000e-01
1.513977050781250000e-01,1.513977050781250000e-01
1.482238769531250000e-01,1.482238769531250000e-01
1.444091796875000000e-01,1.444091796875000000e-01
1.414489746093750000e-01,1.414489746093750000e-01
1.410522460937500000e-01,1.410522460937500000e-01
1.380615234375000000e-01,1.380615234375000000e-01
1.297302246093750000e-01,1.297302246093750000e-01
1.224975585937500000e-01,1.224975585937500000e-01
1.209716796875000000e-01,1.209716796875000000e-01
1.203613281250000000e-01,1.203613281250000000e-01
1.173095703125000000e-01,1.173095703125000000e-01
1.135864257812500000e-01,1.135864257812500000e-01
1.085815429687500000e-01,1.085815429687500000e-01
1.031494140625000000e-01,1.031494140625000000e-01
1.015319824218750000e-01,1.015319824218750000e-01
1.025390625000000000e-01,1.025390625000000000e-01
1.011962890625000000e-01,1.011962890625000000e-01
9.869384765625000000e-02,9.869384765625000000e-02
9.918212890625000000e-02,9.918212890625000000e-02
1.026611328125000000e-01,1.026611328125000000e-01
1.076049804687500000e-01,1.076049804687500000e-01
1.141052246093750000e-01,1.141052246093750000e-01
1.215820312500000000e-01,1.215820312500000000e-01
1.285095214843750000e-01,1.285095214843750000e-01
1.356201171875000000e-01,1.356201171875000000e-01
1.436157226562500000e-01,1.436157226562500000e-01
1.519470214843750000e-01,1.519470214843750000e-01
1.592407226562500000e-01,1.592407226562500000e-01
1.634216308593750000e-01,1.634216308593750000e-01
1.653747558593750000e-01,1.653747558593750000e-01
1.691284179687500000e-01,1.691284179687500000e-01
1.751098632812500000e-01,1.751098632812500000e-01
1.837463378906250000e-01,1.837463378906250000e-01
1.958007812500000000e-01,1.958007812500000000e-01
2.011718750000000000e-01,2.011718750000000000e-01
1.981811523437500000e-01,1.981811523437500000e-01
2.028503417968750000e-01,2.028503417968750000e-01
2.174377441406250000e-01,2.174377441406250000e-01
2.333374023437500000e-01,2.333374023437500000e-01
2.471008300781250000e-01,2.471008300781250000e-01
2.461242675781250000e-01,2.461242675781250000e-01
2.323303222656250000e-01,2.323303222656250000e-01
2.346801757812500000e-01,2.346801757812500000e-01
2.491455078125000000e-01,2.491455078125000000e-01
2.474060058593750000e-01,2.474060058593750000e-01
2.425842285156250000e-01,2.425842285156250000e-01
2.512817382812500000e-01,2.512817382812500000e-01
2.505493164062500000e-01,2.505493164062500000e-01
2.404174804687500000e-01,2.404174804687500000e-01
2.468261718750000000e-01,2.468261718750000000e-01
2.581176757812500000e-01,2.581176757812500000e-01
2.618713378906250000e-01,2.618713378906250000e-01
2.715454101562500000e-01,2.715454101562500000e-01
2.763061523437500000e-01,2.763061523437500000e-01
2.644958496093750000e-01,2.644958496093750000e-01
2.618713378906250000e-01,2.618713378906250000e-01
2.672424316406250000e-01,2.672424316406250000e-01
2.479553222656250000e-01,2.479553222656250000e-01
2.245483398437500000e-01,2.245483398437500000e-01
2.190246582031250000e-01,2.190246582031250000e-01
2.064819335937500000e-01,2.064819335937500000e-01
1.856689453125000000e-01,1.856689453125000000e-01
1.611022949218750000e-01,1.611022949218750000e-01
1.214294433593750000e-01,1.214294433593750000e-01
8.612060546875000000e-02,8.612060546875000000e-02
7.504272460937500000e-02,7.504272460937500000e-02
5.895996093750000000e-02,5.895996093750000000e-02
1.284790039062500000e-02,1.284790039062500000e-02
-3.848266601562500000e-02,-3.848266601562500000e-02
-7.711791992187500000e-02,-7.711791992187500000e-02
-1.109008789062500000e-01,-1.109008789062500000e-01
-1.462707519531250000e-01,-1.462707519531250000e-01
-1.895141601562500000e-01,-1.895141601562500000e-01
-2.331848144531250000e-01,-2.331848144531250000e-01
-2.586975097656250000e-01,-2.586975097656250000e-01
-2.637939453125000000e-01,-2.637939453125000000e-01
-2.700195312500000000e-01,-2.700195312500000000e-01
-2.937316894531250000e-01,-2.937316894531250000e-01
-3.034973144531250000e-01,-3.034973144531250000e-01
-2.706604003906250000e-01,-2.706604003906250000e-01
-2.335205078125000000e-01,-2.335205078125000000e-01
-2.255249023437500000e-01,-2.255249023437500000e-01
-2.221679687500000000e-01,-2.221679687500000000e-01
-1.999511718750000000e-01,-1.999511718750000000e-01
-1.703796386718750000e-01,-1.703796386718750000e-01
-1.510314941406250000e-01,-1.510314941406250000e-01
-1.455078125000000000e-01,-1.455078125000000000e-01
-1.496276855468750000e-01,-1.496276855468750000e-01
-1.454772949218750000e-01,-1.454772949218750000e-01
-1.276245117187500000e-01,-1.276245117187500000e-01
-1.248168945312500000e-01,-1.248168945312500000e-01
-1.361389160156250000e-01,-1.361389160156250000e-01
-1.354370117187500000e-01,-1.354370117187500000e-01
-1.299743652343750000e-01,-1.299743652343750000e-01
-1.280822753906250000e-01,-1.280822753906250000e-01
-1.248168945312500000e-01,-1.248168945312500000e-01
-1.289062500000000000e-01,-1.289062500000000000e-01
-1.404113769531250000e-01,-1.404113769531250000e-01
-1.426391601562500000e-01,-1.426391601562500000e-01
-1.429443359375000000e-01,-1.429443359375000000e-01
-1.626281738281250000e-01,-1.626281738281250000e-01
-1.848754882812500000e-01,-1.848754882812500000e-01
-1.906738281250000000e-01,-1.906738281250000000e-01
-1.970825195312500000e-01,-1.970825195312500000e-01
-2.097778320312500000e-01,-2.097778320312500000e-01
-2.143554687500000000e-01,-2.143554687500000000e-01
-2.136535644531250000e-01,-2.136535644531250000e-01
-2.156982421875000000e-01,-2.156982421875000000e-01
-2.071228027343750000e-01,-2.071228027343750000e-01
-1.813964843750000000e-01,-1.813964843750000000e-01
-1.583251953125000000e-01,-1.583251953125000000e-01
-1.434631347656250000e-01,-1.434631347656250000e-01
-1.173400878906250000e-01,-1.173400878906250000e-01
-8.004760742187500000e-02,-8.004760742187500000e-02
-5.633544921875000000e-02,-5.633544921875000000e-02
-4.266357421875000000e-02,-4.266357421875000000e-02
-1.846313476562500000e-02,-1.846313476562500000e-02
3.295898437500000000e-03,3.295898437500000000e-03
1.354980468750000000e-02,1.354980468750000000e-02
2.407836914062500000e-02,2.407836914062500000e-02
2.886962890625000000e-02,2.886962890625000000e-02
2.279663085937500000e-02,2.279663085937500000e-02
1.910400390625000000e-02,1.910400390625000000e-02
2.038574218750000000e-02,2.038574218750000000e-02
1.574707031250000000e-02,1.574707031250000000e-02
5.401611328125000000e-03,5.401611328125000000e-03
-1.525878906250000000e-04,-1.525878906250000000e-04
6.103515625000000000e-05,6.103515625000000000e-05
-5.493164062500000000e-04,-5.493164062500000000e-04
-4.058837890625000000e-03,-4.058837890625000000e-03
-9.704589843750000000e-03,-9.704589843750000000e-03
-1.199340820312500000e-02,-1.199340820312500000e-02
-6.835937500000000000e-03,-6.835937500000000000e-03
-3.112792968750000000e-03,-3.112792968750000000e-03
-6.469726562500000000e-03,-6.469726562500000000e-03
-1.223754882812500000e-02,-1.223754882812500000e-02
-1.492309570312500000e-02,-1.492309570312500000e-02
-9.796142578125000000e-03,-9.796142578125000000e-03
-7.629394531250000000e-04,-7.629394531250000000e-04
3.692626953125000000e-03,3.692626953125000000e-03
5.371093750000000000e-03,5.371093750000000000e-03
1.132202148437500000e-02,1.132202148437500000e-02
2.319335937500000000e-02,2.319335937500000000e-02
3.665161132812500000e-02,3.665161132812500000e-02
4.486083984375000000e-02,4.486083984375000000e-02
4.641723632812500000e-02,4.641723632812500000e-02
4.614257812500000000e-02,4.614257812500000000e-02
4.614257812500000000e-02,4.614257812500000000e-02
4.119873046875000000e-02,4.119873046875000000e-02
2.633666992187500000e-02,2.633666992187500000e-02
6.195068359375000000e-03,6.195068359375000000e-03
-1.562500000000000000e-02,-1.562500000000000000e-02
-3.991699218750000000e-02,-3.991699218750000000e-02
-6.613159179687500000e-02,-6.613159179687500000e-02
-9.384155273437500000e-02,-9.384155273437500000e-02
-1.188049316406250000e-01,-1.188049316406250000e-01
-1.399536132812500000e-01,-1.399536132812500000e-01
-1.619262695312500000e-01,-1.619262695312500000e-01
-1.825256347656250000e-01,-1.825256347656250000e-01
-1.979980468750000000e-01,-1.979980468750000000e-01
-2.109375000000000000e-01,-2.109375000000000000e-01
-2.221069335937500000e-01,-2.221069335937500000e-01
-2.310791015625000000e-01,-2.310791015625000000e-01
-2.419128417968750000e-01,-2.419128417968750000e-01
-2.520141601562500000e-01,-2.520141601562500000e-01
-2.548828125000000000e-01,-2.548828125000000000e-01
-2.561645507812500000e-01,-2.561645507812500000e-01
-2.599487304687500000e-01,-2.599487304687500000e-01
-2.586059570312500000e-01,-2.586059570312500000e-01
-2.506408691406250000e-01,-2.506408691406250000e-01
-2.395935058593750000e-01,-2.395935058593750000e-01
-2.264099121093750000e-01,-2.264099121093750000e-01
-2.140808105468750000e-01,-2.140808105468750000e-01
-1.998291015625000000e-01,-1.998291015625000000e-01
-1.807250976562500000e-01,-1.807250976562500000e-01
-1.643981933593750000e-01,-1.643981933593750000e-01
-1.541442871093750000e-01,-1.541442871093750000e-01
-1.427001953125000000e-01,-1.427001953125000000e-01
-1.327209472656250000e-01,-1.327209472656250000e-01
-1.316833496093750000e-01,-1.316833496093750000e-01
-1.304016113281250000e-01,-1.304016113281250000e-01
-1.250000000000000000e-01,-1.250000000000000000e-01
-1.253051757812500000e-01,-1.253051757812500000e-01
-1.283264160156250000e-01,-1.283264160156250000e-01
-1.240234375000000000e-01,-1.240234375000000000e-01
-1.171264648437500000e-01,-1.171264648437500000e-01
-1.146850585937500000e-01,-1.146850585937500000e-01
-1.055603027343750000e-01,-1.055603027343750000e-01
-8.636474609375000000e-02,-8.636474609375000000e-02
-7.379150390625000000e-02,-7.379150390625000000e-02
-6.527709960937500000e-02,-6.527709960937500000e-02
-4.718017578125000000e-02,-4.718017578125000000e-02
-2.935791015625000000e-02,-2.935791015625000000e-02
-1.864624023437500000e-02,-1.864624023437500000e-02
-4.302978515625000000e-03,-4.302978515625000000e-03
1.025390625000000000e-02,1.025390625000000000e-02
1.626586914062500000e-02,1.626586914062500000e-02
2.557373046875000000e-02,2.557373046875000000e-02
4.321289062500000000e-02,4.321289062500000000e-02
5.404663085937500000e-02,5.404663085937500000e-02
5.905151367187500000e-02,5.905151367187500000e-02
6.881713867187500000e-02,6.881713867187500000e-02
7.766723632812500000e-02,7.766723632812500000e-02
8.282470703125000000e-02,8.282470703125000000e-02
8.892822265625000000e-02,8.892822265625000000e-02
9.356689453125000000e-02,9.356689453125000000e-02
9.078979492187500000e-02,9.078979492187500000e-02
8.386230468750000000e-02,8.386230468750000000e-02
8.151245117187500000e-02,8.151245117187500000e-02
7.839965820312500000e-02,7.839965820312500000e-02
6.961059570312500000e-02,6.961059570312500000e-02
6.256103515625000000e-02,6.256103515625000000e-02
5.636596679687500000e-02,5.636596679687500000e-02
4.910278320312500000e-02,4.910278320312500000e-02
4.501342773437500000e-02,4.501342773437500000e-02
4.263305664062500000e-02,4.263305664062500000e-02
4.235839843750000000e-02,4.235839843750000000e-02
4.779052734375000000e-02,4.779052734375000000e-02
5.557250976562500000e-02,5.557250976562500000e-02
5.947875976562500000e-02,5.947875976562500000e-02
6.378173828125000000e-02,6.378173828125000000e-02
7.684326171875000000e-02,7.684326171875000000e-02
9.164428710937500000e-02,9.164428710937500000e-02
1.010131835937500000e-01,1.010131835937500000e-01
1.102905273437500000e-01,1.102905273437500000e-01
1.199645996093750000e-01,1.199645996093750000e-01
1.265869140625000000e-01,1.265869140625000000e-01
1.354980468750000000e-01,1.354980468750000000e-01
1.479797363281250000e-01,1.479797363281250000e-01
1.515808105468750000e-01,1.515808105468750000e-01
1.470642089843750000e-01,1.470642089843750000e-01
1.503906250000000000e-01,1.503906250000000000e-01
1.575317382812500000e-01,1.575317382812500000e-01
1.542968750000000000e-01,1.542968750000000000e-01
1.461791992187500000e-01,1.461791992187500000e-01
1.417846679687500000e-01,1.417846679687500000e-01
1.368103027343750000e-01,1.368103027343750000e-01
1.314392089843750000e-01,1.314392089843750000e-01
1.310729980468750000e-01,1.310729980468750000e-01
1.293640136718750000e-01,1.293640136718750000e-01
1.191711425781250000e-01,1.191711425781250000e-01
1.120300292968750000e-01,1.120300292968750000e-01
1.163024902343750000e-01,1.163024902343750000e-01
1.176452636718750000e-01,1.176452636718750000e-01
1.122436523437500000e-01,1.122436523437500000e-01
1.123046875000000000e-01,1.123046875000000000e-01
1.163330078125000000e-01,1.163330078125000000e-01
1.178588867187500000e-01,1.178588867187500000e-01
1.206359863281250000e-01,1.206359863281250000e-01
1.250915527343750000e-01,1.250915527343750000e-01
1.249084472656250000e-01,1.249084472656250000e-01
1.280822753906250000e-01,1.280822753906250000e-01
1.424865722656250000e-01,1.424865722656250000e-01
1.520690917968750000e-01,1.520690917968750000e-01
1.522216796875000000e-01,1.522216796875000000e-01
1.584167480468750000e-01,1.584167480468750000e-01
1.692199707031250000e-01,1.692199707031250000e-01
1.761474609375000000e-01,1.761474609375000000e-01
1.845092773437500000e-01,1.845092773437500000e-01
1.943359375000000000e-01,1.943359375000000000e-01
1.960754394531250000e-01,1.960754394531250000e-01
1.936950683593750000e-01,1.936950683593750000e-01
2.007446289062500000e-01,2.007446289062500000e-01
2.117004394531250000e-01,2.117004394531250000e-01
2.120056152343750000e-01,2.120056152343750000e-01
2.081604003906250000e-01,2.081604003906250000e-01
2.128906250000000000e-01,2.128906250000000000e-01
2.200622558593750000e-01,2.200622558593750000e-01
2.183837890625000000e-01,2.183837890625000000e-01
2.128601074218750000e-01,2.128601074218750000e-01
2.147216796875000000e-01,2.147216796875000000e-01
2.196655273437500000e-01,2.196655273437500000e-01
2.192382812500000000e-01,2.192382812500000000e-01
2.182006835937500000e-01,2.182006835937500000e-01
2.178649902343750000e-01,2.178649902343750000e-01
2.150573730468750000e-01,2.150573730468750000e-01
2.172241210937500000e-01,2.172241210937500000e-01
2.237243652343750000e-01,2.237243652343750000e-01
2.256774902343750000e-01,2.256774902343750000e-01
2.275695800781250000e-01,2.275695800781250000e-01
2.340393066406250000e-01,2.340393066406250000e-01
2.386474609375000000e-01,2.386474609375000000e-01
2.389831542968750000e-01,2.389831542968750000e-01
2.379760742187500000e-01,2.379760742187500000e-01
2.274169921875000000e-01,2.274169921875000000e-01
2.092590332031250000e-01,2.092590332031250000e-01
2.056884765625000000e-01,2.056884765625000000e-01
2.075195312500000000e-01,2.075195312500000000e-01
1.823120117187500000e-01,1.823120117187500000e-01
1.441955566406250000e-01,1.441955566406250000e-01
1.280822753906250000e-01,1.280822753906250000e-01
1.213989257812500000e-01,1.213989257812500000e-01
9.869384765625000000e-02,9.869384765625000000e-02
7.186889648437500000e-02,7.186889648437500000e-02
5.044555664062500000e-02,5.044555664062500000e-02
2.508544921875000000e-02,2.508544921875000000e-02
3.051757812500000000e-05,3.051757812500000000e-05
-2.639770507812500000e-02,-2.639770507812500000e-02
-6.503295898437500000e-02,-6.503295898437500000e-02
-1.065368652343750000e-01,-1.065368652343750000e-01
-1.428527832031250000e-01,-1.428527832031250000e-01
-1.738891601562500000e-01,-1.738891601562500000e-01
-1.973571777343750000e-01,-1.973571777343750000e-01
-2.218933105468750000e-01,-2.218933105468750000e-01
-2.482910156250000000e-01,-2.482910156250000000e-01
-2.600402832031250000e-01,-2.600402832031250000e-01
-2.525329589843750000e-01,-2.525329589843750000e-01
-2.381286621093750000e-01,-2.381286621093750000e-01
-2.225952148437500000e-01,-2.225952148437500000e-01
-2.020874023437500000e-01,-2.020874023437500000e-01
-1.835327148437500000e-01,-1.835327148437500000e-01
-1.688842773437500000e-01,-1.688842773437500000e-01
-1.451721191406250000e-01,-1.451721191406250000e-01
-1.257019042968750000e-01,-1.257019042968750000e-01
-1.310729980468750000e-01,-1.310729980468750000e-01
-1.417236328125000000e-01,-1.417236328125000000e-01
-1.389465332031250000e-01,-1.389465332031250000e-01
-1.370544433593750000e-01,-1.370544433593750000e-01
-1.469421386718750000e-01,-1.469421386718750000e-01
-1.607360839843750000e-01,-1.607360839843750000e-01
-1.671752929687500000e-01,-1.671752929687500000e-01
-1.635131835937500000e-01,-1.635131835937500000e-01
-1.557312011718750000e-01,-1.557312011718750000e-01
-1.484985351562500000e-01,-1.484985351562500000e-01
-1.435241699218750000e-01,-1.435241699218750000e-01
-1.396484375000000000e-01,-1.396484375000000000e-01
-1.347045898437500000e-01,-1.347045898437500000e-01
-1.346740722656250000e-01,-1.346740722656250000e-01
-1.466369628906250000e-01,-1.466369628906250000e-01
-1.623840332031250000e-01,-1.623840332031250000e-01
-1.737365722656250000e-01,-1.737365722656250000e-01
-1.872253417968750000e-01,-1.872253417968750000e-01
-2.044982910156250000e-01,-2.044982910156250000e-01
-2.179565429687500000e-01,-2.179565429687500000e-01
-2.238159179687500000e-01,-2.238159179687500000e-01
-2.225341796875000000e-01,-2.225341796875000000e-01
-2.139587402343750000e-01,-2.139587402343750000e-01
-1.977539062500000000e-01,-1.977539062500000000e-01
-1.751708984375000000e-01,-1.751708984375000000e-01
-1.467895507812500000e-01,-1.467895507812500000e-01
-1.143798828125000000e-01,-1.143798828125000000e-01
-8.419799804687500000e-02,-8.419799804687500000e-02
-6.152343750000000000e-02,-6.152343750000000000e-02
-4.306030273437500000e-02,-4.306030273437500000e-02
-2.349853515625000000e-02,-2.349853515625000000e-02
-8.300781250000000000e-03,-8.300781250000000000e-03
-2.349853515625000000e-03,-2.349853515625000000e-03
3.051757812500000000e-05,3.051757812500000000e-05
2.136230468750000000e-04,2.136230468750000000e-04
-2.380371093750000000e-03,-2.380371093750000000e-03
-2.288818359375000000e-03,-2.288818359375000000e-03
1.525878906250000000e-04,1.525878906250000000e-04
-5.493164062500000000e-04,-5.493164062500000000e-04
-2.838134765625000000e-03,-2.838134765625000000e-03
1.708984375000000000e-03,1.708984375000000000e-03
1.055908203125000000e-02,1.055908203125000000e-02
1.019287109375000000e-02,1.019287109375000000e-02
2.868652343750000000e-03,2.868652343750000000e-03
0.000000000000000000e+00,0.000000000000000000e+00
-8.850097656250000000e-04,-8.850097656250000000e-04
-6.072998046875000000e-03,-6.072998046875000000e-03
-1.336669921875000000e-02,-1.336669921875000000e-02
-2.066040039062500000e-02,-2.066040039062500000e-02
-2.795410156250000000e-02,-2.795410156250000000e-02
-3.182983398437500000e-02,-3.182983398437500000e-02
-3.057861328125000000e-02,-3.057861328125000000e-02
-2.667236328125000000e-02,-2.667236328125000000e-02
-2.307128906250000000e-02,-2.307128906250000000e-02
-1.806640625000000000e-02,-1.806640625000000000e-02
-8.361816406250000000e-03,-8.361816406250000000e-03
2.960205078125000000e-03,2.960205078125000000e-03
1.196289062500000000e-02,1.196289062500000000e-02
1.834106445312500000e-02,1.834106445312500000e-02
2.270507812500000000e-02,2.270507812500000000e-02
2.484130859375000000e-02,2.484130859375000000e-02
2.386474609375000000e-02,2.386474609375000000e-02
1.831054687500000000e-02,1.831054687500000000e-02
9.277343750000000000e-03,9.277343750000000000e-03
-2.258300781250000000e-03,-2.258300781250000000e-03
-1.855468750000000000e-02,-1.855468750000000000e-02
-3.594970703125000000e-02,-3.594970703125000000e-02
-5.151367187500000000e-02,-5.151367187500000000e-02
-7.006835937500000000e-02,-7.006835937500000000e-02
-9.033203125000000000e-02,-9.033203125000000000e-02
-1.053466796875000000e-01,-1.053466796875000000e-01
-1.180114746093750000e-01,-1.180114746093750000e-01
-1.350097656250000000e-01,-1.350097656250000000e-01
-1.538696289062500000e-01,-1.538696289062500000e-01
-1.689758300781250000e-01,-1.689758300781250000e-01
-1.792602539062500000e-01,-1.792602539062500000e-01
-1.878051757812500000e-01,-1.878051757812500000e-01
-1.982421875000000000e-01,-1.982421875000000000e-01
-2.089843750000000000e-01,-2.089843750000000000e-01
-2.159729003906250000e-01,-2.159729003906250000e-01
-2.193908691406250000e-01,-2.193908691406250000e-01
-2.212829589843750000e-01,-2.212829589843750000e-01
-2.213134765625000000e-01,-2.213134765625000000e-01
-2.189331054687500000e-01,-2.189331054687500000e-01
-2.143554687500000000e-01,-2.143554687500000000e-01
-2.088012695312500000e-01,-2.088012695312500000e-01
-2.019958496093750000e-01,-2.019958496093750000e-01
-1.928100585937500000e-01,-1.928100585937500000e-01
-1.841125488281250000e-01,-1.841125488281250000e-01
-1.774597167968750000e-01,-1.774597167968750000e-01
-1.686706542968750000e-01,-1.686706542968750000e-01
-1.574096679687500000e-01,-1.574096679687500000e-01
-1.475219726562500000e-01,-1.475219726562500000e-01
-1.376037597656250000e-01,-1.376037597656250000e-01
-1.267700195312500000e-01,-1.267700195312500000e-01
-1.189575195312500000e-01,-1.189575195312500000e-01
-1.147766113281250000e-01,-1.147766113281250000e-01
-1.109008789062500000e-01,-1.109008789062500000e-01
-1.048583984375000000e-01,-1.048583984375000000e-01
-9.814453125000000000e-02,-9.814453125000000000e-02
-9.399414062500000000e-02,-9.399414062500000000e-02
-9.252929687500000000e-02,-9.252929687500000000e-02
-8.932495117187500000e-02,-8.932495117187500000e-02
-8.230590820312500000e-02,-8.230590820312500000e-02
-7.382202148437500000e-02,-7.382202148437500000e-02
-6.350708007812500000e-02,-6.350708007812500000e-02
-5.249023437500000000e-02,-5.249023437500000000e-02
-4.269409179687500000e-02,-4.269409179687500000e-02
-2.804565429687500000e-02,-2.804565429687500000e-02
-7.476806640625000000e-03,-7.476806640625000000e-03
7.202148437500000000e-03,7.202148437500000000e-03
1.425170898437500000e-02,1.425170898437500000e-02
2.590942382812500000e-02,2.590942382812500000e-02
4.217529296875000000e-02,4.217529296875000000e-02
5.184936523437500000e-02,5.184936523437500000e-02
5.493164062500000000e-02,5.493164062500000000e-02
5.825805664062500000e-02,5.825805664062500000e-02
6.192016601562500000e-02,6.192016601562500000e-02
6.610107421875000000e-02,6.610107421875000000e-02
6.933593750000000000e-02,6.933593750000000000e-02
6.954956054687500000e-02,6.954956054687500000e-02
7.238769531250000000e-02,7.238769531250000000e-02
7.803344726562500000e-02,7.803344726562500000e-02
8.084106445312500000e-02,8.084106445312500000e-02
8.099365234375000000e-02,8.099365234375000000e-02
8.087158203125000000e-02,8.087158203125000000e-02
8.166503906250000000e-02,8.166503906250000000e-02
8.093261718750000000e-02,8.093261718750000000e-02
7.797241210937500000e-02,7.797241210937500000e-02
7.742309570312500000e-02,7.742309570312500000e-02
7.733154296875000000e-02,7.733154296875000000e-02
7.400512695312500000e-02,7.400512695312500000e-02
7.223510742187500000e-02,7.223510742187500000e-02
7.220458984375000000e-02,7.220458984375000000e-02
7.299804687500000000e-02,7.299804687500000000e-02
7.983398437500000000e-02,7.983398437500000000e-02
9.088134765625000000e-02,9.088134765625000000e-02
9.786987304687500000e-02,9.786987304687500000e-02
1.015014648437500000e-01,1.015014648437500000e-01
1.100769042968750000e-01,1.100769042968750000e-01
1.224060058593750000e-01,1.224060058593750000e-01
1.317443847656250000e-01,1.317443847656250000e-01
1.376342773437500000e-01,1.376342773437500000e-01
1.413879394531250000e-01,1.413879394531250000e-01
1.447143554687500000e-01,1.447143554687500000e-01
1.481628417968750000e-01,1.481628417968750000e-01
1.509399414062500000e-01,1.509399414062500000e-01
1.504211425781250000e-01,1.504211425781250000e-01
1.459350585937500000e-01,1.459350585937500000e-01
1.442565917968750000e-01,1.442565917968750000e-01
1.467590332031250000e-01,1.467590332031250000e-01
1.484069824218750000e-01,1.484069824218750000e-01
1.474914550781250000e-01,1.474914550781250000e-01
1.445922851562500000e-01,1.445922851562500000e-01
1.427917480468750000e-01,1.427917480468750000e-01
1.443481445312500000e-01,1.443481445312500000e-01
1.470336914062500000e-01,1.470336914062500000e-01
1.466064453125000000e-01,1.466064453125000000e-01
1.421813964843750000e-01,1.421813964843750000e-01
1.393127441406250000e-01,1.393127441406250000e-01
1.404113769531250000e-01,1.404113769531250000e-01
1.401977539062500000e-01,1.401977539062500000e-01
1.377563476562500000e-01,1.377563476562500000e-01
1.371154785156250000e-01,1.371154785156250000e-01
1.388549804687500000e-01,1.388549804687500000e-01
1.419982910156250000e-01,1.419982910156250000e-01
1.474304199218750000e-01,1.474304199218750000e-01
1.527099609375000000e-01,1.527099609375000000e-01
1.560058593750000000e-01,1.560058593750000000e-01
1.617736816406250000e-01,1.617736816406250000e-01
1.705627441406250000e-01,1.705627441406250000e-01
1.789550781250000000e-01,1.789550781250000000e-01
1.861267089843750000e-01,1.861267089843750000e-01
1.927490234375000000e-01,1.927490234375000000e-01
1.977539062500000000e-01,1.977539062500000000e-01
2.002868652343750000e-01,2.002868652343750000e-01
2.037353515625000000e-01,2.037353515625000000e-01
2.087707519531250000e-01,2.087707519531250000e-01
2.141113281250000000e-01,2.141113281250000000e-01
2.175598144531250000e-01,2.175598144531250000e-01
2.125244140625000000e-01,2.125244140625000000e-01
2.059631347656250000e-01,2.059631347656250000e-01
2.050170898437500000e-01,2.050170898437500000e-01
2.008361816406250000e-01,2.008361816406250000e-01
1.987304687500000000e-01,1.987304687500000000e-01
2.015686035156250000e-01,2.015686035156250000e-01
1.929931640625000000e-01,1.929931640625000000e-01
1.797790527343750000e-01,1.797790527343750000e-01
1.764221191406250000e-01,1.764221191406250000e-01
1.778259277343750000e-01,1.778259277343750000e-01
1.801757812500000000e-01,1.801757812500000000e-01
1.819458007812500000e-01,1.819458007812500000e-01
1.814270019531250000e-01,1.814270019531250000e-01
1.784362792968750000e-01,1.784362792968750000e-01
1.760253906250000000e-01,1.760253906250000000e-01
1.751098632812500000e-01,1.751098632812500000e-01
1.681213378906250000e-01,1.681213378906250000e-01
1.657104492187500000e-01,1.657104492187500000e-01
1.706542968750000000e-01,1.706542968750000000e-01
1.593627929687500000e-01,1.593627929687500000e-01
1.420288085937500000e-01,1.420288085937500000e-01
1.344299316406250000e-01,1.344299316406250000e-01
1.217956542968750000e-01,1.217956542968750000e-01
1.127929687500000000e-01,1.127929687500000000e-01
1.155090332031250000e-01,1.155090332031250000e-01
1.056213378906250000e-01,1.056213378906250000e-01
8.117675781250000000e-02,8.117675781250000000e-02
6.677246093750000000e-02,6.677246093750000000e-02
5.895996093750000000e-02,5.895996093750000000e-02
3.610229492187500000e-02,3.610229492187500000e-02
7.354736328125000000e-03,7.354736328125000000e-03
-1.611328125000000000e-02,-1.611328125000000000e-02
-4.336547851562500000e-02,-4.336547851562500000e-02
-7.202148437500000000e-02,-7.202148437500000000e-02
-1.009216308593750000e-01,-1.009216308593750000e-01
-1.347045898437500000e-01,-1.347045898437500000e-01
-1.640930175781250000e-01,-1.640930175781250000e-01
-1.813049316406250000e-01,-1.813049316406250000e-01
-1.908874511718750000e-01,-1.908874511718750000e-01
-1.940307617187500000e-01,-1.940307617187500000e-01
-1.887817382812500000e-01,-1.887817382812500000e-01
-1.857299804687500000e-01,-1.857299804687500000e-01
-1.867370605468750000e-01,-1.867370605468750000e-01
-1.773986816406250000e-01,-1.773986816406250000e-01
-1.601867675781250000e-01,-1.601867675781250000e-01
-1.480712890625000000e-01,-1.480712890625000000e-01
-1.408386230468750000e-01,-1.408386230468750000e-01
-1.351013183593750000e-01,-1.351013183593750000e-01
-1.364135742187500000e-01,-1.364135742187500000e-01
-1.446228027343750000e-01,-1.446228027343750000e-01
-1.480712890625000000e-01,-1.480712890625000000e-01
-1.460266113281250000e-01,-1.460266113281250000e-01
-1.470642089843750000e-01,-1.470642089843750000e-01
-1.494445800781250000e-01,-1.494445800781250000e-01
-1.475830078125000000e-01,-1.475830078125000000e-01
-1.445007324218750000e-01,-1.445007324218750000e-01
-1.427612304687500000e-01,-1.427612304687500000e-01
-1.379089355468750000e-01,-1.379089355468750000e-01
-1.321105957031250000e-01,-1.321105957031250000e-01
-1.288146972656250000e-01,-1.288146972656250000e-01
-1.260375976562500000e-01,-1.260375976562500000e-01
-1.291809082031250000e-01,-1.291809082031250000e-01
-1.395568847656250000e-01,-1.395568847656250000e-01
-1.508789062500000000e-01,-1.508789062500000000e-01
-1.620788574218750000e-01,-1.620788574218750000e-01
-1.734924316406250000e-01,-1.734924316406250000e-01
-1.835937500000000000e-01,-1.835937500000000000e-01
-1.899719238281250000e-01,-1.899719238281250000e-01
-1.957397460937500000e-01,-1.957397460937500000e-01
-1.989135742187500000e-01,-1.989135742187500000e-01
-1.894836425781250000e-01,-1.894836425781250000e-01
-1.741333007812500000e-01,-1.741333007812500000e-01
-1.605224609375000000e-01,-1.605224609375000000e-01
-1.423950195312500000e-01,-1.423950195312500000e-01
-1.211242675781250000e-01,-1.211242675781250000e-01
-1.004333496093750000e-01,-1.004333496093750000e-01
-7.748413085937500000e-02,-7.748413085937500000e-02
-5.538940429687500000e-02,-5.538940429687500000e-02
-4.125976562500000000e-02,-4.125976562500000000e-02
-3.295898437500000000e-02,-3.295898437500000000e-02
-2.444458007812500000e-02,-2.444458007812500000e-02
-1.641845703125000000e-02,-1.641845703125000000e-02
-1.129150390625000000e-02,-1.129150390625000000e-02
-8.117675781250000000e-03,-8.117675781250000000e-03
-7.019042968750000000e-03,-7.019042968750000000e-03
-8.148193359375000000e-03,-8.148193359375000000e-03
-8.453369140625000000e-03,-8.453369140625000000e-03
-7.019042968750000000e-03,-7.019042968750000000e-03
-5.859375000000000000e-03,-5.859375000000000000e-03
-4.089355468750000000e-03,-4.089355468750000000e-03
-1.739501953125000000e-03,-1.739501953125000000e-03
-2.044677734375000000e-03,-2.044677734375000000e-03
-5.920410156250000000e-03,-5.920410156250000000e-03
-1.147460937500000000e-02,-1.147460937500000000e-02
-1.693725585937500000e-02,-1.693725585937500000e-02
-2.374267578125000000e-02,-2.374267578125000000e-02
-3.021240234375000000e-02,-3.021240234375000000e-02
-3.448486328125000000e-02,-3.448486328125000000e-02
-4.049682617187500000e-02,-4.049682617187500000e-02
-4.675292968750000000e-02,-4.675292968750000000e-02
-4.986572265625000000e-02,-4.986572265625000000e-02
-5.010986328125000000e-02,-5.010986328125000000e-02
-4.766845703125000000e-02,-4.766845703125000000e-02
-4.388427734375000000e-02,-4.388427734375000000e-02
-3.787231445312500000e-02,-3.787231445312500000e-02
-2.963256835937500000e-02,-2.963256835937500000e-02
-2.239990234375000000e-02,-2.239990234375000000e-02
-1.766967773437500000e-02,-1.766967773437500000e-02
-1.376342773437500000e-02,-1.376342773437500000e-02
-1.242065429687500000e-02,-1.242065429687500000e-02
-1.504516601562500000e-02,-1.504516601562500000e-02
-1.794433593750000000e-02,-1.794433593750000000e-02
-2.230834960937500000e-02,-2.230834960937500000e-02
-3.005981445312500000e-02,-3.005981445312500000e-02
-4.071044921875000000e-02,-4.071044921875000000e-02
-5.346679687500000000e-02,-5.346679687500000000e-02
-6.491088867187500000e-02,-6.491088867187500000e-02
-7.666015625000000000e-02,-7.666015625000000000e-02
-8.822631835937500000e-02,-8.822631835937500000e-02
-9.732055664062500000e-02,-9.732055664062500000e-02
-1.086425781250000000e-01,-1.086425781250000000e-01
-1.209716796875000000e-01,-1.209716796875000000e-01
-1.304626464843750000e-01,-1.304626464843750000e-01
-1.402282714843750000e-01,-1.402282714843750000e-01
-1.495666503906250000e-01,-1.495666503906250000e-01
-1.567687988281250000e-01,-1.567687988281250000e-01
-1.650695800781250000e-01,-1.650695800781250000e-01
-1.727294921875000000e-01,-1.727294921875000000e-01
-1.770935058593750000e-01,-1.770935058593750000e-01
-1.811523437500000000e-01,-1.811523437500000000e-01
-1.839599609375000000e-01,-1.839599609375000000e-01
-1.828918457031250000e-01,-1.828918457031250000e-01
-1.783447265625000000e-01,-1.783447265625000000e-01
-1.713867187500000000e-01,-1.713867187500000000e-01
-1.642456054687500000e-01,-1.642456054687500000e-01
-1.566162109375000000e-01,-1.566162109375000000e-01
-1.478576660156250000e-01,-1.478576660156250000e-01
-1.385803222656250000e-01,-1.385803222656250000e-01
-1.266784667968750000e-01,-1.266784667968750000e-01
-1.154785156250000000e-01,-1.154785156250000000e-01
-1.097412109375000000e-01,-1.097412109375000000e-01
-1.055603027343750000e-01,-1.055603027343750000e-01
-9.957885742187500000e-02,-9.957885742187500000e-02
-9.365844726562500000e-02,-9.365844726562500000e-02
-8.950805664062500000e-02,-8.950805664062500000e-02
-8.807373046875000000e-02,-8.807373046875000000e-02
-8.990478515625000000e-02,-8.990478515625000000e-02
-9.054565429687500000e-02,-9.054565429687500000e-02
-8.715820312500000000e-02,-8.715820312500000000e-02
-8.352661132812500000e-02,-8.352661132812500000e-02
-7.989501953125000000e-02,-7.989501953125000000e-02
-7.534790039062500000e-02,-7.534790039062500000e-02
-7.229614257812500000e-02,-7.229614257812500000e-02
-6.842041015625000000e-02,-6.842041015625000000e-02
-5.917358398437500000e-02,-5.917358398437500000e-02
-4.898071289062500000e-02,-4.898071289062500000e-02
-4.193115234375000000e-02,-4.193115234375000000e-02
-3.439331054687500000e-02,-3.439331054687500000e-02
-2.603149414062500000e-02,-2.603149414062500000e-02
-1.708984375000000000e-02,-1.708984375000000000e-02
-5.828857421875000000e-03,-5.828857421875000000e-03
5.523681640625000000e-03,5.523681640625000000e-03
1.370239257812500000e-02,1.370239257812500000e-02
2.069091796875000000e-02,2.069091796875000000e-02
3.002929687500000000e-02,3.002929687500000000e-02
4.095458984375000000e-02,4.095458984375000000e-02
5.221557617187500000e-02,5.221557617187500000e-02
6.085205078125000000e-02,6.085205078125000000e-02
6.546020507812500000e-02,6.546020507812500000e-02
7.110595703125000000e-02,7.110595703125000000e-02
7.907104492187500000e-02,7.907104492187500000e-02
8.374023437500000000e-02,8.374023437500000000e-02
8.416748046875000000e-02,8.416748046875000000e-02
8.551025390625000000e-02,8.551025390625000000e-02
8.670043945312500000e-02,8.670043945312500000e-02
8.520507812500000000e-02,8.520507812500000000e-02
8.505249023437500000e-02,8.505249023437500000e-02
8.416748046875000000e-02,8.416748046875000000e-02
7.922363281250000000e-02,7.922363281250000000e-02
7.669067382812500000e-02,7.669067382812500000e-02
7.971191406250000000e-02,7.971191406250000000e-02
8.203125000000000000e-02,8.203125000000000000e-02
8.074951171875000000e-02,8.074951171875000000e-02
8.157348632812500000e-02,8.157348632812500000e-02
8.712768554687500000e-02,8.712768554687500000e-02
9.210205078125000000e-02,9.210205078125000000e-02
9.555053710937500000e-02,9.555053710937500000e-02
1.017456054687500000e-01,1.017456054687500000e-01
1.099548339843750000e-01,1.099548339843750000e-01
1.159667968750000000e-01,1.159667968750000000e-01
1.210937500000000000e-01,1.210937500000000000e-01
1.277770996093750000e-01,1.277770996093750000e-01
1.318969726562500000e-01,1.318969726562500000e-01
1.349487304687500000e-01,1.349487304687500000e-01
1.406860351562500000e-01,1.406860351562500000e-01
1.444396972656250000e-01,1.444396972656250000e-01
1.449584960937500000e-01,1.449584960937500000e-01
1.457824707031250000e-01,1.457824707031250000e-01
1.479187011718750000e-01,1.479187011718750000e-01
1.490478515625000000e-01,1.490478515625000000e-01
1.480712890625000000e-01,1.480712890625000000e-01
1.466369628906250000e-01,1.466369628906250000e-01
1.441650390625000000e-01,1.441650390625000000e-01
1.419067382812500000e-01,1.419067382812500000e-01
1.419067382812500000e-01,1.419067382812500000e-01
1.401977539062500000e-01,1.401977539062500000e-01
1.345520019531250000e-01,1.345520019531250000e-01
1.291198730468750000e-01,1.291198730468750000e-01
1.266479492187500000e-01,1.266479492187500000e-01
1.250000000000000000e-01,1.250000000000000000e-01
1.221313476562500000e-01,1.221313476562500000e-01
1.206054687500000000e-01,1.206054687500000000e-01
1.212768554687500000e-01,1.212768554687500000e-01
1.216735839843750000e-01,1.216735839843750000e-01
1.235961914062500000e-01,1.235961914062500000e-01
1.287231445312500000e-01,1.287231445312500000e-01
1.343078613281250000e-01,1.343078613281250000e-01
1.385803222656250000e-01,1.385803222656250000e-01
1.452941894531250000e-01,1.452941894531250000e-01
1.554260253906250000e-01,1.554260253906250000e-01
1.604919433593750000e-01,1.604919433593750000e-01
1.611938476562500000e-01,1.611938476562500000e-01
1.671447753906250000e-01,1.671447753906250000e-01
1.754455566406250000e-01,1.754455566406250000e-01
1.795654296875000000e-01,1.795654296875000000e-01
1.799926757812500000e-01,1.799926757812500000e-01
1.780700683593750000e-01,1.780700683593750000e-01
1.757507324218750000e-01,1.757507324218750000e-01
1.756896972656250000e-01,1.756896972656250000e-01
1.767578125000000000e-01,1.767578125000000000e-01
1.742858886718750000e-01,1.742858886718750000e-01
1.676330566406250000e-01,1.676330566406250000e-01
1.631164550781250000e-01,1.631164550781250000e-01
1.609802246093750000e-01,1.609802246093750000e-01
1.575317382812500000e-01,1.575317382812500000e-01
1.550292968750000000e-01,1.550292968750000000e-01
1.506652832031250000e-01,1.506652832031250000e-01
1.435546875000000000e-01,1.435546875000000000e-01
1.416931152343750000e-01,1.416931152343750000e-01
1.431274414062500000e-01,1.431274414062500000e-01
1.386108398437500000e-01,1.386108398437500000e-01
1.329650878906250000e-01,1.329650878906250000e-01
1.329650878906250000e-01,1.329650878906250000e-01
1.299438476562500000e-01,1.299438476562500000e-01
1.248474121093750000e-01,1.248474121093750000e-01
1.268615722656250000e-01,1.268615722656250000e-01
1.264343261718750000e-01,1.264343261718750000e-01
1.204528808593750000e-01,1.204528808593750000e-01
1.195983886718750000e-01,1.195983886718750000e-01
1.196594238281250000e-01,1.196594238281250000e-01
1.127014160156250000e-01,1.127014160156250000e-01
1.057739257812500000e-01,1.057739257812500000e-01
1.044006347656250000e-01,1.044006347656250000e-01
9.820556640625000000e-02,9.820556640625000000e-02
8.251953125000000000e-02,8.251953125000000000e-02
6.790161132812500000e-02,6.790161132812500000e-02
5.496215820312500000e-02,5.496215820312500000e-02
3.939819335937500000e-02,3.939819335937500000e-02
2.316284179687500000e-02,2.316284179687500000e-02
6.011962890625000000e-03,6.011962890625000000e-03
-1.141357421875000000e-02,-1.141357421875000000e-02
-2.978515625000000000e-02,-2.978515625000000000e-02
-5.133056640625000000e-02,-5.133056640625000000e-02
-7.095336914062500000e-02,-7.095336914062500000e-02
-8.172607421875000000e-02,-8.172607421875000000e-02
-8.996582031250000000e-02,-8.996582031250000000e-02
-1.029663085937500000e-01,-1.029663085937500000e-01
-1.113586425781250000e-01,-1.113586425781250000e-01
-1.141662597656250000e-01,-1.141662597656250000e-01
-1.195068359375000000e-01,-1.195068359375000000e-01
-1.234436035156250000e-01,-1.234436035156250000e-01
-1.222534179687500000e-01,-1.222534179687500000e-01
-1.180114746093750000e-01,-1.180114746093750000e-01
-1.156921386718750000e-01,-1.156921386718750000e-01
-1.152954101562500000e-01,-1.152954101562500000e-01
-1.126403808593750000e-01,-1.126403808593750000e-01
-1.128540039062500000e-01,-1.128540039062500000e-01
-1.141662597656250000e-01,-1.141662597656250000e-01
-1.079711914062500000e-01,-1.079711914062500000e-01
-1.038818359375000000e-01,-1.038818359375000000e-01
-1.082458496093750000e-01,-1.082458496093750000e-01
-1.094360351562500000e-01,-1.094360351562500000e-01
-1.058349609375000000e-01,-1.058349609375000000e-01
-1.054382324218750000e-01,-1.054382324218750000e-01
-1.080627441406250000e-01,-1.080627441406250000e-01
-1.095275878906250000e-01,-1.095275878906250000e-01
-1.113586425781250000e-01,-1.113586425781250000e-01
-1.145019531250000000e-01,-1.145019531250000000e-01
-1.140136718750000000e-01,-1.140136718750000000e-01
-1.141357421875000000e-01,-1.141357421875000000e-01
-1.241455078125000000e-01,-1.241455078125000000e-01
-1.343078613281250000e-01,-1.343078613281250000e-01
-1.351928710937500000e-01,-1.351928710937500000e-01
-1.384582519531250000e-01,-1.384582519531250000e-01
-1.449890136718750000e-01,-1.449890136718750000e-01
-1.449890136718750000e-01,-1.449890136718750000e-01
-1.477050781250000000e-01,-1.477050781250000000e-01
-1.552429199218750000e-01,-1.552429199218750000e-01
-1.528320312500000000e-01,-1.528320312500000000e-01
-1.443176269531250000e-01,-1.443176269531250000e-01
-1.404418945312500000e-01,-1.404418945312500000e-01
-1.331481933593750000e-01,-1.331481933593750000e-01
-1.185913085937500000e-01,-1.185913085937500000e-01
-1.062927246093750000e-01,-1.062927246093750000e-01
-9.771728515625000000e-02,-9.771728515625000000e-02
-8.618164062500000000e-02,-8.618164062500000000e-02
-7.064819335937500000e-02,-7.064819335937500000e-02
-5.783081054687500000e-02,-5.783081054687500000e-02
-4.937744140625000000e-02,-4.937744140625000000e-02
-3.994750976562500000e-02,-3.994750976562500000e-02
-3.137207031250000000e-02,-3.137207031250000000e-02
-2.767944335937500000e-02,-2.767944335937500000e-02
-2.435302734375000000e-02,-2.435302734375000000e-02
-2.145385742187500000e-02,-2.145385742187500000e-02
-2.377319335937500000e-02,-2.377319335937500000e-02
-2.496337890625000000e-02,-2.496337890625000000e-02
-2.243041992187500000e-02,-2.243041992187500000e-02
-2.444458007812500000e-02,-2.444458007812500000e-02
-2.954101562500000000e-02,-2.954101562500000000e-02
-3.149414062500000000e-02,-3.149414062500000000e-02
-3.247070312500000000e-02,-3.247070312500000000e-02
-3.506469726562500000e-02,-3.506469726562500000e-02
-3.820800781250000000e-02,-3.820800781250000000e-02
-4.193115234375000000e-02,-4.193115234375000000e-02
-4.638671875000000000e-02,-4.638671875000000000e-02
-5.004882812500000000e-02,-5.004882812500000000e-02
-5.261230468750000000e-02,-5.261230468750000000e-02
-5.615234375000000000e-02,-5.615234375000000000e-02
-6.030273437500000000e-02,-6.030273437500000000e-02
-6.265258789062500000e-02,-6.265258789062500000e-02
-6.402587890625000000e-02,-6.402587890625000000e-02
-6.405639648437500000e-02,-6.405639648437500000e-02
-6.094360351562500000e-02,-6.094360351562500000e-02
-5.776977539062500000e-02,-5.776977539062500000e-02
-5.709838867187500000e-02,-5.709838867187500000e-02
-5.621337890625000000e-02,-5.621337890625000000e-02
-5.230712890625000000e-02,-5.230712890625000000e-02
-4.672241210937500000e-02,-4.672241210937500000e-02
-4.269409179687500000e-02,-4.269409179687500000e-02
-4.202270507812500000e-02,-4.202270507812500000e-02
-4.269409179687500000e-02,-4.269409179687500000e-02
-4.302978515625000000e-02,-4.302978515625000000e-02
-4.473876953125000000e-02,-4.473876953125000000e-02
-4.849243164062500000e-02,-4.849243164062500000e-02
-5.307006835937500000e-02,-5.307006835937500000e-02
-5.886840820312500000e-02,-5.886840820312500000e-02
-6.640625000000000000e-02,-6.640625000000000000e-02
-7.394409179687500000e-02,-7.394409179687500000e-02
-8.096313476562500000e-02,-8.096313476562500000e-02
-8.816528320312500000e-02,-8.816528320312500000e-02
-9.512329101562500000e-02,-9.512329101562500000e-02
-1.022338867187500000e-01,-1.022338867187500000e-01
-1.091918945312500000e-01,-1.091918945312500000e-01
-1.150512695312500000e-01,-1.150512695312500000e-01
-1.192321777343750000e-01,-1.192321777343750000e-01
-1.228332519531250000e-01,-1.228332519531250000e-01
-1.257629394531250000e-01,-1.257629394531250000e-01
-1.274719238281250000e-01,-1.274719238281250000e-01
-1.292114257812500000e-01,-1.292114257812500000e-01
-1.280212402343750000e-01,-1.280212402343750000e-01
-1.242065429687500000e-01,-1.242065429687500000e-01
-1.218872070312500000e-01,-1.218872070312500000e-01
-1.187438964843750000e-01,-1.187438964843750000e-01
-1.132812500000000000e-01,-1.132812500000000000e-01
