-6.026056123802085718e-02,-6.026056123802085718e-02
-5.686982541270542424e-02,-5.686982541270542424e-02
-4.678515017696059652e-02,-4.678515017696059652e-02
-5.045526648917220830e-02,-5.045526648917220830e-02
-6.196105337048186945e-02,-6.196105337048186945e-02
-4.990846190176882746e-02,-4.990846190176882746e-02
-3.243630610336528663e-02,-3.243630610336528663e-02
-4.746224704678028011e-02,-4.746224704678028011e-02
-5.025502555314821651e-02,-5.025502555314821651e-02
-5.507443828249602991e-02,-5.507443828249602991e-02
-4.407525318516264390e-02,-4.407525318516264390e-02
-5.015792598792524759e-02,-5.015792598792524759e-02
-4.927028461228677436e-02,-4.927028461228677436e-02
-4.354718931891598394e-02,-4.354718931891598394e-02
-6.511964266795501610e-02,-6.511964266795501610e-02
-6.715397531143019183e-02,-6.715397531143019183e-02
-6.701972966926825204e-02,-6.701972966926825204e-02
-4.617922355928024553e-02,-4.617922355928024553e-02
-6.256348315436396912e-02,-6.256348315436396912e-02
-4.641705402598326341e-02,-4.641705402598326341e-02
-7.364514912542480252e-02,-7.364514912542480252e-02
-6.198263659913572782e-02,-6.198263659913572782e-02
-6.533491811685700201e-02,-6.533491811685700201e-02
-6.748328991962973533e-02,-6.748328991962973533e-02
-4.180456415007369197e-02,-4.180456415007369197e-02
-6.399303757653035385e-02,-6.399303757653035385e-02
-5.282893389227243802e-02,-5.282893389227243802e-02
-5.414166029108667677e-02,-5.414166029108667677e-02
-6.320713420337896460e-02,-6.320713420337896460e-02
-5.307290134849342034e-02,-5.307290134849342034e-02
-4.914107993806057784e-02,-4.914107993806057784e-02
-4.089030728490648803e-02,-4.089030728490648803e-02
-7.126413836930066414e-02,-7.126413836930066414e-02
-5.814849171196949384e-02,-5.814849171196949384e-02
-5.971132512294557992e-02,-5.971132512294557992e-02
-5.687010112737657386e-02,-5.687010112737657386e-02
-5.774747939706002808e-02,-5.774747939706002808e-02
-5.312502360322352013e-02,-5.312502360322352013e-02
-5.109801790400379101e-02,-5.109801790400379101e-02
-5.745373161307694432e-02,-5.745373161307694432e-02
-4.597307047749596420e-02,-4.597307047749596420e-02
-4.665514187879277186e-02,-4.665514187879277186e-02
-7.719477899552774913e-02,-7.719477899552774913e-02
-4.656538179652380122e-02,-4.656538179652380122e-02
-3.450755909370276098e-02,-3.450755909370276098e-02
-5.336120839180179959e-02,-5.336120839180179959e-02
-6.205255543177863597e-02,-6.205255543177863597e-02
-5.617404980546159693e-02,-5.617404980546159693e-02
-6.008407379834904832e-02,-6.008407379834904832e-02
-4.732933860631761275e-02,-4.732933860631761275e-02
-6.322356784803451202e-02,-6.322356784803451202e-02
-5.923552460878994674e-02,-5.923552460878994674e-02
-6.946713352766584193e-02,-6.946713352766584193e-02
-5.685456766885714497e-02,-5.685456766885714497e-02
-3.413976905751268942e-02,-3.413976905751268942e-02
-5.603396013178034429e-02,-5.603396013178034429e-02
-6.382040988089128508e-02,-6.382040988089128508e-02
-4.633411489841358921e-02,-4.633411489841358921e-02
-6.308836992873204097e-02,-6.308836992873204097e-02
-7.043641314992091229e-02,-7.043641314992091229e-02
-6.462715274547548017e-02,-6.462715274547548017e-02
-6.569407473186475444e-02,-6.569407473186475444e-02
-5.846228894762448697e-02,-5.846228894762448697e-02
-5.524200510701189615e-02,-5.524200510701189615e-02
-4.202288707221370212e-02,-4.202288707221370212e-02
-5.128561502423654994e-02,-5.128561502423654994e-02
-7.009360398110489609e-02,-7.009360398110489609e-02
-5.285504239338190829e-02,-5.285504239338190829e-02
-7.603284015958193531e-02,-7.603284015958193531e-02
-5.098289080213393165e-02,-5.098289080213393165e-02
-5.850991833178745272e-02,-5.850991833178745272e-02
-8.073292058060305143e-02,-8.073292058060305143e-02
-5.669356629332437947e-02,-5.669356629332437947e-02
-5.558299524177743450e-02,-5.558299524177743450e-02
-7.298208753492853307e-02,-7.298208753492853307e-02
-5.739642432584717013e-02,-5.739642432584717013e-02
-5.701127432568238451e-02,-5.701127432568238451e-02
-6.699086445431867709e-02,-6.699086445431867709e-02
-5.918624003725724003e-02,-5.918624003725724003e-02
-4.138767834858413097e-02,-4.138767834858413097e-02
-5.105179155948100234e-02,-5.105179155948100234e-02
-6.463118675867615681e-02,-6.463118675867615681e-02
-5.737079004462046494e-02,-5.737079004462046494e-02
-7.108606773587289318e-02,-7.108606773587289318e-02
-5.630618041265356838e-02,-5.630618041265356838e-02
-5.759607481660784095e-02,-5.759607481660784095e-02
-3.458895091920113907e-02,-3.458895091920113907e-02
-5.090771181672287815e-02,-5.090771181672287815e-02
-5.791720884452647433e-02,-5.791720884452647433e-02
-8.172040269528103862e-02,-8.172040269528103862e-02
-4.080161233706610519e-02,-4.080161233706610519e-02
-6.978313906247532450e-02,-6.978313906247532450e-02
-6.321348576174862233e-02,-6.321348576174862233e-02
-5.469599191755713380e-02,-5.469599191755713380e-02
-6.506312027216121230e-02,-6.506312027216121230e-02
-4.886920383775908427e-02,-4.886920383775908427e-02
-5.339686949063190274e-02,-5.339686949063190274e-02
-5.876737185893464444e-02,-5.876737185893464444e-02
-6.240964687506080077e-02,-6.240964687506080077e-02
-5.237288431142886336e-02,-5.237288431142886336e-02
-7.338590632624687748e-02,-7.338590632624687748e-02
-6.406485965592863263e-02,-6.406485965592863263e-02
-6.320623369189606877e-02,-6.320623369189606877e-02
-7.702134384374913212e-02,-7.702134384374913212e-02
-4.232082792031206103e-02,-4.232082792031206103e-02
-4.360263057089659722e-02,-4.360263057089659722e-02
-4.542740332471863207e-02,-4.542740332471863207e-02
-7.631200798540456465e-02,-7.631200798540456465e-02
-5.136717762864473347e-02,-5.136717762864473347e-02
-6.315687365155661648e-02,-6.315687365155661648e-02
-4.292594544092340203e-02,-4.292594544092340203e-02
-6.262775948522972258e-02,-6.262775948522972258e-02
-6.625211648031928413e-02,-6.625211648031928413e-02
-6.492620021298146915e-02,-6.492620021298146915e-02
-7.542203822588833262e-02,-7.542203822588833262e-02
-4.604952179310840138e-02,-4.604952179310840138e-02
-3.701182525878748270e-02,-3.701182525878748270e-02
-5.412251484754102004e-02,-5.412251484754102004e-02
-6.384250678699926462e-02,-6.384250678699926462e-02
-6.249519909814343910e-02,-6.249519909814343910e-02
-5.076016777030217808e-02,-5.076016777030217808e-02
-2.964508863952713957e-02,-2.964508863952713957e-02
-5.340001516172824397e-02,-5.340001516172824397e-02
-4.893557799837326000e-02,-4.893557799837326000e-02
-4.104572102297612129e-02,-4.104572102297612129e-02
-5.969174105755272602e-02,-5.969174105755272602e-02
-4.777673554745976575e-02,-4.777673554745976575e-02
-5.696447711200288561e-02,-5.696447711200288561e-02
-6.628002284927907162e-02,-6.628002284927907162e-02
-4.831345854452240296e-02,-4.831345854452240296e-02
-5.802834889509274341e-02,-5.802834889509274341e-02
-4.618402857320000332e-02,-4.618402857320000332e-02
-3.495704787505084232e-02,-3.495704787505084232e-02
-6.430669539328308371e-02,-6.430669539328308371e-02
-4.586541534137761333e-02,-4.586541534137761333e-02
-6.092036792102008269e-02,-6.092036792102008269e-02
-4.896476474213661695e-02,-4.896476474213661695e-02
-5.577635205509100247e-02,-5.577635205509100247e-02
-5.791892599679787645e-02,-5.791892599679787645e-02
-5.168082235483863890e-02,-5.168082235483863890e-02
-6.784626990505678024e-02,-6.784626990505678024e-02
-3.470884479400260930e-02,-3.470884479400260930e-02
-4.172024900090117588e-02,-4.172024900090117588e-02
-6.482272318662304911e-02,-6.482272318662304911e-02
-6.876565368756593077e-02,-6.876565368756593077e-02
-6.207212529360612435e-02,-6.207212529360612435e-02
-7.065865434849306903e-02,-7.065865434849306903e-02
-3.120285296745834575e-02,-3.120285296745834575e-02
-5.100773102190742786e-02,-5.100773102190742786e-02
-6.522022997636077457e-02,-6.522022997636077457e-02
-7.149582703167928210e-02,-7.149582703167928210e-02
-5.854772755431869591e-02,-5.854772755431869591e-02
-7.924378025676531712e-02,-7.924378025676531712e-02
-7.913657208431572332e-02,-7.913657208431572332e-02
-6.109279225945736524e-02,-6.109279225945736524e-02
-6.239531728383494041e-02,-6.239531728383494041e-02
-5.887340125784828321e-02,-5.887340125784828321e-02
-5.445982108794612808e-02,-5.445982108794612808e-02
-4.865515944014230793e-02,-4.865515944014230793e-02
-4.018304308476835368e-02,-4.018304308476835368e-02
-5.325099102561491743e-02,-5.325099102561491743e-02
-5.278836550283520085e-02,-5.278836550283520085e-02
-5.850992592910458229e-02,-5.850992592910458229e-02
-4.149097406334084637e-02,-4.149097406334084637e-02
-4.884654154545080978e-02,-4.884654154545080978e-02
-5.826806901161971086e-02,-5.826806901161971086e-02
-5.485267661590913224e-02,-5.485267661590913224e-02
-3.699828266428393381e-02,-3.699828266428393381e-02
-6.230347251528584734e-02,-6.230347251528584734e-02
-4.669763908985321427e-02,-4.669763908985321427e-02
-6.841028999558032564e-02,-6.841028999558032564e-02
-4.397942682332460496e-02,-4.397942682332460496e-02
-4.173989737529799904e-02,-4.173989737529799904e-02
-5.677596171286367066e-02,-5.677596171286367066e-02
-4.946214116316082626e-02,-4.946214116316082626e-02
-2.993406264602176126e-02,-2.993406264602176126e-02
-4.805786602127821300e-02,-4.805786602127821300e-02
-6.122349115055232549e-02,-6.122349115055232549e-02
-5.367242716301980077e-02,-5.367242716301980077e-02
-5.386189123026383085e-02,-5.386189123026383085e-02
-4.912598582231762767e-02,-4.912598582231762767e-02
-4.825136497711823846e-02,-4.825136497711823846e-02
-6.133129155633708363e-02,-6.133129155633708363e-02
-4.834654686071436502e-02,-4.834654686071436502e-02
-6.565532383696708052e-02,-6.565532383696708052e-02
-5.305284767629571407e-02,-5.305284767629571407e-02
-6.139843526499528387e-02,-6.139843526499528387e-02
-5.285593871979312602e-02,-5.285593871979312602e-02
-6.018149500910478789e-02,-6.018149500910478789e-02
-4.528844015102417853e-02,-4.528844015102417853e-02
-6.331922817838860074e-02,-6.331922817838860074e-02
-6.199467536688886560e-02,-6.199467536688886560e-02
-5.458369141013430514e-02,-5.458369141013430514e-02
-5.763605870747433996e-02,-5.763605870747433996e-02
-5.937804134965926628e-02,-5.937804134965926628e-02
-7.449597749513120482e-02,-7.449597749513120482e-02
-4.680978045321516900e-02,-4.680978045321516900e-02
-5.303039375886096918e-02,-5.303039375886096918e-02
-4.714743408620505893e-02,-4.714743408620505893e-02
-7.131613054218112480e-02,-7.131613054218112480e-02
-4.723988036612769559e-02,-4.723988036612769559e-02
-7.306482359357664713e-02,-7.306482359357664713e-02
-5.145576551415032007e-02,-5.145576551415032007e-02
-7.839183439050173563e-02,-7.839183439050173563e-02
-4.139308459762860298e-02,-4.139308459762860298e-02
-6.767139026946236702e-02,-6.767139026946236702e-02
-4.096356595128995692e-02,-4.096356595128995692e-02
-7.238292822525711767e-02,-7.238292822525711767e-02
-5.718455578604689227e-02,-5.718455578604689227e-02
-4.884047563818157134e-02,-4.884047563818157134e-02
-4.434995261294900210e-02,-4.434995261294900210e-02
-6.283090250959796896e-02,-6.283090250959796896e-02
-4.867604018253110509e-02,-4.867604018253110509e-02
-6.529241754044703971e-02,-6.529241754044703971e-02
-7.206882972095336737e-02,-7.206882972095336737e-02
-4.891546451948501628e-02,-4.891546451948501628e-02
-4.395103704048317073e-02,-4.395103704048317073e-02
-6.774767499791134462e-02,-6.774767499791134462e-02
-5.358908338303439156e-02,-5.358908338303439156e-02
-5.549086171710908288e-02,-5.549086171710908288e-02
-6.440259342848426993e-02,-6.440259342848426993e-02
-6.882430614167282801e-02,-6.882430614167282801e-02
-5.154363292710420485e-02,-5.154363292710420485e-02
-5.645308680599823992e-02,-5.645308680599823992e-02
-4.325416426703754258e-02,-4.325416426703754258e-02
-6.189691152735311841e-02,-6.189691152735311841e-02
-5.338260945599065249e-02,-5.338260945599065249e-02
-6.375298573156744364e-02,-6.375298573156744364e-02
-7.444596858208783752e-02,-7.444596858208783752e-02
-6.325799313654605072e-02,-6.325799313654605072e-02
-7.627813910655663332e-02,-7.627813910655663332e-02
-6.260782741161165232e-02,-6.260782741161165232e-02
-5.942087748011379983e-02,-5.942087748011379983e-02
-5.142322922863160756e-02,-5.142322922863160756e-02
-5.435318572601453846e-02,-5.435318572601453846e-02
-6.114874247754942260e-02,-6.114874247754942260e-02
-6.216398869038382985e-02,-6.216398869038382985e-02
-5.341665377447225860e-02,-5.341665377447225860e-02
-4.725873459580087060e-02,-4.725873459580087060e-02
-5.234274100889821368e-02,-5.234274100889821368e-02
-6.098249430753818756e-02,-6.098249430753818756e-02
-6.812106412564591928e-02,-6.812106412564591928e-02
-4.998627323240444759e-02,-4.998627323240444759e-02
-6.113986732781539341e-02,-6.113986732781539341e-02
-6.845465039233543381e-02,-6.845465039233543381e-02
-6.521233842501486522e-02,-6.521233842501486522e-02
-6.405319078494080276e-02,-6.405319078494080276e-02
-6.007705874984926864e-02,-6.007705874984926864e-02
-6.063362050607220416e-02,-6.063362050607220416e-02
-4.272676409567275485e-02,-4.272676409567275485e-02
-4.824855254013155070e-02,-4.824855254013155070e-02
-6.025674849861516885e-02,-6.025674849861516885e-02
-4.893783684474497381e-02,-4.893783684474497381e-02
-6.457602921992944278e-02,-6.457602921992944278e-02
-5.453306000776714235e-02,-5.453306000776714235e-02
-7.388395811437664662e-02,-7.388395811437664662e-02
-4.561519238158030787e-02,-4.561519238158030787e-02
-5.066256695597406989e-02,-5.066256695597406989e-02
-4.000580835624168580e-02,-4.000580835624168580e-02
-6.231812597479252647e-02,-6.231812597479252647e-02
-5.036781637857867117e-02,-5.036781637857867117e-02
-4.787815260180396798e-02,-4.787815260180396798e-02
-4.805215825015152209e-02,-4.805215825015152209e-02
-5.701145517167325455e-02,-5.701145517167325455e-02
-6.045717037027172752e-02,-6.045717037027172752e-02
-5.740229218826451568e-02,-5.740229218826451568e-02
-6.667463276970438113e-02,-6.667463276970438113e-02
-4.595378814216843910e-02,-4.595378814216843910e-02
-5.757130996086595731e-02,-5.757130996086595731e-02
-4.898025884588398660e-02,-4.898025884588398660e-02
-3.885978616686930343e-02,-3.885978616686930343e-02
-5.455146300346851856e-02,-5.455146300346851856e-02
-3.712563073012148385e-02,-3.712563073012148385e-02
-4.809137158477417434e-02,-4.809137158477417434e-02
-8.441897479105904545e-02,-8.441897479105904545e-02
-6.433575003566795181e-02,-6.433575003566795181e-02
-5.858083256872305411e-02,-5.858083256872305411e-02
-2.587149461826190877e-02,-2.587149461826190877e-02
-3.664017665387635236e-02,-3.664017665387635236e-02
-5.547896589978962983e-02,-5.547896589978962983e-02
-6.584019290589814000e-02,-6.584019290589814000e-02
-4.183407943763976788e-02,-4.183407943763976788e-02
-5.734168199152817058e-02,-5.734168199152817058e-02
-8.257929939824265597e-02,-8.257929939824265597e-02
-7.458291653125191656e-02,-7.458291653125191656e-02
-6.632517848128767490e-02,-6.632517848128767490e-02
-6.095767652327956782e-02,-6.095767652327956782e-02
-7.109608926010521635e-02,-7.109608926010521635e-02
-5.851594770852698579e-02,-5.851594770852698579e-02
-6.813831487898078243e-02,-6.813831487898078243e-02
-5.851637370098355245e-02,-5.851637370098355245e-02
-5.481051064859467081e-02,-5.481051064859467081e-02
-6.270956037197565613e-02,-6.270956037197565613e-02
-5.752888773077192291e-02,-5.752888773077192291e-02
-4.788212042951059400e-02,-4.788212042951059400e-02
-5.516375763217819944e-02,-5.516375763217819944e-02
-6.255124483732954488e-02,-6.255124483732954488e-02
-3.682952391213865917e-02,-3.682952391213865917e-02
-5.244393461793996070e-02,-5.244393461793996070e-02
-3.608951489044318756e-02,-3.608951489044318756e-02
-5.252859736413850039e-02,-5.252859736413850039e-02
-6.098552143201130260e-02,-6.098552143201130260e-02
-4.521889788292609430e-02,-4.521889788292609430e-02
-4.625663860095326901e-02,-4.625663860095326901e-02
-5.856471976321180745e-02,-5.856471976321180745e-02
-6.229734855571213148e-02,-6.229734855571213148e-02
-5.939144306104730819e-02,-5.939144306104730819e-02
-4.681135114125567487e-02,-4.681135114125567487e-02
-4.882057587163647627e-02,-4.882057587163647627e-02
-6.106576612981309826e-02,-6.106576612981309826e-02
-5.635573353995941559e-02,-5.635573353995941559e-02
-5.080642316219011190e-02,-5.080642316219011190e-02
-4.536917233560538998e-02,-4.536917233560538998e-02
-6.434407313988788069e-02,-6.434407313988788069e-02
-7.151002128509273414e-02,-7.151002128509273414e-02
-6.020327729329447153e-02,-6.020327729329447153e-02
-4.145736563596279928e-02,-4.145736563596279928e-02
-6.056988319982011676e-02,-6.056988319982011676e-02
-5.402841769335234995e-02,-5.402841769335234995e-02
-3.841353884262051210e-02,-3.841353884262051210e-02
-5.724196132896176847e-02,-5.724196132896176847e-02
-6.726185702116191378e-02,-6.726185702116191378e-02
-5.341382838990086507e-02,-5.341382838990086507e-02
-4.568569518124122875e-02,-4.568569518124122875e-02
-5.664015955596912039e-02,-5.664015955596912039e-02
-5.758677564638936541e-02,-5.758677564638936541e-02
-5.193654337441891422e-02,-5.193654337441891422e-02
-5.691244757973116380e-02,-5.691244757973116380e-02
-5.379507400321437149e-02,-5.379507400321437149e-02
-6.548046816870795039e-02,-6.548046816870795039e-02
-4.581354722825455028e-02,-4.581354722825455028e-02
-5.348490238430154975e-02,-5.348490238430154975e-02
-5.173696768750191133e-02,-5.173696768750191133e-02
-5.656818073484354281e-02,-5.656818073484354281e-02
-6.450004591331995329e-02,-6.450004591331995329e-02
-4.162494941412175214e-02,-4.162494941412175214e-02
-6.253217768355931461e-02,-6.253217768355931461e-02
-6.093750861074263836e-02,-6.093750861074263836e-02
-5.900140207444867779e-02,-5.900140207444867779e-02
-6.202858980098522462e-02,-6.202858980098522462e-02
-4.672866422488373278e-02,-4.672866422488373278e-02
-4.887491599671605486e-02,-4.887491599671605486e-02
-4.643389792693040918e-02,-4.643389792693040918e-02
-4.287099581673405740e-02,-4.287099581673405740e-02
-5.300715635555026950e-02,-5.300715635555026950e-02
-6.658640657390446638e-02,-6.658640657390446638e-02
-5.823688821685500672e-02,-5.823688821685500672e-02
-7.480770725628498041e-02,-7.480770725628498041e-02
-6.391745150713942780e-02,-6.391745150713942780e-02
-5.047056133411442075e-02,-5.047056133411442075e-02
-3.852994379144641934e-02,-3.852994379144641934e-02
-5.809807277368253531e-02,-5.809807277368253531e-02
-6.754356074380242492e-02,-6.754356074380242492e-02
-5.455375540349796659e-02,-5.455375540349796659e-02
-6.084322808903033092e-02,-6.084322808903033092e-02
-5.462434798881045384e-02,-5.462434798881045384e-02
-5.955013433671454276e-02,-5.955013433671454276e-02
-6.468863943408202644e-02,-6.468863943408202644e-02
-5.267688262386106823e-02,-5.267688262386106823e-02
-5.575759458725316337e-02,-5.575759458725316337e-02
-6.002206249730032694e-02,-6.002206249730032694e-02
-8.366752412758818314e-02,-8.366752412758818314e-02
-3.911300834537513593e-02,-3.911300834537513593e-02
-6.281642959480908395e-02,-6.281642959480908395e-02
-6.929896035546800892e-02,-6.929896035546800892e-02
-8.442656313543098201e-02,-8.442656313543098201e-02
-5.221085799143870138e-02,-5.221085799143870138e-02
-5.550057466302643627e-02,-5.550057466302643627e-02
-4.470857006596008765e-02,-4.470857006596008765e-02
-6.935401716161701535e-02,-6.935401716161701535e-02
-6.209575756269741093e-02,-6.209575756269741093e-02
-5.632100051191639423e-02,-5.632100051191639423e-02
-6.579268506613682177e-02,-6.579268506613682177e-02
-5.891222400120148944e-02,-5.891222400120148944e-02
-7.117244436233806371e-02,-7.117244436233806371e-02
-6.665347435982196811e-02,-6.665347435982196811e-02
-5.831447046698115533e-02,-5.831447046698115533e-02
-4.541381394731616727e-02,-4.541381394731616727e-02
-6.494835588350003630e-02,-6.494835588350003630e-02
-6.262261240722469258e-02,-6.262261240722469258e-02
-5.252769277057583314e-02,-5.252769277057583314e-02
-7.182573964699910662e-02,-7.182573964699910662e-02
-5.472129531412280035e-02,-5.472129531412280035e-02
-6.993486045700567089e-02,-6.993486045700567089e-02
-5.797396472279459090e-02,-5.797396472279459090e-02
-6.358305170131690887e-02,-6.358305170131690887e-02
-5.962749574254647827e-02,-5.962749574254647827e-02
-5.354268079013201065e-02,-5.354268079013201065e-02
-5.342761518468967102e-02,-5.342761518468967102e-02
-6.377389344859665798e-02,-6.377389344859665798e-02
-4.241133357886008037e-02,-4.241133357886008037e-02
-4.106336635301283122e-02,-4.106336635301283122e-02
-3.988626559052517451e-02,-3.988626559052517451e-02
-5.714016915725739915e-02,-5.714016915725739915e-02
-7.480882866521691710e-02,-7.480882866521691710e-02
-4.944489089884717553e-02,-4.944489089884717553e-02
-7.331220752836639654e-02,-7.331220752836639654e-02
-6.387396317646190647e-02,-6.387396317646190647e-02
-3.763365869187119267e-02,-3.763365869187119267e-02
-5.393047372334335704e-02,-5.393047372334335704e-02
-5.830070133959140005e-02,-5.830070133959140005e-02
-5.198246938889494739e-02,-5.198246938889494739e-02
-5.768682420840310493e-02,-5.768682420840310493e-02
-8.188903663184940451e-02,-8.188903663184940451e-02
-5.568456492266462415e-02,-5.568456492266462415e-02
-6.964735601401607357e-02,-6.964735601401607357e-02
-4.503135138164394979e-02,-4.503135138164394979e-02
-6.800859707874590265e-02,-6.800859707874590265e-02
-4.496563886539070576e-02,-4.496563886539070576e-02
-7.022463303903861420e-02,-7.022463303903861420e-02
-4.676203538531341353e-02,-4.676203538531341353e-02
-8.588505645675645339e-02,-8.588505645675645339e-02
-5.369684382395683436e-02,-5.369684382395683436e-02
-4.505172873595236077e-02,-4.505172873595236077e-02
-6.158064281410559337e-02,-6.158064281410559337e-02
-4.424025839828445855e-02,-4.424025839828445855e-02
-7.739442921737653414e-02,-7.739442921737653414e-02
-7.877013505462555909e-02,-7.877013505462555909e-02
-8.851631825233026440e-02,-8.851631825233026440e-02
-5.701311701084345318e-02,-5.701311701084345318e-02
-6.679813124324524010e-02,-6.679813124324524010e-02
-5.273151635406587295e-02,-5.273151635406587295e-02
-4.729025023772381875e-02,-4.729025023772381875e-02
-5.895574551052798484e-02,-5.895574551052798484e-02
-5.101619758979249186e-02,-5.101619758979249186e-02
-2.890803234521475973e-02,-2.890803234521475973e-02
-7.127128695275718184e-02,-7.127128695275718184e-02
-5.904973410124087635e-02,-5.904973410124087635e-02
-5.211577384456718420e-02,-5.211577384456718420e-02
-4.863045476519188559e-02,-4.863045476519188559e-02
-4.667065684318169594e-02,-4.667065684318169594e-02
-5.496316641226869915e-02,-5.496316641226869915e-02
-3.920298116273532307e-02,-3.920298116273532307e-02
-7.503196098772690892e-02,-7.503196098772690892e-02
-5.430444882936781570e-02,-5.430444882936781570e-02
-6.395925127071476479e-02,-6.395925127071476479e-02
-5.578143209254235457e-02,-5.578143209254235457e-02
-4.662727955510556632e-02,-4.662727955510556632e-02
-4.566045839132980289e-02,-4.566045839132980289e-02
-5.279962120353472177e-02,-5.279962120353472177e-02
-5.159727088711135723e-02,-5.159727088711135723e-02
-7.147651389940468114e-02,-7.147651389940468114e-02
-5.849086249561316619e-02,-5.849086249561316619e-02
-4.998571820835326363e-02,-4.998571820835326363e-02
-4.940853011314751131e-02,-4.940853011314751131e-02
-6.775089281826918164e-02,-6.775089281826918164e-02
-3.420151758250689761e-02,-3.420151758250689761e-02
-5.339864830484404579e-02,-5.339864830484404579e-02
-5.351599982975496772e-02,-5.351599982975496772e-02
-5.733888333622753908e-02,-5.733888333622753908e-02
-4.875820869087483383e-02,-4.875820869087483383e-02
-6.588466827579278484e-02,-6.588466827579278484e-02
-6.339151915523041914e-02,-6.339151915523041914e-02
-5.090119379209560868e-02,-5.090119379209560868e-02
-7.401193053069954342e-02,-7.401193053069954342e-02
-7.301244571299109198e-02,-7.301244571299109198e-02
-6.479512260394780510e-02,-6.479512260394780510e-02
-5.627376845586609666e-02,-5.627376845586609666e-02
-4.226715335579870475e-02,-4.226715335579870475e-02
-6.782090127876427843e-02,-6.782090127876427843e-02
-5.466423334212539009e-02,-5.466423334212539009e-02
-7.000205259163078120e-02,-7.000205259163078120e-02
-6.499872390799535382e-02,-6.499872390799535382e-02
-5.919140816122903798e-02,-5.919140816122903798e-02
-5.852261628345484940e-02,-5.852261628345484940e-02
-6.003756626638812044e-02,-6.003756626638812044e-02
-4.901257052499466416e-02,-4.901257052499466416e-02
-5.332238124118032774e-02,-5.332238124118032774e-02
-6.647664555207383197e-02,-6.647664555207383197e-02
-6.751482493335309032e-02,-6.751482493335309032e-02
-5.264602033125099362e-02,-5.264602033125099362e-02
-5.154700077462572722e-02,-5.154700077462572722e-02
-6.786627108761139615e-02,-6.786627108761139615e-02
-5.025681042530891207e-02,-5.025681042530891207e-02
-5.634881009798124729e-02,-5.634881009798124729e-02
-6.236661727952627632e-02,-6.236661727952627632e-02
-6.489191104992775294e-02,-6.489191104992775294e-02
-4.846392718141803724e-02,-4.846392718141803724e-02
-5.915390834678313503e-02,-5.915390834678313503e-02
-4.377339396572310637e-02,-4.377339396572310637e-02
-5.690633543209969170e-02,-5.690633543209969170e-02
-4.926322481890402921e-02,-4.926322481890402921e-02
-4.725728052348480979e-02,-4.725728052348480979e-02
-6.873152437686419480e-02,-6.873152437686419480e-02
-4.881155035554632371e-02,-4.881155035554632371e-02
-6.773776174224445390e-02,-6.773776174224445390e-02
-3.926586521128879598e-02,-3.926586521128879598e-02
-4.626202828079553631e-02,-4.626202828079553631e-02
-6.746343686483011193e-02,-6.746343686483011193e-02
-4.749438972857054908e-02,-4.749438972857054908e-02
-4.988913004074971985e-02,-4.988913004074971985e-02
-4.175912753908041231e-02,-4.175912753908041231e-02
-5.122145874503870183e-02,-5.122145874503870183e-02
-5.849065383910771743e-02,-5.849065383910771743e-02
-4.816721008704540063e-02,-4.816721008704540063e-02
-5.644977975685631921e-02,-5.644977975685631921e-02
-5.821181026880074133e-02,-5.821181026880074133e-02
-6.287399267058475794e-02,-6.287399267058475794e-02
-5.517356272867456057e-02,-5.517356272867456057e-02
-5.079348271137873461e-02,-5.079348271137873461e-02
-6.775782742751146337e-02,-6.775782742751146337e-02
-4.807142570033511031e-02,-4.807142570033511031e-02
-6.797381455716436371e-02,-6.797381455716436371e-02
-5.822590731253358964e-02,-5.822590731253358964e-02
-6.567975913656076692e-02,-6.567975913656076692e-02
-5.152717080471838629e-02,-5.152717080471838629e-02
-6.802831169784928633e-02,-6.802831169784928633e-02
-4.738482427570317457e-02,-4.738482427570317457e-02
-5.898979974587366393e-02,-5.898979974587366393e-02
-6.076866747489434450e-02,-6.076866747489434450e-02
-5.837060020183802017e-02,-5.837060020183802017e-02
-5.602217224425751207e-02,-5.602217224425751207e-02
-6.646472641670127246e-02,-6.646472641670127246e-02
-3.728089763309185706e-02,-3.728089763309185706e-02
-4.666415052426878263e-02,-4.666415052426878263e-02
-5.889245083487563287e-02,-5.889245083487563287e-02
-7.394831168474388927e-02,-7.394831168474388927e-02
-6.649799847044389478e-02,-6.649799847044389478e-02
-6.476834000859810203e-02,-6.476834000859810203e-02
-4.555525287101751253e-02,-4.555525287101751253e-02
-5.625284606417718658e-02,-5.625284606417718658e-02
-7.015249919425156633e-02,-7.015249919425156633e-02
-4.761638193244598083e-02,-4.761638193244598083e-02
-4.850233531724836011e-02,-4.850233531724836011e-02
-4.793509750331008401e-02,-4.793509750331008401e-02
-3.719657769483707133e-02,-3.719657769483707133e-02
-5.421424694608673045e-02,-5.421424694608673045e-02
-5.853366746296134737e-02,-5.853366746296134737e-02
-6.591062318791175711e-02,-6.591062318791175711e-02
-5.599838392419617672e-02,-5.599838392419617672e-02
-7.586485737273321317e-02,-7.586485737273321317e-02
-5.258022081034706419e-02,-5.258022081034706419e-02
-4.516405010425798144e-02,-4.516405010425798144e-02
-6.523730637219735118e-02,-6.523730637219735118e-02
-7.315153019355813413e-02,-7.315153019355813413e-02
-7.426819251889424378e-02,-7.426819251889424378e-02
-6.178361356976805330e-02,-6.178361356976805330e-02
-5.100827739775679048e-02,-5.100827739775679048e-02
-4.638871319408945093e-02,-4.638871319408945093e-02
-6.074219554894910028e-02,-6.074219554894910028e-02
-4.732214929315882446e-02,-4.732214929315882446e-02
-4.155649326764128404e-02,-4.155649326764128404e-02
-6.724288640983892840e-02,-6.724288640983892840e-02
-7.404228512088069369e-02,-7.404228512088069369e-02
-3.952325221064661998e-02,-3.952325221064661998e-02
-5.036474768150034365e-02,-5.036474768150034365e-02
-6.160396164984477396e-02,-6.160396164984477396e-02
-5.882879557465080927e-02,-5.882879557465080927e-02
-6.646963959990345727e-02,-6.646963959990345727e-02
-3.440350012432345783e-02,-3.440350012432345783e-02
-5.638351928807074087e-02,-5.638351928807074087e-02
-7.075196389037456679e-02,-7.075196389037456679e-02
-4.535117152555202813e-02,-4.535117152555202813e-02
-6.923165845977197197e-02,-6.923165845977197197e-02
-5.185865352821567714e-02,-5.185865352821567714e-02
-6.510394158072770054e-02,-6.510394158072770054e-02
-5.729532070100133712e-02,-5.729532070100133712e-02
-4.882250887635924963e-02,-4.882250887635924963e-02
-6.169442272030436353e-02,-6.169442272030436353e-02
-4.754875451664783426e-02,-4.754875451664783426e-02
-4.517678973690369276e-02,-4.517678973690369276e-02
-5.583387779361386610e-02,-5.583387779361386610e-02
-6.275547348194766839e-02,-6.275547348194766839e-02
-5.947616738183731516e-02,-5.947616738183731516e-02
-4.458050963883811169e-02,-4.458050963883811169e-02
-4.501467249130888110e-02,-4.501467249130888110e-02
-4.651209646215435922e-02,-4.651209646215435922e-02
-7.242692083139654069e-02,-7.242692083139654069e-02
-6.508749327943157137e-02,-6.508749327943157137e-02
-6.262396104447010003e-02,-6.262396104447010003e-02
-7.310828228069449208e-02,-7.310828228069449208e-02
-5.257304483598676526e-02,-5.257304483598676526e-02
-7.267900181645822744e-02,-7.267900181645822744e-02
-6.041759208487196275e-02,-6.041759208487196275e-02
-5.111589618946853208e-02,-5.111589618946853208e-02
-6.838001096825135905e-02,-6.838001096825135905e-02
-4.616546122557456389e-02,-4.616546122557456389e-02
-5.873389191400425063e-02,-5.873389191400425063e-02
-4.167408618121795638e-02,-4.167408618121795638e-02
-7.548746606481096522e-02,-7.548746606481096522e-02
-6.500066988125813294e-02,-6.500066988125813294e-02
-6.474467112912359046e-02,-6.474467112912359046e-02
-3.295009704533696099e-02,-3.295009704533696099e-02
-5.238493505681850182e-02,-5.238493505681850182e-02
-5.683524451084255580e-02,-5.683524451084255580e-02
-5.411462660041342632e-02,-5.411462660041342632e-02
-5.745930720682927706e-02,-5.745930720682927706e-02
-6.455949554460831130e-02,-6.455949554460831130e-02
-6.994783935740614411e-02,-6.994783935740614411e-02
-4.658900111643090453e-02,-4.658900111643090453e-02
-6.675232206370487753e-02,-6.675232206370487753e-02
-4.475547306271762671e-02,-4.475547306271762671e-02
-5.716479142392345142e-02,-5.716479142392345142e-02
-6.892573452332606543e-02,-6.892573452332606543e-02
-6.652294302939952553e-02,-6.652294302939952553e-02
-6.183026933523213392e-02,-6.183026933523213392e-02
-6.437083471576482419e-02,-6.437083471576482419e-02
-7.125691943863486644e-02,-7.125691943863486644e-02
-5.335644691492915509e-02,-5.335644691492915509e-02
-5.325707818674951799e-02,-5.325707818674951799e-02
-4.343075941986840327e-02,-4.343075941986840327e-02
-4.212635800763760152e-02,-4.212635800763760152e-02
-4.690733627536898542e-02,-4.690733627536898542e-02
-4.976944250533437558e-02,-4.976944250533437558e-02
-5.124855112342403818e-02,-5.124855112342403818e-02
-5.364465651907364407e-02,-5.364465651907364407e-02
-6.331864304708004210e-02,-6.331864304708004210e-02
-4.631397821973214091e-02,-4.631397821973214091e-02
-5.227327398877517489e-02,-5.227327398877517489e-02
-5.883521336590517153e-02,-5.883521336590517153e-02
-7.480330591199690904e-02,-7.480330591199690904e-02
-5.361372034743790149e-02,-5.361372034743790149e-02
-5.940955148862069046e-02,-5.940955148862069046e-02
-6.208753243358448859e-02,-6.208753243358448859e-02
-5.462297924433778123e-02,-5.462297924433778123e-02
-6.598109390575451760e-02,-6.598109390575451760e-02
-6.240267664711628831e-02,-6.240267664711628831e-02
-7.225496848571348607e-02,-7.225496848571348607e-02
-8.509567969026991807e-02,-8.509567969026991807e-02
-6.038378422924872702e-02,-6.038378422924872702e-02
-4.656381384861488226e-02,-4.656381384861488226e-02
-6.060467340459399499e-02,-6.060467340459399499e-02
-5.099160612177423141e-02,-5.099160612177423141e-02
-4.915894519182167910e-02,-4.915894519182167910e-02
-5.758993375827289873e-02,-5.758993375827289873e-02
-7.185778440445414472e-02,-7.185778440445414472e-02
-6.321609994977406277e-02,-6.321609994977406277e-02
-5.909770812198676671e-02,-5.909770812198676671e-02
-5.502122062891536686e-02,-5.502122062891536686e-02
-4.160724161690333711e-02,-4.160724161690333711e-02
-7.614915787111097012e-02,-7.614915787111097012e-02
-6.473449060473586425e-02,-6.473449060473586425e-02
-5.739922385367829394e-02,-5.739922385367829394e-02
-4.672904617306725822e-02,-4.672904617306725822e-02
-4.873604171228093640e-02,-4.873604171228093640e-02
-4.838359659055795070e-02,-4.838359659055795070e-02
-6.730072465863608244e-02,-6.730072465863608244e-02
-4.948721785269565021e-02,-4.948721785269565021e-02
-7.468897546742414573e-02,-7.468897546742414573e-02
-5.852434215225153086e-02,-5.852434215225153086e-02
-5.268928361596747489e-02,-5.268928361596747489e-02
-5.362802042004054248e-02,-5.362802042004054248e-02
-6.210476600809837489e-02,-6.210476600809837489e-02
-5.415718888539981790e-02,-5.415718888539981790e-02
-4.559362887390189245e-02,-4.559362887390189245e-02
-5.544203511286216468e-02,-5.544203511286216468e-02
-4.954064624793586002e-02,-4.954064624793586002e-02
-5.209252065804130527e-02,-5.209252065804130527e-02
-5.828190893838910980e-02,-5.828190893838910980e-02
-4.501383788555817639e-02,-4.501383788555817639e-02
-4.942145952431933886e-02,-4.942145952431933886e-02
-5.554300188195082644e-02,-5.554300188195082644e-02
-4.133948126933630063e-02,-4.133948126933630063e-02
-6.661312224542242921e-02,-6.661312224542242921e-02
-5.515761150626246473e-02,-5.515761150626246473e-02
-6.141974348378813342e-02,-6.141974348378813342e-02
-5.553804762840822834e-02,-5.553804762840822834e-02
-3.818526368829314177e-02,-3.818526368829314177e-02
-7.295491063812277466e-02,-7.295491063812277466e-02
-4.905133882147755253e-02,-4.905133882147755253e-02
-6.654556482405328544e-02,-6.654556482405328544e-02
-5.556766612511836179e-02,-5.556766612511836179e-02
-6.037659030823451511e-02,-6.037659030823451511e-02
-4.943451145404663405e-02,-4.943451145404663405e-02
-6.756814653938589266e-02,-6.756814653938589266e-02
-4.543315586797213451e-02,-4.543315586797213451e-02
-6.260483078898156084e-02,-6.260483078898156084e-02
-7.072140240978729009e-02,-7.072140240978729009e-02
-6.167340235919932523e-02,-6.167340235919932523e-02
-5.630522444361492351e-02,-5.630522444361492351e-02
-4.369595205933582416e-02,-4.369595205933582416e-02
-5.842862251897626424e-02,-5.842862251897626424e-02
-5.747306209446613467e-02,-5.747306209446613467e-02
-4.935591958557186687e-02,-4.935591958557186687e-02
-4.961352073434917992e-02,-4.961352073434917992e-02
-5.949284653481904522e-02,-5.949284653481904522e-02
-5.229934332669164410e-02,-5.229934332669164410e-02
-6.193122978727072514e-02,-6.193122978727072514e-02
-6.138323770475155594e-02,-6.138323770475155594e-02
-5.595679050354458728e-02,-5.595679050354458728e-02
-4.799517651571014176e-02,-4.799517651571014176e-02
-4.857012552098103481e-02,-4.857012552098103481e-02
-3.607301011543115332e-02,-3.607301011543115332e-02
-3.601887038253607370e-02,-3.601887038253607370e-02
-5.400745113626961857e-02,-5.400745113626961857e-02
-5.839942374612966391e-02,-5.839942374612966391e-02
-5.307162867813135926e-02,-5.307162867813135926e-02
-4.770960639327902902e-02,-4.770960639327902902e-02
-5.521732688326169008e-02,-5.521732688326169008e-02
-5.777001580216609838e-02,-5.777001580216609838e-02
-5.681744021889488516e-02,-5.681744021889488516e-02
-5.517629685711759879e-02,-5.517629685711759879e-02
-3.545609231565900049e-02,-3.545609231565900049e-02
-5.320437486124304088e-02,-5.320437486124304088e-02
-4.585269600721487981e-02,-4.585269600721487981e-02
-5.994573171155016811e-02,-5.994573171155016811e-02
-4.794478989611091618e-02,-4.794478989611091618e-02
-5.468683975152076326e-02,-5.468683975152076326e-02
-6.809768155912117316e-02,-6.809768155912117316e-02
-7.319244931739313231e-02,-7.319244931739313231e-02
-6.766722365693353392e-02,-6.766722365693353392e-02
-4.082163151374008925e-02,-4.082163151374008925e-02
-5.756191855105453892e-02,-5.756191855105453892e-02
-5.607090987601978660e-02,-5.607090987601978660e-02
-4.258605787615945409e-02,-4.258605787615945409e-02
-6.131606946116383711e-02,-6.131606946116383711e-02
-6.593577856582785723e-02,-6.593577856582785723e-02
-5.157086250706205410e-02,-5.157086250706205410e-02
-4.925811951435032920e-02,-4.925811951435032920e-02
-4.333945378542554405e-02,-4.333945378542554405e-02
-6.231767818200342757e-02,-6.231767818200342757e-02
-6.437153220693431210e-02,-6.437153220693431210e-02
-4.691123581702973111e-02,-4.691123581702973111e-02
-4.274416068318380446e-02,-4.274416068318380446e-02
-4.443669578555722172e-02,-4.443669578555722172e-02
-6.171899486697772497e-02,-6.171899486697772497e-02
-5.871378689853312682e-02,-5.871378689853312682e-02
-6.981799984237642420e-02,-6.981799984237642420e-02
-6.406787090303921184e-02,-6.406787090303921184e-02
-5.471673111762902220e-02,-5.471673111762902220e-02
-6.888938907376840337e-02,-6.888938907376840337e-02
-5.887544623199093830e-02,-5.887544623199093830e-02
-5.817416994310360689e-02,-5.817416994310360689e-02
-5.664394474860560968e-02,-5.664394474860560968e-02
-5.572282087252638377e-02,-5.572282087252638377e-02
-6.031540600025046828e-02,-6.031540600025046828e-02
-5.044187185891627762e-02,-5.044187185891627762e-02
-6.054007491953092290e-02,-6.054007491953092290e-02
-6.519709549191979314e-02,-6.519709549191979314e-02
-6.171440205234474813e-02,-6.171440205234474813e-02
-4.283700234979998661e-02,-4.283700234979998661e-02
-3.435338768347073052e-02,-3.435338768347073052e-02
-5.831456183647336367e-02,-5.831456183647336367e-02
-6.927237015418907795e-02,-6.927237015418907795e-02
-5.742435531069203791e-02,-5.742435531069203791e-02
-4.676945592578636568e-02,-4.676945592578636568e-02
-8.073133208849800346e-02,-8.073133208849800346e-02
-7.056411861665654039e-02,-7.056411861665654039e-02
-5.560659779534073838e-02,-5.560659779534073838e-02
-9.013300555790162982e-02,-9.013300555790162982e-02
-6.996940968180311027e-02,-6.996940968180311027e-02
-4.963795436360543545e-02,-4.963795436360543545e-02
-4.663532292421774389e-02,-4.663532292421774389e-02
-4.756323331722420861e-02,-4.756323331722420861e-02
-6.116596031223580504e-02,-6.116596031223580504e-02
-5.934710093108078177e-02,-5.934710093108078177e-02
-5.325691049287812479e-02,-5.325691049287812479e-02
-5.593685857565795089e-02,-5.593685857565795089e-02
-6.764063503088005302e-02,-6.764063503088005302e-02
-5.996411640750319572e-02,-5.996411640750319572e-02
-5.452119427642225513e-02,-5.452119427642225513e-02
-5.433265161889136441e-02,-5.433265161889136441e-02
-6.364629042815816984e-02,-6.364629042815816984e-02
-6.375037796149110592e-02,-6.375037796149110592e-02
-6.482857729566537941e-02,-6.482857729566537941e-02
-4.834126715750781261e-02,-4.834126715750781261e-02
-6.165221894162954686e-02,-6.165221894162954686e-02
-5.289702725588428522e-02,-5.289702725588428522e-02
-6.221430964531411006e-02,-6.221430964531411006e-02
-3.545565534438849947e-02,-3.545565534438849947e-02
-5.967278886284217709e-02,-5.967278886284217709e-02
-4.755706968784489952e-02,-4.755706968784489952e-02
-6.996682381815742813e-02,-6.996682381815742813e-02
-5.287584948085714831e-02,-5.287584948085714831e-02
-7.206685053801231700e-02,-7.206685053801231700e-02
-6.910949375915499682e-02,-6.910949375915499682e-02
-5.791668102580714572e-02,-5.791668102580714572e-02
-6.002270845333967930e-02,-6.002270845333967930e-02
-4.706644288113484564e-02,-4.706644288113484564e-02
-4.169647207017566914e-02,-4.169647207017566914e-02
-5.903599266717121652e-02,-5.903599266717121652e-02
-5.657571292929407247e-02,-5.657571292929407247e-02
-5.390539739058828467e-02,-5.390539739058828467e-02
-6.941831604157495950e-02,-6.941831604157495950e-02
-6.362213691847112829e-02,-6.362213691847112829e-02
-6.707534702430240081e-02,-6.707534702430240081e-02
-7.315375131945228704e-02,-7.315375131945228704e-02
-6.580253423195717155e-02,-6.580253423195717155e-02
-6.180032853214172811e-02,-6.180032853214172811e-02
-5.010623039609345131e-02,-5.010623039609345131e-02
-4.589537357375941817e-02,-4.589537357375941817e-02
-7.452782748861734585e-02,-7.452782748861734585e-02
-5.402761824053786688e-02,-5.402761824053786688e-02
-6.683571998201981446e-02,-6.683571998201981446e-02
-5.191421916640344414e-02,-5.191421916640344414e-02
-7.222296376060688416e-02,-7.222296376060688416e-02
-2.852511027353243911e-02,-2.852511027353243911e-02
-5.639847168361440677e-02,-5.639847168361440677e-02
-7.747627290315022008e-02,-7.747627290315022008e-02
-5.649119969792103235e-02,-5.649119969792103235e-02
-6.090090058479214613e-02,-6.090090058479214613e-02
-6.463982381880056804e-02,-6.463982381880056804e-02
-5.275727003986811769e-02,-5.275727003986811769e-02
-4.967222671445335747e-02,-4.967222671445335747e-02
-5.894296276895182735e-02,-5.894296276895182735e-02
-6.435881926062253511e-02,-6.435881926062253511e-02
-5.603218642587296655e-02,-5.603218642587296655e-02
-6.828017759965765432e-02,-6.828017759965765432e-02
-7.073983309461154279e-02,-7.073983309461154279e-02
-5.128963147549095436e-02,-5.128963147549095436e-02
-6.156685446896707770e-02,-6.156685446896707770e-02
-6.693901250614672782e-02,-6.693901250614672782e-02
-5.150816993392913490e-02,-5.150816993392913490e-02
-4.289169436311832811e-02,-4.289169436311832811e-02
-6.664573670353447776e-02,-6.664573670353447776e-02
-5.661267088302890382e-02,-5.661267088302890382e-02
-4.922322624172299765e-02,-4.922322624172299765e-02
-6.909673804844929101e-02,-6.909673804844929101e-02
-6.677749413369830911e-02,-6.677749413369830911e-02
-5.576075559720948538e-02,-5.576075559720948538e-02
-8.015255477643545845e-02,-8.015255477643545845e-02
-5.568021242169535895e-02,-5.568021242169535895e-02
-4.610503976592854325e-02,-4.610503976592854325e-02
-6.294344970204920897e-02,-6.294344970204920897e-02
-5.342819952165016317e-02,-5.342819952165016317e-02
-6.453256640329987914e-02,-6.453256640329987914e-02
-5.838327578583110689e-02,-5.838327578583110689e-02
-5.973103986641356555e-02,-5.973103986641356555e-02
-4.590473952027915305e-02,-4.590473952027915305e-02
-4.649280575601526938e-02,-4.649280575601526938e-02
-6.235239247323694917e-02,-6.235239247323694917e-02
-5.586997673880623322e-02,-5.586997673880623322e-02
-7.037766360486379102e-02,-7.037766360486379102e-02
-6.412890901304157953e-02,-6.412890901304157953e-02
-5.946669635952634564e-02,-5.946669635952634564e-02
-7.543447196178273972e-02,-7.543447196178273972e-02
-5.796613724961442032e-02,-5.796613724961442032e-02
-4.978158961854210057e-02,-4.978158961854210057e-02
-4.400409399548398104e-02,-4.400409399548398104e-02
-6.545479802454831630e-02,-6.545479802454831630e-02
-6.515990192774982759e-02,-6.515990192774982759e-02
-4.764764872689412900e-02,-4.764764872689412900e-02
-4.166131269045800223e-02,-4.166131269045800223e-02
-4.636875666825812647e-02,-4.636875666825812647e-02
-5.752569445055808611e-02,-5.752569445055808611e-02
-4.590385728346900451e-02,-4.590385728346900451e-02
-5.063893476092418133e-02,-5.063893476092418133e-02
-2.866880385075833149e-02,-2.866880385075833149e-02
-6.183878495236655448e-02,-6.183878495236655448e-02
-4.857117204405559524e-02,-4.857117204405559524e-02
-5.950475159562321203e-02,-5.950475159562321203e-02
-6.498786162128919464e-02,-6.498786162128919464e-02
-7.013759290192150830e-02,-7.013759290192150830e-02
-4.389570187537347040e-02,-4.389570187537347040e-02
-5.077068465200249708e-02,-5.077068465200249708e-02
-4.723098900641230224e-02,-4.723098900641230224e-02
-5.081442714976033836e-02,-5.081442714976033836e-02
-5.112039759718423060e-02,-5.112039759718423060e-02
-5.559512764096653792e-02,-5.559512764096653792e-02
-4.818529977057003227e-02,-4.818529977057003227e-02
-5.133724076136817610e-02,-5.133724076136817610e-02
-5.981530967722696601e-02,-5.981530967722696601e-02
-4.184201123528562966e-02,-4.184201123528562966e-02
-3.936102167574086902e-02,-3.936102167574086902e-02
-6.243157047745831467e-02,-6.243157047745831467e-02
-6.490866236219025587e-02,-6.490866236219025587e-02
-4.219756030004212510e-02,-4.219756030004212510e-02
-6.033788663292150023e-02,-6.033788663292150023e-02
-5.010742989010517900e-02,-5.010742989010517900e-02
-6.673504733670687639e-02,-6.673504733670687639e-02
-5.581902931110250404e-02,-5.581902931110250404e-02
-5.502480148686734324e-02,-5.502480148686734324e-02
-8.719251052848724093e-02,-8.719251052848724093e-02
-4.833492446760782185e-02,-4.833492446760782185e-02
-5.344273621008244213e-02,-5.344273621008244213e-02
-5.283828429007834948e-02,-5.283828429007834948e-02
-6.521559667344829780e-02,-6.521559667344829780e-02
-5.495082920532929488e-02,-5.495082920532929488e-02
-6.119691044206530817e-02,-6.119691044206530817e-02
-5.127127000940007867e-02,-5.127127000940007867e-02
-3.469014490023519803e-02,-3.469014490023519803e-02
-4.364816980423167486e-02,-4.364816980423167486e-02
-6.295042098234386596e-02,-6.295042098234386596e-02
-3.617533428135295825e-02,-3.617533428135295825e-02
-4.844809857743202081e-02,-4.844809857743202081e-02
-6.678821065820578218e-02,-6.678821065820578218e-02
-5.504654647531737055e-02,-5.504654647531737055e-02
-6.422336997398273017e-02,-6.422336997398273017e-02
-4.563368083443114509e-02,-4.563368083443114509e-02
-6.413096889095207254e-02,-6.413096889095207254e-02
-5.988635327533101821e-02,-5.988635327533101821e-02
-5.528778978288088203e-02,-5.528778978288088203e-02
-4.824320814178197775e-02,-4.824320814178197775e-02
-6.143088234842503104e-02,-6.143088234842503104e-02
-4.729754768336701110e-02,-4.729754768336701110e-02
-5.586455625156130228e-02,-5.586455625156130228e-02
-8.033618706909438634e-02,-8.033618706909438634e-02
-4.863178588676578262e-02,-4.863178588676578262e-02
-5.084368273187461068e-02,-5.084368273187461068e-02
-7.510572038710838783e-02,-7.510572038710838783e-02
-4.604835151647181796e-02,-4.604835151647181796e-02
-6.742334729709409391e-02,-6.742334729709409391e-02
-5.510498094103349204e-02,-5.510498094103349204e-02
-6.226815559195713473e-02,-6.226815559195713473e-02
-6.646069870844271976e-02,-6.646069870844271976e-02
-5.595286650421311958e-02,-5.595286650421311958e-02
-7.066219209770191467e-02,-7.066219209770191467e-02
-5.843771157628840918e-02,-5.843771157628840918e-02
-6.563900066895742014e-02,-6.563900066895742014e-02
-5.779176355483038596e-02,-5.779176355483038596e-02
-6.276760114053181461e-02,-6.276760114053181461e-02
-5.334297174518695672e-02,-5.334297174518695672e-02
-5.340852871868412288e-02,-5.340852871868412288e-02
-5.554349428699913160e-02,-5.554349428699913160e-02
-4.995543421461257072e-02,-4.995543421461257072e-02
-4.358649672261001584e-02,-4.358649672261001584e-02
-5.593047783759436120e-02,-5.593047783759436120e-02
-8.753568025864519320e-02,-8.753568025864519320e-02
-5.020339891277533773e-02,-5.020339891277533773e-02
-3.884394451477214683e-02,-3.884394451477214683e-02
-6.762722823498540370e-02,-6.762722823498540370e-02
-6.607460670372877765e-02,-6.607460670372877765e-02
-6.024981397262309246e-02,-6.024981397262309246e-02
-5.912591048054156861e-02,-5.912591048054156861e-02
-6.881280721230834119e-02,-6.881280721230834119e-02
-4.676796916230241408e-02,-4.676796916230241408e-02
-4.430795601659754529e-02,-4.430795601659754529e-02
-5.774391160807860329e-02,-5.774391160807860329e-02
-4.977803778257063744e-02,-4.977803778257063744e-02
-6.994258294746318050e-02,-6.994258294746318050e-02
-4.581591276855179889e-02,-4.581591276855179889e-02
-4.462500152065702885e-02,-4.462500152065702885e-02
-5.923046032724622878e-02,-5.923046032724622878e-02
-4.390238238161550677e-02,-4.390238238161550677e-02
-6.382818648136735773e-02,-6.382818648136735773e-02
-4.820457293158508100e-02,-4.820457293158508100e-02
-6.272172866034256278e-02,-6.272172866034256278e-02
-6.185743604297904569e-02,-6.185743604297904569e-02
-6.135504420829305389e-02,-6.135504420829305389e-02
-5.078643495444912226e-02,-5.078643495444912226e-02
-5.229079065766302492e-02,-5.229079065766302492e-02
-5.184105814655552702e-02,-5.184105814655552702e-02
-5.678694193052405415e-02,-5.678694193052405415e-02
-4.864978642478040571e-02,-4.864978642478040571e-02
-5.840838061190112285e-02,-5.840838061190112285e-02
-4.912542984822158842e-02,-4.912542984822158842e-02
-4.126599277229802548e-02,-4.126599277229802548e-02
-3.179146554489818699e-02,-3.179146554489818699e-02
-4.106787869215814540e-02,-4.106787869215814540e-02
-4.966020184600799386e-02,-4.966020184600799386e-02
-4.843450852771740561e-02,-4.843450852771740561e-02
-4.677951970858625075e-02,-4.677951970858625075e-02
-4.077036148196222509e-02,-4.077036148196222509e-02
-5.660593903885056954e-02,-5.660593903885056954e-02
-6.291628722305384058e-02,-6.291628722305384058e-02
-5.523250969270161043e-02,-5.523250969270161043e-02
-5.203769733799266939e-02,-5.203769733799266939e-02
-5.202508598588114624e-02,-5.202508598588114624e-02
-8.164153813555292960e-02,-8.164153813555292960e-02
-4.456029300368850865e-02,-4.456029300368850865e-02
-5.467240854517320392e-02,-5.467240854517320392e-02
-5.998448520854435251e-02,-5.998448520854435251e-02
-8.102070897245935988e-02,-8.102070897245935988e-02
-6.152050683184764890e-02,-6.152050683184764890e-02
-5.075845889476356121e-02,-5.075845889476356121e-02
-6.547489179823604011e-02,-6.547489179823604011e-02
-7.771410539342002433e-02,-7.771410539342002433e-02
-6.746817249886064016e-02,-6.746817249886064016e-02
-6.276047926163416668e-02,-6.276047926163416668e-02
-4.118641779095431887e-02,-4.118641779095431887e-02
-5.466806242386234443e-02,-5.466806242386234443e-02
-4.275124036605679190e-02,-4.275124036605679190e-02
-6.936576186050291692e-02,-6.936576186050291692e-02
-4.769558119399874146e-02,-4.769558119399874146e-02
-4.776886376633102116e-02,-4.776886376633102116e-02
-7.983246528854481827e-02,-7.983246528854481827e-02
-7.528207182672898290e-02,-7.528207182672898290e-02
-6.428067892067348965e-02,-6.428067892067348965e-02
-3.769541635576968003e-02,-3.769541635576968003e-02
-4.638449573394845538e-02,-4.638449573394845538e-02
-6.167836948324616209e-02,-6.167836948324616209e-02
-8.788181967291594510e-02,-8.788181967291594510e-02
-4.144190936144948739e-02,-4.144190936144948739e-02
-4.716987459922155485e-02,-4.716987459922155485e-02
-6.117675172717462057e-02,-6.117675172717462057e-02
-6.337090048072038795e-02,-6.337090048072038795e-02
-4.962284023852967657e-02,-4.962284023852967657e-02
-5.127039351824795588e-02,-5.127039351824795588e-02
-5.967673709487867489e-02,-5.967673709487867489e-02
-4.669588475016771961e-02,-4.669588475016771961e-02
-4.011332265154123056e-02,-4.011332265154123056e-02
-6.334191345390396966e-02,-6.334191345390396966e-02
-5.054557309225732320e-02,-5.054557309225732320e-02
-6.517340157388379351e-02,-6.517340157388379351e-02
-4.061257367944482582e-02,-4.061257367944482582e-02
-7.159358997996186080e-02,-7.159358997996186080e-02
-6.095035739807433406e-02,-6.095035739807433406e-02
-5.665761549253613139e-02,-5.665761549253613139e-02
-4.098317614013422677e-02,-4.098317614013422677e-02
-6.615383784091234676e-02,-6.615383784091234676e-02
-5.050544933532551128e-02,-5.050544933532551128e-02
-6.993230797725874526e-02,-6.993230797725874526e-02
-6.487932895249633181e-02,-6.487932895249633181e-02
-6.398723180708448810e-02,-6.398723180708448810e-02
-5.470267160926152450e-02,-5.470267160926152450e-02
-5.660748212541125146e-02,-5.660748212541125146e-02
-8.025445276726468624e-02,-8.025445276726468624e-02
-4.573190166886911823e-02,-4.573190166886911823e-02
-4.186700533639990673e-02,-4.186700533639990673e-02
-5.405648162516804578e-02,-5.405648162516804578e-02
-5.067828691956385856e-02,-5.067828691956385856e-02
-5.682588576060951246e-02,-5.682588576060951246e-02
-8.141312400400990690e-02,-8.141312400400990690e-02
-5.388335496799867563e-02,-5.388335496799867563e-02
-6.182700779445206990e-02,-6.182700779445206990e-02
-4.763913404960501419e-02,-4.763913404960501419e-02
-7.234042537967648456e-02,-7.234042537967648456e-02
-5.634606607890121216e-02,-5.634606607890121216e-02
-6.306139881914712975e-02,-6.306139881914712975e-02
-6.283317783480754648e-02,-6.283317783480754648e-02
-4.930174576560888977e-02,-4.930174576560888977e-02
-5.509480376065940821e-02,-5.509480376065940821e-02
-6.697815367542732379e-02,-6.697815367542732379e-02
-6.068815147856508607e-02,-6.068815147856508607e-02
-5.057966347016719377e-02,-5.057966347016719377e-02
-4.021118878290341064e-02,-4.021118878290341064e-02
-7.209340557196879107e-02,-7.209340557196879107e-02
-5.971919316250079435e-02,-5.971919316250079435e-02
-5.489100296347741714e-02,-5.489100296347741714e-02
-6.786092518661504536e-02,-6.786092518661504536e-02
-5.408921305475117985e-02,-5.408921305475117985e-02
-5.095801049236026864e-02,-5.095801049236026864e-02
-6.434111592565763815e-02,-6.434111592565763815e-02
-5.096610804633121966e-02,-5.096610804633121966e-02
-3.197876367679178961e-02,-3.197876367679178961e-02
-4.902027421409398122e-02,-4.902027421409398122e-02
-7.462879039599348840e-02,-7.462879039599348840e-02
-4.515717309726966638e-02,-4.515717309726966638e-02
-7.578826133434866941e-02,-7.578826133434866941e-02
-7.722375041147150343e-02,-7.722375041147150343e-02
-5.443539390469396416e-02,-5.443539390469396416e-02
-5.559706542577409760e-02,-5.559706542577409760e-02
-5.099732726749986456e-02,-5.099732726749986456e-02
-5.004813009568925830e-02,-5.004813009568925830e-02
-6.649966286701776419e-02,-6.649966286701776419e-02
-7.038868921879101737e-02,-7.038868921879101737e-02
-6.838086977325541493e-02,-6.838086977325541493e-02
-6.269790699334826245e-02,-6.269790699334826245e-02
-6.289266908663315725e-02,-6.289266908663315725e-02
-7.452112217220982493e-02,-7.452112217220982493e-02
-4.394364981518254776e-02,-4.394364981518254776e-02
-5.022988979759499678e-02,-5.022988979759499678e-02
-5.115711015610634876e-02,-5.115711015610634876e-02
-5.341083235687495850e-02,-5.341083235687495850e-02
-6.884778826365003934e-02,-6.884778826365003934e-02
-6.673769218173800089e-02,-6.673769218173800089e-02
-7.294255512811229081e-02,-7.294255512811229081e-02
-7.536506510018389782e-02,-7.536506510018389782e-02
-5.865628986216171736e-02,-5.865628986216171736e-02
-5.179840368292137204e-02,-5.179840368292137204e-02
-7.405234693846059202e-02,-7.405234693846059202e-02
-3.815014150497001572e-02,-3.815014150497001572e-02
-6.032024684044943325e-02,-6.032024684044943325e-02
-7.089719677446768009e-02,-7.089719677446768009e-02
-4.779543205268563938e-02,-4.779543205268563938e-02
-5.133651015567089471e-02,-5.133651015567089471e-02
-2.338030292528078813e-02,-2.338030292528078813e-02
-5.746167206856202248e-02,-5.746167206856202248e-02
-3.681659110601567808e-02,-3.681659110601567808e-02
-5.903099704399624587e-02,-5.903099704399624587e-02
-6.767674786437832823e-02,-6.767674786437832823e-02
-4.459337516847172722e-02,-4.459337516847172722e-02
-6.061945892336210312e-02,-6.061945892336210312e-02
-6.264269136757655287e-02,-6.264269136757655287e-02
-6.803483735012109956e-02,-6.803483735012109956e-02
-8.108441936135514505e-02,-8.108441936135514505e-02
-5.816355872979598468e-02,-5.816355872979598468e-02
-5.071332224298810698e-02,-5.071332224298810698e-02
-6.291849100509429304e-02,-6.291849100509429304e-02
-5.361749485369449175e-02,-5.361749485369449175e-02
-6.078896627575379463e-02,-6.078896627575379463e-02
-4.862869954665072214e-02,-4.862869954665072214e-02
-5.454659123455363190e-02,-5.454659123455363190e-02
-5.751299594765424406e-02,-5.751299594765424406e-02
-4.346685602183854302e-02,-4.346685602183854302e-02
-7.069021613264410420e-02,-7.069021613264410420e-02
-5.378225738320949884e-02,-5.378225738320949884e-02
-6.870878957944043242e-02,-6.870878957944043242e-02
-7.323699006047894311e-02,-7.323699006047894311e-02
-5.339889963819222096e-02,-5.339889963819222096e-02
-5.474157827820425731e-02,-5.474157827820425731e-02
-5.598491220606923585e-02,-5.598491220606923585e-02
-7.129573575064629409e-02,-7.129573575064629409e-02
-5.333163579025536338e-02,-5.333163579025536338e-02
-6.729028284471366694e-02,-6.729028284471366694e-02
-4.457957955217403678e-02,-4.457957955217403678e-02
-4.360620663322062329e-02,-4.360620663322062329e-02
-4.533544185155340134e-02,-4.533544185155340134e-02
-5.716319770150990465e-02,-5.716319770150990465e-02
-6.226582676600797561e-02,-6.226582676600797561e-02
-6.381860068675800080e-02,-6.381860068675800080e-02
-6.546284767718439646e-02,-6.546284767718439646e-02
-5.744482400194217409e-02,-5.744482400194217409e-02
-5.686188636213528741e-02,-5.686188636213528741e-02
-6.249375889301835019e-02,-6.249375889301835019e-02
-5.255552206738768606e-02,-5.255552206738768606e-02
-4.690148147850003307e-02,-4.690148147850003307e-02
-5.804117155174350062e-02,-5.804117155174350062e-02
-4.856813021534313324e-02,-4.856813021534313324e-02
-6.656797774434772275e-02,-6.656797774434772275e-02
-5.389618787255190391e-02,-5.389618787255190391e-02
-6.406094853126381716e-02,-6.406094853126381716e-02
-4.005917628872916053e-02,-4.005917628872916053e-02
-6.527241326904813234e-02,-6.527241326904813234e-02
-5.879086590073180629e-02,-5.879086590073180629e-02
-5.294057983073103407e-02,-5.294057983073103407e-02
-3.794984753976150815e-02,-3.794984753976150815e-02
-7.342867216141775455e-02,-7.342867216141775455e-02
-5.524352690708918268e-02,-5.524352690708918268e-02
-5.937234532470472836e-02,-5.937234532470472836e-02
-6.448671425538383961e-02,-6.448671425538383961e-02
-6.456346250378695861e-02,-6.456346250378695861e-02
-5.517135345615663267e-02,-5.517135345615663267e-02
-5.233561987484611211e-02,-5.233561987484611211e-02
-4.052571915707794958e-02,-4.052571915707794958e-02
-4.409556787657566146e-02,-4.409556787657566146e-02
-4.605822335961790720e-02,-4.605822335961790720e-02
-5.587225408902238288e-02,-5.587225408902238288e-02
-5.484391494469931932e-02,-5.484391494469931932e-02
-5.282489558967649185e-02,-5.282489558967649185e-02
-5.156103574302735304e-02,-5.156103574302735304e-02
-6.195116005197083553e-02,-6.195116005197083553e-02
-5.526528380578367428e-02,-5.526528380578367428e-02
-6.068241009835849409e-02,-6.068241009835849409e-02
-4.842092569187889800e-02,-4.842092569187889800e-02
-7.030084217724572038e-02,-7.030084217724572038e-02
-4.915089311814248296e-02,-4.915089311814248296e-02
-5.468258089297053232e-02,-5.468258089297053232e-02
-6.132133131157593842e-02,-6.132133131157593842e-02
-5.977483834056650236e-02,-5.977483834056650236e-02
-7.386731975654081683e-02,-7.386731975654081683e-02
-5.205627868665751307e-02,-5.205627868665751307e-02
-6.865763779820632795e-02,-6.865763779820632795e-02
-3.154019183447699659e-02,-3.154019183447699659e-02
-5.746946523381564476e-02,-5.746946523381564476e-02
-6.721935858549922538e-02,-6.721935858549922538e-02
-7.077852358003509925e-02,-7.077852358003509925e-02
-6.313183705881790508e-02,-6.313183705881790508e-02
-6.368311231823228780e-02,-6.368311231823228780e-02
-3.911776288604557061e-02,-3.911776288604557061e-02
-5.979470183380390658e-02,-5.979470183380390658e-02
-4.117338764801668077e-02,-4.117338764801668077e-02
-6.484498578560238258e-02,-6.484498578560238258e-02
-3.748260416430930497e-02,-3.748260416430930497e-02
-6.462189232807585837e-02,-6.462189232807585837e-02
-6.428696181776130669e-02,-6.428696181776130669e-02
-6.614371351816601685e-02,-6.614371351816601685e-02
-8.382364554012547431e-02,-8.382364554012547431e-02
-5.168683538326648841e-02,-5.168683538326648841e-02
-3.940644873995934744e-02,-3.940644873995934744e-02
-7.415911645933161156e-02,-7.415911645933161156e-02
-6.103495967829612734e-02,-6.103495967829612734e-02
-4.852713591742603694e-02,-4.852713591742603694e-02
-4.649165906081174221e-02,-4.649165906081174221e-02
-6.453341723733249657e-02,-6.453341723733249657e-02
-6.648126428140727073e-02,-6.648126428140727073e-02
-4.378336872909512067e-02,-4.378336872909512067e-02
-5.379026145592147312e-02,-5.379026145592147312e-02
-4.978687200113360301e-02,-4.978687200113360301e-02
-6.956852075491166965e-02,-6.956852075491166965e-02
-4.694520947132864441e-02,-4.694520947132864441e-02
-4.900491452786401997e-02,-4.900491452786401997e-02
-5.454772092024789965e-02,-5.454772092024789965e-02
-5.472947528081712615e-02,-5.472947528081712615e-02
-4.795309812795643667e-02,-4.795309812795643667e-02
-3.478521579452828472e-02,-3.478521579452828472e-02
-3.552887451444429467e-02,-3.552887451444429467e-02
-6.045634487863850437e-02,-6.045634487863850437e-02
-3.190138250961018634e-02,-3.190138250961018634e-02
-4.449506005734708836e-02,-4.449506005734708836e-02
-4.951929497701971356e-02,-4.951929497701971356e-02
-7.236609470895705165e-02,-7.236609470895705165e-02
-6.873820866769514426e-02,-6.873820866769514426e-02
-4.726181437324105533e-02,-4.726181437324105533e-02
-3.664492833873950889e-02,-3.664492833873950889e-02
-5.558104326087734415e-02,-5.558104326087734415e-02
-5.427103053993517084e-02,-5.427103053993517084e-02
-6.093862241637108823e-02,-6.093862241637108823e-02
-6.677595999512757341e-02,-6.677595999512757341e-02
-8.103049758598326879e-02,-8.103049758598326879e-02
-5.449754022056822744e-02,-5.449754022056822744e-02
-5.744556612365716436e-02,-5.744556612365716436e-02
-5.125065445058044067e-02,-5.125065445058044067e-02
-6.005435581548720231e-02,-6.005435581548720231e-02
-5.714255019230000260e-02,-5.714255019230000260e-02
-6.059068829540176226e-02,-6.059068829540176226e-02
-7.761481847967820202e-02,-7.761481847967820202e-02
-7.588500178702670129e-02,-7.588500178702670129e-02
-7.090308690936392155e-02,-7.090308690936392155e-02
-4.968039308803570697e-02,-4.968039308803570697e-02
-6.501264751979241030e-02,-6.501264751979241030e-02
-3.889732284115632321e-02,-3.889732284115632321e-02
-4.200463273281702936e-02,-4.200463273281702936e-02
-6.804303749998542872e-02,-6.804303749998542872e-02
-5.757081902076651575e-02,-5.757081902076651575e-02
-6.986241001051333999e-02,-6.986241001051333999e-02
-6.281355824330564497e-02,-6.281355824330564497e-02
-5.897175406903729794e-02,-5.897175406903729794e-02
-6.953345606797921297e-02,-6.953345606797921297e-02
-4.622401033265221421e-02,-4.622401033265221421e-02
-6.846720461160728244e-02,-6.846720461160728244e-02
-7.639640525775134861e-02,-7.639640525775134861e-02
-4.989081745935042972e-02,-4.989081745935042972e-02
-5.096957878039184986e-02,-5.096957878039184986e-02
-6.488860314762276427e-02,-6.488860314762276427e-02
-6.721272381483778258e-02,-6.721272381483778258e-02
-4.523765643275944048e-02,-4.523765643275944048e-02
-5.269147229683998623e-02,-5.269147229683998623e-02
-5.048473264323925791e-02,-5.048473264323925791e-02
-7.000990221081385134e-02,-7.000990221081385134e-02
-5.613819945469161049e-02,-5.613819945469161049e-02
-6.868331695526291858e-02,-6.868331695526291858e-02
-6.735601690259399033e-02,-6.735601690259399033e-02
-6.213777123771640348e-02,-6.213777123771640348e-02
-4.950100234076566103e-02,-4.950100234076566103e-02
-5.671283882939633092e-02,-5.671283882939633092e-02
-5.803281706540655560e-02,-5.803281706540655560e-02
-5.027439280858327780e-02,-5.027439280858327780e-02
-5.191968569384877719e-02,-5.191968569384877719e-02
-5.271766040055583108e-02,-5.271766040055583108e-02
-5.679824799201350916e-02,-5.679824799201350916e-02
-4.580980659836107749e-02,-4.580980659836107749e-02
-6.531167383953541405e-02,-6.531167383953541405e-02
-4.142605151908693162e-02,-4.142605151908693162e-02
-4.592536369795414963e-02,-4.592536369795414963e-02
-3.894595067679691019e-02,-3.894595067679691019e-02
-6.099124807826657862e-02,-6.099124807826657862e-02
-5.191949930686487469e-02,-5.191949930686487469e-02
-7.821363950588768044e-02,-7.821363950588768044e-02
-4.800502253859446899e-02,-4.800502253859446899e-02
-6.591746912608181797e-02,-6.591746912608181797e-02
-7.223654402355733639e-02,-7.223654402355733639e-02
-5.297555957972275437e-02,-5.297555957972275437e-02
-4.972647764365850653e-02,-4.972647764365850653e-02
-5.358039877306048498e-02,-5.358039877306048498e-02
-8.012794989740432139e-02,-8.012794989740432139e-02
-6.080470241206865911e-02,-6.080470241206865911e-02
-6.865256987949658329e-02,-6.865256987949658329e-02
-5.598207644501114466e-02,-5.598207644501114466e-02
-4.617087585228539515e-02,-4.617087585228539515e-02
-6.234934090575133814e-02,-6.234934090575133814e-02
-5.864612710076509000e-02,-5.864612710076509000e-02
-3.548500140887966836e-02,-3.548500140887966836e-02
-4.678968181672572835e-02,-4.678968181672572835e-02
-7.429221656135223673e-02,-7.429221656135223673e-02
-4.023516193720815676e-02,-4.023516193720815676e-02
-5.124043300831052777e-02,-5.124043300831052777e-02
-3.890192634804427035e-02,-3.890192634804427035e-02
-6.061440048331215302e-02,-6.061440048331215302e-02
-6.197454288911598275e-02,-6.197454288911598275e-02
-4.438415163130668417e-02,-4.438415163130668417e-02
-6.615900992205896169e-02,-6.615900992205896169e-02
-4.644915604663930192e-02,-4.644915604663930192e-02
-3.759845547486827255e-02,-3.759845547486827255e-02
-5.060016134165631896e-02,-5.060016134165631896e-02
-3.113218768553543958e-02,-3.113218768553543958e-02
-5.642818473417644115e-02,-5.642818473417644115e-02
-5.541467802914043506e-02,-5.541467802914043506e-02
-6.076376175172719385e-02,-6.076376175172719385e-02
-3.849097887257250938e-02,-3.849097887257250938e-02
-4.714706898581236955e-02,-4.714706898581236955e-02
-3.965344700813063644e-02,-3.965344700813063644e-02
-6.211256776362142351e-02,-6.211256776362142351e-02
-8.055070648001753930e-02,-8.055070648001753930e-02
-5.327100813793284040e-02,-5.327100813793284040e-02
-5.667241309296411345e-02,-5.667241309296411345e-02
-5.761734393309265317e-02,-5.761734393309265317e-02
-7.049671106549558475e-02,-7.049671106549558475e-02
-4.646319007855794631e-02,-4.646319007855794631e-02
-3.692876624634949118e-02,-3.692876624634949118e-02
-6.873586229581987728e-02,-6.873586229581987728e-02
-6.675253686807815223e-02,-6.675253686807815223e-02
-3.809959672687063259e-02,-3.809959672687063259e-02
-5.485728353066526147e-02,-5.485728353066526147e-02
-6.722197519890966977e-02,-6.722197519890966977e-02
-4.655803296250380502e-02,-4.655803296250380502e-02
-7.599158919925663724e-02,-7.599158919925663724e-02
-5.422213611726134364e-02,-5.422213611726134364e-02
-4.226891928728798015e-02,-4.226891928728798015e-02
-6.858965416157249140e-02,-6.858965416157249140e-02
-5.918238522759492609e-02,-5.918238522759492609e-02
-5.346731610984243460e-02,-5.346731610984243460e-02
-5.394046555734333115e-02,-5.394046555734333115e-02
-4.976665235677719956e-02,-4.976665235677719956e-02
-4.416249129356141639e-02,-4.416249129356141639e-02
-4.985718056779905871e-02,-4.985718056779905871e-02
-5.007550602128226641e-02,-5.007550602128226641e-02
-7.188583458105286816e-02,-7.188583458105286816e-02
-5.588200380240401777e-02,-5.588200380240401777e-02
-5.905290651327438356e-02,-5.905290651327438356e-02
-6.011028876708536528e-02,-6.011028876708536528e-02
-4.038488454909054670e-02,-4.038488454909054670e-02
-6.230292994916142302e-02,-6.230292994916142302e-02
-5.690039015731186700e-02,-5.690039015731186700e-02
-5.066233603884529035e-02,-5.066233603884529035e-02
-5.991231361070903372e-02,-5.991231361070903372e-02
-5.348072778830359475e-02,-5.348072778830359475e-02
-6.439149313379957662e-02,-6.439149313379957662e-02
-4.576423585891653545e-02,-4.576423585891653545e-02
-4.388435195193614302e-02,-4.388435195193614302e-02
-5.542346275610299938e-02,-5.542346275610299938e-02
-4.845485646278090835e-02,-4.845485646278090835e-02
-8.176621093358729664e-02,-8.176621093358729664e-02
-5.651921832412096225e-02,-5.651921832412096225e-02
-4.837164994686676822e-02,-4.837164994686676822e-02
-4.515445275051920698e-02,-4.515445275051920698e-02
-4.877358475664326370e-02,-4.877358475664326370e-02
-6.349586384878180834e-02,-6.349586384878180834e-02
-5.544534892408341242e-02,-5.544534892408341242e-02
-4.777363957545976980e-02,-4.777363957545976980e-02
-5.078837859968333285e-02,-5.078837859968333285e-02
-6.622825974987850417e-02,-6.622825974987850417e-02
-4.480939398965440995e-02,-4.480939398965440995e-02
-4.255686949761166432e-02,-4.255686949761166432e-02
-4.987130012619781644e-02,-4.987130012619781644e-02
-5.803695934427260950e-02,-5.803695934427260950e-02
-6.534484835831685934e-02,-6.534484835831685934e-02
-6.535334742628742810e-02,-6.535334742628742810e-02
-5.783474360097848321e-02,-5.783474360097848321e-02
-7.126655603439635556e-02,-7.126655603439635556e-02
-5.121161650470296145e-02,-5.121161650470296145e-02
-6.618588279476644853e-02,-6.618588279476644853e-02
-5.135412170598308013e-02,-5.135412170598308013e-02
-5.314206111365409740e-02,-5.314206111365409740e-02
-5.729613763075881022e-02,-5.729613763075881022e-02
-4.593441670311069341e-02,-4.593441670311069341e-02
-5.074913481005713378e-02,-5.074913481005713378e-02
-4.589543150728251503e-02,-4.589543150728251503e-02
-5.259677382193287537e-02,-5.259677382193287537e-02
-6.930659810169156887e-02,-6.930659810169156887e-02
-6.378346923489811027e-02,-6.378346923489811027e-02
-5.831403761545893988e-02,-5.831403761545893988e-02
-3.920551833597558239e-02,-3.920551833597558239e-02
-5.341511987596478384e-02,-5.341511987596478384e-02
-6.815040579223183292e-02,-6.815040579223183292e-02
-6.090492650419273429e-02,-6.090492650419273429e-02
-6.484363315341309941e-02,-6.484363315341309941e-02
-5.582673211942372482e-02,-5.582673211942372482e-02
-4.884160135572468420e-02,-4.884160135572468420e-02
-6.935411755814605006e-02,-6.935411755814605006e-02
-7.089516448515675862e-02,-7.089516448515675862e-02
-4.711377311241149446e-02,-4.711377311241149446e-02
-7.306094642009849927e-02,-7.306094642009849927e-02
-6.749460899790372947e-02,-6.749460899790372947e-02
-5.003324474223723450e-02,-5.003324474223723450e-02
-3.878373876386435881e-02,-3.878373876386435881e-02
-6.384514906346448748e-02,-6.384514906346448748e-02
-5.157735609155866818e-02,-5.157735609155866818e-02
-5.745490810176495655e-02,-5.745490810176495655e-02
-4.323670595678496403e-02,-4.323670595678496403e-02
-5.232484717910619587e-02,-5.232484717910619587e-02
-5.244687080204761542e-02,-5.244687080204761542e-02
-4.876089293130421443e-02,-4.876089293130421443e-02
-5.342719360163189490e-02,-5.342719360163189490e-02
-4.637379292218872517e-02,-4.637379292218872517e-02
-4.767906772100628798e-02,-4.767906772100628798e-02
-5.317905384613013514e-02,-5.317905384613013514e-02
-5.639382168697666675e-02,-5.639382168697666675e-02
-8.446160996133399157e-02,-8.446160996133399157e-02
-5.006648102246130660e-02,-5.006648102246130660e-02
-4.634891650286562803e-02,-4.634891650286562803e-02
-7.682252036739338485e-02,-7.682252036739338485e-02
-5.306777716395372213e-02,-5.306777716395372213e-02
-7.459744296847198308e-02,-7.459744296847198308e-02
-4.511990060156714777e-02,-4.511990060156714777e-02
-5.192117301817541358e-02,-5.192117301817541358e-02
-7.143749042024860607e-02,-7.143749042024860607e-02
-5.412381360484710968e-02,-5.412381360484710968e-02
-6.555622249328457718e-02,-6.555622249328457718e-02
-5.639299143811589421e-02,-5.639299143811589421e-02
-3.888838827312182667e-02,-3.888838827312182667e-02
-6.936060379176414714e-02,-6.936060379176414714e-02
-5.335156722147293973e-02,-5.335156722147293973e-02
-6.223898049964023821e-02,-6.223898049964023821e-02
-3.227495432420165317e-02,-3.227495432420165317e-02
-4.372693166873365539e-02,-4.372693166873365539e-02
-5.963587095370095903e-02,-5.963587095370095903e-02
-6.058940509781970268e-02,-6.058940509781970268e-02
-5.362226915637009067e-02,-5.362226915637009067e-02
-6.789304257019627975e-02,-6.789304257019627975e-02
-5.746874226934086533e-02,-5.746874226934086533e-02
-6.440118963733745816e-02,-6.440118963733745816e-02
-4.996826437477425858e-02,-4.996826437477425858e-02
-6.361998772342991604e-02,-6.361998772342991604e-02
-5.615291227524000367e-02,-5.615291227524000367e-02
-6.368678060475620184e-02,-6.368678060475620184e-02
-5.705513726317677781e-02,-5.705513726317677781e-02
-5.003670462834840932e-02,-5.003670462834840932e-02
-5.917611141261351626e-02,-5.917611141261351626e-02
-3.643878585540583082e-02,-3.643878585540583082e-02
-5.921843454963461595e-02,-5.921843454963461595e-02
-5.033595684466823234e-02,-5.033595684466823234e-02
-5.587184683328022539e-02,-5.587184683328022539e-02
-3.751687144281168340e-02,-3.751687144281168340e-02
-6.412471165356425917e-02,-6.412471165356425917e-02
-3.241459352833624130e-02,-3.241459352833624130e-02
-6.050352085379402667e-02,-6.050352085379402667e-02
-6.033260908962996549e-02,-6.033260908962996549e-02
-3.501324226422605768e-02,-3.501324226422605768e-02
-4.042431612666862184e-02,-4.042431612666862184e-02
-5.148249055243025313e-02,-5.148249055243025313e-02
-7.399374623257819195e-02,-7.399374623257819195e-02
-5.629885320574463947e-02,-5.629885320574463947e-02
-5.816080175183085260e-02,-5.816080175183085260e-02
-5.126638028775553496e-02,-5.126638028775553496e-02
-5.809167299953138519e-02,-5.809167299953138519e-02
-6.380137251130740816e-02,-6.380137251130740816e-02
-7.255249573472190294e-02,-7.255249573472190294e-02
-4.868761510092303041e-02,-4.868761510092303041e-02
-6.554678030221194884e-02,-6.554678030221194884e-02
-5.702962307207203041e-02,-5.702962307207203041e-02
-5.704815390636046313e-02,-5.704815390636046313e-02
-5.349463255815289919e-02,-5.349463255815289919e-02
-5.405864559777331935e-02,-5.405864559777331935e-02
-4.599380858734476718e-02,-4.599380858734476718e-02
-6.498761617831330661e-02,-6.498761617831330661e-02
-4.178363362330750341e-02,-4.178363362330750341e-02
-6.078676002539005335e-02,-6.078676002539005335e-02
-5.396604625233958341e-02,-5.396604625233958341e-02
-5.490315202907987413e-02,-5.490315202907987413e-02
-5.735991056064012467e-02,-5.735991056064012467e-02
-7.000871544324535622e-02,-7.000871544324535622e-02
-7.404840533880482911e-02,-7.404840533880482911e-02
-4.748056757880999429e-02,-4.748056757880999429e-02
-3.655506500432184613e-02,-3.655506500432184613e-02
-4.228487404479507744e-02,-4.228487404479507744e-02
-5.708641547008589529e-02,-5.708641547008589529e-02
-6.211536214412882034e-02,-6.211536214412882034e-02
-6.848978145993595001e-02,-6.848978145993595001e-02
-6.809314780332789696e-02,-6.809314780332789696e-02
-6.258327427370399820e-02,-6.258327427370399820e-02
-7.832573828936215121e-02,-7.832573828936215121e-02
-5.941202641904967663e-02,-5.941202641904967663e-02
-5.124701426354524858e-02,-5.124701426354524858e-02
-4.620373391420865006e-02,-4.620373391420865006e-02
-5.760173517636332785e-02,-5.760173517636332785e-02
-6.963385350690971809e-02,-6.963385350690971809e-02
-7.012423032697576164e-02,-7.012423032697576164e-02
-7.243809051133799637e-02,-7.243809051133799637e-02
-5.467075008700027217e-02,-5.467075008700027217e-02
-6.116984207969711901e-02,-6.116984207969711901e-02
-6.568667082054276130e-02,-6.568667082054276130e-02
-7.382275231490266487e-02,-7.382275231490266487e-02
-5.575505044177003766e-02,-5.575505044177003766e-02
-6.229630084287206271e-02,-6.229630084287206271e-02
-5.256288535748836199e-02,-5.256288535748836199e-02
-6.035753750129486950e-02,-6.035753750129486950e-02
-7.531380270078187611e-02,-7.531380270078187611e-02
-6.563616881398684488e-02,-6.563616881398684488e-02
-8.156313133783102409e-02,-8.156313133783102409e-02
-6.115929476332555154e-02,-6.115929476332555154e-02
-3.900977848084379029e-02,-3.900977848084379029e-02
-5.907615973250326946e-02,-5.907615973250326946e-02
-9.484918202399034159e-02,-9.484918202399034159e-02
-5.418333266880751703e-02,-5.418333266880751703e-02
-6.411841353982500324e-02,-6.411841353982500324e-02
-5.606959970445615782e-02,-5.606959970445615782e-02
-6.015115722233985163e-02,-6.015115722233985163e-02
-4.589914364816699566e-02,-4.589914364816699566e-02
-3.606735668280559165e-02,-3.606735668280559165e-02
-6.829017262511521968e-02,-6.829017262511521968e-02
-5.219707471281592043e-02,-5.219707471281592043e-02
-5.550453568668752696e-02,-5.550453568668752696e-02
-6.968930639201986743e-02,-6.968930639201986743e-02
-6.630737818564302888e-02,-6.630737818564302888e-02
-5.149103813949219843e-02,-5.149103813949219843e-02
-6.353788680655875210e-02,-6.353788680655875210e-02
-3.898091731484985834e-02,-3.898091731484985834e-02
-5.959729206750837005e-02,-5.959729206750837005e-02
-5.838816853614590963e-02,-5.838816853614590963e-02
-6.822041998648931127e-02,-6.822041998648931127e-02
-6.503804945373409252e-02,-6.503804945373409252e-02
-5.601936166772098630e-02,-5.601936166772098630e-02
-3.919611217266959213e-02,-3.919611217266959213e-02
-5.136414100416781398e-02,-5.136414100416781398e-02
-6.577089847289438462e-02,-6.577089847289438462e-02
-4.979934084471658584e-02,-4.979934084471658584e-02
-5.651583232219677816e-02,-5.651583232219677816e-02
-4.449758715263105180e-02,-4.449758715263105180e-02
-7.198092697014961405e-02,-7.198092697014961405e-02
-6.470279337082562865e-02,-6.470279337082562865e-02
-6.524106999608964008e-02,-6.524106999608964008e-02
-6.110866766011044393e-02,-6.110866766011044393e-02
-7.266535170569794755e-02,-7.266535170569794755e-02
-2.937490042425154602e-02,-2.937490042425154602e-02
-4.215404177305853012e-02,-4.215404177305853012e-02
-6.176027444004424105e-02,-6.176027444004424105e-02
-4.733470349742889549e-02,-4.733470349742889549e-02
-7.218459035686680680e-02,-7.218459035686680680e-02
-5.556398611309630586e-02,-5.556398611309630586e-02
-3.907915257409062121e-02,-3.907915257409062121e-02
-5.121986949212885276e-02,-5.121986949212885276e-02
-5.402473082570585089e-02,-5.402473082570585089e-02
-6.027387514588489204e-02,-6.027387514588489204e-02
-6.488277249390085599e-02,-6.488277249390085599e-02
-5.772284077292989812e-02,-5.772284077292989812e-02
-4.534034892433080888e-02,-4.534034892433080888e-02
-7.701149567747896107e-02,-7.701149567747896107e-02
-6.269683118123818566e-02,-6.269683118123818566e-02
-5.154522683483864914e-02,-5.154522683483864914e-02
-7.260007251777987614e-02,-7.260007251777987614e-02
-4.385346416451290502e-02,-4.385346416451290502e-02
-6.575223411638225768e-02,-6.575223411638225768e-02
-5.968768290744284194e-02,-5.968768290744284194e-02
-4.809784875896075396e-02,-4.809784875896075396e-02
-5.647465216471714289e-02,-5.647465216471714289e-02
-6.512439937254260736e-02,-6.512439937254260736e-02
-5.880213070669763203e-02,-5.880213070669763203e-02
-7.028167618427338947e-02,-7.028167618427338947e-02
-6.458185661915713527e-02,-6.458185661915713527e-02
-4.564082229091313142e-02,-4.564082229091313142e-02
-7.364262424612719182e-02,-7.364262424612719182e-02
-3.250018634879672796e-02,-3.250018634879672796e-02
-6.223602394836419416e-02,-6.223602394836419416e-02
-4.737969319889282632e-02,-4.737969319889282632e-02
-6.497578835714340473e-02,-6.497578835714340473e-02
-5.636822040134294165e-02,-5.636822040134294165e-02
-4.339496501876767554e-02,-4.339496501876767554e-02
-5.340290367046013342e-02,-5.340290367046013342e-02
-4.339519279114276151e-02,-4.339519279114276151e-02
-6.292648220391117153e-02,-6.292648220391117153e-02
-5.732880323095098513e-02,-5.732880323095098513e-02
-6.252583118446825017e-02,-6.252583118446825017e-02
-5.565478432143401016e-02,-5.565478432143401016e-02
-5.231251070325827757e-02,-5.231251070325827757e-02
-5.459496248799959595e-02,-5.459496248799959595e-02
-5.827196309801609825e-02,-5.827196309801609825e-02
-5.823856827391609564e-02,-5.823856827391609564e-02
-5.775362491490482891e-02,-5.775362491490482891e-02
-5.615674450592962608e-02,-5.615674450592962608e-02
-7.054238488516494099e-02,-7.054238488516494099e-02
-6.092306624302645801e-02,-6.092306624302645801e-02
-4.442870801519184509e-02,-4.442870801519184509e-02
-5.533264993422484790e-02,-5.533264993422484790e-02
-5.086296329694078855e-02,-5.086296329694078855e-02
-3.648869619591058738e-02,-3.648869619591058738e-02
-7.739676044370161212e-02,-7.739676044370161212e-02
-7.070633392601297085e-02,-7.070633392601297085e-02
-5.312542656049195483e-02,-5.312542656049195483e-02
-7.135390380580254599e-02,-7.135390380580254599e-02
-5.325381291160584396e-02,-5.325381291160584396e-02
-3.986118092561420634e-02,-3.986118092561420634e-02
-6.249038717729666487e-02,-6.249038717729666487e-02
-6.345709375823491150e-02,-6.345709375823491150e-02
-5.242068631231740217e-02,-5.242068631231740217e-02
-4.168748349305829992e-02,-4.168748349305829992e-02
-4.486998491215461737e-02,-4.486998491215461737e-02
-4.678109621740630941e-02,-4.678109621740630941e-02
-6.619843384709628298e-02,-6.619843384709628298e-02
-6.826342171827816385e-02,-6.826342171827816385e-02
-4.748512762041477708e-02,-4.748512762041477708e-02
-7.814055641443597156e-02,-7.814055641443597156e-02
-8.171486806500694033e-02,-8.171486806500694033e-02
-5.527811562082485253e-02,-5.527811562082485253e-02
-4.943751008500752581e-02,-4.943751008500752581e-02
-6.052590583544836811e-02,-6.052590583544836811e-02
-6.761285318186230353e-02,-6.761285318186230353e-02
-6.265544783197034284e-02,-6.265544783197034284e-02
-4.189558399389720078e-02,-4.189558399389720078e-02
-4.888219412889791005e-02,-4.888219412889791005e-02
-3.482888105614444924e-02,-3.482888105614444924e-02
-6.668889017577271650e-02,-6.668889017577271650e-02
-4.679751979560874131e-02,-4.679751979560874131e-02
-6.627501333952770524e-02,-6.627501333952770524e-02
-3.633114057974613786e-02,-3.633114057974613786e-02
-6.644255956601471946e-02,-6.644255956601471946e-02
-5.101335269480501700e-02,-5.101335269480501700e-02
-7.027368444848530737e-02,-7.027368444848530737e-02
-7.168842699631512716e-02,-7.168842699631512716e-02
-2.990232962193793698e-02,-2.990232962193793698e-02
-7.761134803729925757e-02,-7.761134803729925757e-02
-5.413948041386420357e-02,-5.413948041386420357e-02
-6.380295619747274050e-02,-6.380295619747274050e-02
-5.520147834320976443e-02,-5.520147834320976443e-02
-7.667109715944589454e-02,-7.667109715944589454e-02
-4.958932719083966600e-02,-4.958932719083966600e-02
-6.081703065659760377e-02,-6.081703065659760377e-02
-5.891119712825036714e-02,-5.891119712825036714e-02
-5.608631676394127547e-02,-5.608631676394127547e-02
-5.059549537366424266e-02,-5.059549537366424266e-02
-5.837802200032945338e-02,-5.837802200032945338e-02
-7.399997560481472170e-02,-7.399997560481472170e-02
-5.510750061469490979e-02,-5.510750061469490979e-02
-6.396876757911548750e-02,-6.396876757911548750e-02
-6.956360194076663395e-02,-6.956360194076663395e-02
-4.682891262111636005e-02,-4.682891262111636005e-02
-7.136357397538152514e-02,-7.136357397538152514e-02
-5.050181775742428741e-02,-5.050181775742428741e-02
-4.846699515009622594e-02,-4.846699515009622594e-02
-5.729426952227403835e-02,-5.729426952227403835e-02
-6.868272647025826239e-02,-6.868272647025826239e-02
-5.170267815564384001e-02,-5.170267815564384001e-02
-4.500057246888009010e-02,-4.500057246888009010e-02
-3.631355093197019546e-02,-3.631355093197019546e-02
-4.840214266796758619e-02,-4.840214266796758619e-02
-6.276208186308261661e-02,-6.276208186308261661e-02
-3.378329477673001902e-02,-3.378329477673001902e-02
-6.235424847542479776e-02,-6.235424847542479776e-02
-5.412971170856049896e-02,-5.412971170856049896e-02
-5.556618909218417890e-02,-5.556618909218417890e-02
-4.482853520728767582e-02,-4.482853520728767582e-02
-5.958253380345180511e-02,-5.958253380345180511e-02
-7.091411950283953158e-02,-7.091411950283953158e-02
-3.832483534440096762e-02,-3.832483534440096762e-02
-4.344079401953063191e-02,-4.344079401953063191e-02
-5.179370957347526061e-02,-5.179370957347526061e-02
-3.579568590800552563e-02,-3.579568590800552563e-02
-8.039755747573873457e-02,-8.039755747573873457e-02
-4.977577153592490505e-02,-4.977577153592490505e-02
-7.469587877678643406e-02,-7.469587877678643406e-02
-6.188646506050125146e-02,-6.188646506050125146e-02
-3.565332465940568990e-02,-3.565332465940568990e-02
-4.862288710219891258e-02,-4.862288710219891258e-02
-7.093823741970266272e-02,-7.093823741970266272e-02
-6.401561818387717373e-02,-6.401561818387717373e-02
-4.134978876093876876e-02,-4.134978876093876876e-02
-5.421261182245507015e-02,-5.421261182245507015e-02
-5.387128899711039060e-02,-5.387128899711039060e-02
-6.269722910731026499e-02,-6.269722910731026499e-02
-9.085219937027169679e-02,-9.085219937027169679e-02
-6.006105728168240759e-02,-6.006105728168240759e-02
-3.880691715914982159e-02,-3.880691715914982159e-02
-4.299707779433515481e-02,-4.299707779433515481e-02
-5.212427130425854177e-02,-5.212427130425854177e-02
-4.623209742153668034e-02,-4.623209742153668034e-02
-5.901704645722362363e-02,-5.901704645722362363e-02
-5.152324263445366703e-02,-5.152324263445366703e-02
-7.083717324530122705e-02,-7.083717324530122705e-02
-4.273705346444950370e-02,-4.273705346444950370e-02
-4.825574393572648613e-02,-4.825574393572648613e-02
-7.467390320104097534e-02,-7.467390320104097534e-02
-6.086863148775685517e-02,-6.086863148775685517e-02
-3.347406632732372739e-02,-3.347406632732372739e-02
-3.823071723204717054e-02,-3.823071723204717054e-02
-5.618527140223578131e-02,-5.618527140223578131e-02
-4.250715861758921216e-02,-4.250715861758921216e-02
-6.082388591798933847e-02,-6.082388591798933847e-02
-4.691431899222148899e-02,-4.691431899222148899e-02
-4.336411168885247885e-02,-4.336411168885247885e-02
-6.071353781463099952e-02,-6.071353781463099952e-02
-6.452496492971196429e-02,-6.452496492971196429e-02
-6.261192477479773921e-02,-6.261192477479773921e-02
-8.375522278531477571e-02,-8.375522278531477571e-02
-6.158070867591971392e-02,-6.158070867591971392e-02
-5.228200051069338550e-02,-5.228200051069338550e-02
-4.980285960467755596e-02,-4.980285960467755596e-02
-3.531787896441784119e-02,-3.531787896441784119e-02
-6.184888825772549836e-02,-6.184888825772549836e-02
-5.303801623039357260e-02,-5.303801623039357260e-02
-6.425484699435367320e-02,-6.425484699435367320e-02
-5.926715864370260545e-02,-5.926715864370260545e-02
-4.429372243541385146e-02,-4.429372243541385146e-02
-4.912243543370576476e-02,-4.912243543370576476e-02
-4.978225416857548491e-02,-4.978225416857548491e-02
-3.557418611335762260e-02,-3.557418611335762260e-02
-6.208659177025740994e-02,-6.208659177025740994e-02
-5.563345574791550563e-02,-5.563345574791550563e-02
-6.387025737259113822e-02,-6.387025737259113822e-02
-6.167461177816575824e-02,-6.167461177816575824e-02
-6.619993013495331646e-02,-6.619993013495331646e-02
-4.811421153306506826e-02,-4.811421153306506826e-02
-4.685361405613251012e-02,-4.685361405613251012e-02
-4.752760908213362473e-02,-4.752760908213362473e-02
-6.553613583690962030e-02,-6.553613583690962030e-02
-4.213597429529422622e-02,-4.213597429529422622e-02
-7.708737187964524729e-02,-7.708737187964524729e-02
-6.018288870009491642e-02,-6.018288870009491642e-02
-5.462321966878848356e-02,-5.462321966878848356e-02
-6.025732926832012837e-02,-6.025732926832012837e-02
-5.120677985632019619e-02,-5.120677985632019619e-02
-6.155622961293114037e-02,-6.155622961293114037e-02
-5.392418452802882206e-02,-5.392418452802882206e-02
-8.321954368643601219e-02,-8.321954368643601219e-02
-5.126205362854389241e-02,-5.126205362854389241e-02
-5.013745447163220348e-02,-5.013745447163220348e-02
-4.330093063840759204e-02,-4.330093063840759204e-02
-6.931556883457870577e-02,-6.931556883457870577e-02
-6.229725203056688670e-02,-6.229725203056688670e-02
-5.930426445260625345e-02,-5.930426445260625345e-02
-7.193108125713532086e-02,-7.193108125713532086e-02
-5.765180636816097381e-02,-5.765180636816097381e-02
-3.133065141339854559e-02,-3.133065141339854559e-02
-6.566821371804985874e-02,-6.566821371804985874e-02
-5.420927170315902044e-02,-5.420927170315902044e-02
-4.894062590930686046e-02,-4.894062590930686046e-02
-4.869032408218352398e-02,-4.869032408218352398e-02
-4.055626606879357554e-02,-4.055626606879357554e-02
-6.933347841592865657e-02,-6.933347841592865657e-02
-7.457836992685035193e-02,-7.457836992685035193e-02
-5.589716462990439172e-02,-5.589716462990439172e-02
-4.906807643128395513e-02,-4.906807643128395513e-02
-5.049480293905481837e-02,-5.049480293905481837e-02
-6.596730001217390726e-02,-6.596730001217390726e-02
-6.135535215398749131e-02,-6.135535215398749131e-02
-4.227264508920394737e-02,-4.227264508920394737e-02
-6.808299934773703876e-02,-6.808299934773703876e-02
-4.515774331157955401e-02,-4.515774331157955401e-02
-6.506587959791160225e-02,-6.506587959791160225e-02
-4.578822799280195255e-02,-4.578822799280195255e-02
-6.547591788549925185e-02,-6.547591788549925185e-02
-6.019043347703526697e-02,-6.019043347703526697e-02
-5.902253440638441373e-02,-5.902253440638441373e-02
-3.937575832843807910e-02,-3.937575832843807910e-02
-6.650867132335883114e-02,-6.650867132335883114e-02
-4.543118873825633536e-02,-4.543118873825633536e-02
-5.907533470083964344e-02,-5.907533470083964344e-02
-5.450178069663910718e-02,-5.450178069663910718e-02
-5.446988966121138476e-02,-5.446988966121138476e-02
-5.731716923351004578e-02,-5.731716923351004578e-02
-5.199966435067419901e-02,-5.199966435067419901e-02
-5.413056304470861835e-02,-5.413056304470861835e-02
-4.715506706247807323e-02,-4.715506706247807323e-02
-5.296404748447523791e-02,-5.296404748447523791e-02
-6.766645788029322650e-02,-6.766645788029322650e-02
-5.527009416921879748e-02,-5.527009416921879748e-02
-4.492174144839970740e-02,-4.492174144839970740e-02
-5.400647968191535364e-02,-5.400647968191535364e-02
-7.722754463881215115e-02,-7.722754463881215115e-02
-5.436195926106776599e-02,-5.436195926106776599e-02
-5.543796325867174357e-02,-5.543796325867174357e-02
