4.516412579373685787e+00,4.516412579373685787e+00
1.953462142945275204e+00,1.953462142945275204e+00
-5.097948004637194330e+00,-5.097948004637194330e+00
-6.935972937015234763e+00,-6.935972937015234763e+00
-4.910799495355548494e+00,-4.910799495355548494e+00
-6.146900162244597787e+00,-6.146900162244597787e+00
-1.708221704433676713e+00,-1.708221704433676713e+00
-9.101489231015998271e+00,-9.101489231015998271e+00
-6.756637120432001709e+00,-6.756637120432001709e+00
-4.830339909562932021e+00,-4.830339909562932021e+00
-6.596077329637312303e+00,-6.596077329637312303e+00
8.767882110339000334e-01,8.767882110339000334e-01
-1.303228756084023665e+00,-1.303228756084023665e+00
-7.096683973158869563e+00,-7.096683973158869563e+00
6.495050198609880532e+00,6.495050198609880532e+00
-7.810535524034872168e+00,-7.810535524034872168e+00
-2.269136758067326731e+00,-2.269136758067326731e+00
1.613466474241602100e+01,1.613466474241602100e+01
-2.591058442867789857e+00,-2.591058442867789857e+00
-6.712763549249167738e+00,-6.712763549249167738e+00
-5.226760041627725784e+00,-5.226760041627725784e+00
-6.168477075083709238e+00,-6.168477075083709238e+00
6.952322297816367680e+00,6.952322297816367680e+00
2.677939593718164701e+00,2.677939593718164701e+00
-1.097618418344170088e+01,-1.097618418344170088e+01
3.998571444183416812e+00,3.998571444183416812e+00
4.465709755581841023e+00,4.465709755581841023e+00
-3.793139196865132234e+00,-3.793139196865132234e+00
4.471576702446360407e+00,4.471576702446360407e+00
-2.834967524556511798e+00,-2.834967524556511798e+00
4.810536365740061271e+00,4.810536365740061271e+00
-3.285285706858553922e+00,-3.285285706858553922e+00
4.580878529925951348e+00,4.580878529925951348e+00
-3.774347083050785479e+00,-3.774347083050785479e+00
-2.074746237508846569e+00,-2.074746237508846569e+00
-6.274275832957188825e+00,-6.274275832957188825e+00
-2.669772695362430781e+00,-2.669772695362430781e+00
1.991097025821341404e+00,1.991097025821341404e+00
7.447614362644343622e-01,7.447614362644343622e-01
9.657376536330405159e+00,9.657376536330405159e+00
-1.508396407600490541e+00,-1.508396407600490541e+00
-7.343375722948489503e+00,-7.343375722948489503e+00
4.171406095219545307e+00,4.171406095219545307e+00
1.634361209929052094e+00,1.634361209929052094e+00
2.403217588714239739e+00,2.403217588714239739e+00
1.495339936103116329e+01,1.495339936103116329e+01
-2.852791105280057860e+00,-2.852791105280057860e+00
7.321822326594547015e+00,7.321822326594547015e+00
4.055616188317087811e+00,4.055616188317087811e+00
-8.167800905505195885e-01,-8.167800905505195885e-01
1.317341781834221237e+00,1.317341781834221237e+00
-4.289281183660795804e-01,-4.289281183660795804e-01
1.736614987060026039e+00,1.736614987060026039e+00
-9.370222608561045163e-01,-9.370222608561045163e-01
-3.529135616215335780e+00,-3.529135616215335780e+00
-6.197648853183344464e+00,-6.197648853183344464e+00
8.347673666030225093e+00,8.347673666030225093e+00
-5.781419533227882823e-02,-5.781419533227882823e-02
-3.889969811289755608e+00,-3.889969811289755608e+00
2.755649590850759445e-01,2.755649590850759445e-01
-3.602981470842691269e+00,-3.602981470842691269e+00
1.808530205369569099e+00,1.808530205369569099e+00
-1.039411374321088033e+01,-1.039411374321088033e+01
-1.597234502248586097e+00,-1.597234502248586097e+00
1.811292648704442065e+00,1.811292648704442065e+00
3.688404011320423947e+00,3.688404011320423947e+00
-4.433576440702902133e+00,-4.433576440702902133e+00
-4.890566169627869719e+00,-4.890566169627869719e+00
2.722202728300072039e+00,2.722202728300072039e+00
3.749074256935153393e+00,3.749074256935153393e+00
6.605977366911669257e+00,6.605977366911669257e+00
-1.908479700307269766e+00,-1.908479700307269766e+00
-7.725653191124619568e+00,-7.725653191124619568e+00
-1.106113149473915058e+01,-1.106113149473915058e+01
-1.743913208714034546e+00,-1.743913208714034546e+00
-4.765202008479549889e+00,-4.765202008479549889e+00
5.088751575106813085e+00,5.088751575106813085e+00
-2.114792486565523433e+00,-2.114792486565523433e+00
-2.503293588000301995e+00,-2.503293588000301995e+00
5.371459866560831742e+00,5.371459866560831742e+00
5.362406703143252962e+00,5.362406703143252962e+00
-1.219572564552167115e+00,-1.219572564552167115e+00
8.030223786584551604e+00,8.030223786584551604e+00
-3.495160218026761356e+00,-3.495160218026761356e+00
-1.391899155859656290e+00,-1.391899155859656290e+00
-4.302928389804077547e+00,-4.302928389804077547e+00
7.334527539199031665e-01,7.334527539199031665e-01
1.053308676689928447e+01,1.053308676689928447e+01
1.018895820243220030e+01,1.018895820243220030e+01
1.434378812375786794e+00,1.434378812375786794e+00
6.535311719545106257e+00,6.535311719545106257e+00
-3.828037166146352366e+00,-3.828037166146352366e+00
9.038881455121320130e+00,9.038881455121320130e+00
-5.355144995488049453e+00,-5.355144995488049453e+00
-8.181897477973890886e+00,-8.181897477973890886e+00
-2.810579287790670122e+00,-2.810579287790670122e+00
-9.697715174115169035e+00,-9.697715174115169035e+00
-7.258882426716067648e+00,-7.258882426716067648e+00
5.963845631522284307e+00,5.963845631522284307e+00
2.192169262230517113e+00,2.192169262230517113e+00
-2.612276843429401474e+00,-2.612276843429401474e+00
5.499602677325725608e+00,5.499602677325725608e+00
-1.671046551019390591e-01,-1.671046551019390591e-01
-7.313823417771144975e+00,-7.313823417771144975e+00
-1.103512614048834095e+01,-1.103512614048834095e+01
9.278681509581971909e+00,9.278681509581971909e+00
7.056468203226753388e-01,7.056468203226753388e-01
1.045370472503553216e+01,1.045370472503553216e+01
3.259803023040119818e+00,3.259803023040119818e+00
8.014767373182527521e-01,8.014767373182527521e-01
-1.948381408872057463e-01,-1.948381408872057463e-01
-1.008520265155024909e+00,-1.008520265155024909e+00
-8.292098876453604106e+00,-8.292098876453604106e+00
4.241696085008529238e+00,4.241696085008529238e+00
-2.184119979051471816e+00,-2.184119979051471816e+00
-3.087708423422108162e+00,-3.087708423422108162e+00
8.675156708750622059e-01,8.675156708750622059e-01
4.046149036867878301e+00,4.046149036867878301e+00
2.561707759115624761e+00,2.561707759115624761e+00
7.076711806580754605e+00,7.076711806580754605e+00
-1.088046496320637146e+01,-1.088046496320637146e+01
-1.900841593474580371e+00,-1.900841593474580371e+00
-6.582912714083923866e+00,-6.582912714083923866e+00
-1.163626423813952648e-01,-1.163626423813952648e-01
-3.116073665395105330e+00,-3.116073665395105330e+00
-4.194383746678052916e+00,-4.194383746678052916e+00
-7.585589632698832574e-01,-7.585589632698832574e-01
1.796632389495263382e+00,1.796632389495263382e+00
-3.583664502740272262e+00,-3.583664502740272262e+00
2.372502137046869297e+00,2.372502137046869297e+00
3.891241612029500807e+00,3.891241612029500807e+00
4.521202410366890412e+00,4.521202410366890412e+00
-5.830418890130930620e-01,-5.830418890130930620e-01
-2.054650946897771391e-01,-2.054650946897771391e-01
-5.089108309006561193e+00,-5.089108309006561193e+00
-9.985821207241931674e-01,-9.985821207241931674e-01
6.024725801290838234e+00,6.024725801290838234e+00
-4.479111475078326521e+00,-4.479111475078326521e+00
-5.660702375481625914e+00,-5.660702375481625914e+00
-4.830733183116286078e+00,-4.830733183116286078e+00
-2.309405295370241085e+00,-2.309405295370241085e+00
3.570204910727694525e+00,3.570204910727694525e+00
8.860275188682575020e+00,8.860275188682575020e+00
5.818261666601589610e+00,5.818261666601589610e+00
7.963821032476682937e+00,7.963821032476682937e+00
-1.145405967485174425e+00,-1.145405967485174425e+00
-9.399376260908191227e+00,-9.399376260908191227e+00
5.916331968604984226e+00,5.916331968604984226e+00
-4.057499427214548149e+00,-4.057499427214548149e+00
3.699356072162884423e+00,3.699356072162884423e+00
-4.220800511435001567e+00,-4.220800511435001567e+00
-4.268326586330948302e+00,-4.268326586330948302e+00
-6.018129083225867149e+00,-6.018129083225867149e+00
1.686554443775163392e-01,1.686554443775163392e-01
2.200276362002020925e+00,2.200276362002020925e+00
1.950854161505935380e+00,1.950854161505935380e+00
1.048773581891859763e+00,1.048773581891859763e+00
-7.379540782191075010e+00,-7.379540782191075010e+00
-2.136566896380119651e+00,-2.136566896380119651e+00
4.127186188946689427e+00,4.127186188946689427e+00
6.434836309302918167e+00,6.434836309302918167e+00
7.196710998641541401e+00,7.196710998641541401e+00
1.568710193794085050e+00,1.568710193794085050e+00
-2.255445460546025682e+00,-2.255445460546025682e+00
-1.083738351672680622e+00,-1.083738351672680622e+00
6.272937050714303631e+00,6.272937050714303631e+00
-2.879775712697083989e+00,-2.879775712697083989e+00
5.734118423612715176e+00,5.734118423612715176e+00
-2.016911702099173365e+00,-2.016911702099173365e+00
2.074103452112261436e+00,2.074103452112261436e+00
5.295852405493929105e+00,5.295852405493929105e+00
-2.828207115832023888e+00,-2.828207115832023888e+00
-4.957437442849199627e-01,-4.957437442849199627e-01
2.317449232146505445e+00,2.317449232146505445e+00
1.129021484734758829e+00,1.129021484734758829e+00
9.334629173061205876e+00,9.334629173061205876e+00
-7.289587758104358883e-01,-7.289587758104358883e-01
2.325984149058069050e+00,2.325984149058069050e+00
2.028463961788333769e+00,2.028463961788333769e+00
5.471008561704701734e+00,5.471008561704701734e+00
-7.875742032594658326e+00,-7.875742032594658326e+00
-2.259424009135180711e+00,-2.259424009135180711e+00
-4.431397830794121084e+00,-4.431397830794121084e+00
-1.153925945838175871e+00,-1.153925945838175871e+00
3.164059794042734630e+00,3.164059794042734630e+00
-2.753279905156970742e+00,-2.753279905156970742e+00
-7.524209374899167635e+00,-7.524209374899167635e+00
-4.368710530253597568e+00,-4.368710530253597568e+00
-2.772716925994167525e-01,-2.772716925994167525e-01
1.464522256127674815e+01,1.464522256127674815e+01
-1.545986593258520170e+00,-1.545986593258520170e+00
6.204487469121876764e+00,6.204487469121876764e+00
-2.116444400076005650e+00,-2.116444400076005650e+00
-1.159806328673439246e+00,-1.159806328673439246e+00
-5.091125669788665320e-02,-5.091125669788665320e-02
2.119529233040839067e+00,2.119529233040839067e+00
-1.081763134361214540e+01,-1.081763134361214540e+01
-1.480962006287770016e+01,-1.480962006287770016e+01
-8.726437975327225871e-01,-8.726437975327225871e-01
1.026138649279403126e+00,1.026138649279403126e+00
-9.520091924237130243e+00,-9.520091924237130243e+00
-7.938645965887950240e+00,-7.938645965887950240e+00
-2.641940223470001126e+00,-2.641940223470001126e+00
3.264157500989677274e-01,3.264157500989677274e-01
1.010809029289272409e-01,1.010809029289272409e-01
6.644489930253470789e+00,6.644489930253470789e+00
7.219183639902868599e+00,7.219183639902868599e+00
1.885817829375849186e+00,1.885817829375849186e+00
3.469650476424551933e+00,3.469650476424551933e+00
4.740562350391826385e+00,4.740562350391826385e+00
1.371669048056608275e+00,1.371669048056608275e+00
-7.213045910801501037e-01,-7.213045910801501037e-01
-6.135422585082462632e+00,-6.135422585082462632e+00
1.628592595244017449e+00,1.628592595244017449e+00
-2.804263705808166307e+00,-2.804263705808166307e+00
-5.070216477547140776e+00,-5.070216477547140776e+00
-1.954697637785353104e+00,-1.954697637785353104e+00
7.070339138788224176e-01,7.070339138788224176e-01
-1.210095642240435510e+01,-1.210095642240435510e+01
2.477763803321070490e+00,2.477763803321070490e+00
-4.703798662399867325e+00,-4.703798662399867325e+00
4.743892739077821830e-01,4.743892739077821830e-01
-1.840587813936723993e+00,-1.840587813936723993e+00
2.753965718686997910e+00,2.753965718686997910e+00
-2.954174416965793082e+00,-2.954174416965793082e+00
-5.841290148183943209e+00,-5.841290148183943209e+00
-3.789840689149008846e+00,-3.789840689149008846e+00
-1.022975298304217873e+01,-1.022975298304217873e+01
-4.292919609160581906e+00,-4.292919609160581906e+00
-2.106511298215938410e-01,-2.106511298215938410e-01
-1.774621237807403329e+00,-1.774621237807403329e+00
-1.021162827344038782e+01,-1.021162827344038782e+01
-1.990957230813910073e+01,-1.990957230813910073e+01
8.782370906674383804e-01,8.782370906674383804e-01
1.006622094528272626e+01,1.006622094528272626e+01
1.540610942380050918e+00,1.540610942380050918e+00
7.105612802710137288e-01,7.105612802710137288e-01
3.746501128329233765e+00,3.746501128329233765e+00
-5.472295346714467712e+00,-5.472295346714467712e+00
-8.757044311338702869e+00,-8.757044311338702869e+00
-4.323319832274644448e+00,-4.323319832274644448e+00
-3.547617187823100871e+00,-3.547617187823100871e+00
-8.926044668503418933e-02,-8.926044668503418933e-02
-1.164202925095387542e+01,-1.164202925095387542e+01
-1.014813678816210540e+00,-1.014813678816210540e+00
-3.988610617236759914e+00,-3.988610617236759914e+00
2.778143628841697854e+00,2.778143628841697854e+00
9.441980148278705798e-02,9.441980148278705798e-02
3.537248976643861731e+00,3.537248976643861731e+00
8.114507655484725746e+00,8.114507655484725746e+00
-2.890855919159170728e+00,-2.890855919159170728e+00
8.899628037181223306e+00,8.899628037181223306e+00
-5.665784577846312509e+00,-5.665784577846312509e+00
-6.872654561540751494e+00,-6.872654561540751494e+00
-8.509845429602451716e+00,-8.509845429602451716e+00
-5.206411853971266268e+00,-5.206411853971266268e+00
4.815368691785453237e-01,4.815368691785453237e-01
-1.388302003282994690e+00,-1.388302003282994690e+00
3.542932130572173932e+00,3.542932130572173932e+00
-1.657832863160244585e+00,-1.657832863160244585e+00
4.058734173838113080e+00,4.058734173838113080e+00
5.239387414252791864e+00,5.239387414252791864e+00
-4.087885707634634436e+00,-4.087885707634634436e+00
-5.803098003638416102e+00,-5.803098003638416102e+00
-5.968308758695783922e-02,-5.968308758695783922e-02
4.174364046128400396e+00,4.174364046128400396e+00
-7.620433757310029144e+00,-7.620433757310029144e+00
6.179074267859903102e-01,6.179074267859903102e-01
-1.131592996796121575e+00,-1.131592996796121575e+00
7.454838672181209880e-01,7.454838672181209880e-01
3.007275255790597512e+00,3.007275255790597512e+00
-1.592718067090005185e+00,-1.592718067090005185e+00
-3.748893979074106930e+00,-3.748893979074106930e+00
-4.051042299968625748e+00,-4.051042299968625748e+00
-4.254160047385385113e+00,-4.254160047385385113e+00
-4.111435166377255257e-01,-4.111435166377255257e-01
-1.093774770580104949e+01,-1.093774770580104949e+01
-2.240295302454045512e+00,-2.240295302454045512e+00
7.048386829914903728e+00,7.048386829914903728e+00
2.972650168958018924e+00,2.972650168958018924e+00
-4.004955624332454889e+00,-4.004955624332454889e+00
-3.114009106755744050e+00,-3.114009106755744050e+00
7.365115627801571918e+00,7.365115627801571918e+00
4.956494007682410441e+00,4.956494007682410441e+00
1.520545166622182975e+00,1.520545166622182975e+00
-6.675418524025841904e+00,-6.675418524025841904e+00
3.176404917045153375e+00,3.176404917045153375e+00
-6.021100303060170411e+00,-6.021100303060170411e+00
-1.245609224594425690e+00,-1.245609224594425690e+00
-4.368387944782024412e+00,-4.368387944782024412e+00
-1.757962122735463595e+00,-1.757962122735463595e+00
-5.359653585778211493e+00,-5.359653585778211493e+00
-3.225552670710173153e+00,-3.225552670710173153e+00
-1.030675677818530867e+00,-1.030675677818530867e+00
4.718766235874635839e+00,4.718766235874635839e+00
-2.607624927449585961e+00,-2.607624927449585961e+00
1.977111497068133161e+00,1.977111497068133161e+00
-3.815413259258297884e+00,-3.815413259258297884e+00
6.631504544213679964e-01,6.631504544213679964e-01
4.284621330127265537e+00,4.284621330127265537e+00
6.649224107040469178e+00,6.649224107040469178e+00
-1.810228911438310995e+00,-1.810228911438310995e+00
-3.108003229713597104e+00,-3.108003229713597104e+00
-2.443521317882072719e+00,-2.443521317882072719e+00
-8.191627055844069361e+00,-8.191627055844069361e+00
-3.332659798954861863e+00,-3.332659798954861863e+00
-3.316236151624218031e+00,-3.316236151624218031e+00
-6.504159806901290253e+00,-6.504159806901290253e+00
7.654026172080474311e+00,7.654026172080474311e+00
-1.109708667264498416e+01,-1.109708667264498416e+01
-1.381837122506688331e-01,-1.381837122506688331e-01
-4.238472892894026955e+00,-4.238472892894026955e+00
-8.748507782412314526e+00,-8.748507782412314526e+00
-4.254276078418005369e+00,-4.254276078418005369e+00
-2.216911053296171552e+00,-2.216911053296171552e+00
3.278217704509398533e+00,3.278217704509398533e+00
3.751205885466316836e+00,3.751205885466316836e+00
2.365661439108369457e+00,2.365661439108369457e+00
4.919705764698134587e-01,4.919705764698134587e-01
-2.903266114538855636e+00,-2.903266114538855636e+00
3.545106203938047429e+00,3.545106203938047429e+00
-1.455112673342014329e+00,-1.455112673342014329e+00
-5.615408279274847203e-01,-5.615408279274847203e-01
-3.642249248672902340e+00,-3.642249248672902340e+00
-8.960077602316735224e+00,-8.960077602316735224e+00
5.326943107422010826e-01,5.326943107422010826e-01
6.552016025079652195e-01,6.552016025079652195e-01
4.994689266979150943e-01,4.994689266979150943e-01
3.121547252360715508e+00,3.121547252360715508e+00
-4.321351637260153034e+00,-4.321351637260153034e+00
-9.263436034759742199e+00,-9.263436034759742199e+00
-2.822030740998937581e+00,-2.822030740998937581e+00
7.756626447552641856e+00,7.756626447552641856e+00
7.905826336168862767e+00,7.905826336168862767e+00
-1.797628920868382885e+00,-1.797628920868382885e+00
-5.521572383692722852e+00,-5.521572383692722852e+00
7.358561754532899180e+00,7.358561754532899180e+00
-5.807766329288118534e+00,-5.807766329288118534e+00
-4.073044009245743169e+00,-4.073044009245743169e+00
6.670550252134885838e-01,6.670550252134885838e-01
3.240069226701717930e+00,3.240069226701717930e+00
-1.735118124712948351e+00,-1.735118124712948351e+00
-7.308780051375579845e+00,-7.308780051375579845e+00
-2.472230428729518259e+00,-2.472230428729518259e+00
-4.429050192426366550e+00,-4.429050192426366550e+00
-8.623765664600947289e+00,-8.623765664600947289e+00
-5.088571277899911038e+00,-5.088571277899911038e+00
4.460718388768674103e+00,4.460718388768674103e+00
1.624384792702484148e+00,1.624384792702484148e+00
-5.497198635954077872e+00,-5.497198635954077872e+00
-2.183090323305179048e+00,-2.183090323305179048e+00
1.560301744332326379e-01,1.560301744332326379e-01
1.934573124942299494e+00,1.934573124942299494e+00
-8.143398328424630961e+00,-8.143398328424630961e+00
8.415163064239603585e-01,8.415163064239603585e-01
-2.045656591614188891e+00,-2.045656591614188891e+00
3.947935956045400818e+00,3.947935956045400818e+00
1.406379862561240124e+01,1.406379862561240124e+01
-3.999762398197479030e+00,-3.999762398197479030e+00
2.130974939304399740e+00,2.130974939304399740e+00
7.843216952386806717e-01,7.843216952386806717e-01
-4.166900912975463278e+00,-4.166900912975463278e+00
-9.366914122946163879e-01,-9.366914122946163879e-01
-2.646895796964451542e+00,-2.646895796964451542e+00
5.734631355961237631e+00,5.734631355961237631e+00
3.013320977894724084e+00,3.013320977894724084e+00
4.827278195051436072e+00,4.827278195051436072e+00
-6.289457663034890622e+00,-6.289457663034890622e+00
1.157822437710629693e+01,1.157822437710629693e+01
-4.250350119530551751e+00,-4.250350119530551751e+00
7.674028985189102592e+00,7.674028985189102592e+00
-5.558041211616890465e+00,-5.558041211616890465e+00
2.554899323314514525e+00,2.554899323314514525e+00
-3.566534606927002748e+00,-3.566534606927002748e+00
4.847109982292310271e+00,4.847109982292310271e+00
9.007291921275429658e+00,9.007291921275429658e+00
-4.539931457057244657e+00,-4.539931457057244657e+00
1.527291286497361789e+00,1.527291286497361789e+00
-1.375050512741771591e+00,-1.375050512741771591e+00
-9.448614655308681165e+00,-9.448614655308681165e+00
1.675751532454494708e+00,1.675751532454494708e+00
-2.033574557681430584e+00,-2.033574557681430584e+00
-1.366893634499098198e+01,-1.366893634499098198e+01
3.301960084378181559e+00,3.301960084378181559e+00
1.245501662705868373e+00,1.245501662705868373e+00
-3.578939650134581374e+00,-3.578939650134581374e+00
3.912477675098078311e+00,3.912477675098078311e+00
-6.763322818977626216e-01,-6.763322818977626216e-01
-2.359862967810877343e+00,-2.359862967810877343e+00
-1.117469878689083984e+00,-1.117469878689083984e+00
-8.162166193703709993e+00,-8.162166193703709993e+00
9.005980456381967869e-01,9.005980456381967869e-01
5.596041227394867867e+00,5.596041227394867867e+00
3.157933340452598436e+00,3.157933340452598436e+00
-1.719822179827365627e+00,-1.719822179827365627e+00
4.937897671789072795e+00,4.937897671789072795e+00
-5.881616246360464650e+00,-5.881616246360464650e+00
-2.967892755158864304e+00,-2.967892755158864304e+00
-9.132530167563530199e+00,-9.132530167563530199e+00
-7.689233728401541512e+00,-7.689233728401541512e+00
-9.792800667083518817e-01,-9.792800667083518817e-01
-3.432784877191251027e+00,-3.432784877191251027e+00
-1.994269520342761837e-03,-1.994269520342761837e-03
4.599047793970678200e+00,4.599047793970678200e+00
-3.562013401733623574e+00,-3.562013401733623574e+00
-4.996126592563818747e-01,-4.996126592563818747e-01
1.062993781633204904e+00,1.062993781633204904e+00
-9.322992083927981177e-01,-9.322992083927981177e-01
6.640348985746324928e+00,6.640348985746324928e+00
2.218449630128673356e+00,2.218449630128673356e+00
4.317270904564557199e+00,4.317270904564557199e+00
-8.211796107779747445e+00,-8.211796107779747445e+00
-3.077461511102181912e+00,-3.077461511102181912e+00
-7.735619165610165382e+00,-7.735619165610165382e+00
-4.309284926161794260e+00,-4.309284926161794260e+00
-3.121761184694685554e+00,-3.121761184694685554e+00
1.517030723230688105e+00,1.517030723230688105e+00
4.799156068921909046e+00,4.799156068921909046e+00
-3.022992099408598143e+00,-3.022992099408598143e+00
-5.864382607260367308e+00,-5.864382607260367308e+00
-6.747659004937482941e+00,-6.747659004937482941e+00
-5.945695618481535050e+00,-5.945695618481535050e+00
-5.856858210692896805e-01,-5.856858210692896805e-01
6.023895728988009957e+00,6.023895728988009957e+00
4.666810245557611481e+00,4.666810245557611481e+00
6.267043411041753664e+00,6.267043411041753664e+00
-4.982846069316747339e+00,-4.982846069316747339e+00
3.734895764029194876e+00,3.734895764029194876e+00
7.470026958844586673e-01,7.470026958844586673e-01
1.520183961484294688e+00,1.520183961484294688e+00
-1.581812976966096684e+00,-1.581812976966096684e+00
-1.479918694247715383e+00,-1.479918694247715383e+00
9.194349549212962103e+00,9.194349549212962103e+00
5.076974996845258659e+00,5.076974996845258659e+00
1.341045328458090324e-01,1.341045328458090324e-01
-9.809542167979161675e-01,-9.809542167979161675e-01
-5.690737138901811321e-01,-5.690737138901811321e-01
5.143297767890142147e+00,5.143297767890142147e+00
3.773391738603402157e+00,3.773391738603402157e+00
-8.801393674508455334e+00,-8.801393674508455334e+00
-1.511907981880338703e+00,-1.511907981880338703e+00
7.774975979138281090e-01,7.774975979138281090e-01
-6.973430772709212633e-01,-6.973430772709212633e-01
7.296773114941012217e+00,7.296773114941012217e+00
-2.777741715889178842e+00,-2.777741715889178842e+00
1.304587271538310667e+00,1.304587271538310667e+00
-9.159700032064186814e+00,-9.159700032064186814e+00
1.119734559126203877e+01,1.119734559126203877e+01
-7.084002449683213243e+00,-7.084002449683213243e+00
3.604254189605648584e+00,3.604254189605648584e+00
-2.105160515003315691e+00,-2.105160515003315691e+00
-2.101563228043347387e+00,-2.101563228043347387e+00
-7.150596455562228115e-01,-7.150596455562228115e-01
-5.208932847656535081e+00,-5.208932847656535081e+00
-3.459890642050226894e+00,-3.459890642050226894e+00
-3.055065782007269970e+00,-3.055065782007269970e+00
-8.857853392108578916e-01,-8.857853392108578916e-01
9.692025732080836065e+00,9.692025732080836065e+00
-1.529657209120472761e+00,-1.529657209120472761e+00
1.635383636327524037e+00,1.635383636327524037e+00
2.116500404113089484e+00,2.116500404113089484e+00
-3.854935792087176072e+00,-3.854935792087176072e+00
-4.223889796588355949e-01,-4.223889796588355949e-01
-7.412397313634506713e-01,-7.412397313634506713e-01
4.944557581719273287e+00,4.944557581719273287e+00
-9.052259322155759236e+00,-9.052259322155759236e+00
3.259855424596156404e-01,3.259855424596156404e-01
-1.041725427469928356e+00,-1.041725427469928356e+00
-8.443331688937671942e+00,-8.443331688937671942e+00
-1.356634109504499008e+01,-1.356634109504499008e+01
7.186726618952707923e-01,7.186726618952707923e-01
-1.294240574153189272e-01,-1.294240574153189272e-01
-8.712340421059341367e+00,-8.712340421059341367e+00
-3.180194782144104337e+00,-3.180194782144104337e+00
-2.871557450431528657e+00,-2.871557450431528657e+00
-1.793393230628387514e+00,-1.793393230628387514e+00
-1.051068521170564374e+00,-1.051068521170564374e+00
-1.392484266398787440e+01,-1.392484266398787440e+01
8.218065460842360892e-03,8.218065460842360892e-03
-1.159897836335935040e+01,-1.159897836335935040e+01
-1.190843125176032302e+01,-1.190843125176032302e+01
-1.162600596219935767e+01,-1.162600596219935767e+01
5.142581295115564721e+00,5.142581295115564721e+00
-3.342294782204068504e+00,-3.342294782204068504e+00
1.162638300408527847e+01,1.162638300408527847e+01
-1.070172708984935461e+01,-1.070172708984935461e+01
5.930296722156649381e-01,5.930296722156649381e-01
-1.823803377255032832e+00,-1.823803377255032832e+00
-2.431805354897740301e-01,-2.431805354897740301e-01
-1.452168951286913590e+00,-1.452168951286913590e+00
1.762148691897733599e-01,1.762148691897733599e-01
2.886401554292417515e+00,2.886401554292417515e+00
-5.473701247326793862e+00,-5.473701247326793862e+00
-1.475480056637348270e+00,-1.475480056637348270e+00
-1.502905687741864504e+00,-1.502905687741864504e+00
-3.381847460077357592e+00,-3.381847460077357592e+00
-1.091695544920512795e+01,-1.091695544920512795e+01
-3.417522250728444178e-01,-3.417522250728444178e-01
-2.639048328740397409e+00,-2.639048328740397409e+00
-1.260371783219288222e+00,-1.260371783219288222e+00
-5.353043022539092810e+00,-5.353043022539092810e+00
-9.813887320195687991e+00,-9.813887320195687991e+00
2.524287852074968974e+00,2.524287852074968974e+00
-3.171998766373440581e+00,-3.171998766373440581e+00
3.598500423876506371e+00,3.598500423876506371e+00
3.674623890069908416e+00,3.674623890069908416e+00
-8.489582321399030462e+00,-8.489582321399030462e+00
2.172330920272103061e+00,2.172330920272103061e+00
-9.913862721737460859e-01,-9.913862721737460859e-01
1.223939648959494697e+00,1.223939648959494697e+00
-2.659477393307554394e-01,-2.659477393307554394e-01
4.136481905287904937e+00,4.136481905287904937e+00
5.078479621846336833e+00,5.078479621846336833e+00
8.763037767477793949e+00,8.763037767477793949e+00
-1.245860667750374162e+01,-1.245860667750374162e+01
1.873759199111556306e+00,1.873759199111556306e+00
-1.103172972609988989e+01,-1.103172972609988989e+01
8.350989681941548781e+00,8.350989681941548781e+00
1.075761290579370488e+01,1.075761290579370488e+01
-5.924665391985232787e+00,-5.924665391985232787e+00
1.612194326096812347e+00,1.612194326096812347e+00
1.247181699211324357e+01,1.247181699211324357e+01
-1.860191028967662863e+00,-1.860191028967662863e+00
-2.742533081571623121e+00,-2.742533081571623121e+00
-1.623740272378118021e-01,-1.623740272378118021e-01
-6.521574743347834158e+00,-6.521574743347834158e+00
-1.013979942468600015e+00,-1.013979942468600015e+00
1.454212981391585835e+00,1.454212981391585835e+00
-8.685002492896579440e+00,-8.685002492896579440e+00
7.468027297479009619e-01,7.468027297479009619e-01
1.696976266921667698e+00,1.696976266921667698e+00
3.329742976307916713e+00,3.329742976307916713e+00
-4.578372712991636284e+00,-4.578372712991636284e+00
-6.490379647889551684e+00,-6.490379647889551684e+00
-1.261064889265246869e+01,-1.261064889265246869e+01
3.136644143004386098e+00,3.136644143004386098e+00
-1.988793387135559865e+00,-1.988793387135559865e+00
2.067731809226599715e+00,2.067731809226599715e+00
-5.614835294677295252e+00,-5.614835294677295252e+00
-1.668951301366603968e+00,-1.668951301366603968e+00
-4.144313204853695254e+00,-4.144313204853695254e+00
-7.488877166775756322e+00,-7.488877166775756322e+00
-1.232902672441756220e+00,-1.232902672441756220e+00
-8.713953713687313751e+00,-8.713953713687313751e+00
9.271543324495747029e+00,9.271543324495747029e+00
-1.054985217569956291e+01,-1.054985217569956291e+01
-1.665251633192700531e+00,-1.665251633192700531e+00
-9.930190452301301818e-01,-9.930190452301301818e-01
-3.107579458686393181e+00,-3.107579458686393181e+00
-3.900974953931544142e+00,-3.900974953931544142e+00
4.293319049631567630e+00,4.293319049631567630e+00
-3.298850460593142575e+00,-3.298850460593142575e+00
1.893282471651447807e+00,1.893282471651447807e+00
3.516194734539499933e+00,3.516194734539499933e+00
-3.094650446700517143e+00,-3.094650446700517143e+00
-2.187072331894662547e+00,-2.187072331894662547e+00
5.584825089853366897e+00,5.584825089853366897e+00
-6.480774552729448246e+00,-6.480774552729448246e+00
-5.681065956392949978e-02,-5.681065956392949978e-02
-4.036695747109346755e-01,-4.036695747109346755e-01
1.713006328005389101e+00,1.713006328005389101e+00
1.448528691902258636e+00,1.448528691902258636e+00
-5.467368760219410539e+00,-5.467368760219410539e+00
3.296580187430284692e+00,3.296580187430284692e+00
-6.836966457724491519e+00,-6.836966457724491519e+00
-6.892245844794780751e+00,-6.892245844794780751e+00
-7.260464689907047742e+00,-7.260464689907047742e+00
-5.888933238492537470e+00,-5.888933238492537470e+00
-8.300744724837702648e+00,-8.300744724837702648e+00
-4.047703677676120826e+00,-4.047703677676120826e+00
1.250089993678477818e+01,1.250089993678477818e+01
-5.456815209232006580e-01,-5.456815209232006580e-01
-1.856286057292215297e+00,-1.856286057292215297e+00
3.879039739039284562e+00,3.879039739039284562e+00
-2.158310668022079160e+00,-2.158310668022079160e+00
-4.296970048861776803e+00,-4.296970048861776803e+00
4.639857314963836465e+00,4.639857314963836465e+00
3.263725758867082050e-01,3.263725758867082050e-01
-1.030917270740699543e+01,-1.030917270740699543e+01
-1.046029478486534359e+01,-1.046029478486534359e+01
9.351369129996891516e-01,9.351369129996891516e-01
-4.885887106292248205e+00,-4.885887106292248205e+00
-3.275778528468965334e+00,-3.275778528468965334e+00
-4.155559174262377198e+00,-4.155559174262377198e+00
-1.700162487826307522e+00,-1.700162487826307522e+00
-7.905798260839370428e+00,-7.905798260839370428e+00
-3.347700290914625842e+00,-3.347700290914625842e+00
-4.379636068236679947e+00,-4.379636068236679947e+00
1.458597750210703481e+00,1.458597750210703481e+00
-3.009614521772173923e+00,-3.009614521772173923e+00
1.223883233527092607e+01,1.223883233527092607e+01
-2.121010634238586157e+00,-2.121010634238586157e+00
4.266284104096992102e+00,4.266284104096992102e+00
-6.005393060231752678e+00,-6.005393060231752678e+00
7.292353272192602098e-01,7.292353272192602098e-01
-2.320961686138240943e+00,-2.320961686138240943e+00
-2.127256988785204861e+00,-2.127256988785204861e+00
-2.651539043928517358e+00,-2.651539043928517358e+00
-1.509202254745325433e-01,-1.509202254745325433e-01
-8.265013494294217722e-01,-8.265013494294217722e-01
-1.256752220378881191e+01,-1.256752220378881191e+01
4.364334111869514921e+00,4.364334111869514921e+00
-1.520158945108680548e+00,-1.520158945108680548e+00
-4.577203928099119246e+00,-4.577203928099119246e+00
-5.478052354356176323e+00,-5.478052354356176323e+00
-8.359048573596261633e-01,-8.359048573596261633e-01
-4.927215668363964518e+00,-4.927215668363964518e+00
1.554985886650896987e-01,1.554985886650896987e-01
-8.912389233515042974e+00,-8.912389233515042974e+00
-2.238285488260325806e+00,-2.238285488260325806e+00
7.412735191345625196e-01,7.412735191345625196e-01
3.085892613637023274e+00,3.085892613637023274e+00
-2.140551752789043860e-02,-2.140551752789043860e-02
-4.653219131939751563e+00,-4.653219131939751563e+00
9.759734359533966952e-01,9.759734359533966952e-01
-8.854156099762136023e+00,-8.854156099762136023e+00
1.500315266711468531e+00,1.500315266711468531e+00
-4.066442943523902009e+00,-4.066442943523902009e+00
-1.489206070191494646e+00,-1.489206070191494646e+00
2.567788410303220026e+00,2.567788410303220026e+00
-4.261644768760413982e+00,-4.261644768760413982e+00
1.467711067152858817e+00,1.467711067152858817e+00
-2.116703810764995364e+00,-2.116703810764995364e+00
-3.759304964292921714e+00,-3.759304964292921714e+00
-4.439206679550435020e+00,-4.439206679550435020e+00
-7.596930166002549001e-01,-7.596930166002549001e-01
3.298373429560550019e+00,3.298373429560550019e+00
9.229976418647520831e+00,9.229976418647520831e+00
3.580598297763904370e+00,3.580598297763904370e+00
-1.399588807065168972e+00,-1.399588807065168972e+00
-1.010906174437468152e+01,-1.010906174437468152e+01
-2.236240284113290233e+00,-2.236240284113290233e+00
4.047371163271346717e+00,4.047371163271346717e+00
2.134719217620465237e+00,2.134719217620465237e+00
-3.674431261831182738e+00,-3.674431261831182738e+00
7.771379179420792482e+00,7.771379179420792482e+00
-1.172606544062122147e+01,-1.172606544062122147e+01
-6.911008917825699704e+00,-6.911008917825699704e+00
-1.512834333285337785e+00,-1.512834333285337785e+00
-4.811955074661326215e+00,-4.811955074661326215e+00
-6.618931065827295512e+00,-6.618931065827295512e+00
9.165683838884334023e+00,9.165683838884334023e+00
-3.913216635807883925e+00,-3.913216635807883925e+00
-7.486377805426499776e+00,-7.486377805426499776e+00
-1.312908721428444991e+01,-1.312908721428444991e+01
-2.594683031997867317e+00,-2.594683031997867317e+00
-6.775889277243731357e+00,-6.775889277243731357e+00
-8.259008970573013642e+00,-8.259008970573013642e+00
-3.599705420364183617e+00,-3.599705420364183617e+00
-2.833442847939355858e+00,-2.833442847939355858e+00
2.677706852959937933e+00,2.677706852959937933e+00
-1.531811316448551530e+01,-1.531811316448551530e+01
4.363944370208602486e+00,4.363944370208602486e+00
7.917380045111157116e+00,7.917380045111157116e+00
3.497529315973729069e+00,3.497529315973729069e+00
-8.951282507798630661e+00,-8.951282507798630661e+00
-1.098669688033711722e+01,-1.098669688033711722e+01
-3.262075502869770105e-01,-3.262075502869770105e-01
8.484544932746308277e+00,8.484544932746308277e+00
-1.319488691121678769e+00,-1.319488691121678769e+00
-3.467224468464666476e+00,-3.467224468464666476e+00
3.521339277722190353e+00,3.521339277722190353e+00
3.766292241662149820e+00,3.766292241662149820e+00
-9.850786793414664899e+00,-9.850786793414664899e+00
1.154039614609256859e-01,1.154039614609256859e-01
-8.664443253095011954e+00,-8.664443253095011954e+00
1.574917548078153651e+00,1.574917548078153651e+00
-1.263067634353717494e+00,-1.263067634353717494e+00
-1.755236167150243221e+00,-1.755236167150243221e+00
-4.227481476023050355e+00,-4.227481476023050355e+00
-3.138916380661342043e+00,-3.138916380661342043e+00
-3.025092858866203827e+00,-3.025092858866203827e+00
-1.021028153575927533e+01,-1.021028153575927533e+01
5.823051930831169010e+00,5.823051930831169010e+00
1.424842171531105883e+01,1.424842171531105883e+01
-2.426222457515346598e+00,-2.426222457515346598e+00
-6.563196981370005290e-01,-6.563196981370005290e-01
-3.633513616254657741e+00,-3.633513616254657741e+00
-5.632671455218734025e-01,-5.632671455218734025e-01
3.370934275189094276e+00,3.370934275189094276e+00
2.155422160732532788e+00,2.155422160732532788e+00
-5.104028944285744274e+00,-5.104028944285744274e+00
8.387242376666383947e-01,8.387242376666383947e-01
-1.620595570934909802e+00,-1.620595570934909802e+00
1.879772896044294761e+00,1.879772896044294761e+00
4.316619447364471007e+00,4.316619447364471007e+00
-1.180637468793266898e+01,-1.180637468793266898e+01
-5.229317440367964309e+00,-5.229317440367964309e+00
5.482811622230544302e+00,5.482811622230544302e+00
3.393104179753092531e+00,3.393104179753092531e+00
9.297082602353349046e+00,9.297082602353349046e+00
5.964000853168918148e-01,5.964000853168918148e-01
8.510184650836727371e+00,8.510184650836727371e+00
-1.355839990697047881e+01,-1.355839990697047881e+01
-1.549510150095860794e-01,-1.549510150095860794e-01
7.149574095390116568e-01,7.149574095390116568e-01
-3.183008021153643341e+00,-3.183008021153643341e+00
-1.058111120723556375e+01,-1.058111120723556375e+01
6.997242648595201508e+00,6.997242648595201508e+00
-2.892135314755325481e+00,-2.892135314755325481e+00
2.989109401484241424e+00,2.989109401484241424e+00
-5.907767648541378591e+00,-5.907767648541378591e+00
1.856854730887684823e-01,1.856854730887684823e-01
-1.892784099482081928e+00,-1.892784099482081928e+00
3.633246645746174508e+00,3.633246645746174508e+00
-1.799792099891683250e+01,-1.799792099891683250e+01
7.896810333417522365e+00,7.896810333417522365e+00
2.439323379158517824e-01,2.439323379158517824e-01
-8.201293767150675151e+00,-8.201293767150675151e+00
-7.659879571160061573e+00,-7.659879571160061573e+00
-3.403072355252589887e-02,-3.403072355252589887e-02
3.471068473506941920e+00,3.471068473506941920e+00
-2.592513633675443963e+00,-2.592513633675443963e+00
-4.285609625754125851e+00,-4.285609625754125851e+00
-9.733037953799770214e-01,-9.733037953799770214e-01
-6.097292873963075621e+00,-6.097292873963075621e+00
8.230372398967443104e+00,8.230372398967443104e+00
3.132501755879900429e+00,3.132501755879900429e+00
-1.336969539126571682e+00,-1.336969539126571682e+00
-2.778760816007672219e+00,-2.778760816007672219e+00
-6.547666570612265424e+00,-6.547666570612265424e+00
1.960288189704411543e+00,1.960288189704411543e+00
-3.297856498597771413e+00,-3.297856498597771413e+00
-3.639662763210388619e+00,-3.639662763210388619e+00
4.858423441982817614e-01,4.858423441982817614e-01
-6.847255959019262761e-01,-6.847255959019262761e-01
-2.341981128498753506e-01,-2.341981128498753506e-01
-5.161147413292772157e+00,-5.161147413292772157e+00
9.676254423801919913e-01,9.676254423801919913e-01
-6.629354374126265270e+00,-6.629354374126265270e+00
6.962411490815290094e+00,6.962411490815290094e+00
1.255360951586094487e+01,1.255360951586094487e+01
-3.511828494133027334e+00,-3.511828494133027334e+00
6.329810296039598327e+00,6.329810296039598327e+00
5.429152088558335087e+00,5.429152088558335087e+00
1.941612518465884563e+00,1.941612518465884563e+00
3.682626489694042604e+00,3.682626489694042604e+00
-5.779350448466546553e+00,-5.779350448466546553e+00
3.849844120445338191e+00,3.849844120445338191e+00
-2.455462544113919954e+00,-2.455462544113919954e+00
-1.182839288488206186e+00,-1.182839288488206186e+00
8.467843665469999337e+00,8.467843665469999337e+00
-3.219544907129308520e+00,-3.219544907129308520e+00
4.059737640889710342e+00,4.059737640889710342e+00
8.125090220694371368e+00,8.125090220694371368e+00
6.015431549085121787e-01,6.015431549085121787e-01
-2.181564866235051969e+00,-2.181564866235051969e+00
2.060078319611712061e+00,2.060078319611712061e+00
6.389700233486679259e+00,6.389700233486679259e+00
-2.959658402447398196e-01,-2.959658402447398196e-01
5.328163586116081873e+00,5.328163586116081873e+00
5.292456996284489179e-02,5.292456996284489179e-02
-5.662170139690781312e+00,-5.662170139690781312e+00
4.518900581696692953e+00,4.518900581696692953e+00
-2.537703846868431867e+00,-2.537703846868431867e+00
1.074325749127582519e+01,1.074325749127582519e+01
7.543175505875136189e+00,7.543175505875136189e+00
2.556383700851380780e+00,2.556383700851380780e+00
-4.878375009127653428e+00,-4.878375009127653428e+00
3.736093694860874059e+00,3.736093694860874059e+00
4.959264651424753367e+00,4.959264651424753367e+00
1.244332487743200488e+00,1.244332487743200488e+00
-6.028245028799084082e-01,-6.028245028799084082e-01
4.735348530027006397e+00,4.735348530027006397e+00
3.213205514504688054e+00,3.213205514504688054e+00
3.272326078711676800e+00,3.272326078711676800e+00
5.193851230371955729e+00,5.193851230371955729e+00
-7.123754853217120875e+00,-7.123754853217120875e+00
-5.088876688697012263e+00,-5.088876688697012263e+00
1.334754480244949360e+00,1.334754480244949360e+00
-3.443314699310282556e+00,-3.443314699310282556e+00
1.234319699026086958e+00,1.234319699026086958e+00
6.127982331507428881e-01,6.127982331507428881e-01
-6.959628174449046689e+00,-6.959628174449046689e+00
-9.785174051933291040e+00,-9.785174051933291040e+00
4.298691852781789891e+00,4.298691852781789891e+00
-3.391504697822242509e+00,-3.391504697822242509e+00
-1.283215961800577620e+00,-1.283215961800577620e+00
3.654571368647648200e+00,3.654571368647648200e+00
1.341296417190740442e-02,1.341296417190740442e-02
-7.925172517941914130e+00,-7.925172517941914130e+00
-2.734850823185731805e+00,-2.734850823185731805e+00
-7.770174928129669922e+00,-7.770174928129669922e+00
-5.111781088298917197e+00,-5.111781088298917197e+00
-6.184875639306912198e+00,-6.184875639306912198e+00
-3.818826101515129245e+00,-3.818826101515129245e+00
-3.834568404611242265e+00,-3.834568404611242265e+00
-5.126348613457947678e+00,-5.126348613457947678e+00
-9.411307776511041112e+00,-9.411307776511041112e+00
-8.110148944933346371e+00,-8.110148944933346371e+00
-1.412487760521202240e+01,-1.412487760521202240e+01
1.839795110565263236e+00,1.839795110565263236e+00
-1.527139728229589100e+00,-1.527139728229589100e+00
3.513820706196222332e-01,3.513820706196222332e-01
-2.015377422453579204e-01,-2.015377422453579204e-01
5.949092458346836310e-01,5.949092458346836310e-01
-1.724758296569118388e+00,-1.724758296569118388e+00
-1.077673681431954833e+01,-1.077673681431954833e+01
-2.726494958183820483e+00,-2.726494958183820483e+00
-1.458740462387094095e+00,-1.458740462387094095e+00
-7.823650678330476893e+00,-7.823650678330476893e+00
-4.126798989172716148e+00,-4.126798989172716148e+00
-2.438255079470392772e+00,-2.438255079470392772e+00
6.542144617204272983e-01,6.542144617204272983e-01
2.775901512771765667e-01,2.775901512771765667e-01
1.001369934212851476e+00,1.001369934212851476e+00
2.871597171467893173e+00,2.871597171467893173e+00
-1.133966749588971368e+00,-1.133966749588971368e+00
-5.789661817636808649e-01,-5.789661817636808649e-01
-2.486685140752195622e+01,-2.486685140752195622e+01
-6.340190696975287921e+00,-6.340190696975287921e+00
-5.398743804508265853e+00,-5.398743804508265853e+00
-1.954009649730892306e-02,-1.954009649730892306e-02
-6.723494770435312518e+00,-6.723494770435312518e+00
-6.378768061720279547e+00,-6.378768061720279547e+00
1.596160622754641878e+00,1.596160622754641878e+00
3.082808024346542553e+00,3.082808024346542553e+00
-1.022592837269488086e+01,-1.022592837269488086e+01
8.875346685405759217e+00,8.875346685405759217e+00
-5.576587575906259531e+00,-5.576587575906259531e+00
2.739953266706081525e+00,2.739953266706081525e+00
2.182179253071584668e+00,2.182179253071584668e+00
-1.012673857744593775e+01,-1.012673857744593775e+01
-9.777343746044522277e-01,-9.777343746044522277e-01
-1.833692746424123499e+00,-1.833692746424123499e+00
-8.167573984583158975e+00,-8.167573984583158975e+00
-2.090199346106397460e+00,-2.090199346106397460e+00
-2.107990100294705904e+00,-2.107990100294705904e+00
-1.485219206831525973e+00,-1.485219206831525973e+00
-4.281640163117227615e+00,-4.281640163117227615e+00
5.440769577782818445e+00,5.440769577782818445e+00
1.665827295905683458e+00,1.665827295905683458e+00
-1.157284331469099392e+01,-1.157284331469099392e+01
7.924952756914711571e-01,7.924952756914711571e-01
2.807473942537080269e+00,2.807473942537080269e+00
4.350282407260616324e+00,4.350282407260616324e+00
4.067284517291158252e+00,4.067284517291158252e+00
-4.574381282552376859e+00,-4.574381282552376859e+00
-4.954372114462630705e+00,-4.954372114462630705e+00
-9.177847451680110069e-02,-9.177847451680110069e-02
-1.245381048633367627e+01,-1.245381048633367627e+01
9.298518319346467109e-01,9.298518319346467109e-01
9.056763488806485185e-01,9.056763488806485185e-01
-4.800914238768804410e+00,-4.800914238768804410e+00
-1.003963779873314799e+01,-1.003963779873314799e+01
-6.108140967600387050e+00,-6.108140967600387050e+00
-2.902230454613761612e+00,-2.902230454613761612e+00
-9.778792854180613503e-01,-9.778792854180613503e-01
4.124368128444064752e-01,4.124368128444064752e-01
-2.828144415565689407e+00,-2.828144415565689407e+00
6.500660066576770646e+00,6.500660066576770646e+00
-9.420759824545754668e+00,-9.420759824545754668e+00
-2.796919682777927463e+00,-2.796919682777927463e+00
-3.484444249101066760e+00,-3.484444249101066760e+00
-4.225928098601777094e+00,-4.225928098601777094e+00
5.709395660475306222e+00,5.709395660475306222e+00
-2.556968996453088394e+00,-2.556968996453088394e+00
4.549046760245552434e+00,4.549046760245552434e+00
1.951545420086109317e-01,1.951545420086109317e-01
2.962577063874638927e+00,2.962577063874638927e+00
2.737795756901132194e+00,2.737795756901132194e+00
-1.020263362362496018e+01,-1.020263362362496018e+01
-3.584497975685664528e+00,-3.584497975685664528e+00
-6.332046377997138542e+00,-6.332046377997138542e+00
5.744485475912741279e+00,5.744485475912741279e+00
7.301425915952286516e-01,7.301425915952286516e-01
1.207033212429472258e+01,1.207033212429472258e+01
1.867999610428195290e+00,1.867999610428195290e+00
2.447825050419432102e-01,2.447825050419432102e-01
-7.898641541927062804e-01,-7.898641541927062804e-01
7.503211381099024635e+00,7.503211381099024635e+00
-4.027125623505488861e+00,-4.027125623505488861e+00
1.332764574831846183e+00,1.332764574831846183e+00
-9.242883084512662606e+00,-9.242883084512662606e+00
-4.197228434703713873e+00,-4.197228434703713873e+00
-7.337017942218975186e+00,-7.337017942218975186e+00
-1.083259597726490853e+01,-1.083259597726490853e+01
1.132020115981887898e+00,1.132020115981887898e+00
-5.666555854036504414e+00,-5.666555854036504414e+00
-1.142061783794147090e+01,-1.142061783794147090e+01
3.741933267752544090e+00,3.741933267752544090e+00
-2.317571875611140086e+00,-2.317571875611140086e+00
9.351123190817439479e+00,9.351123190817439479e+00
1.424980151216823643e+00,1.424980151216823643e+00
3.574117119808377652e+00,3.574117119808377652e+00
-2.834791618758781162e+00,-2.834791618758781162e+00
1.005808551955221830e+01,1.005808551955221830e+01
-3.625596824300867826e+00,-3.625596824300867826e+00
4.416912605993070784e+00,4.416912605993070784e+00
5.840484415856867173e+00,5.840484415856867173e+00
-2.358763528785814856e+00,-2.358763528785814856e+00
8.630434560625221962e-01,8.630434560625221962e-01
-3.867020266855363264e+00,-3.867020266855363264e+00
3.490669493254346278e+00,3.490669493254346278e+00
-3.912268988338215792e+00,-3.912268988338215792e+00
-1.021526095430955650e+01,-1.021526095430955650e+01
-5.043596193773389302e+00,-5.043596193773389302e+00
7.200305401013650908e+00,7.200305401013650908e+00
3.458161763532423549e-01,3.458161763532423549e-01
-5.719400657354238859e+00,-5.719400657354238859e+00
5.164954045414429373e+00,5.164954045414429373e+00
3.856473980921272027e+00,3.856473980921272027e+00
2.921366425886337659e+00,2.921366425886337659e+00
8.564491206176096938e+00,8.564491206176096938e+00
4.425186173592221550e-01,4.425186173592221550e-01
-1.603425771032327418e+01,-1.603425771032327418e+01
-1.214531489834694966e+01,-1.214531489834694966e+01
3.031143376328922834e+00,3.031143376328922834e+00
-1.109809404137283906e+00,-1.109809404137283906e+00
6.973540234757942713e+00,6.973540234757942713e+00
2.160014191416125939e+00,2.160014191416125939e+00
8.644031358533563747e+00,8.644031358533563747e+00
-7.740414518108698516e+00,-7.740414518108698516e+00
-1.907934730213822760e-01,-1.907934730213822760e-01
-2.410817543320662004e+00,-2.410817543320662004e+00
2.640780467641938856e-01,2.640780467641938856e-01
1.597191595076163040e+00,1.597191595076163040e+00
-4.611186745805509801e+00,-4.611186745805509801e+00
-4.752186045667095016e-01,-4.752186045667095016e-01
1.358405045080750106e+00,1.358405045080750106e+00
-2.628594046370942294e+00,-2.628594046370942294e+00
-1.462174147570059723e+01,-1.462174147570059723e+01
-5.500999855622605850e+00,-5.500999855622605850e+00
2.451931871693610265e+00,2.451931871693610265e+00
-1.553755960693681715e+00,-1.553755960693681715e+00
3.301335668900035714e+00,3.301335668900035714e+00
-4.099046602740268774e+00,-4.099046602740268774e+00
2.154008491825361915e+00,2.154008491825361915e+00
2.230752049079296029e+00,2.230752049079296029e+00
7.242834388436700799e+00,7.242834388436700799e+00
4.104707257441969404e+00,4.104707257441969404e+00
-4.722004446467421346e+00,-4.722004446467421346e+00
-5.866802965019543237e+00,-5.866802965019543237e+00
5.424192476808142871e-01,5.424192476808142871e-01
-9.869421167910171988e+00,-9.869421167910171988e+00
2.682116780479344875e+00,2.682116780479344875e+00
1.527630736619876917e+00,1.527630736619876917e+00
-1.394723451768945210e+01,-1.394723451768945210e+01
4.654231307265032314e+00,4.654231307265032314e+00
-1.643676456056553192e+01,-1.643676456056553192e+01
-2.404240970339196259e+00,-2.404240970339196259e+00
-1.029542662035665757e+01,-1.029542662035665757e+01
-4.510039077528052331e+00,-4.510039077528052331e+00
-2.499128541345304377e+00,-2.499128541345304377e+00
1.094399275122526660e+00,1.094399275122526660e+00
1.047778257008997960e+00,1.047778257008997960e+00
2.812335495273893926e+00,2.812335495273893926e+00
2.718308403081282965e+00,2.718308403081282965e+00
-3.156826014320358809e+00,-3.156826014320358809e+00
7.089922299302193309e+00,7.089922299302193309e+00
-3.744472081557840948e+00,-3.744472081557840948e+00
-8.271354751642308045e+00,-8.271354751642308045e+00
-3.318740436947114070e+00,-3.318740436947114070e+00
7.421416863976342704e+00,7.421416863976342704e+00
6.827039225523183319e+00,6.827039225523183319e+00
-6.813086964390725697e+00,-6.813086964390725697e+00
-4.023643166443845232e+00,-4.023643166443845232e+00
-6.231602647655556382e+00,-6.231602647655556382e+00
6.175558476608770775e+00,6.175558476608770775e+00
-1.081950084190517813e+01,-1.081950084190517813e+01
-7.476542917132174892e+00,-7.476542917132174892e+00
1.090341676757111600e+01,1.090341676757111600e+01
-7.726734167022701882e+00,-7.726734167022701882e+00
6.042751557201673229e-01,6.042751557201673229e-01
-7.306961825580538417e+00,-7.306961825580538417e+00
-3.743031016843760383e+00,-3.743031016843760383e+00
-6.310769582418018331e+00,-6.310769582418018331e+00
4.344865277639061496e+00,4.344865277639061496e+00
-4.379136275793177546e+00,-4.379136275793177546e+00
2.796418408386591281e+00,2.796418408386591281e+00
-9.657866246203155924e+00,-9.657866246203155924e+00
5.304509144291519540e+00,5.304509144291519540e+00
-1.987382744932611800e+00,-1.987382744932611800e+00
5.574414609904973616e+00,5.574414609904973616e+00
-4.457266422638259229e+00,-4.457266422638259229e+00
-5.331206430384925810e+00,-5.331206430384925810e+00
-3.439185596764648523e+00,-3.439185596764648523e+00
-5.412146341690650786e+00,-5.412146341690650786e+00
7.800427179527548383e+00,7.800427179527548383e+00
-6.981933665708551118e+00,-6.981933665708551118e+00
-6.868574028448055202e+00,-6.868574028448055202e+00
-1.329923650263294288e+00,-1.329923650263294288e+00
-2.613941625430934224e+00,-2.613941625430934224e+00
-5.928447917396272970e+00,-5.928447917396272970e+00
-9.205440673908572791e+00,-9.205440673908572791e+00
-3.143928987018264731e+00,-3.143928987018264731e+00
-1.245223409529163661e-01,-1.245223409529163661e-01
1.603958574054277442e+00,1.603958574054277442e+00
5.758295346165542838e+00,5.758295346165542838e+00
-1.176483649274846854e+01,-1.176483649274846854e+01
-1.495639192561286634e-01,-1.495639192561286634e-01
-8.512804426543674197e-04,-8.512804426543674197e-04
-9.064735083310726083e+00,-9.064735083310726083e+00
-1.022744982819728143e+00,-1.022744982819728143e+00
-1.537704500288903375e+00,-1.537704500288903375e+00
1.640965064179696675e+00,1.640965064179696675e+00
-4.386977762159530947e+00,-4.386977762159530947e+00
-7.559235142833822252e-01,-7.559235142833822252e-01
2.153467340846439093e+00,2.153467340846439093e+00
9.214454790444532861e+00,9.214454790444532861e+00
-5.080374083871371127e+00,-5.080374083871371127e+00
1.984086026084503018e+00,1.984086026084503018e+00
4.460832596901312286e+00,4.460832596901312286e+00
5.917786000355084397e+00,5.917786000355084397e+00
6.350012820284130832e+00,6.350012820284130832e+00
1.208313057228813658e+00,1.208313057228813658e+00
-1.232441649164661257e+00,-1.232441649164661257e+00
8.280238029903539854e+00,8.280238029903539854e+00
8.006867251480689340e-01,8.006867251480689340e-01
6.393379915848500517e+00,6.393379915848500517e+00
-4.111648831074964150e+00,-4.111648831074964150e+00
-1.088818510406856888e+01,-1.088818510406856888e+01
-1.957684274862430129e+00,-1.957684274862430129e+00
-1.847409823243839178e+00,-1.847409823243839178e+00
-1.349023063118917065e+00,-1.349023063118917065e+00
2.355784064680989331e+00,2.355784064680989331e+00
4.843943957019720692e+00,4.843943957019720692e+00
3.802839843158086541e+00,3.802839843158086541e+00
1.591746614536948101e+00,1.591746614536948101e+00
2.294526862566926173e+00,2.294526862566926173e+00
-6.539383365309722862e+00,-6.539383365309722862e+00
3.510293162303207204e+00,3.510293162303207204e+00
-1.415504316233830551e+00,-1.415504316233830551e+00
-1.160863878132220783e+01,-1.160863878132220783e+01
2.897212624858074292e-01,2.897212624858074292e-01
3.388859157178319315e+00,3.388859157178319315e+00
-2.231421818235779231e+00,-2.231421818235779231e+00
4.256366000262137739e+00,4.256366000262137739e+00
-8.741836974945288219e+00,-8.741836974945288219e+00
-1.737390058814412441e+00,-1.737390058814412441e+00
-1.047988936626215839e+00,-1.047988936626215839e+00
-7.255697971811957636e+00,-7.255697971811957636e+00
2.030132377394019194e+00,2.030132377394019194e+00
-3.030490609905848842e+00,-3.030490609905848842e+00
-1.912028622842283809e+00,-1.912028622842283809e+00
7.713291144937578281e+00,7.713291144937578281e+00
6.758936170141625510e+00,6.758936170141625510e+00
2.019587684047912113e+00,2.019587684047912113e+00
5.059963645117773190e+00,5.059963645117773190e+00
3.398360488226640275e+00,3.398360488226640275e+00
5.136803207740379129e+00,5.136803207740379129e+00
-1.996964400731075173e+00,-1.996964400731075173e+00
-9.834287151073732858e-01,-9.834287151073732858e-01
4.821745816365758941e+00,4.821745816365758941e+00
2.284229601004295951e+00,2.284229601004295951e+00
1.512973007651111423e+00,1.512973007651111423e+00
5.735423048969950699e+00,5.735423048969950699e+00
6.879985488032049901e-01,6.879985488032049901e-01
-4.248619344626341388e+00,-4.248619344626341388e+00
-5.682820383851839630e+00,-5.682820383851839630e+00
-5.113814553089332193e+00,-5.113814553089332193e+00
-1.264730777133785367e+01,-1.264730777133785367e+01
5.067449466992613338e+00,5.067449466992613338e+00
5.014079211241769585e+00,5.014079211241769585e+00
-2.247129502440943227e+00,-2.247129502440943227e+00
3.944329328042827321e+00,3.944329328042827321e+00
-5.485157912390244306e+00,-5.485157912390244306e+00
-7.783777674709133620e+00,-7.783777674709133620e+00
2.387665675128973319e+00,2.387665675128973319e+00
3.864389793515895732e+00,3.864389793515895732e+00
-1.145942311060016650e+00,-1.145942311060016650e+00
-3.015463598695362180e+00,-3.015463598695362180e+00
2.151481679583358897e+00,2.151481679583358897e+00
-3.710347564398551512e+00,-3.710347564398551512e+00
-3.529820729581327754e-01,-3.529820729581327754e-01
-1.288336311828274106e+01,-1.288336311828274106e+01
-3.422272918595210101e+00,-3.422272918595210101e+00
-2.526362362899865044e+00,-2.526362362899865044e+00
-1.146314605152761956e+01,-1.146314605152761956e+01
8.284019888083477667e+00,8.284019888083477667e+00
1.915200416542428119e+00,1.915200416542428119e+00
-9.563369826548388630e+00,-9.563369826548388630e+00
5.275473873979251493e+00,5.275473873979251493e+00
-4.999731058686506913e+00,-4.999731058686506913e+00
-4.089642696543208444e+00,-4.089642696543208444e+00
3.474419009352630816e+00,3.474419009352630816e+00
1.643602008222807775e+00,1.643602008222807775e+00
-3.201887788018265013e-02,-3.201887788018265013e-02
-2.428591436937849846e+00,-2.428591436937849846e+00
-3.841732130750575180e+00,-3.841732130750575180e+00
6.566302158339108352e+00,6.566302158339108352e+00
7.674540454243461873e+00,7.674540454243461873e+00
-1.119936758648132979e+01,-1.119936758648132979e+01
-1.744150082230531140e-01,-1.744150082230531140e-01
4.072098891277258215e-01,4.072098891277258215e-01
6.901183825266835825e+00,6.901183825266835825e+00
-3.671740829452881716e+00,-3.671740829452881716e+00
-9.914689306059688789e+00,-9.914689306059688789e+00
2.085505570889424121e+00,2.085505570889424121e+00
-5.611359177111085117e+00,-5.611359177111085117e+00
-2.403590230404172523e+00,-2.403590230404172523e+00
4.838491171241678934e+00,4.838491171241678934e+00
-9.703235423671614512e-01,-9.703235423671614512e-01
-3.242987745423368651e+00,-3.242987745423368651e+00
1.020181288372840811e+01,1.020181288372840811e+01
8.649132383277482461e-01,8.649132383277482461e-01
-1.166625817219349415e+01,-1.166625817219349415e+01
-4.373492179973739624e+00,-4.373492179973739624e+00
4.685341574280418087e+00,4.685341574280418087e+00
-9.051779943699122200e+00,-9.051779943699122200e+00
5.007194553392922742e+00,5.007194553392922742e+00
1.068372314916556931e+00,1.068372314916556931e+00
8.764484898748179376e-01,8.764484898748179376e-01
-6.448409022006781122e+00,-6.448409022006781122e+00
-8.945519861698866038e+00,-8.945519861698866038e+00
-8.352376846230214369e+00,-8.352376846230214369e+00
-1.509315955029557799e+01,-1.509315955029557799e+01
-6.486041312657615521e+00,-6.486041312657615521e+00
-1.486529345229265253e+01,-1.486529345229265253e+01
6.625465324414451018e+00,6.625465324414451018e+00
-2.293789352403426296e+00,-2.293789352403426296e+00
1.728346229420354874e+00,1.728346229420354874e+00
6.932572328134108730e+00,6.932572328134108730e+00
-2.739242821716930898e+00,-2.739242821716930898e+00
8.101276803447220232e+00,8.101276803447220232e+00
-6.048636290240083646e-01,-6.048636290240083646e-01
-2.735150542863676648e+00,-2.735150542863676648e+00
1.138489030851901340e+01,1.138489030851901340e+01
-6.125475161898270571e+00,-6.125475161898270571e+00
5.123504730493812609e+00,5.123504730493812609e+00
-9.691727745053242415e+00,-9.691727745053242415e+00
1.485029145525549410e+01,1.485029145525549410e+01
7.520431376122003186e-01,7.520431376122003186e-01
-3.132303766206303575e+00,-3.132303766206303575e+00
-3.943636259528854104e+00,-3.943636259528854104e+00
-7.393526982363455957e+00,-7.393526982363455957e+00
-1.079230483288872122e+01,-1.079230483288872122e+01
8.900644809766319554e+00,8.900644809766319554e+00
-5.899170270831052498e+00,-5.899170270831052498e+00
-1.982066983547059458e-01,-1.982066983547059458e-01
9.332250744954045274e+00,9.332250744954045274e+00
-8.790859286079431456e+00,-8.790859286079431456e+00
-1.262260148085654166e+01,-1.262260148085654166e+01
-4.004341285301808995e+00,-4.004341285301808995e+00
-2.852862860750616125e+00,-2.852862860750616125e+00
-1.968213077750464279e+00,-1.968213077750464279e+00
-4.205014824833966713e+00,-4.205014824833966713e+00
-1.036123606555912069e+00,-1.036123606555912069e+00
-5.266396350610242472e+00,-5.266396350610242472e+00
-5.033393898564005653e+00,-5.033393898564005653e+00
-1.281711287382485409e+00,-1.281711287382485409e+00
-3.116645687923240260e+00,-3.116645687923240260e+00
-1.274963567033709388e+00,-1.274963567033709388e+00
-3.976269647573782873e+00,-3.976269647573782873e+00
-3.832336595469285179e+00,-3.832336595469285179e+00
-3.310053787750233845e+00,-3.310053787750233845e+00
-3.906745067223005297e+00,-3.906745067223005297e+00
4.810659159380330507e+00,4.810659159380330507e+00
3.465830461655220240e+00,3.465830461655220240e+00
3.381886453494589162e+00,3.381886453494589162e+00
-8.688103965312567567e+00,-8.688103965312567567e+00
3.019834943012991602e+00,3.019834943012991602e+00
-5.838911279336551630e-01,-5.838911279336551630e-01
-5.630511565485413428e+00,-5.630511565485413428e+00
7.841139381690943821e+00,7.841139381690943821e+00
-2.767063385962898359e+00,-2.767063385962898359e+00
4.122563008386161520e+00,4.122563008386161520e+00
3.358375257599070185e+00,3.358375257599070185e+00
-3.561292686466734914e+00,-3.561292686466734914e+00
-4.979649730215073511e+00,-4.979649730215073511e+00
-8.256174222401035934e+00,-8.256174222401035934e+00
2.612096859041206365e+00,2.612096859041206365e+00
5.957010420948934737e+00,5.957010420948934737e+00
-6.633886996384124046e+00,-6.633886996384124046e+00
4.023473188712737070e+00,4.023473188712737070e+00
6.659646896146935724e+00,6.659646896146935724e+00
3.927149990637485821e+00,3.927149990637485821e+00
-2.830927907104324959e+00,-2.830927907104324959e+00
-2.810372325212411759e+00,-2.810372325212411759e+00
4.458658579778595588e+00,4.458658579778595588e+00
-1.004281520498913061e+01,-1.004281520498913061e+01
-7.538095988038942430e+00,-7.538095988038942430e+00
2.357293416056564173e+00,2.357293416056564173e+00
2.088252575491411633e+00,2.088252575491411633e+00
6.901946972629579236e+00,6.901946972629579236e+00
1.843970595012392799e+00,1.843970595012392799e+00
-4.670001746479593763e+00,-4.670001746479593763e+00
-2.762037608497585506e+00,-2.762037608497585506e+00
-3.464518336048917124e+00,-3.464518336048917124e+00
-1.379658607663644787e+01,-1.379658607663644787e+01
-4.460297271654232176e+00,-4.460297271654232176e+00
1.986532152235955362e+00,1.986532152235955362e+00
-6.911277903665681066e+00,-6.911277903665681066e+00
-2.321070885785671223e+00,-2.321070885785671223e+00
-5.448918564825209643e+00,-5.448918564825209643e+00
-1.943884658839280632e+00,-1.943884658839280632e+00
-6.295906044084426334e+00,-6.295906044084426334e+00
-5.251452800283152200e+00,-5.251452800283152200e+00
-4.576771833162040615e+00,-4.576771833162040615e+00
-9.150647975080914875e+00,-9.150647975080914875e+00
1.173485683803018986e+01,1.173485683803018986e+01
-6.036102010760502345e+00,-6.036102010760502345e+00
-2.438366391315658355e+00,-2.438366391315658355e+00
1.650183944762578125e+00,1.650183944762578125e+00
-1.022201689053638773e+01,-1.022201689053638773e+01
2.257021820606497808e+00,2.257021820606497808e+00
-5.567009863257744939e+00,-5.567009863257744939e+00
1.858692537724466298e+00,1.858692537724466298e+00
-5.178652210994756366e-01,-5.178652210994756366e-01
9.124514949221262938e-01,9.124514949221262938e-01
-2.679223460254195999e+00,-2.679223460254195999e+00
-3.661702646103468517e+00,-3.661702646103468517e+00
-4.007283384822555306e+00,-4.007283384822555306e+00
-4.327705084772983213e+00,-4.327705084772983213e+00
-4.625035406608306587e+00,-4.625035406608306587e+00
1.858693266516090237e+00,1.858693266516090237e+00
-2.562014205305205738e+00,-2.562014205305205738e+00
1.152382300699132500e+00,1.152382300699132500e+00
-1.020653103141639484e+01,-1.020653103141639484e+01
1.932887413607538907e+00,1.932887413607538907e+00
3.898217568543734135e+00,3.898217568543734135e+00
9.357685778665159049e-01,9.357685778665159049e-01
-1.271236740198776083e+00,-1.271236740198776083e+00
1.085363080420422754e+01,1.085363080420422754e+01
1.027617902578293041e+01,1.027617902578293041e+01
-1.532103207854267346e+00,-1.532103207854267346e+00
-1.022863579123205646e+01,-1.022863579123205646e+01
-7.734686903734226959e-01,-7.734686903734226959e-01
-5.417104416552794177e+00,-5.417104416552794177e+00
8.914335518648799805e+00,8.914335518648799805e+00
4.954855974725498768e+00,4.954855974725498768e+00
-1.957419974425236298e+00,-1.957419974425236298e+00
3.797998508078092250e+00,3.797998508078092250e+00
-4.136289674760575963e+00,-4.136289674760575963e+00
-2.963174515925295793e+00,-2.963174515925295793e+00
-7.275819556321506454e+00,-7.275819556321506454e+00
4.297151816561401105e+00,4.297151816561401105e+00
1.023571620328464959e+01,1.023571620328464959e+01
-1.002190424315940298e+01,-1.002190424315940298e+01
5.240652212080517458e+00,5.240652212080517458e+00
-4.175774283761809258e+00,-4.175774283761809258e+00
4.594439789560500920e+00,4.594439789560500920e+00
-9.130729128398211714e+00,-9.130729128398211714e+00
-8.450735493091571016e+00,-8.450735493091571016e+00
-9.408994469630890478e+00,-9.408994469630890478e+00
-3.107977715575871436e-01,-3.107977715575871436e-01
6.262609761388152840e+00,6.262609761388152840e+00
-2.243633318358966289e+00,-2.243633318358966289e+00
3.417441864833507204e+00,3.417441864833507204e+00
8.788206406339108767e+00,8.788206406339108767e+00
-4.440454155521377011e+00,-4.440454155521377011e+00
-9.914974548689794887e+00,-9.914974548689794887e+00
-7.244490718408899355e+00,-7.244490718408899355e+00
-2.238315374702640526e+00,-2.238315374702640526e+00
-1.682075121326145783e+00,-1.682075121326145783e+00
2.408759538558218338e+00,2.408759538558218338e+00
3.426463665008041559e+00,3.426463665008041559e+00
3.696346436748982001e+00,3.696346436748982001e+00
1.217462107834124563e+00,1.217462107834124563e+00
3.765321445676921286e-01,3.765321445676921286e-01
4.058161106292217823e+00,4.058161106292217823e+00
-9.983547285202050148e-01,-9.983547285202050148e-01
-4.536737076047783646e+00,-4.536737076047783646e+00
1.025989272264157748e+01,1.025989272264157748e+01
1.520667496857294410e+00,1.520667496857294410e+00
-9.004200796057375555e+00,-9.004200796057375555e+00
-8.560880669066319726e-01,-8.560880669066319726e-01
-1.262072036042870771e+00,-1.262072036042870771e+00
-8.371008760924226522e+00,-8.371008760924226522e+00
7.746107539803240627e+00,7.746107539803240627e+00
-3.295461851112960971e+00,-3.295461851112960971e+00
-1.655769485846174227e+00,-1.655769485846174227e+00
1.132013428375254982e+00,1.132013428375254982e+00
4.553155055475039070e+00,4.553155055475039070e+00
-3.878727237689391316e+00,-3.878727237689391316e+00
-1.858048400925199850e+00,-1.858048400925199850e+00
-6.929869726217866344e+00,-6.929869726217866344e+00
-6.236365113406002081e+00,-6.236365113406002081e+00
-1.971784514269333322e+00,-1.971784514269333322e+00
-3.543510356749447254e+00,-3.543510356749447254e+00
-8.158071025410585264e+00,-8.158071025410585264e+00
-5.545163273934693215e+00,-5.545163273934693215e+00
-8.801153897030424389e+00,-8.801153897030424389e+00
-6.792843752381161337e+00,-6.792843752381161337e+00
-3.501704850411003100e+00,-3.501704850411003100e+00
6.597728080023458119e+00,6.597728080023458119e+00
-7.239567944762070439e+00,-7.239567944762070439e+00
4.718162905137521790e+00,4.718162905137521790e+00
2.698209079023884183e+00,2.698209079023884183e+00
-9.976653496938329369e+00,-9.976653496938329369e+00
-2.680965969935829030e-01,-2.680965969935829030e-01
-2.191967708806353166e+00,-2.191967708806353166e+00
3.840033007775560669e+00,3.840033007775560669e+00
4.215150771001869856e-01,4.215150771001869856e-01
1.459006314582548747e+01,1.459006314582548747e+01
-1.010022870329687628e+01,-1.010022870329687628e+01
6.681265306572082174e+00,6.681265306572082174e+00
-1.501707423493809479e+00,-1.501707423493809479e+00
-3.659398334849773171e+00,-3.659398334849773171e+00
-8.077217600175863765e+00,-8.077217600175863765e+00
6.057889792653823768e+00,6.057889792653823768e+00
-3.796917715830279150e-01,-3.796917715830279150e-01
-4.085095246789001600e+00,-4.085095246789001600e+00
-1.093897483435888329e+00,-1.093897483435888329e+00
-9.168240536175179756e+00,-9.168240536175179756e+00
-4.533784079572678039e+00,-4.533784079572678039e+00
4.782323524564239037e+00,4.782323524564239037e+00
-1.123938915365522817e+00,-1.123938915365522817e+00
-5.341626934355637957e+00,-5.341626934355637957e+00
-7.615381613163485497e-02,-7.615381613163485497e-02
5.603544764130877098e+00,5.603544764130877098e+00
-7.012837775639903626e+00,-7.012837775639903626e+00
-2.778854432232479521e+00,-2.778854432232479521e+00
-2.381431899728324364e+00,-2.381431899728324364e+00
-6.265517869095960535e+00,-6.265517869095960535e+00
-8.146244281505943263e-02,-8.146244281505943263e-02
4.669871237150566401e+00,4.669871237150566401e+00
3.458628294218869748e+00,3.458628294218869748e+00
5.916387403748946561e+00,5.916387403748946561e+00
-7.403842349294873060e+00,-7.403842349294873060e+00
-1.253516671041210451e+00,-1.253516671041210451e+00
-5.587921243029070340e+00,-5.587921243029070340e+00
1.811227586265971912e+00,1.811227586265971912e+00
-7.096650867909730209e+00,-7.096650867909730209e+00
7.249351157941887891e+00,7.249351157941887891e+00
1.725572489577080759e+00,1.725572489577080759e+00
-4.696401723864733313e+00,-4.696401723864733313e+00
-4.485512336623498797e+00,-4.485512336623498797e+00
-5.968663036612645634e+00,-5.968663036612645634e+00
5.269473364439742014e+00,5.269473364439742014e+00
7.896242734859404422e-01,7.896242734859404422e-01
-7.034328057803819867e+00,-7.034328057803819867e+00
-4.917551188861284395e+00,-4.917551188861284395e+00
3.873488847733674412e+00,3.873488847733674412e+00
-9.605310635395789554e-01,-9.605310635395789554e-01
5.156550425583320774e+00,5.156550425583320774e+00
-6.455813003878827061e+00,-6.455813003878827061e+00
-6.182853531844557438e+00,-6.182853531844557438e+00
-2.749864061810329829e-01,-2.749864061810329829e-01
3.166856991278077960e+00,3.166856991278077960e+00
2.007401700879914763e+00,2.007401700879914763e+00
-3.787107949093950765e-01,-3.787107949093950765e-01
4.973827128870489389e-02,4.973827128870489389e-02
-4.454666041194109916e+00,-4.454666041194109916e+00
1.220982258832258793e+01,1.220982258832258793e+01
1.431956663812239849e+00,1.431956663812239849e+00
1.162276092345593925e+00,1.162276092345593925e+00
-2.851622667151507251e+00,-2.851622667151507251e+00
-5.351680620108031583e+00,-5.351680620108031583e+00
7.987058497352885311e+00,7.987058497352885311e+00
-4.982964716557485296e+00,-4.982964716557485296e+00
1.390187587736168595e+01,1.390187587736168595e+01
4.611792237671734185e+00,4.611792237671734185e+00
-1.492541447203595162e+00,-1.492541447203595162e+00
5.605774210532783464e+00,5.605774210532783464e+00
-6.520550279669397042e+00,-6.520550279669397042e+00
-3.053280842643805837e+00,-3.053280842643805837e+00
-1.252907560844490220e+01,-1.252907560844490220e+01
-1.026612464716525785e+00,-1.026612464716525785e+00
-1.106392561032651933e+01,-1.106392561032651933e+01
-1.390570618190669450e+01,-1.390570618190669450e+01
6.231838347451530424e-01,6.231838347451530424e-01
9.307886329688763283e+00,9.307886329688763283e+00
-6.175218631347512144e+00,-6.175218631347512144e+00
-8.466246109868219349e+00,-8.466246109868219349e+00
-1.312440684486498199e+00,-1.312440684486498199e+00
-5.829018309297847367e+00,-5.829018309297847367e+00
7.575097752811129403e+00,7.575097752811129403e+00
-1.138155090573134842e+01,-1.138155090573134842e+01
-3.279778999342220835e+00,-3.279778999342220835e+00
-7.237203999831801404e+00,-7.237203999831801404e+00
-1.071306385925864468e+00,-1.071306385925864468e+00
-1.076903713801266704e+01,-1.076903713801266704e+01
-3.073266114857986508e+00,-3.073266114857986508e+00
-2.749094682160258873e+00,-2.749094682160258873e+00
4.164429441758596973e+00,4.164429441758596973e+00
4.234916555540911176e+00,4.234916555540911176e+00
9.560721641981464458e-01,9.560721641981464458e-01
5.098000369128512510e+00,5.098000369128512510e+00
-7.993478241831850184e+00,-7.993478241831850184e+00
2.638746566207235134e-01,2.638746566207235134e-01
-7.388604745094857762e+00,-7.388604745094857762e+00
1.247746054196232635e+00,1.247746054196232635e+00
1.151084773720852716e+01,1.151084773720852716e+01
-4.601314466443539253e+00,-4.601314466443539253e+00
-1.454675477205926448e+01,-1.454675477205926448e+01
9.072338184222740409e+00,9.072338184222740409e+00
-1.547917543002397700e+00,-1.547917543002397700e+00
-5.889671322578862167e+00,-5.889671322578862167e+00
6.594650739032301701e-01,6.594650739032301701e-01
-1.147789843951149713e+01,-1.147789843951149713e+01
-5.484849254580729472e+00,-5.484849254580729472e+00
1.075786096970007222e+01,1.075786096970007222e+01
-3.589785778692556661e+00,-3.589785778692556661e+00
-1.005458882105813956e+01,-1.005458882105813956e+01
3.367104522607178296e+00,3.367104522607178296e+00
3.089518750176267758e-03,3.089518750176267758e-03
-3.021370037525219487e-01,-3.021370037525219487e-01
-1.794454632271495154e+00,-1.794454632271495154e+00
-8.519706549263432294e+00,-8.519706549263432294e+00
-5.431516355132388618e+00,-5.431516355132388618e+00
-4.153562015728053503e+00,-4.153562015728053503e+00
9.342001207052224032e-01,9.342001207052224032e-01
-8.372499976047755865e+00,-8.372499976047755865e+00
1.060007222950238948e+01,1.060007222950238948e+01
1.605666004432582561e+00,1.605666004432582561e+00
-5.680779180906392334e+00,-5.680779180906392334e+00
2.415653870399370184e+00,2.415653870399370184e+00
-1.017256356819647678e+01,-1.017256356819647678e+01
3.983243958734480117e+00,3.983243958734480117e+00
-6.786835722892941902e+00,-6.786835722892941902e+00
3.747759447152525070e+00,3.747759447152525070e+00
6.702144535415257565e+00,6.702144535415257565e+00
6.829444993616421655e+00,6.829444993616421655e+00
2.033063631249640402e+00,2.033063631249640402e+00
6.624318505156052694e-01,6.624318505156052694e-01
3.458204074274641826e+00,3.458204074274641826e+00
7.375236632187485597e+00,7.375236632187485597e+00
-3.455419631622248744e+00,-3.455419631622248744e+00
1.867242545725085190e+00,1.867242545725085190e+00
-7.884226465029349207e+00,-7.884226465029349207e+00
-8.038152957142932209e-01,-8.038152957142932209e-01
2.735260099334947181e+00,2.735260099334947181e+00
-7.066078356888732870e+00,-7.066078356888732870e+00
2.897859561941282358e+00,2.897859561941282358e+00
-2.649131667448456184e+00,-2.649131667448456184e+00
-4.666565907630815246e-02,-4.666565907630815246e-02
-5.689976227917723506e-01,-5.689976227917723506e-01
-2.512651734453066332e+00,-2.512651734453066332e+00
-6.707819255357700072e+00,-6.707819255357700072e+00
1.234734091465508499e+00,1.234734091465508499e+00
-1.000580503182653125e+00,-1.000580503182653125e+00
2.749407508436014780e+00,2.749407508436014780e+00
-3.677195132299330815e+00,-3.677195132299330815e+00
6.825439986477029208e+00,6.825439986477029208e+00
2.660552436150315003e+00,2.660552436150315003e+00
3.942691330878087541e-01,3.942691330878087541e-01
-7.821566757287436999e-01,-7.821566757287436999e-01
7.996148164916739631e+00,7.996148164916739631e+00
7.125476471351225527e+00,7.125476471351225527e+00
1.817702282400328606e-01,1.817702282400328606e-01
4.380181201118253931e+00,4.380181201118253931e+00
-1.323687256116460809e+01,-1.323687256116460809e+01
1.753218165119620586e+00,1.753218165119620586e+00
1.308184121781301279e+00,1.308184121781301279e+00
3.155696945447415747e+00,3.155696945447415747e+00
1.280655694862563365e+00,1.280655694862563365e+00
-1.298747569201805341e+00,-1.298747569201805341e+00
-3.457787565334665913e+00,-3.457787565334665913e+00
3.272057409178514398e+00,3.272057409178514398e+00
-1.012730904259920628e+01,-1.012730904259920628e+01
-9.446218066397598534e+00,-9.446218066397598534e+00
-8.523230626169084445e+00,-8.523230626169084445e+00
-8.380184464863733140e+00,-8.380184464863733140e+00
-6.166011959996899883e+00,-6.166011959996899883e+00
-1.473944441360781177e+00,-1.473944441360781177e+00
-1.293409834991869900e+00,-1.293409834991869900e+00
-4.188434700729082749e+00,-4.188434700729082749e+00
1.857471984699931689e+00,1.857471984699931689e+00
-5.608628022576755967e-01,-5.608628022576755967e-01
-2.792997680858015919e-01,-2.792997680858015919e-01
4.175587922129514240e+00,4.175587922129514240e+00
4.763897230888552770e+00,4.763897230888552770e+00
-3.671332702201488996e+00,-3.671332702201488996e+00
-2.409026094112979521e+00,-2.409026094112979521e+00
-2.066166992682959780e+00,-2.066166992682959780e+00
5.375866926820904723e-03,5.375866926820904723e-03
7.216581717987704536e-01,7.216581717987704536e-01
-1.444692479782920813e-01,-1.444692479782920813e-01
-7.037132137474920057e+00,-7.037132137474920057e+00
2.115892173348561833e+00,2.115892173348561833e+00
-2.560870950799216672e+00,-2.560870950799216672e+00
2.133607892045119581e+00,2.133607892045119581e+00
9.975804720600773834e+00,9.975804720600773834e+00
1.876577341514261921e+00,1.876577341514261921e+00
-2.761802359445188593e+00,-2.761802359445188593e+00
-3.585300174233807535e+00,-3.585300174233807535e+00
-3.544478749890907388e+00,-3.544478749890907388e+00
-1.189987365084580695e+00,-1.189987365084580695e+00
5.706518261963162253e+00,5.706518261963162253e+00
-7.369817624619883212e-01,-7.369817624619883212e-01
5.617881295249333995e+00,5.617881295249333995e+00
-6.969127681624126325e+00,-6.969127681624126325e+00
9.261122173519398260e-01,9.261122173519398260e-01
-9.376647427326748385e+00,-9.376647427326748385e+00
-1.705334014906568330e+00,-1.705334014906568330e+00
-4.072532195583611347e+00,-4.072532195583611347e+00
2.432746333674550954e+00,2.432746333674550954e+00
-7.249202813093871711e+00,-7.249202813093871711e+00
-4.968145704946924646e+00,-4.968145704946924646e+00
7.031741353817146489e+00,7.031741353817146489e+00
-6.226284389435527977e+00,-6.226284389435527977e+00
-6.140167320514303029e+00,-6.140167320514303029e+00
4.723429790056455246e+00,4.723429790056455246e+00
5.310324493175535565e-01,5.310324493175535565e-01
-2.310377542088384750e+00,-2.310377542088384750e+00
3.437948647350087761e+00,3.437948647350087761e+00
-1.629096230370406406e+00,-1.629096230370406406e+00
9.543124224261564592e+00,9.543124224261564592e+00
5.036431336919497070e+00,5.036431336919497070e+00
-3.003116531763647679e+00,-3.003116531763647679e+00
1.645227672797188845e+00,1.645227672797188845e+00
-8.839285903886939799e-01,-8.839285903886939799e-01
1.448591722408659077e+00,1.448591722408659077e+00
5.037810919719376557e-02,5.037810919719376557e-02
-9.530098551562261378e+00,-9.530098551562261378e+00
-8.431402827854348914e+00,-8.431402827854348914e+00
-9.047387175381178537e+00,-9.047387175381178537e+00
6.629424393432010731e-01,6.629424393432010731e-01
-2.942082936678363403e+00,-2.942082936678363403e+00
-3.587369106103076355e+00,-3.587369106103076355e+00
-1.882917001828049663e+00,-1.882917001828049663e+00
1.750258445302776522e+00,1.750258445302776522e+00
1.335235217321186063e+01,1.335235217321186063e+01
-6.617292428736611498e+00,-6.617292428736611498e+00
1.065475192729049780e+00,1.065475192729049780e+00
-1.499468934554408772e+00,-1.499468934554408772e+00
-6.821703054413958967e+00,-6.821703054413958967e+00
-5.173159618548851313e+00,-5.173159618548851313e+00
8.462438131690106502e-01,8.462438131690106502e-01
1.396270097194087789e-01,1.396270097194087789e-01
-5.757044495705702758e+00,-5.757044495705702758e+00
-1.256927615844717128e+00,-1.256927615844717128e+00
6.005942503557132994e+00,6.005942503557132994e+00
-4.601020837844123079e+00,-4.601020837844123079e+00
-6.212460136640279629e+00,-6.212460136640279629e+00
-9.025100320733562498e+00,-9.025100320733562498e+00
-2.132374990351437738e+00,-2.132374990351437738e+00
-5.938237073791002629e+00,-5.938237073791002629e+00
6.132645960493690040e-01,6.132645960493690040e-01
4.345045617701333462e+00,4.345045617701333462e+00
-2.596728204316414157e+00,-2.596728204316414157e+00
-2.742780997601269810e+00,-2.742780997601269810e+00
-2.909740844237264312e+00,-2.909740844237264312e+00
-5.425122534861722912e+00,-5.425122534861722912e+00
-5.572071383565906366e+00,-5.572071383565906366e+00
-7.105409731378989235e+00,-7.105409731378989235e+00
-2.244662656853171789e+00,-2.244662656853171789e+00
-4.048969538601825846e+00,-4.048969538601825846e+00
1.837204261847999121e+00,1.837204261847999121e+00
5.298814523216479166e+00,5.298814523216479166e+00
1.316285947890345298e+01,1.316285947890345298e+01
-1.189583031705218197e+01,-1.189583031705218197e+01
3.647955618803459643e+00,3.647955618803459643e+00
9.924885768934847974e-01,9.924885768934847974e-01
-1.283776786529739589e+00,-1.283776786529739589e+00
-2.545475082184691651e+00,-2.545475082184691651e+00
-2.647484328297724510e+00,-2.647484328297724510e+00
-1.678261277133437979e+00,-1.678261277133437979e+00
-3.265408498129164450e+00,-3.265408498129164450e+00
-1.455461744806308744e+00,-1.455461744806308744e+00
-5.565703697466157784e+00,-5.565703697466157784e+00
8.728990914771626031e-01,8.728990914771626031e-01
-1.391800565712213889e+01,-1.391800565712213889e+01
-5.784683404725623923e+00,-5.784683404725623923e+00
-6.601978532508262276e+00,-6.601978532508262276e+00
-4.894263531746422480e+00,-4.894263531746422480e+00
4.982564616330149576e+00,4.982564616330149576e+00
-1.215560098712653136e+00,-1.215560098712653136e+00
-5.860296028923438705e+00,-5.860296028923438705e+00
4.645993864167603071e+00,4.645993864167603071e+00
-3.704722617920253480e+00,-3.704722617920253480e+00
2.059910719286913938e+00,2.059910719286913938e+00
-7.776671065362648960e+00,-7.776671065362648960e+00
8.500492551363922900e-01,8.500492551363922900e-01
-8.909219491564115856e+00,-8.909219491564115856e+00
1.329984893246434652e+00,1.329984893246434652e+00
1.219489583991021142e+00,1.219489583991021142e+00
-1.656827588128213513e+00,-1.656827588128213513e+00
-5.514410453921288813e+00,-5.514410453921288813e+00
-1.226981476233220469e+01,-1.226981476233220469e+01
-1.773678368037318265e+00,-1.773678368037318265e+00
-9.449109615150032226e+00,-9.449109615150032226e+00
2.720921842377157951e+00,2.720921842377157951e+00
-1.529129096410547284e+00,-1.529129096410547284e+00
7.507916436904368496e+00,7.507916436904368496e+00
8.218377934398617413e-01,8.218377934398617413e-01
-5.227963887316726677e+00,-5.227963887316726677e+00
-2.638450399297630256e+00,-2.638450399297630256e+00
-7.894101174122329923e+00,-7.894101174122329923e+00
9.349185300497380169e-01,9.349185300497380169e-01
-1.690861980114952701e+00,-1.690861980114952701e+00
-8.955171203544029623e+00,-8.955171203544029623e+00
-5.995799922128229653e+00,-5.995799922128229653e+00
-2.330312276984754405e+00,-2.330312276984754405e+00
2.969248827822462466e+00,2.969248827822462466e+00
-3.406612470518151525e+00,-3.406612470518151525e+00
-1.596250556661280129e+00,-1.596250556661280129e+00
-1.981626864334947058e+00,-1.981626864334947058e+00
-9.567719683981943390e+00,-9.567719683981943390e+00
5.163110975638701028e+00,5.163110975638701028e+00
2.844878664812182656e+00,2.844878664812182656e+00
7.612221758552411011e+00,7.612221758552411011e+00
1.358320025894448335e+00,1.358320025894448335e+00
-5.960259624950815294e+00,-5.960259624950815294e+00
-3.524590477394516252e+00,-3.524590477394516252e+00
-1.447407956666398299e+01,-1.447407956666398299e+01
-7.621478513548277434e+00,-7.621478513548277434e+00
-8.538472930951456874e+00,-8.538472930951456874e+00
3.603719838388778740e+00,3.603719838388778740e+00
-1.557039688927020826e+00,-1.557039688927020826e+00
-1.042927343927170369e+01,-1.042927343927170369e+01
-2.839317898419453812e+00,-2.839317898419453812e+00
-5.096237671712007256e-01,-5.096237671712007256e-01
-3.660529655892614365e+00,-3.660529655892614365e+00
-6.881785257623057817e+00,-6.881785257623057817e+00
-2.716905996523192535e+00,-2.716905996523192535e+00
-8.278467823010576154e+00,-8.278467823010576154e+00
-1.377593515317757866e+00,-1.377593515317757866e+00
2.555511050567841558e+00,2.555511050567841558e+00
-7.060632497596122548e+00,-7.060632497596122548e+00
-2.394004925981333187e+00,-2.394004925981333187e+00
6.632989174598504789e+00,6.632989174598504789e+00
-7.878275638600313435e+00,-7.878275638600313435e+00
-1.047703676700745667e+01,-1.047703676700745667e+01
4.188600673152914844e+00,4.188600673152914844e+00
-2.825738554737293740e+00,-2.825738554737293740e+00
2.815158073630946056e+00,2.815158073630946056e+00
3.288168983308957571e+00,3.288168983308957571e+00
5.549489771374137348e+00,5.549489771374137348e+00
-4.508113580697466816e+00,-4.508113580697466816e+00
-4.992403625237537668e+00,-4.992403625237537668e+00
-2.680174548383793542e+00,-2.680174548383793542e+00
-5.012874545977688001e-01,-5.012874545977688001e-01
5.981101343429459760e+00,5.981101343429459760e+00
-7.658135751378127409e+00,-7.658135751378127409e+00
1.553382993930249256e+00,1.553382993930249256e+00
-6.984534352660314305e+00,-6.984534352660314305e+00
2.267653093816266896e+00,2.267653093816266896e+00
1.747121573897523206e+00,1.747121573897523206e+00
-5.546155244371719917e-01,-5.546155244371719917e-01
-4.203260890200283484e+00,-4.203260890200283484e+00
-8.552594264016473602e+00,-8.552594264016473602e+00
3.761768115715621086e+00,3.761768115715621086e+00
4.140033567880344378e+00,4.140033567880344378e+00
-3.073795797841389010e+00,-3.073795797841389010e+00
-2.230868540022505009e+00,-2.230868540022505009e+00
-6.408520345566520504e+00,-6.408520345566520504e+00
-4.063051780929456847e+00,-4.063051780929456847e+00
-5.398748612732627628e+00,-5.398748612732627628e+00
1.588496918003707847e+00,1.588496918003707847e+00
5.438815629353044301e-01,5.438815629353044301e-01
6.062448220923064568e+00,6.062448220923064568e+00
-2.213204977671112239e+00,-2.213204977671112239e+00
-1.784158478316827967e+01,-1.784158478316827967e+01
4.757959674452158616e+00,4.757959674452158616e+00
-1.179196286975957797e+01,-1.179196286975957797e+01
-2.578542609255721985e+00,-2.578542609255721985e+00
-2.236239830997086564e-01,-2.236239830997086564e-01
-1.839907798725500143e+00,-1.839907798725500143e+00
1.645481668172741330e+00,1.645481668172741330e+00
-3.032174957968088336e+00,-3.032174957968088336e+00
3.314579725628086670e+00,3.314579725628086670e+00
-8.813172492537763247e+00,-8.813172492537763247e+00
-1.182687300118441698e+01,-1.182687300118441698e+01
1.054084660630383929e+01,1.054084660630383929e+01
-3.428372493954823241e-01,-3.428372493954823241e-01
-1.132118786857343551e+01,-1.132118786857343551e+01
2.477543424847653775e+00,2.477543424847653775e+00
-1.997579584616327786e+00,-1.997579584616327786e+00
1.806943140423147298e+00,1.806943140423147298e+00
-1.994645075934800005e+00,-1.994645075934800005e+00
1.295480313252846294e+00,1.295480313252846294e+00
-3.830297811284544274e+00,-3.830297811284544274e+00
-2.560123437325350082e-01,-2.560123437325350082e-01
-8.010581823029433224e+00,-8.010581823029433224e+00
4.791923409242171417e-01,4.791923409242171417e-01
1.255969596851779180e+01,1.255969596851779180e+01
-5.252541247004232972e+00,-5.252541247004232972e+00
-5.236703015517173654e+00,-5.236703015517173654e+00
3.755225210140187286e+00,3.755225210140187286e+00
-9.954627517821862170e+00,-9.954627517821862170e+00
-9.625530585229107317e-01,-9.625530585229107317e-01
-5.299163704744951353e+00,-5.299163704744951353e+00
-5.174296676507701420e-01,-5.174296676507701420e-01
-3.813799179553984953e+00,-3.813799179553984953e+00
-1.186113848099794588e+00,-1.186113848099794588e+00
-5.912354058319941874e-01,-5.912354058319941874e-01
-6.661022200345745325e+00,-6.661022200345745325e+00
-2.026175998912252751e+00,-2.026175998912252751e+00
4.384475482735465945e+00,4.384475482735465945e+00
3.829139140720984713e+00,3.829139140720984713e+00
7.402368037306493065e+00,7.402368037306493065e+00
-2.161375292298313155e-01,-2.161375292298313155e-01
-9.303837286706459153e+00,-9.303837286706459153e+00
1.704148968147298326e+00,1.704148968147298326e+00
5.156148274804849940e+00,5.156148274804849940e+00
-3.028992405613487371e+00,-3.028992405613487371e+00
-5.065623719567115657e+00,-5.065623719567115657e+00
5.604064041069980462e+00,5.604064041069980462e+00
1.741336086041459730e+00,1.741336086041459730e+00
6.897016626189849120e-01,6.897016626189849120e-01
-6.400164105396418002e+00,-6.400164105396418002e+00
1.096520891330238001e+00,1.096520891330238001e+00
-9.596263526882090389e+00,-9.596263526882090389e+00
3.863742171968795880e+00,3.863742171968795880e+00
1.992236711683645467e+00,1.992236711683645467e+00
-1.066771607896462193e+00,-1.066771607896462193e+00
-7.187498389147604527e+00,-7.187498389147604527e+00
-2.075567767317752388e+00,-2.075567767317752388e+00
2.747587341350463674e+00,2.747587341350463674e+00
-4.730054782996866436e-01,-4.730054782996866436e-01
5.874223132295686156e-02,5.874223132295686156e-02
-1.872149176873040055e+00,-1.872149176873040055e+00
1.642608709546566903e+00,1.642608709546566903e+00
2.568044559261650761e-01,2.568044559261650761e-01
1.696055042556715797e+00,1.696055042556715797e+00
6.718978495862637068e+00,6.718978495862637068e+00
-3.326329445627390413e+00,-3.326329445627390413e+00
4.733025712116064376e+00,4.733025712116064376e+00
-3.658893740888261803e+00,-3.658893740888261803e+00
-1.889517488468682060e+00,-1.889517488468682060e+00
-1.412179154694586103e-01,-1.412179154694586103e-01
-2.410866622983051322e+00,-2.410866622983051322e+00
8.211793551133602875e+00,8.211793551133602875e+00
1.782812207573416075e+00,1.782812207573416075e+00
3.207654293757714825e+00,3.207654293757714825e+00
-4.196410778043150103e+00,-4.196410778043150103e+00
-1.158151242251347313e+01,-1.158151242251347313e+01
-5.506356101511716616e+00,-5.506356101511716616e+00
4.476744987119441355e+00,4.476744987119441355e+00
9.013211733053530850e+00,9.013211733053530850e+00
9.754154817055145088e-01,9.754154817055145088e-01
-2.618940092903861760e+00,-2.618940092903861760e+00
-1.426451625938724987e+00,-1.426451625938724987e+00
-4.267189502857149819e+00,-4.267189502857149819e+00
-7.522062633684130972e+00,-7.522062633684130972e+00
-3.868904614681483167e-01,-3.868904614681483167e-01
5.299892903074738371e+00,5.299892903074738371e+00
-4.123333394012609787e+00,-4.123333394012609787e+00
