7.023746394591057207e-02,7.023746394591057207e-02
5.643564266819475761e-02,5.643564266819475761e-02
7.481552240128708231e-02,7.481552240128708231e-02
5.042951199782932936e-02,5.042951199782932936e-02
4.736496042377724702e-02,4.736496042377724702e-02
5.284521057612211192e-02,5.284521057612211192e-02
4.656642581025122185e-02,4.656642581025122185e-02
4.928778698485307419e-02,4.928778698485307419e-02
2.489562072563789724e-02,2.489562072563789724e-02
5.772796564702017963e-02,5.772796564702017963e-02
3.538458092704595270e-02,3.538458092704595270e-02
5.542385664496021075e-02,5.542385664496021075e-02
5.458161404571921366e-02,5.458161404571921366e-02
5.346296585205863316e-02,5.346296585205863316e-02
3.642125565180898139e-02,3.642125565180898139e-02
4.029575206538141274e-02,4.029575206538141274e-02
4.279980202579859033e-02,4.279980202579859033e-02
4.314678606277620732e-02,4.314678606277620732e-02
5.067170027724060555e-02,5.067170027724060555e-02
4.747056200295965422e-02,4.747056200295965422e-02
3.710293638716075093e-02,3.710293638716075093e-02
5.228474275294836549e-02,5.228474275294836549e-02
5.200764239642198528e-02,5.200764239642198528e-02
7.290213467454778606e-02,7.290213467454778606e-02
6.541852061024025500e-02,6.541852061024025500e-02
4.903068663099489910e-02,4.903068663099489910e-02
4.457855733623973526e-02,4.457855733623973526e-02
3.245677899815377354e-02,3.245677899815377354e-02
6.982405712239106443e-02,6.982405712239106443e-02
2.885893184231754990e-02,2.885893184231754990e-02
4.031555427716698725e-02,4.031555427716698725e-02
4.160949735800546778e-02,4.160949735800546778e-02
8.032550104413083147e-02,8.032550104413083147e-02
4.207618704333761228e-02,4.207618704333761228e-02
4.367361544934665607e-02,4.367361544934665607e-02
4.776390625818702218e-02,4.776390625818702218e-02
5.973456917290952128e-02,5.973456917290952128e-02
3.859886699098443591e-02,3.859886699098443591e-02
6.227841889032717515e-02,6.227841889032717515e-02
3.612650703641187566e-02,3.612650703641187566e-02
5.966803668446135633e-02,5.966803668446135633e-02
4.313213884447163193e-02,4.313213884447163193e-02
5.481655030567487291e-02,5.481655030567487291e-02
4.876496861753452927e-02,4.876496861753452927e-02
3.724262490263462178e-02,3.724262490263462178e-02
4.750477739831680812e-02,4.750477739831680812e-02
1.703674342765158778e-02,1.703674342765158778e-02
6.354000951923967355e-02,6.354000951923967355e-02
4.849649098833470201e-02,4.849649098833470201e-02
5.740203993952301686e-02,5.740203993952301686e-02
6.188200607557754751e-02,6.188200607557754751e-02
5.873106315456463888e-02,5.873106315456463888e-02
3.485178423829113359e-02,3.485178423829113359e-02
5.285744632264014614e-02,5.285744632264014614e-02
5.613879544266507648e-02,5.613879544266507648e-02
5.677922151639529236e-02,5.677922151639529236e-02
5.243309125639399743e-02,5.243309125639399743e-02
4.050241206144752221e-02,4.050241206144752221e-02
3.910410135000132181e-02,3.910410135000132181e-02
5.149560029640230796e-02,5.149560029640230796e-02
3.578823694376550429e-02,3.578823694376550429e-02
5.730014440461561609e-02,5.730014440461561609e-02
3.938772674353380188e-02,3.938772674353380188e-02
4.702612943854320160e-02,4.702612943854320160e-02
6.628803976822952859e-02,6.628803976822952859e-02
3.397006883611908973e-02,3.397006883611908973e-02
6.100231460565242597e-02,6.100231460565242597e-02
4.084684026423994474e-02,4.084684026423994474e-02
5.871654645672483991e-02,5.871654645672483991e-02
6.243574157306187866e-02,6.243574157306187866e-02
3.939606210203198955e-02,3.939606210203198955e-02
3.666239843681116245e-02,3.666239843681116245e-02
1.786710680659231443e-02,1.786710680659231443e-02
3.413793560266954047e-02,3.413793560266954047e-02
4.940854327079100689e-02,4.940854327079100689e-02
3.627839258326161220e-02,3.627839258326161220e-02
6.291731454231849763e-02,6.291731454231849763e-02
2.606394167251505772e-02,2.606394167251505772e-02
4.244033394009290305e-02,4.244033394009290305e-02
5.398134250280894192e-02,5.398134250280894192e-02
4.514193690049304181e-02,4.514193690049304181e-02
5.712211233593679494e-02,5.712211233593679494e-02
4.824671062291500945e-02,4.824671062291500945e-02
5.813376508846831991e-02,5.813376508846831991e-02
4.539035611268919107e-02,4.539035611268919107e-02
4.708955322607214639e-02,4.708955322607214639e-02
4.564485196874487616e-02,4.564485196874487616e-02
4.289969176326181854e-02,4.289969176326181854e-02
4.861277769593995435e-02,4.861277769593995435e-02
2.795931464718117224e-02,2.795931464718117224e-02
4.785229482237531029e-02,4.785229482237531029e-02
3.678033234885340341e-02,3.678033234885340341e-02
3.309493405008774591e-02,3.309493405008774591e-02
5.069759971173268959e-02,5.069759971173268959e-02
1.844043182535662698e-02,1.844043182535662698e-02
4.572352980946503553e-02,4.572352980946503553e-02
3.527940356533013078e-02,3.527940356533013078e-02
4.028377316047393464e-02,4.028377316047393464e-02
5.131710555916631916e-02,5.131710555916631916e-02
3.593198148894082011e-02,3.593198148894082011e-02
4.342719809976561263e-02,4.342719809976561263e-02
6.293824885412123427e-02,6.293824885412123427e-02
4.898665565919359255e-02,4.898665565919359255e-02
3.006278600647262558e-02,3.006278600647262558e-02
7.239088965719490953e-02,7.239088965719490953e-02
4.532182265856926628e-02,4.532182265856926628e-02
4.599409663476762555e-02,4.599409663476762555e-02
2.942842998843791386e-02,2.942842998843791386e-02
4.311283082836159242e-02,4.311283082836159242e-02
4.667956819582136374e-02,4.667956819582136374e-02
4.942040851913275662e-02,4.942040851913275662e-02
2.701218162676837301e-02,2.701218162676837301e-02
3.789293011877832573e-02,3.789293011877832573e-02
3.126941524103837855e-02,3.126941524103837855e-02
2.842706960159796167e-02,2.842706960159796167e-02
7.666042621349922204e-02,7.666042621349922204e-02
6.105198596142449863e-02,6.105198596142449863e-02
4.828332638878972405e-02,4.828332638878972405e-02
3.746908815647954916e-02,3.746908815647954916e-02
3.982886379376410213e-02,3.982886379376410213e-02
4.701486605538121588e-02,4.701486605538121588e-02
6.530915098972073229e-02,6.530915098972073229e-02
4.456020362195574347e-02,4.456020362195574347e-02
6.583246344947239759e-02,6.583246344947239759e-02
5.986466326446383129e-02,5.986466326446383129e-02
3.508697258510222461e-02,3.508697258510222461e-02
2.216319553612930426e-02,2.216319553612930426e-02
4.732300915357044724e-02,4.732300915357044724e-02
4.130077019205977140e-02,4.130077019205977140e-02
5.271950399510567931e-02,5.271950399510567931e-02
4.060882988099780155e-02,4.060882988099780155e-02
5.126156516603463942e-02,5.126156516603463942e-02
5.650063819170079993e-02,5.650063819170079993e-02
5.303210444643076393e-02,5.303210444643076393e-02
4.046549197925136676e-02,4.046549197925136676e-02
6.184821965774606189e-02,6.184821965774606189e-02
7.628687208934703534e-02,7.628687208934703534e-02
5.718030700468813843e-02,5.718030700468813843e-02
5.004348629384380853e-02,5.004348629384380853e-02
4.926115185105166966e-02,4.926115185105166966e-02
5.437473420719646233e-02,5.437473420719646233e-02
5.589217835300450132e-02,5.589217835300450132e-02
3.902682948429728876e-02,3.902682948429728876e-02
4.615379969703079649e-02,4.615379969703079649e-02
6.070070772679102972e-02,6.070070772679102972e-02
4.554473554054866424e-02,4.554473554054866424e-02
6.740922006703994884e-02,6.740922006703994884e-02
5.357988331303034646e-02,5.357988331303034646e-02
5.595455482058946106e-02,5.595455482058946106e-02
5.072904174908376279e-02,5.072904174908376279e-02
5.044164764422010006e-02,5.044164764422010006e-02
4.616683851224724633e-02,4.616683851224724633e-02
4.767548539025264626e-02,4.767548539025264626e-02
5.971081884552061070e-02,5.971081884552061070e-02
6.292975172951487117e-02,6.292975172951487117e-02
3.218997016108317288e-02,3.218997016108317288e-02
3.633906998091511464e-02,3.633906998091511464e-02
3.034236151589919661e-02,3.034236151589919661e-02
3.800763175542029582e-02,3.800763175542029582e-02
4.936512333499960825e-02,4.936512333499960825e-02
5.655485214394351257e-02,5.655485214394351257e-02
7.641035777658994332e-02,7.641035777658994332e-02
4.001237229783157628e-02,4.001237229783157628e-02
4.564398926789962896e-02,4.564398926789962896e-02
4.288604881092229065e-02,4.288604881092229065e-02
5.965065038807668835e-02,5.965065038807668835e-02
4.189865853308058496e-02,4.189865853308058496e-02
6.613717986373204849e-02,6.613717986373204849e-02
3.997512126652648379e-02,3.997512126652648379e-02
3.252818927199129656e-02,3.252818927199129656e-02
2.963928932209906539e-02,2.963928932209906539e-02
4.492638873930435844e-02,4.492638873930435844e-02
5.177811257080321139e-02,5.177811257080321139e-02
4.183511998635104645e-02,4.183511998635104645e-02
4.935862341312186041e-02,4.935862341312186041e-02
4.591264752965282248e-02,4.591264752965282248e-02
4.993583841291268643e-02,4.993583841291268643e-02
4.434662592041022089e-02,4.434662592041022089e-02
7.141445149187329589e-02,7.141445149187329589e-02
3.146673196073025008e-02,3.146673196073025008e-02
5.670410271009922176e-02,5.670410271009922176e-02
5.095051648836649433e-02,5.095051648836649433e-02
5.073274406211478182e-02,5.073274406211478182e-02
5.667245345053387173e-02,5.667245345053387173e-02
6.332490546406703558e-02,6.332490546406703558e-02
5.447513637092624150e-02,5.447513637092624150e-02
4.468674667091086794e-02,4.468674667091086794e-02
5.773095388344336165e-02,5.773095388344336165e-02
4.180723690981186236e-02,4.180723690981186236e-02
4.262619521296771852e-02,4.262619521296771852e-02
5.331578828268881964e-02,5.331578828268881964e-02
4.476394281689978494e-02,4.476394281689978494e-02
3.983232606520645258e-02,3.983232606520645258e-02
4.568228781671421213e-02,4.568228781671421213e-02
4.971328111535570221e-02,4.971328111535570221e-02
4.412572322291004323e-02,4.412572322291004323e-02
4.561574756246634943e-02,4.561574756246634943e-02
3.506161676127291654e-02,3.506161676127291654e-02
4.412649506665803495e-02,4.412649506665803495e-02
3.589853814387052727e-02,3.589853814387052727e-02
4.784422729018530940e-02,4.784422729018530940e-02
3.311505609731527078e-02,3.311505609731527078e-02
3.609285191657733705e-02,3.609285191657733705e-02
5.139658672374591841e-02,5.139658672374591841e-02
1.390179258600679826e-02,1.390179258600679826e-02
4.318375054953386971e-02,4.318375054953386971e-02
5.429817925654987359e-02,5.429817925654987359e-02
2.976775432253706694e-02,2.976775432253706694e-02
5.716115776463939757e-02,5.716115776463939757e-02
3.815616448393376048e-02,3.815616448393376048e-02
4.193903117075556408e-02,4.193903117075556408e-02
5.533811629743884408e-02,5.533811629743884408e-02
4.887360623401091481e-02,4.887360623401091481e-02
5.892525598910944296e-02,5.892525598910944296e-02
4.154966600435849172e-02,4.154966600435849172e-02
4.014417860102999225e-02,4.014417860102999225e-02
2.258639501705450234e-02,2.258639501705450234e-02
3.714517239916033386e-02,3.714517239916033386e-02
5.433290142301105963e-02,5.433290142301105963e-02
2.859693049912214596e-02,2.859693049912214596e-02
4.098313795385528924e-02,4.098313795385528924e-02
3.437763519898041215e-02,3.437763519898041215e-02
4.398012179999433863e-02,4.398012179999433863e-02
4.953562571357508770e-02,4.953562571357508770e-02
6.003921027960495982e-02,6.003921027960495982e-02
4.305996259099757056e-02,4.305996259099757056e-02
5.745989275710260830e-02,5.745989275710260830e-02
3.457598938222790352e-02,3.457598938222790352e-02
4.175417363002906224e-02,4.175417363002906224e-02
5.504521223055607038e-02,5.504521223055607038e-02
6.451215459938283714e-02,6.451215459938283714e-02
5.288236539069360309e-02,5.288236539069360309e-02
7.049724574049262560e-02,7.049724574049262560e-02
3.655907130740836120e-02,3.655907130740836120e-02
2.237144836251563421e-02,2.237144836251563421e-02
4.202971742932196109e-02,4.202971742932196109e-02
6.390223527575716878e-02,6.390223527575716878e-02
4.422410583299339615e-02,4.422410583299339615e-02
6.154703374105845864e-02,6.154703374105845864e-02
2.818651572550602558e-02,2.818651572550602558e-02
4.389099813457154192e-02,4.389099813457154192e-02
3.247767811805750415e-02,3.247767811805750415e-02
5.173696919675863093e-02,5.173696919675863093e-02
5.613369613137283998e-02,5.613369613137283998e-02
5.703942075987106924e-02,5.703942075987106924e-02
4.148527233358534350e-02,4.148527233358534350e-02
4.946068622206470367e-02,4.946068622206470367e-02
3.850251312017450439e-02,3.850251312017450439e-02
4.473871265011839654e-02,4.473871265011839654e-02
4.449032421975847307e-02,4.449032421975847307e-02
3.151833271229965983e-02,3.151833271229965983e-02
4.531893939144955585e-02,4.531893939144955585e-02
3.193089670877559405e-02,3.193089670877559405e-02
5.942440127570919328e-02,5.942440127570919328e-02
4.551608629547031215e-02,4.551608629547031215e-02
5.811679913118059787e-02,5.811679913118059787e-02
4.875755408885873443e-02,4.875755408885873443e-02
4.289229838960290780e-02,4.289229838960290780e-02
5.850348515011158379e-02,5.850348515011158379e-02
4.821745204489893966e-02,4.821745204489893966e-02
5.464518468893309056e-02,5.464518468893309056e-02
4.313456649940926313e-02,4.313456649940926313e-02
3.815796744519973915e-02,3.815796744519973915e-02
6.191892740422104413e-02,6.191892740422104413e-02
5.481797754081474405e-02,5.481797754081474405e-02
5.663564591572417539e-02,5.663564591572417539e-02
5.136310349794039748e-02,5.136310349794039748e-02
5.119371864509022346e-02,5.119371864509022346e-02
2.366504612242851385e-02,2.366504612242851385e-02
4.093624516749602010e-02,4.093624516749602010e-02
6.640703685141137458e-02,6.640703685141137458e-02
4.318298725587933762e-02,4.318298725587933762e-02
2.190092340644643476e-02,2.190092340644643476e-02
4.047639846093552957e-02,4.047639846093552957e-02
3.185545338722840097e-02,3.185545338722840097e-02
3.956984412581736332e-02,3.956984412581736332e-02
5.080626460369691566e-02,5.080626460369691566e-02
4.970149804893890522e-02,4.970149804893890522e-02
6.241439444085951360e-02,6.241439444085951360e-02
3.964029991280240695e-02,3.964029991280240695e-02
6.030531751856041400e-02,6.030531751856041400e-02
4.961485046236358692e-02,4.961485046236358692e-02
5.083115999413069519e-02,5.083115999413069519e-02
5.287030312637325258e-02,5.287030312637325258e-02
6.097253505844883736e-02,6.097253505844883736e-02
6.347713331685107818e-02,6.347713331685107818e-02
5.289203459526831130e-02,5.289203459526831130e-02
3.971034490779676990e-02,3.971034490779676990e-02
5.378654076956999874e-02,5.378654076956999874e-02
3.122081745413966478e-02,3.122081745413966478e-02
5.305769077057114619e-02,5.305769077057114619e-02
5.288417924016340643e-02,5.288417924016340643e-02
2.158597731666915542e-02,2.158597731666915542e-02
5.630890148922867294e-02,5.630890148922867294e-02
4.275299847774724493e-02,4.275299847774724493e-02
4.225274480406518429e-02,4.225274480406518429e-02
3.560671447854447252e-02,3.560671447854447252e-02
4.650504714740325701e-02,4.650504714740325701e-02
5.030803681959065965e-02,5.030803681959065965e-02
5.264101823927677670e-02,5.264101823927677670e-02
2.472930232203360626e-02,2.472930232203360626e-02
5.896235983968354383e-02,5.896235983968354383e-02
3.586044092866084998e-02,3.586044092866084998e-02
3.185336231207382823e-02,3.185336231207382823e-02
3.668245901268787912e-02,3.668245901268787912e-02
4.708769883169214299e-02,4.708769883169214299e-02
2.417838763288391452e-02,2.417838763288391452e-02
6.550731351154945314e-02,6.550731351154945314e-02
4.698492629105349705e-02,4.698492629105349705e-02
4.338290120330676181e-02,4.338290120330676181e-02
5.528241773945263837e-02,5.528241773945263837e-02
4.987556802611927548e-02,4.987556802611927548e-02
4.649360186151770685e-02,4.649360186151770685e-02
4.696256455561731435e-02,4.696256455561731435e-02
5.518483162245813034e-02,5.518483162245813034e-02
6.076547892166872522e-02,6.076547892166872522e-02
2.811852374339672209e-02,2.811852374339672209e-02
3.955974253250837264e-02,3.955974253250837264e-02
3.835602335139617208e-02,3.835602335139617208e-02
3.489293187472539137e-02,3.489293187472539137e-02
4.944017673449397493e-02,4.944017673449397493e-02
5.002279757750664746e-02,5.002279757750664746e-02
4.301358689815096281e-02,4.301358689815096281e-02
4.343341105752900055e-02,4.343341105752900055e-02
4.129047770908119558e-02,4.129047770908119558e-02
3.062934674313918387e-02,3.062934674313918387e-02
4.417527015495557874e-02,4.417527015495557874e-02
5.724635269058044734e-02,5.724635269058044734e-02
5.593410007162563646e-02,5.593410007162563646e-02
5.807870480876554942e-02,5.807870480876554942e-02
3.854321076391598044e-02,3.854321076391598044e-02
5.035839148969090823e-02,5.035839148969090823e-02
2.758493403423826346e-02,2.758493403423826346e-02
4.605962712639830037e-02,4.605962712639830037e-02
4.130740095656404431e-02,4.130740095656404431e-02
6.793446770713790217e-02,6.793446770713790217e-02
5.145277761124431026e-02,5.145277761124431026e-02
4.235379279580267498e-02,4.235379279580267498e-02
3.567704185321265292e-02,3.567704185321265292e-02
5.848535241756221137e-02,5.848535241756221137e-02
4.656318405678162853e-02,4.656318405678162853e-02
5.892279791871363193e-02,5.892279791871363193e-02
6.992165734454362791e-02,6.992165734454362791e-02
6.839423859150590979e-02,6.839423859150590979e-02
6.420174435586058215e-02,6.420174435586058215e-02
4.275554899385321239e-02,4.275554899385321239e-02
4.325314006933002331e-02,4.325314006933002331e-02
2.907799785513480104e-02,2.907799785513480104e-02
4.467332789462497011e-02,4.467332789462497011e-02
4.572251452350628576e-02,4.572251452350628576e-02
5.070419215516954597e-02,5.070419215516954597e-02
4.056163941237586612e-02,4.056163941237586612e-02
3.059491883612522334e-02,3.059491883612522334e-02
4.861070386161188417e-02,4.861070386161188417e-02
6.144486173877443391e-02,6.144486173877443391e-02
4.368277642518183373e-02,4.368277642518183373e-02
4.837040469188806646e-02,4.837040469188806646e-02
3.657716352278917588e-02,3.657716352278917588e-02
3.778299592142775332e-02,3.778299592142775332e-02
6.255092570692308285e-02,6.255092570692308285e-02
4.081625976449073517e-02,4.081625976449073517e-02
3.662171881488798797e-02,3.662171881488798797e-02
3.804904079791630866e-02,3.804904079791630866e-02
4.534129712612719465e-02,4.534129712612719465e-02
6.692799632218009165e-02,6.692799632218009165e-02
4.940562498076643549e-02,4.940562498076643549e-02
3.727634976020612056e-02,3.727634976020612056e-02
5.835275367013768866e-02,5.835275367013768866e-02
5.249551216655432007e-02,5.249551216655432007e-02
3.434029749148163890e-02,3.434029749148163890e-02
4.236791479076340572e-02,4.236791479076340572e-02
4.485846424180725545e-02,4.485846424180725545e-02
5.036542864673532183e-02,5.036542864673532183e-02
6.226632937627865627e-02,6.226632937627865627e-02
5.463068936668767639e-02,5.463068936668767639e-02
4.592696390052679323e-02,4.592696390052679323e-02
4.348829993565579699e-02,4.348829993565579699e-02
4.449280060527979752e-02,4.449280060527979752e-02
3.974863070737617854e-02,3.974863070737617854e-02
5.370736413073588789e-02,5.370736413073588789e-02
3.069990450951359806e-02,3.069990450951359806e-02
5.582057752467317613e-02,5.582057752467317613e-02
4.364190860519411019e-02,4.364190860519411019e-02
6.190156804187882389e-02,6.190156804187882389e-02
5.146210247961129081e-02,5.146210247961129081e-02
4.319556139003197237e-02,4.319556139003197237e-02
3.805630080081078698e-02,3.805630080081078698e-02
5.654202493909436800e-02,5.654202493909436800e-02
2.369746849909942776e-02,2.369746849909942776e-02
2.901158093776781341e-02,2.901158093776781341e-02
5.745960945109952062e-02,5.745960945109952062e-02
4.641582816849652848e-02,4.641582816849652848e-02
3.256871120918232443e-02,3.256871120918232443e-02
4.206954155260910627e-02,4.206954155260910627e-02
4.078543637740084798e-02,4.078543637740084798e-02
3.998960675981361873e-02,3.998960675981361873e-02
4.249504788890422213e-02,4.249504788890422213e-02
4.642513473834014581e-02,4.642513473834014581e-02
2.885021008436458589e-02,2.885021008436458589e-02
4.593161185058915880e-02,4.593161185058915880e-02
4.826217014484403267e-02,4.826217014484403267e-02
4.728997915991480644e-02,4.728997915991480644e-02
3.284469769945383422e-02,3.284469769945383422e-02
4.710466898135932945e-02,4.710466898135932945e-02
5.596730091460110079e-02,5.596730091460110079e-02
5.608974042163908380e-02,5.608974042163908380e-02
5.599416010419092093e-02,5.599416010419092093e-02
4.721477501094696605e-02,4.721477501094696605e-02
4.695354988353160619e-02,4.695354988353160619e-02
3.947993189304399575e-02,3.947993189304399575e-02
3.106179972274298109e-02,3.106179972274298109e-02
4.368545891217710114e-02,4.368545891217710114e-02
6.870094658318662284e-02,6.870094658318662284e-02
3.859631801499272680e-02,3.859631801499272680e-02
5.608743502116217416e-02,5.608743502116217416e-02
4.360676850498385743e-02,4.360676850498385743e-02
6.291778025278844944e-02,6.291778025278844944e-02
4.782231879947329567e-02,4.782231879947329567e-02
4.826404171287820843e-02,4.826404171287820843e-02
5.430492722314330528e-02,5.430492722314330528e-02
4.104712657801788678e-02,4.104712657801788678e-02
5.789381339674060101e-02,5.789381339674060101e-02
4.135081635491579671e-02,4.135081635491579671e-02
3.340998214344518408e-02,3.340998214344518408e-02
5.836283849352567193e-02,5.836283849352567193e-02
4.393586968756489630e-02,4.393586968756489630e-02
3.806820048412447310e-02,3.806820048412447310e-02
4.709846584974906186e-02,4.709846584974906186e-02
4.871317901196452888e-02,4.871317901196452888e-02
4.775030848834924818e-02,4.775030848834924818e-02
4.134015844138252960e-02,4.134015844138252960e-02
4.977845014506611376e-02,4.977845014506611376e-02
4.066019173419351679e-02,4.066019173419351679e-02
4.438286808430254304e-02,4.438286808430254304e-02
5.178955905444534991e-02,5.178955905444534991e-02
3.355173759797033806e-02,3.355173759797033806e-02
5.021688831520638996e-02,5.021688831520638996e-02
4.006437125231562812e-02,4.006437125231562812e-02
4.521262112862953209e-02,4.521262112862953209e-02
3.216569248286253041e-02,3.216569248286253041e-02
3.225842696622238659e-02,3.225842696622238659e-02
3.570965097533392030e-02,3.570965097533392030e-02
4.395153511313770744e-02,4.395153511313770744e-02
3.885405970777821433e-02,3.885405970777821433e-02
5.324593836196019059e-02,5.324593836196019059e-02
3.358107116155015226e-02,3.358107116155015226e-02
5.037936587523936249e-02,5.037936587523936249e-02
3.915792292999505098e-02,3.915792292999505098e-02
3.914853286167668811e-02,3.914853286167668811e-02
5.273736790110936101e-02,5.273736790110936101e-02
3.792601530649118008e-02,3.792601530649118008e-02
3.649403470979831893e-02,3.649403470979831893e-02
4.689028907690039050e-02,4.689028907690039050e-02
3.556696618140135768e-02,3.556696618140135768e-02
5.716093831019886801e-02,5.716093831019886801e-02
4.742788291241929743e-02,4.742788291241929743e-02
5.008666539089243197e-02,5.008666539089243197e-02
4.355060712219392671e-02,4.355060712219392671e-02
4.450383790470308076e-02,4.450383790470308076e-02
4.947722278493539572e-02,4.947722278493539572e-02
5.130680286524762213e-02,5.130680286524762213e-02
6.643314697098094690e-02,6.643314697098094690e-02
5.417765757005213456e-02,5.417765757005213456e-02
5.057914697052356967e-02,5.057914697052356967e-02
4.046638662213962456e-02,4.046638662213962456e-02
5.543772733145821419e-02,5.543772733145821419e-02
5.867953708457727957e-02,5.867953708457727957e-02
3.613786189100220980e-02,3.613786189100220980e-02
7.495372522845955565e-02,7.495372522845955565e-02
4.804813921037564411e-02,4.804813921037564411e-02
6.022466278191076355e-02,6.022466278191076355e-02
2.794334525825310084e-02,2.794334525825310084e-02
5.873269987580208989e-02,5.873269987580208989e-02
7.952236391399208904e-02,7.952236391399208904e-02
7.050954620107691140e-02,7.050954620107691140e-02
6.273601118854471581e-02,6.273601118854471581e-02
7.038120203625640448e-02,7.038120203625640448e-02
6.821959239957781085e-02,6.821959239957781085e-02
4.216272440242586211e-02,4.216272440242586211e-02
4.269647438968922348e-02,4.269647438968922348e-02
5.457309789110620368e-02,5.457309789110620368e-02
4.555128689557367411e-02,4.555128689557367411e-02
4.541147237773181244e-02,4.541147237773181244e-02
6.019577830925210843e-02,6.019577830925210843e-02
5.285069644665237043e-02,5.285069644665237043e-02
4.043446460841389201e-02,4.043446460841389201e-02
5.971540752070701036e-02,5.971540752070701036e-02
6.714964349252922071e-02,6.714964349252922071e-02
2.629444544366650593e-02,2.629444544366650593e-02
3.392107756186647088e-02,3.392107756186647088e-02
4.456837880935073104e-02,4.456837880935073104e-02
5.338896265597904700e-02,5.338896265597904700e-02
5.320076082263389128e-02,5.320076082263389128e-02
4.236812186759512933e-02,4.236812186759512933e-02
5.311031337664363222e-02,5.311031337664363222e-02
4.232162516442047884e-02,4.232162516442047884e-02
4.387695159381112264e-02,4.387695159381112264e-02
5.092536621573186956e-02,5.092536621573186956e-02
5.006133045042578805e-02,5.006133045042578805e-02
4.497181186751879334e-02,4.497181186751879334e-02
5.722261994145096120e-02,5.722261994145096120e-02
5.272376622133852220e-02,5.272376622133852220e-02
6.001055368981901561e-02,6.001055368981901561e-02
3.693856031851226740e-02,3.693856031851226740e-02
6.834950579170573359e-02,6.834950579170573359e-02
5.413072810815338504e-02,5.413072810815338504e-02
5.721588985621019890e-02,5.721588985621019890e-02
4.554055160298199623e-02,4.554055160298199623e-02
4.056944201218935786e-02,4.056944201218935786e-02
5.091096280498924598e-02,5.091096280498924598e-02
4.082643986562497357e-02,4.082643986562497357e-02
5.604873126199659550e-02,5.604873126199659550e-02
5.559569817862317076e-02,5.559569817862317076e-02
3.404885833324879096e-02,3.404885833324879096e-02
5.785560182950216790e-02,5.785560182950216790e-02
5.249560255218849864e-02,5.249560255218849864e-02
5.697477059544726885e-02,5.697477059544726885e-02
2.927397164820451717e-02,2.927397164820451717e-02
4.910584124975719833e-02,4.910584124975719833e-02
4.919526528870836468e-02,4.919526528870836468e-02
6.262863557666883962e-02,6.262863557666883962e-02
3.916270738576567434e-02,3.916270738576567434e-02
4.888742389454971832e-02,4.888742389454971832e-02
5.552866436544737910e-02,5.552866436544737910e-02
6.776143096023627688e-02,6.776143096023627688e-02
2.733838358860690362e-02,2.733838358860690362e-02
4.198671067487266123e-02,4.198671067487266123e-02
3.469546595102808439e-02,3.469546595102808439e-02
5.840337317734295430e-02,5.840337317734295430e-02
5.404439218212521434e-02,5.404439218212521434e-02
3.883852703136370099e-02,3.883852703136370099e-02
5.180449432907576618e-02,5.180449432907576618e-02
4.266296116128268090e-02,4.266296116128268090e-02
3.016550435992058216e-02,3.016550435992058216e-02
4.570771653985106903e-02,4.570771653985106903e-02
6.663591397396903537e-02,6.663591397396903537e-02
4.844126212651241048e-02,4.844126212651241048e-02
5.879438965364038039e-02,5.879438965364038039e-02
4.359578690990353195e-02,4.359578690990353195e-02
5.068021894787665127e-02,5.068021894787665127e-02
4.664745499921669342e-02,4.664745499921669342e-02
5.018168292504785605e-02,5.018168292504785605e-02
4.854353124839744932e-02,4.854353124839744932e-02
4.581064802053846224e-02,4.581064802053846224e-02
5.915185919247031854e-02,5.915185919247031854e-02
6.547984152684473147e-02,6.547984152684473147e-02
6.794933698911190256e-02,6.794933698911190256e-02
5.120738049089040150e-02,5.120738049089040150e-02
3.904162180438799923e-02,3.904162180438799923e-02
1.794674676203693309e-02,1.794674676203693309e-02
4.493220647865467376e-02,4.493220647865467376e-02
4.689650925177701879e-02,4.689650925177701879e-02
4.518911065858119414e-02,4.518911065858119414e-02
5.159555497258269674e-02,5.159555497258269674e-02
5.305439270449688327e-02,5.305439270449688327e-02
5.667987906922224151e-02,5.667987906922224151e-02
4.714147822152560396e-02,4.714147822152560396e-02
3.455001541162015799e-02,3.455001541162015799e-02
3.853182900262207278e-02,3.853182900262207278e-02
4.856005503098720366e-02,4.856005503098720366e-02
6.356897643211439908e-02,6.356897643211439908e-02
5.150921166284144759e-02,5.150921166284144759e-02
5.455205290924891592e-02,5.455205290924891592e-02
4.769071802731553872e-02,4.769071802731553872e-02
3.803091089807311698e-02,3.803091089807311698e-02
6.078367319382766559e-02,6.078367319382766559e-02
4.362631836018007053e-02,4.362631836018007053e-02
4.374536929564047660e-02,4.374536929564047660e-02
5.561508088853363285e-02,5.561508088853363285e-02
5.817974304747598052e-02,5.817974304747598052e-02
3.980545359370868397e-02,3.980545359370868397e-02
6.671121544840208362e-02,6.671121544840208362e-02
4.729209493953099447e-02,4.729209493953099447e-02
2.444443745452264463e-02,2.444443745452264463e-02
2.909571335228280237e-02,2.909571335228280237e-02
4.724133340288490246e-02,4.724133340288490246e-02
6.204590227633448307e-02,6.204590227633448307e-02
4.761337691486856871e-02,4.761337691486856871e-02
3.602339892603821647e-02,3.602339892603821647e-02
4.577559317553695634e-02,4.577559317553695634e-02
3.720259182739909382e-02,3.720259182739909382e-02
4.677221131405792653e-02,4.677221131405792653e-02
4.048561733973951582e-02,4.048561733973951582e-02
5.681102911521253296e-02,5.681102911521253296e-02
6.824844529512805180e-02,6.824844529512805180e-02
5.553210913200805343e-02,5.553210913200805343e-02
5.098284442317015108e-02,5.098284442317015108e-02
5.438978242200050162e-02,5.438978242200050162e-02
6.226249743896970779e-02,6.226249743896970779e-02
6.594399288748070687e-02,6.594399288748070687e-02
7.277653372850673152e-02,7.277653372850673152e-02
5.188561488610969608e-02,5.188561488610969608e-02
4.194823514314532931e-02,4.194823514314532931e-02
4.493615306604051979e-02,4.493615306604051979e-02
5.772047757464857098e-02,5.772047757464857098e-02
4.628971870357665580e-02,4.628971870357665580e-02
5.767678413607095489e-02,5.767678413607095489e-02
4.312417466150100798e-02,4.312417466150100798e-02
6.639136704313526594e-02,6.639136704313526594e-02
4.945368263691486688e-02,4.945368263691486688e-02
4.672178347509835239e-02,4.672178347509835239e-02
4.876169975675023055e-02,4.876169975675023055e-02
5.476002480268522821e-02,5.476002480268522821e-02
5.521886612263253447e-02,5.521886612263253447e-02
4.828486229637695554e-02,4.828486229637695554e-02
4.328871425220709446e-02,4.328871425220709446e-02
4.235124603467033816e-02,4.235124603467033816e-02
5.749218588769224730e-02,5.749218588769224730e-02
4.478008599637701981e-02,4.478008599637701981e-02
3.502581687244495784e-02,3.502581687244495784e-02
5.382047062669802900e-02,5.382047062669802900e-02
3.708091552932143986e-02,3.708091552932143986e-02
8.134273810008191274e-02,8.134273810008191274e-02
3.760776813792764128e-02,3.760776813792764128e-02
3.169309069470255258e-02,3.169309069470255258e-02
4.803106564906987896e-02,4.803106564906987896e-02
6.100372267279711297e-02,6.100372267279711297e-02
4.228555935636890695e-02,4.228555935636890695e-02
4.040133938703751454e-02,4.040133938703751454e-02
3.587324544200963528e-02,3.587324544200963528e-02
5.402506754475835948e-02,5.402506754475835948e-02
3.803815885644598604e-02,3.803815885644598604e-02
5.232929399609616283e-02,5.232929399609616283e-02
5.162431041117158254e-02,5.162431041117158254e-02
5.144649967077276342e-02,5.144649967077276342e-02
3.250709855378092900e-02,3.250709855378092900e-02
4.297328592978746226e-02,4.297328592978746226e-02
5.914955034951636936e-02,5.914955034951636936e-02
6.080900922035153283e-02,6.080900922035153283e-02
5.768960693297746356e-02,5.768960693297746356e-02
5.316342284512457633e-02,5.316342284512457633e-02
4.835996814238241459e-02,4.835996814238241459e-02
6.639976711920601848e-02,6.639976711920601848e-02
5.355626374702465720e-02,5.355626374702465720e-02
5.016704140144408880e-02,5.016704140144408880e-02
5.420982504141193259e-02,5.420982504141193259e-02
3.479051395490131288e-02,3.479051395490131288e-02
5.647857685397664196e-02,5.647857685397664196e-02
5.811496716737227924e-02,5.811496716737227924e-02
4.038595862822214055e-02,4.038595862822214055e-02
4.006323591503401643e-02,4.006323591503401643e-02
2.527508683644402038e-02,2.527508683644402038e-02
3.370519677727241981e-02,3.370519677727241981e-02
3.502341324088094343e-02,3.502341324088094343e-02
4.794443643139018052e-02,4.794443643139018052e-02
2.577169696446956690e-02,2.577169696446956690e-02
5.120455799558754073e-02,5.120455799558754073e-02
5.740918641741254991e-02,5.740918641741254991e-02
5.622694920272738872e-02,5.622694920272738872e-02
4.317022715652579778e-02,4.317022715652579778e-02
5.284045621287141586e-02,5.284045621287141586e-02
4.780327076576695172e-02,4.780327076576695172e-02
3.544049235407432941e-02,3.544049235407432941e-02
3.238374546200091519e-02,3.238374546200091519e-02
4.772578706967146867e-02,4.772578706967146867e-02
4.005600603371945595e-02,4.005600603371945595e-02
4.705393212318295659e-02,4.705393212318295659e-02
5.789682067226479406e-02,5.789682067226479406e-02
4.564132734990291457e-02,4.564132734990291457e-02
4.581046456253757421e-02,4.581046456253757421e-02
4.588854511600382047e-02,4.588854511600382047e-02
6.922705349623753390e-02,6.922705349623753390e-02
2.478861038454021823e-02,2.478861038454021823e-02
4.487710457692634103e-02,4.487710457692634103e-02
6.186261776026420744e-02,6.186261776026420744e-02
3.629908538598904111e-02,3.629908538598904111e-02
6.475807224742731460e-02,6.475807224742731460e-02
3.392641525592604568e-02,3.392641525592604568e-02
6.278066251003559806e-02,6.278066251003559806e-02
5.736635692956998378e-02,5.736635692956998378e-02
4.643511061310451327e-02,4.643511061310451327e-02
4.087721704925517674e-02,4.087721704925517674e-02
3.090205909708684459e-02,3.090205909708684459e-02
3.755117901406146430e-02,3.755117901406146430e-02
5.271468860592112837e-02,5.271468860592112837e-02
5.690944337834605293e-02,5.690944337834605293e-02
3.816889223542293402e-02,3.816889223542293402e-02
4.977170971570454849e-02,4.977170971570454849e-02
2.604144009157365394e-02,2.604144009157365394e-02
7.839583888892498464e-02,7.839583888892498464e-02
5.729553757782364365e-02,5.729553757782364365e-02
3.310858736012217696e-02,3.310858736012217696e-02
5.883726920974573227e-02,5.883726920974573227e-02
4.621122943965755292e-02,4.621122943965755292e-02
3.806997747164295176e-02,3.806997747164295176e-02
4.542166174624749642e-02,4.542166174624749642e-02
4.622687206499523360e-02,4.622687206499523360e-02
3.623068627013296961e-02,3.623068627013296961e-02
5.273374597655078322e-02,5.273374597655078322e-02
3.915207321572779231e-02,3.915207321572779231e-02
5.338375969534898957e-02,5.338375969534898957e-02
5.616102615702132927e-02,5.616102615702132927e-02
2.161300071378160007e-02,2.161300071378160007e-02
4.213453646815037978e-02,4.213453646815037978e-02
4.736906224027040424e-02,4.736906224027040424e-02
5.707699285916237320e-02,5.707699285916237320e-02
4.711632220364997403e-02,4.711632220364997403e-02
4.422761008489188572e-02,4.422761008489188572e-02
4.377098523391441398e-02,4.377098523391441398e-02
3.815020557860009098e-02,3.815020557860009098e-02
3.792025856755351643e-02,3.792025856755351643e-02
3.683627836310589265e-02,3.683627836310589265e-02
3.213550050687173643e-02,3.213550050687173643e-02
3.149742574900711578e-02,3.149742574900711578e-02
2.297249483070013323e-02,2.297249483070013323e-02
3.806363282667855202e-02,3.806363282667855202e-02
5.119499651772679849e-02,5.119499651772679849e-02
6.977672935851250702e-02,6.977672935851250702e-02
2.469803653307430999e-02,2.469803653307430999e-02
4.453968521428172678e-02,4.453968521428172678e-02
6.136514271769582390e-02,6.136514271769582390e-02
5.606395013206397215e-02,5.606395013206397215e-02
2.306960258238534636e-02,2.306960258238534636e-02
5.600663564658604765e-02,5.600663564658604765e-02
3.962453395791704081e-02,3.962453395791704081e-02
4.589652170215517690e-02,4.589652170215517690e-02
2.473728819124552947e-02,2.473728819124552947e-02
4.076256572563810576e-02,4.076256572563810576e-02
5.122271160148908486e-02,5.122271160148908486e-02
4.945816067983577202e-02,4.945816067983577202e-02
4.343278727767417580e-02,4.343278727767417580e-02
3.623538159132838610e-02,3.623538159132838610e-02
2.043870881864329886e-02,2.043870881864329886e-02
3.636167505586192228e-02,3.636167505586192228e-02
7.842850812883425671e-02,7.842850812883425671e-02
4.977844080872066701e-02,4.977844080872066701e-02
5.402311526998142266e-02,5.402311526998142266e-02
6.409146811062724214e-02,6.409146811062724214e-02
5.282709017570537402e-02,5.282709017570537402e-02
4.959223064799740677e-02,4.959223064799740677e-02
3.156219713855831777e-02,3.156219713855831777e-02
6.012466520451704294e-02,6.012466520451704294e-02
4.672381961249617854e-02,4.672381961249617854e-02
4.544721112161317911e-02,4.544721112161317911e-02
2.745546603395422613e-02,2.745546603395422613e-02
6.135093922446913095e-02,6.135093922446913095e-02
4.332544470801989733e-02,4.332544470801989733e-02
3.104663348053287447e-02,3.104663348053287447e-02
3.366428635308271744e-02,3.366428635308271744e-02
6.595810808014744564e-02,6.595810808014744564e-02
3.250064069165697900e-02,3.250064069165697900e-02
5.131950672094932886e-02,5.131950672094932886e-02
3.114870612548443357e-02,3.114870612548443357e-02
5.292515494044380819e-02,5.292515494044380819e-02
3.827710930720991389e-02,3.827710930720991389e-02
3.060098786347199493e-02,3.060098786347199493e-02
4.274554306832117206e-02,4.274554306832117206e-02
4.596476999458969093e-02,4.596476999458969093e-02
6.437103464850621459e-02,6.437103464850621459e-02
4.917114672648590507e-02,4.917114672648590507e-02
4.606756454806994194e-02,4.606756454806994194e-02
5.579332829468153232e-02,5.579332829468153232e-02
3.905633030271888489e-02,3.905633030271888489e-02
3.525953492091675467e-02,3.525953492091675467e-02
5.865863608384720707e-02,5.865863608384720707e-02
2.664990161447734762e-02,2.664990161447734762e-02
5.618008580736831570e-02,5.618008580736831570e-02
5.052398357253867073e-02,5.052398357253867073e-02
4.506625674691547984e-02,4.506625674691547984e-02
5.295778091397260190e-02,5.295778091397260190e-02
5.930867839741729708e-02,5.930867839741729708e-02
4.301870920569823842e-02,4.301870920569823842e-02
3.189286396415924596e-02,3.189286396415924596e-02
3.196506011928343383e-02,3.196506011928343383e-02
4.280453936899039635e-02,4.280453936899039635e-02
6.334267593281694975e-02,6.334267593281694975e-02
6.208359386201602048e-02,6.208359386201602048e-02
4.599601558069593699e-02,4.599601558069593699e-02
4.823278105626341988e-02,4.823278105626341988e-02
3.898297641860189872e-02,3.898297641860189872e-02
6.384142758125443962e-02,6.384142758125443962e-02
4.519662306875447955e-02,4.519662306875447955e-02
5.793991693908699669e-02,5.793991693908699669e-02
4.768204556638746400e-02,4.768204556638746400e-02
6.078161868142211571e-02,6.078161868142211571e-02
5.018173035591355635e-02,5.018173035591355635e-02
6.603739951671608321e-02,6.603739951671608321e-02
5.551775811535920868e-02,5.551775811535920868e-02
5.563146906872300929e-02,5.563146906872300929e-02
6.081892752323626861e-02,6.081892752323626861e-02
4.822597533427683270e-02,4.822597533427683270e-02
3.762557774010125144e-02,3.762557774010125144e-02
5.171617406748939272e-02,5.171617406748939272e-02
4.290187754775962037e-02,4.290187754775962037e-02
5.414793980123155243e-02,5.414793980123155243e-02
4.921510877646494836e-02,4.921510877646494836e-02
5.573408899409421080e-02,5.573408899409421080e-02
3.758531871128818064e-02,3.758531871128818064e-02
5.226760291369363098e-02,5.226760291369363098e-02
4.876198548319170961e-02,4.876198548319170961e-02
3.364779737386237174e-02,3.364779737386237174e-02
5.254041248699081734e-02,5.254041248699081734e-02
5.267654091213242601e-02,5.267654091213242601e-02
4.886156286625092937e-02,4.886156286625092937e-02
5.875973702687922740e-02,5.875973702687922740e-02
5.092612008292340953e-02,5.092612008292340953e-02
3.768363612560558795e-02,3.768363612560558795e-02
3.241216080205375216e-02,3.241216080205375216e-02
6.242233112619158947e-02,6.242233112619158947e-02
6.429987747455434555e-02,6.429987747455434555e-02
6.269230113908032254e-02,6.269230113908032254e-02
6.384349836382224863e-02,6.384349836382224863e-02
5.693096914808441072e-02,5.693096914808441072e-02
6.275446266309056553e-02,6.275446266309056553e-02
4.098847456489258800e-02,4.098847456489258800e-02
4.530342346496676192e-02,4.530342346496676192e-02
5.749405765755984110e-02,5.749405765755984110e-02
6.141252896367712516e-02,6.141252896367712516e-02
2.880808278800784522e-02,2.880808278800784522e-02
3.610874141668966864e-02,3.610874141668966864e-02
3.713849068934416825e-02,3.713849068934416825e-02
7.176854931911832991e-02,7.176854931911832991e-02
5.202005128968399672e-02,5.202005128968399672e-02
4.235273573157934124e-02,4.235273573157934124e-02
3.030509247895974909e-02,3.030509247895974909e-02
4.898804973293725828e-02,4.898804973293725828e-02
4.912097228566256191e-02,4.912097228566256191e-02
3.455920157818664906e-02,3.455920157818664906e-02
3.338353025389115269e-02,3.338353025389115269e-02
4.943292507838241423e-02,4.943292507838241423e-02
7.171746808064488610e-02,7.171746808064488610e-02
4.782148120307158634e-02,4.782148120307158634e-02
6.264367000437538746e-02,6.264367000437538746e-02
3.647497258555019994e-02,3.647497258555019994e-02
6.295219950340939785e-02,6.295219950340939785e-02
6.356911788370987748e-02,6.356911788370987748e-02
3.648577616506734622e-02,3.648577616506734622e-02
6.268462747472204610e-02,6.268462747472204610e-02
3.124859515681199795e-02,3.124859515681199795e-02
3.523061662929467125e-02,3.523061662929467125e-02
5.794222045197071347e-02,5.794222045197071347e-02
6.810037847194830296e-02,6.810037847194830296e-02
5.223028137222536504e-02,5.223028137222536504e-02
5.503239612676828763e-02,5.503239612676828763e-02
5.134665444362056935e-02,5.134665444362056935e-02
4.922063241712129611e-02,4.922063241712129611e-02
4.169964891181136835e-02,4.169964891181136835e-02
4.834436210972069964e-02,4.834436210972069964e-02
5.657275755853399812e-02,5.657275755853399812e-02
4.014582179082416130e-02,4.014582179082416130e-02
2.982821135428660037e-02,2.982821135428660037e-02
5.278421959986177858e-02,5.278421959986177858e-02
4.083462983644130934e-02,4.083462983644130934e-02
4.290642358980667481e-02,4.290642358980667481e-02
3.653989278186904610e-02,3.653989278186904610e-02
6.706044206693512200e-02,6.706044206693512200e-02
5.119775877964424793e-02,5.119775877964424793e-02
6.748311679718976830e-02,6.748311679718976830e-02
2.804129496655334217e-02,2.804129496655334217e-02
3.672652558355985614e-02,3.672652558355985614e-02
6.174712134517425927e-02,6.174712134517425927e-02
5.451690116853104978e-02,5.451690116853104978e-02
3.417707948211085728e-02,3.417707948211085728e-02
4.989731344478574859e-02,4.989731344478574859e-02
3.291201158245726788e-02,3.291201158245726788e-02
3.262085219545575454e-02,3.262085219545575454e-02
5.393229196891372035e-02,5.393229196891372035e-02
2.550154356385366666e-02,2.550154356385366666e-02
4.524815113929743504e-02,4.524815113929743504e-02
4.799128569924374088e-02,4.799128569924374088e-02
5.566122380447953433e-02,5.566122380447953433e-02
3.689507621120084041e-02,3.689507621120084041e-02
5.338153012104190909e-02,5.338153012104190909e-02
4.563587744305894200e-02,4.563587744305894200e-02
3.566441688950405808e-02,3.566441688950405808e-02
4.237517239340095332e-02,4.237517239340095332e-02
5.252282693221500820e-02,5.252282693221500820e-02
3.207962632612596648e-02,3.207962632612596648e-02
6.632248232171811253e-02,6.632248232171811253e-02
5.671225587898018339e-02,5.671225587898018339e-02
4.731660474282811668e-02,4.731660474282811668e-02
5.161106067526646801e-02,5.161106067526646801e-02
5.063730357576472219e-02,5.063730357576472219e-02
4.321250485767255678e-02,4.321250485767255678e-02
3.273812751288901479e-02,3.273812751288901479e-02
5.751605744035220152e-02,5.751605744035220152e-02
6.073010197719157927e-02,6.073010197719157927e-02
4.355392726842793882e-02,4.355392726842793882e-02
6.912618074685300540e-02,6.912618074685300540e-02
3.890416228076654798e-02,3.890416228076654798e-02
3.785117279227485920e-02,3.785117279227485920e-02
6.390085809835602260e-02,6.390085809835602260e-02
3.697429954964472770e-02,3.697429954964472770e-02
6.182750252686405185e-02,6.182750252686405185e-02
5.287909121472560148e-02,5.287909121472560148e-02
4.380058157725537360e-02,4.380058157725537360e-02
4.553956589692643997e-02,4.553956589692643997e-02
6.347683831900552409e-02,6.347683831900552409e-02
4.388959102775016191e-02,4.388959102775016191e-02
3.745384257328950028e-02,3.745384257328950028e-02
5.390609488447095643e-02,5.390609488447095643e-02
3.644819251816705519e-02,3.644819251816705519e-02
4.893686215477362905e-02,4.893686215477362905e-02
4.020601617127163296e-02,4.020601617127163296e-02
5.564572007406523579e-02,5.564572007406523579e-02
5.724644839119213957e-02,5.724644839119213957e-02
4.272327534957126582e-02,4.272327534957126582e-02
4.988242261270295352e-02,4.988242261270295352e-02
3.330361829457611361e-02,3.330361829457611361e-02
1.681722480406513953e-02,1.681722480406513953e-02
4.506225539994077045e-02,4.506225539994077045e-02
4.645359894475596663e-02,4.645359894475596663e-02
5.255634072234645349e-02,5.255634072234645349e-02
5.432793569775783843e-02,5.432793569775783843e-02
4.464973133182897902e-02,4.464973133182897902e-02
4.798618302231289628e-02,4.798618302231289628e-02
3.945371949527174543e-02,3.945371949527174543e-02
4.880448537590979796e-02,4.880448537590979796e-02
4.504192968932675678e-02,4.504192968932675678e-02
4.056259350762582427e-02,4.056259350762582427e-02
4.575578262230825533e-02,4.575578262230825533e-02
4.061085199026652492e-02,4.061085199026652492e-02
3.652292999823673891e-02,3.652292999823673891e-02
5.233823984621684133e-02,5.233823984621684133e-02
3.498870709118068190e-02,3.498870709118068190e-02
4.935997198313037126e-02,4.935997198313037126e-02
2.899860451298014868e-02,2.899860451298014868e-02
3.322700338681550819e-02,3.322700338681550819e-02
5.337996258482939627e-02,5.337996258482939627e-02
5.674340730927952825e-02,5.674340730927952825e-02
4.159821691155399237e-02,4.159821691155399237e-02
5.274472462361808750e-02,5.274472462361808750e-02
3.968705462633344283e-02,3.968705462633344283e-02
4.665049267113915293e-02,4.665049267113915293e-02
3.934362472037614133e-02,3.934362472037614133e-02
5.113053978345948047e-02,5.113053978345948047e-02
3.744190519381403875e-02,3.744190519381403875e-02
4.445448937283347224e-02,4.445448937283347224e-02
3.946052610641589964e-02,3.946052610641589964e-02
5.109804319699692843e-02,5.109804319699692843e-02
6.066926407487358008e-02,6.066926407487358008e-02
5.675375097135558489e-02,5.675375097135558489e-02
4.304633693859093169e-02,4.304633693859093169e-02
3.852500617874575484e-02,3.852500617874575484e-02
4.459740304361221874e-02,4.459740304361221874e-02
3.813257867406549123e-02,3.813257867406549123e-02
4.234879080453356204e-02,4.234879080453356204e-02
6.188921168063672706e-02,6.188921168063672706e-02
4.289296702939546235e-02,4.289296702939546235e-02
6.377787015275913907e-02,6.377787015275913907e-02
3.673425013017936336e-02,3.673425013017936336e-02
5.118884954562624018e-02,5.118884954562624018e-02
3.942519045699315050e-02,3.942519045699315050e-02
3.232193700287719351e-02,3.232193700287719351e-02
2.920173726053616400e-02,2.920173726053616400e-02
4.810376134190574166e-02,4.810376134190574166e-02
4.523257031625449454e-02,4.523257031625449454e-02
4.157479185365634683e-02,4.157479185365634683e-02
5.819491321350242496e-02,5.819491321350242496e-02
5.016791553417243588e-02,5.016791553417243588e-02
3.746656425266512574e-02,3.746656425266512574e-02
4.564055334246107376e-02,4.564055334246107376e-02
4.718022622892027729e-02,4.718022622892027729e-02
5.541873160787034319e-02,5.541873160787034319e-02
4.137521117104019097e-02,4.137521117104019097e-02
5.512871752753882582e-02,5.512871752753882582e-02
3.228950770733832881e-02,3.228950770733832881e-02
5.762128641319756023e-02,5.762128641319756023e-02
2.524342717660949670e-02,2.524342717660949670e-02
5.013094560736897076e-02,5.013094560736897076e-02
3.829307515027937509e-02,3.829307515027937509e-02
5.000285922805761119e-02,5.000285922805761119e-02
5.266788988080065709e-02,5.266788988080065709e-02
5.443094570251755249e-02,5.443094570251755249e-02
4.049069525266731084e-02,4.049069525266731084e-02
5.384834401628767891e-02,5.384834401628767891e-02
4.882752833829874517e-02,4.882752833829874517e-02
4.382018298724772720e-02,4.382018298724772720e-02
5.880488255925558905e-02,5.880488255925558905e-02
5.099583561344290389e-02,5.099583561344290389e-02
4.594271536482037038e-02,4.594271536482037038e-02
4.599582958541592603e-02,4.599582958541592603e-02
2.575422224011377631e-02,2.575422224011377631e-02
5.238940876839012772e-02,5.238940876839012772e-02
4.640499657910415743e-02,4.640499657910415743e-02
4.705211323215453822e-02,4.705211323215453822e-02
3.790822352132108830e-02,3.790822352132108830e-02
5.744798955306894273e-02,5.744798955306894273e-02
4.457365770089158352e-02,4.457365770089158352e-02
4.305983225828233923e-02,4.305983225828233923e-02
5.637153009137505638e-02,5.637153009137505638e-02
5.320125806210398989e-02,5.320125806210398989e-02
4.498474472502253518e-02,4.498474472502253518e-02
2.958465692049497622e-02,2.958465692049497622e-02
2.580834263665521960e-02,2.580834263665521960e-02
4.421562552768017879e-02,4.421562552768017879e-02
4.710744601323012259e-02,4.710744601323012259e-02
6.860533213728588209e-02,6.860533213728588209e-02
4.022842606434838542e-02,4.022842606434838542e-02
7.927464733004292718e-02,7.927464733004292718e-02
5.408312072336536602e-02,5.408312072336536602e-02
5.973757827407556731e-02,5.973757827407556731e-02
4.410234955850920319e-02,4.410234955850920319e-02
3.817098782401816964e-02,3.817098782401816964e-02
3.351524331762941594e-02,3.351524331762941594e-02
4.839967488792855377e-02,4.839967488792855377e-02
5.268487893523604582e-02,5.268487893523604582e-02
3.610643611514471885e-02,3.610643611514471885e-02
4.344603026191983658e-02,4.344603026191983658e-02
4.572300910494358356e-02,4.572300910494358356e-02
5.030689473094102082e-02,5.030689473094102082e-02
7.065362548140360910e-02,7.065362548140360910e-02
5.732259986168727200e-02,5.732259986168727200e-02
4.919085820456624986e-02,4.919085820456624986e-02
4.497526489870681821e-02,4.497526489870681821e-02
4.444198877665692105e-02,4.444198877665692105e-02
4.490335450143851520e-02,4.490335450143851520e-02
8.287548366700632496e-02,8.287548366700632496e-02
4.519857244829211806e-02,4.519857244829211806e-02
4.918456993376500025e-02,4.918456993376500025e-02
4.826722162239881209e-02,4.826722162239881209e-02
4.997503106796422068e-02,4.997503106796422068e-02
4.818046501044675328e-02,4.818046501044675328e-02
4.634573929277785442e-02,4.634573929277785442e-02
7.058716335479210680e-02,7.058716335479210680e-02
4.065241594032001360e-02,4.065241594032001360e-02
4.528823482512765730e-02,4.528823482512765730e-02
4.127823465556423876e-02,4.127823465556423876e-02
3.360049012870836016e-02,3.360049012870836016e-02
5.498804504301241236e-02,5.498804504301241236e-02
5.418990470442285046e-02,5.418990470442285046e-02
4.582018258947911926e-02,4.582018258947911926e-02
5.387348584683044478e-02,5.387348584683044478e-02
5.631711648032907552e-02,5.631711648032907552e-02
4.091265147382930345e-02,4.091265147382930345e-02
4.208756703158245821e-02,4.208756703158245821e-02
3.543450962456699826e-02,3.543450962456699826e-02
5.313936696971687662e-02,5.313936696971687662e-02
4.102471156826053428e-02,4.102471156826053428e-02
5.089930775699130772e-02,5.089930775699130772e-02
5.637224159847133154e-02,5.637224159847133154e-02
3.985010381407075308e-02,3.985010381407075308e-02
4.237710946943520907e-02,4.237710946943520907e-02
5.943087786254845628e-02,5.943087786254845628e-02
2.591808584010193636e-02,2.591808584010193636e-02
5.840037228698197885e-02,5.840037228698197885e-02
3.342849541352545945e-02,3.342849541352545945e-02
4.457438508021012435e-02,4.457438508021012435e-02
4.196447014537091347e-02,4.196447014537091347e-02
5.251952980456338349e-02,5.251952980456338349e-02
4.426962625145977603e-02,4.426962625145977603e-02
4.063789040234426497e-02,4.063789040234426497e-02
3.691975390334795853e-02,3.691975390334795853e-02
4.142361204328696977e-02,4.142361204328696977e-02
4.276877148044970489e-02,4.276877148044970489e-02
5.356787927724168674e-02,5.356787927724168674e-02
4.644004380024971401e-02,4.644004380024971401e-02
4.361209002992792044e-02,4.361209002992792044e-02
5.042160001246245860e-02,5.042160001246245860e-02
5.816251706007860567e-02,5.816251706007860567e-02
6.330673508178868980e-02,6.330673508178868980e-02
5.171982584876596428e-02,5.171982584876596428e-02
5.481737868985048223e-02,5.481737868985048223e-02
5.299768762735967975e-02,5.299768762735967975e-02
4.876899617585318120e-02,4.876899617585318120e-02
4.429417106954539746e-02,4.429417106954539746e-02
5.174976748257167913e-02,5.174976748257167913e-02
3.236989855077751499e-02,3.236989855077751499e-02
5.877430101374003790e-02,5.877430101374003790e-02
4.215497424255493231e-02,4.215497424255493231e-02
2.183826700435548621e-02,2.183826700435548621e-02
5.197603054227055430e-02,5.197603054227055430e-02
4.895492520748584431e-02,4.895492520748584431e-02
5.538041234837111360e-02,5.538041234837111360e-02
5.207244586719930041e-02,5.207244586719930041e-02
2.657939034461702724e-02,2.657939034461702724e-02
3.888297397115606652e-02,3.888297397115606652e-02
5.410721011406281755e-02,5.410721011406281755e-02
3.906022703647880207e-02,3.906022703647880207e-02
4.825769746865737897e-02,4.825769746865737897e-02
4.615955538762990529e-02,4.615955538762990529e-02
4.990183885152614518e-02,4.990183885152614518e-02
5.573285086344905576e-02,5.573285086344905576e-02
6.181549956489867936e-02,6.181549956489867936e-02
4.034738693598127063e-02,4.034738693598127063e-02
5.296158901074604630e-02,5.296158901074604630e-02
4.393147473157837241e-02,4.393147473157837241e-02
7.753835312527526669e-02,7.753835312527526669e-02
5.055619957517737406e-02,5.055619957517737406e-02
3.361551974337932680e-02,3.361551974337932680e-02
5.805788309163234517e-02,5.805788309163234517e-02
4.409332903370605239e-02,4.409332903370605239e-02
5.762983322845552370e-02,5.762983322845552370e-02
6.501637875805792166e-02,6.501637875805792166e-02
3.159763750123571746e-02,3.159763750123571746e-02
6.117263392796665200e-02,6.117263392796665200e-02
5.037539207199148716e-02,5.037539207199148716e-02
3.001688341306698107e-02,3.001688341306698107e-02
4.402106961031176935e-02,4.402106961031176935e-02
4.016104899976760678e-02,4.016104899976760678e-02
5.902457183927235784e-02,5.902457183927235784e-02
3.889880652499677627e-02,3.889880652499677627e-02
5.871641008695262232e-02,5.871641008695262232e-02
4.581946976376077840e-02,4.581946976376077840e-02
4.930586375545194244e-02,4.930586375545194244e-02
2.903771585222915397e-02,2.903771585222915397e-02
4.345773306240033329e-02,4.345773306240033329e-02
3.281429458440268676e-02,3.281429458440268676e-02
3.687994185252558427e-02,3.687994185252558427e-02
4.320834804735916579e-02,4.320834804735916579e-02
3.145329991614079918e-02,3.145329991614079918e-02
3.622179736233402392e-02,3.622179736233402392e-02
2.437368877687043356e-02,2.437368877687043356e-02
4.456164446977222554e-02,4.456164446977222554e-02
5.187396411585118439e-02,5.187396411585118439e-02
4.560044445933426893e-02,4.560044445933426893e-02
3.144298580576397606e-02,3.144298580576397606e-02
4.685347129760663448e-02,4.685347129760663448e-02
4.270300591374324994e-02,4.270300591374324994e-02
4.784272247947544965e-02,4.784272247947544965e-02
4.095279079691578616e-02,4.095279079691578616e-02
4.151387335000732148e-02,4.151387335000732148e-02
2.570702053411529422e-02,2.570702053411529422e-02
5.783356056112860799e-02,5.783356056112860799e-02
3.204428651876270462e-02,3.204428651876270462e-02
2.582064175811449314e-02,2.582064175811449314e-02
3.892410934136308898e-02,3.892410934136308898e-02
5.615135504761674390e-02,5.615135504761674390e-02
6.788913508522685658e-02,6.788913508522685658e-02
4.444998820614466661e-02,4.444998820614466661e-02
4.609597894763620141e-02,4.609597894763620141e-02
4.456052179513443623e-02,4.456052179513443623e-02
4.307326488561231959e-02,4.307326488561231959e-02
5.619660933512646284e-02,5.619660933512646284e-02
3.324943079260576917e-02,3.324943079260576917e-02
4.494997190577651458e-02,4.494997190577651458e-02
5.531959900784616524e-02,5.531959900784616524e-02
4.398105779703150031e-02,4.398105779703150031e-02
5.273227722696981895e-02,5.273227722696981895e-02
4.104006768069742850e-02,4.104006768069742850e-02
4.148724942830524232e-02,4.148724942830524232e-02
5.706916834878296430e-02,5.706916834878296430e-02
5.989217786754519324e-02,5.989217786754519324e-02
4.725715669186367901e-02,4.725715669186367901e-02
6.453975405756751105e-02,6.453975405756751105e-02
5.635260527429579447e-02,5.635260527429579447e-02
4.669655243955950219e-02,4.669655243955950219e-02
3.738988056124374626e-02,3.738988056124374626e-02
3.509157123351300256e-02,3.509157123351300256e-02
5.361676522310283854e-02,5.361676522310283854e-02
5.896435243656224234e-02,5.896435243656224234e-02
5.367144900613737141e-02,5.367144900613737141e-02
4.899144063006768274e-02,4.899144063006768274e-02
2.915759534553458501e-02,2.915759534553458501e-02
5.341947050171493017e-02,5.341947050171493017e-02
6.850148236949291092e-02,6.850148236949291092e-02
3.830792627488931179e-02,3.830792627488931179e-02
4.568146012618010121e-02,4.568146012618010121e-02
4.758780983542727772e-02,4.758780983542727772e-02
5.388199875117883481e-02,5.388199875117883481e-02
2.139892531162034331e-02,2.139892531162034331e-02
5.817627622153261069e-02,5.817627622153261069e-02
4.533576366537277191e-02,4.533576366537277191e-02
5.820647340630000222e-02,5.820647340630000222e-02
3.486605045817794263e-02,3.486605045817794263e-02
4.053024010304905750e-02,4.053024010304905750e-02
4.088501138685083497e-02,4.088501138685083497e-02
5.152578878563872367e-02,5.152578878563872367e-02
4.193494771629626555e-02,4.193494771629626555e-02
4.658397602614759020e-02,4.658397602614759020e-02
4.286045962845050350e-02,4.286045962845050350e-02
4.992813961522495070e-02,4.992813961522495070e-02
6.201961604573963394e-02,6.201961604573963394e-02
3.464476435053021747e-02,3.464476435053021747e-02
5.351203922856166695e-02,5.351203922856166695e-02
5.248841063701549514e-02,5.248841063701549514e-02
3.739276769662751992e-02,3.739276769662751992e-02
5.488478966636066436e-02,5.488478966636066436e-02
5.426431599581642284e-02,5.426431599581642284e-02
3.742358390020111836e-02,3.742358390020111836e-02
4.417208145659392432e-02,4.417208145659392432e-02
4.634261561582914135e-02,4.634261561582914135e-02
4.387599670902117555e-02,4.387599670902117555e-02
6.061836506886729425e-02,6.061836506886729425e-02
7.531712764562431550e-02,7.531712764562431550e-02
4.170312669362183366e-02,4.170312669362183366e-02
4.615251534808996470e-02,4.615251534808996470e-02
6.721229031991346470e-02,6.721229031991346470e-02
5.149153608321449527e-02,5.149153608321449527e-02
3.808717146695325684e-02,3.808717146695325684e-02
6.719215905120394516e-02,6.719215905120394516e-02
3.872435671062450513e-02,3.872435671062450513e-02
4.620932622069932882e-02,4.620932622069932882e-02
4.976254843468103095e-02,4.976254843468103095e-02
5.344464859968434817e-02,5.344464859968434817e-02
7.011186967523944102e-02,7.011186967523944102e-02
5.828230783271617921e-02,5.828230783271617921e-02
3.686670648700200725e-02,3.686670648700200725e-02
4.995935470975721576e-02,4.995935470975721576e-02
2.324333929561583217e-02,2.324333929561583217e-02
5.338792242017088158e-02,5.338792242017088158e-02
4.730330252805958757e-02,4.730330252805958757e-02
4.121933949581492451e-02,4.121933949581492451e-02
4.928187796253016839e-02,4.928187796253016839e-02
5.373761217551088765e-02,5.373761217551088765e-02
6.254267608964471370e-02,6.254267608964471370e-02
5.931788743143633774e-02,5.931788743143633774e-02
4.192597082980092926e-02,4.192597082980092926e-02
3.680852741319920463e-02,3.680852741319920463e-02
4.793350537064511308e-02,4.793350537064511308e-02
5.325111278861735520e-02,5.325111278861735520e-02
3.963678505722373346e-02,3.963678505722373346e-02
5.490841529549181366e-02,5.490841529549181366e-02
5.204404906292572908e-02,5.204404906292572908e-02
3.157495784625943130e-02,3.157495784625943130e-02
4.261222668373516875e-02,4.261222668373516875e-02
4.508836170801704124e-02,4.508836170801704124e-02
4.868291684822145110e-02,4.868291684822145110e-02
5.942512449923318535e-02,5.942512449923318535e-02
4.550270874588663306e-02,4.550270874588663306e-02
6.840722570988908013e-02,6.840722570988908013e-02
4.805173943945401788e-02,4.805173943945401788e-02
5.088346470759053108e-02,5.088346470759053108e-02
5.989907554639243431e-02,5.989907554639243431e-02
6.785533539429162986e-02,6.785533539429162986e-02
5.591529188705392922e-02,5.591529188705392922e-02
4.977914598806378044e-02,4.977914598806378044e-02
4.040928129911326716e-02,4.040928129911326716e-02
3.966641452045614746e-02,3.966641452045614746e-02
6.531767799524504370e-02,6.531767799524504370e-02
3.481627514886835584e-02,3.481627514886835584e-02
5.277057152576948573e-02,5.277057152576948573e-02
5.123154006719507492e-02,5.123154006719507492e-02
4.206357719806584627e-02,4.206357719806584627e-02
7.124782260244467980e-02,7.124782260244467980e-02
4.672737060584576663e-02,4.672737060584576663e-02
4.382289312952349081e-02,4.382289312952349081e-02
4.075055701673806208e-02,4.075055701673806208e-02
4.122549660814876782e-02,4.122549660814876782e-02
4.674372050648072791e-02,4.674372050648072791e-02
5.825220976474546064e-02,5.825220976474546064e-02
4.040548486216756496e-02,4.040548486216756496e-02
4.238795319353960006e-02,4.238795319353960006e-02
5.667850596687371012e-02,5.667850596687371012e-02
5.204101381529022130e-02,5.204101381529022130e-02
4.462265487224463534e-02,4.462265487224463534e-02
7.607388127327469052e-02,7.607388127327469052e-02
5.041604326134607045e-02,5.041604326134607045e-02
3.787055487159204925e-02,3.787055487159204925e-02
5.761488202881186182e-02,5.761488202881186182e-02
4.446000205776443059e-02,4.446000205776443059e-02
4.186606683681362573e-02,4.186606683681362573e-02
4.558138024456132031e-02,4.558138024456132031e-02
4.873337254313786504e-02,4.873337254313786504e-02
2.561409322255812221e-02,2.561409322255812221e-02
3.782507529385057549e-02,3.782507529385057549e-02
5.397447235045200326e-02,5.397447235045200326e-02
4.217955087813569232e-02,4.217955087813569232e-02
4.518810890263493668e-02,4.518810890263493668e-02
4.388722935383433665e-02,4.388722935383433665e-02
3.569029892275044080e-02,3.569029892275044080e-02
5.368425365120275961e-02,5.368425365120275961e-02
6.403490172815204384e-02,6.403490172815204384e-02
4.344242870102020537e-02,4.344242870102020537e-02
5.563922318136784589e-02,5.563922318136784589e-02
4.042227725396331517e-02,4.042227725396331517e-02
3.562961248365389966e-02,3.562961248365389966e-02
3.979080872486846082e-02,3.979080872486846082e-02
4.861873619536717650e-02,4.861873619536717650e-02
4.284434551975548761e-02,4.284434551975548761e-02
6.705025319769934711e-02,6.705025319769934711e-02
3.482955724392357288e-02,3.482955724392357288e-02
3.923360458196641087e-02,3.923360458196641087e-02
5.259710746496576439e-02,5.259710746496576439e-02
4.754685299677137433e-02,4.754685299677137433e-02
5.778852316314114779e-02,5.778852316314114779e-02
5.044129049091722328e-02,5.044129049091722328e-02
6.516604563162216313e-02,6.516604563162216313e-02
6.569236476702278171e-02,6.569236476702278171e-02
3.714275263340604399e-02,3.714275263340604399e-02
4.700117346644583360e-02,4.700117346644583360e-02
2.559796127142151961e-02,2.559796127142151961e-02
5.516163853740806144e-02,5.516163853740806144e-02
6.170485777620755841e-02,6.170485777620755841e-02
6.042720340288521008e-02,6.042720340288521008e-02
2.746036240011114765e-02,2.746036240011114765e-02
7.779841909907318775e-02,7.779841909907318775e-02
3.827065662400812307e-02,3.827065662400812307e-02
6.216276201770843529e-02,6.216276201770843529e-02
4.952230958712348918e-02,4.952230958712348918e-02
4.036083364163110115e-02,4.036083364163110115e-02
5.327872444365849836e-02,5.327872444365849836e-02
5.128518339410760574e-02,5.128518339410760574e-02
4.771302135328735899e-02,4.771302135328735899e-02
4.118647193610663892e-02,4.118647193610663892e-02
5.091577264187729240e-02,5.091577264187729240e-02
5.103766053190886970e-02,5.103766053190886970e-02
5.055867232488558266e-02,5.055867232488558266e-02
7.193619353203195566e-02,7.193619353203195566e-02
5.129226525498362804e-02,5.129226525498362804e-02
5.725220003724838802e-02,5.725220003724838802e-02
4.054481770031755777e-02,4.054481770031755777e-02
5.196707748633553475e-02,5.196707748633553475e-02
5.116162105038352115e-02,5.116162105038352115e-02
6.274436816847477061e-02,6.274436816847477061e-02
4.789503581509153840e-02,4.789503581509153840e-02
3.740564468697334805e-02,3.740564468697334805e-02
4.675360675060541427e-02,4.675360675060541427e-02
5.041574571094911694e-02,5.041574571094911694e-02
3.658288061580491912e-02,3.658288061580491912e-02
5.642137958917015778e-02,5.642137958917015778e-02
4.397550262039530422e-02,4.397550262039530422e-02
5.543886685381779755e-02,5.543886685381779755e-02
3.299484967909262212e-02,3.299484967909262212e-02
4.022272989598611043e-02,4.022272989598611043e-02
3.405144874982821840e-02,3.405144874982821840e-02
4.293763325544559806e-02,4.293763325544559806e-02
6.519614287989927703e-02,6.519614287989927703e-02
5.086455503277724499e-02,5.086455503277724499e-02
2.878389785135022569e-02,2.878389785135022569e-02
4.270301740656513162e-02,4.270301740656513162e-02
3.885310903828144424e-02,3.885310903828144424e-02
5.076658348659619790e-02,5.076658348659619790e-02
6.820426763030630612e-02,6.820426763030630612e-02
2.069261079600087996e-02,2.069261079600087996e-02
5.834246016238500698e-02,5.834246016238500698e-02
1.279505781964105499e-02,1.279505781964105499e-02
3.936796837461956078e-02,3.936796837461956078e-02
4.097535751999273335e-02,4.097535751999273335e-02
4.714680765672884383e-02,4.714680765672884383e-02
5.169462633442618860e-02,5.169462633442618860e-02
3.667042693949883192e-02,3.667042693949883192e-02
5.080118198527680540e-02,5.080118198527680540e-02
4.664003305135451527e-02,4.664003305135451527e-02
5.629851379561766345e-02,5.629851379561766345e-02
6.068017500619816290e-02,6.068017500619816290e-02
5.187878460464002972e-02,5.187878460464002972e-02
5.731986198755115169e-02,5.731986198755115169e-02
5.514464290267397095e-02,5.514464290267397095e-02
5.309249232848910205e-02,5.309249232848910205e-02
4.656683651115131606e-02,4.656683651115131606e-02
5.992969524792661484e-02,5.992969524792661484e-02
4.005069402999158340e-02,4.005069402999158340e-02
2.568404901121321138e-02,2.568404901121321138e-02
3.329235224401620730e-02,3.329235224401620730e-02
4.129227222340685344e-02,4.129227222340685344e-02
3.976682164020750587e-02,3.976682164020750587e-02
3.974477968792833327e-02,3.974477968792833327e-02
3.209800537126429598e-02,3.209800537126429598e-02
3.963466229873020830e-02,3.963466229873020830e-02
5.504533953195765023e-02,5.504533953195765023e-02
5.326818129752164399e-02,5.326818129752164399e-02
4.741508060462289870e-02,4.741508060462289870e-02
4.359836322116438651e-02,4.359836322116438651e-02
4.972193446383932347e-02,4.972193446383932347e-02
5.197725894572987476e-02,5.197725894572987476e-02
4.756001682656856022e-02,4.756001682656856022e-02
4.862152521312033959e-02,4.862152521312033959e-02
6.222919374935462211e-02,6.222919374935462211e-02
5.372015384864926857e-02,5.372015384864926857e-02
6.431725206802425820e-02,6.431725206802425820e-02
6.019527080994133139e-02,6.019527080994133139e-02
5.991119541113609781e-02,5.991119541113609781e-02
6.326070544971287846e-02,6.326070544971287846e-02
6.340149825695988450e-02,6.340149825695988450e-02
6.649351032547215490e-02,6.649351032547215490e-02
3.380143639235545089e-02,3.380143639235545089e-02
4.706682514325515043e-02,4.706682514325515043e-02
4.521314666493778112e-02,4.521314666493778112e-02
5.949386002024909664e-02,5.949386002024909664e-02
4.862311473270018725e-02,4.862311473270018725e-02
5.228561783252880235e-02,5.228561783252880235e-02
6.577222180411063102e-02,6.577222180411063102e-02
3.479486251450191608e-02,3.479486251450191608e-02
5.198447185707435331e-02,5.198447185707435331e-02
3.517466901695630310e-02,3.517466901695630310e-02
4.353398857883778589e-02,4.353398857883778589e-02
6.225166394098245737e-02,6.225166394098245737e-02
2.661489789069075920e-02,2.661489789069075920e-02
6.425588154074522718e-02,6.425588154074522718e-02
3.874134337499049452e-02,3.874134337499049452e-02
5.285241450007216457e-02,5.285241450007216457e-02
3.599310761047477825e-02,3.599310761047477825e-02
3.391104108144898932e-02,3.391104108144898932e-02
4.406415428001057150e-02,4.406415428001057150e-02
3.071533189680699175e-02,3.071533189680699175e-02
5.903171259792885234e-02,5.903171259792885234e-02
3.855692781750963416e-02,3.855692781750963416e-02
5.100189547574308924e-02,5.100189547574308924e-02
2.782765576079669970e-02,2.782765576079669970e-02
8.391239740961539684e-02,8.391239740961539684e-02
5.098333665505590945e-02,5.098333665505590945e-02
5.689054188443336268e-02,5.689054188443336268e-02
3.681519976535481409e-02,3.681519976535481409e-02
4.729867443889576584e-02,4.729867443889576584e-02
5.502199148618136526e-02,5.502199148618136526e-02
4.659496003206280851e-02,4.659496003206280851e-02
3.449135536818599690e-02,3.449135536818599690e-02
4.353989459859000655e-02,4.353989459859000655e-02
2.438996665354493595e-02,2.438996665354493595e-02
6.306751891777741259e-02,6.306751891777741259e-02
3.028352621486695914e-02,3.028352621486695914e-02
3.915618679539099867e-02,3.915618679539099867e-02
5.930688976740498136e-02,5.930688976740498136e-02
5.215982837618264589e-02,5.215982837618264589e-02
4.975368468985209847e-02,4.975368468985209847e-02
4.475498817146150027e-02,4.475498817146150027e-02
5.473288897879641235e-02,5.473288897879641235e-02
5.094062159460425315e-02,5.094062159460425315e-02
5.343597448235448688e-02,5.343597448235448688e-02
3.955355278903099903e-02,3.955355278903099903e-02
5.622442455049591475e-02,5.622442455049591475e-02
6.139341657992520435e-02,6.139341657992520435e-02
3.979351927114269105e-02,3.979351927114269105e-02
4.320018210187927254e-02,4.320018210187927254e-02
3.406900379072937135e-02,3.406900379072937135e-02
6.181845255916462722e-02,6.181845255916462722e-02
4.558648315095864545e-02,4.558648315095864545e-02
5.506149911022575200e-02,5.506149911022575200e-02
6.519804757315936228e-02,6.519804757315936228e-02
4.103404380342849656e-02,4.103404380342849656e-02
3.190003696163989239e-02,3.190003696163989239e-02
5.989527852076417802e-02,5.989527852076417802e-02
2.941018593650097240e-02,2.941018593650097240e-02
6.719978121452545305e-02,6.719978121452545305e-02
5.546436167247235233e-02,5.546436167247235233e-02
2.981282024685255605e-02,2.981282024685255605e-02
2.513688000255442576e-02,2.513688000255442576e-02
3.821661058525662596e-02,3.821661058525662596e-02
6.889666194343188610e-02,6.889666194343188610e-02
3.663189105672751134e-02,3.663189105672751134e-02
6.178409730758137319e-02,6.178409730758137319e-02
5.545763851221188062e-02,5.545763851221188062e-02
3.737028710425402411e-02,3.737028710425402411e-02
5.662351627255296505e-02,5.662351627255296505e-02
5.346241270713202043e-02,5.346241270713202043e-02
4.274907505657404849e-02,4.274907505657404849e-02
4.692165159756647719e-02,4.692165159756647719e-02
3.892156261308257759e-02,3.892156261308257759e-02
4.772571084659937846e-02,4.772571084659937846e-02
5.610741676786595855e-02,5.610741676786595855e-02
5.699240839552637689e-02,5.699240839552637689e-02
3.471681671199530056e-02,3.471681671199530056e-02
5.288642036196690432e-02,5.288642036196690432e-02
4.258586053544939631e-02,4.258586053544939631e-02
4.388961863580287392e-02,4.388961863580287392e-02
5.372298735405668657e-02,5.372298735405668657e-02
4.165875073714331300e-02,4.165875073714331300e-02
1.651215314216837593e-02,1.651215314216837593e-02
4.346864784528460535e-02,4.346864784528460535e-02
4.789909228062508295e-02,4.789909228062508295e-02
3.356007519044841569e-02,3.356007519044841569e-02
4.831140065526277894e-02,4.831140065526277894e-02
4.847275301094385036e-02,4.847275301094385036e-02
3.125544272194499817e-02,3.125544272194499817e-02
5.304535202630904223e-02,5.304535202630904223e-02
5.050690806184437998e-02,5.050690806184437998e-02
5.369078245524437631e-02,5.369078245524437631e-02
3.743146657873541727e-02,3.743146657873541727e-02
5.059803951160529029e-02,5.059803951160529029e-02
4.544370038913199406e-02,4.544370038913199406e-02
4.796395852704321561e-02,4.796395852704321561e-02
4.315912086066443776e-02,4.315912086066443776e-02
4.854750134233135062e-02,4.854750134233135062e-02
4.710896366465327362e-02,4.710896366465327362e-02
6.681408802269517277e-02,6.681408802269517277e-02
5.477702127259984760e-02,5.477702127259984760e-02
4.065535987729948508e-02,4.065535987729948508e-02
5.785659011476397551e-02,5.785659011476397551e-02
5.182250985963173656e-02,5.182250985963173656e-02
4.872084591211553461e-02,4.872084591211553461e-02
3.574114933976765829e-02,3.574114933976765829e-02
3.103857042835344096e-02,3.103857042835344096e-02
4.093661011501260882e-02,4.093661011501260882e-02
5.617397527042790328e-02,5.617397527042790328e-02
3.961340953423996003e-02,3.961340953423996003e-02
5.723533324003687861e-02,5.723533324003687861e-02
4.036551234305441049e-02,4.036551234305441049e-02
4.338305463488286579e-02,4.338305463488286579e-02
4.740410112146344057e-02,4.740410112146344057e-02
4.578346458411312186e-02,4.578346458411312186e-02
4.528728637834537885e-02,4.528728637834537885e-02
4.960533811925718628e-02,4.960533811925718628e-02
4.735771134613969702e-02,4.735771134613969702e-02
6.066589056929484747e-02,6.066589056929484747e-02
5.475840410801655067e-02,5.475840410801655067e-02
5.358215031754717805e-02,5.358215031754717805e-02
4.823553061872368208e-02,4.823553061872368208e-02
7.547398366016494498e-02,7.547398366016494498e-02
6.322611723560585262e-02,6.322611723560585262e-02
4.041324685691922991e-02,4.041324685691922991e-02
5.776815676163019053e-02,5.776815676163019053e-02
5.536317970519194498e-02,5.536317970519194498e-02
4.411295535044600091e-02,4.411295535044600091e-02
4.894949510601073750e-02,4.894949510601073750e-02
6.122462615612567216e-02,6.122462615612567216e-02
6.911084913589803091e-02,6.911084913589803091e-02
4.900208421479407273e-02,4.900208421479407273e-02
5.121205745727841485e-02,5.121205745727841485e-02
6.717407494293056724e-02,6.717407494293056724e-02
4.685353562027586016e-02,4.685353562027586016e-02
5.961733846583483487e-02,5.961733846583483487e-02
4.105054170982858075e-02,4.105054170982858075e-02
2.681816640359817316e-02,2.681816640359817316e-02
5.186502745345196452e-02,5.186502745345196452e-02
2.695084049751553940e-02,2.695084049751553940e-02
6.039689028296831713e-02,6.039689028296831713e-02
5.617805740738877895e-02,5.617805740738877895e-02
2.780305797800451326e-02,2.780305797800451326e-02
6.893298374358897140e-02,6.893298374358897140e-02
5.494800121115470115e-02,5.494800121115470115e-02
4.614230984413757175e-02,4.614230984413757175e-02
5.010908563087781986e-02,5.010908563087781986e-02
5.702621487796249999e-02,5.702621487796249999e-02
4.720320038979049226e-02,4.720320038979049226e-02
5.754520419592600022e-02,5.754520419592600022e-02
6.283418112585856252e-02,6.283418112585856252e-02
4.845433228885336063e-02,4.845433228885336063e-02
4.667493015326944911e-02,4.667493015326944911e-02
5.130994727993384852e-02,5.130994727993384852e-02
4.007179739559055959e-02,4.007179739559055959e-02
4.951089020056435169e-02,4.951089020056435169e-02
5.303852364172062517e-02,5.303852364172062517e-02
4.336312006622599496e-02,4.336312006622599496e-02
3.767681847231075382e-02,3.767681847231075382e-02
7.070117997577435309e-02,7.070117997577435309e-02
3.966507736076883839e-02,3.966507736076883839e-02
4.022966788363256663e-02,4.022966788363256663e-02
3.918418007279268755e-02,3.918418007279268755e-02
2.987698566723300322e-02,2.987698566723300322e-02
5.466136154663556873e-02,5.466136154663556873e-02
5.848808902872321136e-02,5.848808902872321136e-02
5.345300837119335013e-02,5.345300837119335013e-02
3.297340109588151741e-02,3.297340109588151741e-02
3.460719315897661796e-02,3.460719315897661796e-02
3.155507818822270855e-02,3.155507818822270855e-02
3.113561201368442513e-02,3.113561201368442513e-02
3.288630794871003071e-02,3.288630794871003071e-02
4.724616469764029991e-02,4.724616469764029991e-02
3.836857353268473270e-02,3.836857353268473270e-02
5.774433705827827779e-02,5.774433705827827779e-02
5.122844581831420552e-02,5.122844581831420552e-02
5.954703311892227402e-02,5.954703311892227402e-02
3.809680956314030059e-02,3.809680956314030059e-02
6.124375215224657498e-02,6.124375215224657498e-02
4.762983533515088852e-02,4.762983533515088852e-02
4.984197714091590653e-02,4.984197714091590653e-02
6.450426112624838004e-02,6.450426112624838004e-02
3.309723620856353660e-02,3.309723620856353660e-02
5.253416119296239195e-02,5.253416119296239195e-02
3.957711291674567006e-02,3.957711291674567006e-02
3.460104181922463162e-02,3.460104181922463162e-02
3.547928191514367058e-02,3.547928191514367058e-02
5.301750507489274428e-02,5.301750507489274428e-02
6.035191926152713021e-02,6.035191926152713021e-02
3.706107195835389723e-02,3.706107195835389723e-02
6.980141261756570015e-02,6.980141261756570015e-02
6.843353100133064970e-02,6.843353100133064970e-02
5.162881038492792007e-02,5.162881038492792007e-02
4.135584757430973979e-02,4.135584757430973979e-02
4.903843535866756614e-02,4.903843535866756614e-02
2.675367371348208109e-02,2.675367371348208109e-02
3.969015973733570901e-02,3.969015973733570901e-02
5.760127685058011315e-02,5.760127685058011315e-02
6.616831445622942121e-02,6.616831445622942121e-02
4.940440391600822018e-02,4.940440391600822018e-02
5.780011012086551381e-02,5.780011012086551381e-02
5.329401592378475022e-02,5.329401592378475022e-02
2.922945641174608949e-02,2.922945641174608949e-02
4.283689836551442254e-02,4.283689836551442254e-02
3.830475686501744192e-02,3.830475686501744192e-02
5.753622401998774449e-02,5.753622401998774449e-02
6.297932092891662947e-02,6.297932092891662947e-02
3.617672261964881286e-02,3.617672261964881286e-02
5.211257046743364429e-02,5.211257046743364429e-02
6.157807540481879949e-02,6.157807540481879949e-02
6.772254290066880011e-02,6.772254290066880011e-02
5.358327658519028425e-02,5.358327658519028425e-02
5.666981794697797947e-02,5.666981794697797947e-02
6.187803347991654990e-02,6.187803347991654990e-02
4.262492127762577965e-02,4.262492127762577965e-02
4.009750675907085282e-02,4.009750675907085282e-02
5.034195833460183844e-02,5.034195833460183844e-02
5.324878400043659560e-02,5.324878400043659560e-02
6.565155964553309742e-02,6.565155964553309742e-02
5.262548248979645460e-02,5.262548248979645460e-02
4.413229895933207941e-02,4.413229895933207941e-02
3.811080783534211841e-02,3.811080783534211841e-02
5.386831937617222316e-02,5.386831937617222316e-02
5.195747795710801975e-02,5.195747795710801975e-02
3.835926744522771825e-02,3.835926744522771825e-02
4.155430458104142355e-02,4.155430458104142355e-02
5.340196304146684059e-02,5.340196304146684059e-02
4.778602460994518797e-02,4.778602460994518797e-02
4.570905503282349236e-02,4.570905503282349236e-02
4.932129863962934208e-02,4.932129863962934208e-02
3.939615964959589794e-02,3.939615964959589794e-02
5.010446306190134702e-02,5.010446306190134702e-02
6.074446954066414772e-02,6.074446954066414772e-02
5.475551951998233746e-02,5.475551951998233746e-02
4.106265815275686459e-02,4.106265815275686459e-02
5.022950079875379559e-02,5.022950079875379559e-02
3.955521281724349442e-02,3.955521281724349442e-02
4.840267889155389081e-02,4.840267889155389081e-02
6.288412231657093676e-02,6.288412231657093676e-02
6.066055456150895586e-02,6.066055456150895586e-02
3.190444724030563894e-02,3.190444724030563894e-02
5.770402218856050813e-02,5.770402218856050813e-02
5.591912399251434962e-02,5.591912399251434962e-02
4.919041698483310465e-02,4.919041698483310465e-02
3.155490581397916300e-02,3.155490581397916300e-02
2.005971921725497459e-02,2.005971921725497459e-02
4.470103100056576489e-02,4.470103100056576489e-02
5.582154158232288665e-02,5.582154158232288665e-02
3.745050429645655626e-02,3.745050429645655626e-02
3.891899012171677608e-02,3.891899012171677608e-02
3.311831616476679924e-02,3.311831616476679924e-02
5.174611867681605526e-02,5.174611867681605526e-02
3.911525306337595986e-02,3.911525306337595986e-02
6.005435764536730392e-02,6.005435764536730392e-02
4.233412638287334384e-02,4.233412638287334384e-02
5.581603175873005307e-02,5.581603175873005307e-02
4.927483687347157526e-02,4.927483687347157526e-02
5.419394216531216169e-02,5.419394216531216169e-02
3.981048927975096990e-02,3.981048927975096990e-02
3.358216624064461198e-02,3.358216624064461198e-02
3.043273269961671926e-02,3.043273269961671926e-02
4.069526459558472919e-02,4.069526459558472919e-02
3.976969395963601828e-02,3.976969395963601828e-02
6.031424555089261175e-02,6.031424555089261175e-02
6.030157392781367032e-02,6.030157392781367032e-02
4.186114155944135190e-02,4.186114155944135190e-02
3.804624668764100548e-02,3.804624668764100548e-02
5.144361714885742343e-02,5.144361714885742343e-02
5.074550420566084630e-02,5.074550420566084630e-02
5.482088012230199731e-02,5.482088012230199731e-02
5.575880102508123937e-02,5.575880102508123937e-02
4.052949604914593551e-02,4.052949604914593551e-02
5.504737881530827326e-02,5.504737881530827326e-02
2.269947365960683222e-02,2.269947365960683222e-02
4.002429109341727742e-02,4.002429109341727742e-02
4.048224987786952500e-02,4.048224987786952500e-02
5.740836798156605247e-02,5.740836798156605247e-02
5.086204674194497177e-02,5.086204674194497177e-02
5.909710159198060253e-02,5.909710159198060253e-02
6.093272921557996158e-02,6.093272921557996158e-02
5.005789099544172976e-02,5.005789099544172976e-02
3.996565600964575860e-02,3.996565600964575860e-02
5.654177992484016313e-02,5.654177992484016313e-02
6.105637651225315210e-02,6.105637651225315210e-02
2.981319604709383245e-02,2.981319604709383245e-02
4.355173445664470289e-02,4.355173445664470289e-02
5.112065826943172631e-02,5.112065826943172631e-02
5.541852963171813029e-02,5.541852963171813029e-02
4.206095460734333297e-02,4.206095460734333297e-02
4.650664312242170501e-02,4.650664312242170501e-02
4.098067461981759474e-02,4.098067461981759474e-02
4.298758591175007304e-02,4.298758591175007304e-02
6.790349381946711449e-02,6.790349381946711449e-02
5.867962875857819088e-02,5.867962875857819088e-02
4.329514573751262752e-02,4.329514573751262752e-02
5.957524237894994135e-02,5.957524237894994135e-02
3.437079486562318043e-02,3.437079486562318043e-02
4.630496233654567834e-02,4.630496233654567834e-02
4.373754865514818679e-02,4.373754865514818679e-02
5.141688367226814743e-02,5.141688367226814743e-02
4.056765120759783794e-02,4.056765120759783794e-02
5.631695627681346239e-02,5.631695627681346239e-02
4.962474758966614607e-02,4.962474758966614607e-02
1.967393942794838993e-02,1.967393942794838993e-02
5.988695608682027133e-02,5.988695608682027133e-02
6.154352756026040122e-02,6.154352756026040122e-02
4.403636606499974904e-02,4.403636606499974904e-02
5.509713752231096273e-02,5.509713752231096273e-02
5.701070883040147697e-02,5.701070883040147697e-02
5.023484755085794867e-02,5.023484755085794867e-02
4.269185018230724910e-02,4.269185018230724910e-02
3.983957178542384125e-02,3.983957178542384125e-02
4.587087196018962282e-02,4.587087196018962282e-02
6.459902930879990457e-02,6.459902930879990457e-02
5.519503605901647514e-02,5.519503605901647514e-02
3.898496291145134296e-02,3.898496291145134296e-02
4.661926065491558968e-02,4.661926065491558968e-02
3.294766224806779109e-02,3.294766224806779109e-02
5.823710920051165113e-02,5.823710920051165113e-02
6.205698774739278056e-02,6.205698774739278056e-02
4.092055183824437614e-02,4.092055183824437614e-02
4.515141039936765299e-02,4.515141039936765299e-02
1.912114650781844213e-02,1.912114650781844213e-02
5.276556585180523784e-02,5.276556585180523784e-02
6.468635951986823063e-02,6.468635951986823063e-02
5.509076395427859457e-02,5.509076395427859457e-02
6.015055803033254878e-02,6.015055803033254878e-02
4.814323719130182005e-02,4.814323719130182005e-02
5.211073632083930429e-02,5.211073632083930429e-02
5.235155544320652110e-02,5.235155544320652110e-02
4.332864669661999624e-02,4.332864669661999624e-02
5.020171473956872021e-02,5.020171473956872021e-02
4.803968068593594820e-02,4.803968068593594820e-02
4.635422242444958707e-02,4.635422242444958707e-02
4.377802812794519272e-02,4.377802812794519272e-02
4.141454472257493497e-02,4.141454472257493497e-02
4.194903569354423156e-02,4.194903569354423156e-02
3.666023353062805579e-02,3.666023353062805579e-02
4.271844662086120292e-02,4.271844662086120292e-02
5.291820162482022138e-02,5.291820162482022138e-02
5.734522162819351981e-02,5.734522162819351981e-02
5.609782450678391097e-02,5.609782450678391097e-02
5.588120473303715557e-02,5.588120473303715557e-02
5.495740647272853024e-02,5.495740647272853024e-02
3.578728607718222737e-02,3.578728607718222737e-02
5.651391057182658662e-02,5.651391057182658662e-02
3.944600365747501919e-02,3.944600365747501919e-02
5.241148916525607826e-02,5.241148916525607826e-02
5.605822754821900011e-02,5.605822754821900011e-02
2.430571209636935709e-02,2.430571209636935709e-02
4.122841640723385465e-02,4.122841640723385465e-02
4.893026899852415124e-02,4.893026899852415124e-02
4.733495195997344807e-02,4.733495195997344807e-02
5.483235204104326688e-02,5.483235204104326688e-02
5.338361003865524368e-02,5.338361003865524368e-02
4.787110629659462741e-02,4.787110629659462741e-02
4.908831467169821189e-02,4.908831467169821189e-02
5.106717281245128082e-02,5.106717281245128082e-02
3.902791754304493765e-02,3.902791754304493765e-02
5.283249730564152508e-02,5.283249730564152508e-02
3.935995782677179783e-02,3.935995782677179783e-02
2.151716800390720413e-02,2.151716800390720413e-02
4.951142580082397437e-02,4.951142580082397437e-02
5.414053675533664345e-02,5.414053675533664345e-02
