-3.330352975275986172e+00,-3.330352975275986172e+00
-2.824431509847979527e+00,-2.824431509847979527e+00
-3.539020272700089009e+00,-3.539020272700089009e+00
-3.280568699429240009e+00,-3.280568699429240009e+00
-3.012884303180931589e+00,-3.012884303180931589e+00
-3.637995911729209997e+00,-3.637995911729209997e+00
-3.477597004391433266e+00,-3.477597004391433266e+00
-3.146673489979501248e+00,-3.146673489979501248e+00
-3.303549795602188865e+00,-3.303549795602188865e+00
-3.014092775491237219e+00,-3.014092775491237219e+00
-3.198878068103459427e+00,-3.198878068103459427e+00
-2.885431061588756840e+00,-2.885431061588756840e+00
-3.790516138236460275e+00,-3.790516138236460275e+00
-3.236643339241427775e+00,-3.236643339241427775e+00
-3.882480964866375395e+00,-3.882480964866375395e+00
-2.939177396382326890e+00,-2.939177396382326890e+00
-3.046835317073901983e+00,-3.046835317073901983e+00
-2.648220661507593832e+00,-2.648220661507593832e+00
-3.237697967489939987e+00,-3.237697967489939987e+00
-3.355990479193371900e+00,-3.355990479193371900e+00
-4.058181353968695504e+00,-4.058181353968695504e+00
-3.983988564775025498e+00,-3.983988564775025498e+00
-3.353113798275417778e+00,-3.353113798275417778e+00
-2.795884874180365465e+00,-2.795884874180365465e+00
-3.472505370428321747e+00,-3.472505370428321747e+00
-3.798768382767451879e+00,-3.798768382767451879e+00
-3.774772946742963153e+00,-3.774772946742963153e+00
-3.004658109749903883e+00,-3.004658109749903883e+00
-3.724251879253993369e+00,-3.724251879253993369e+00
-3.322282411582202943e+00,-3.322282411582202943e+00
-3.545189415815338752e+00,-3.545189415815338752e+00
-2.985911438901609039e+00,-2.985911438901609039e+00
-3.515344862368926293e+00,-3.515344862368926293e+00
-3.705867129690245676e+00,-3.705867129690245676e+00
-3.466521048552072326e+00,-3.466521048552072326e+00
-3.996466932506933745e+00,-3.996466932506933745e+00
-3.189724761870945891e+00,-3.189724761870945891e+00
-4.045246218396874482e+00,-4.045246218396874482e+00
-3.304726844092581217e+00,-3.304726844092581217e+00
-3.148304750761787840e+00,-3.148304750761787840e+00
-3.671715860344953342e+00,-3.671715860344953342e+00
-3.705652456640628589e+00,-3.705652456640628589e+00
-4.330398758662506786e+00,-4.330398758662506786e+00
-4.674979430175505435e+00,-4.674979430175505435e+00
-3.833440555942216665e+00,-3.833440555942216665e+00
-3.540359777916282980e+00,-3.540359777916282980e+00
-4.023211718879885268e+00,-4.023211718879885268e+00
-3.349935552387322435e+00,-3.349935552387322435e+00
-3.567683325339030986e+00,-3.567683325339030986e+00
-4.023853488054260019e+00,-4.023853488054260019e+00
-4.030983160226514705e+00,-4.030983160226514705e+00
-3.333929745265954647e+00,-3.333929745265954647e+00
-3.322159305524035933e+00,-3.322159305524035933e+00
-3.582163196991231313e+00,-3.582163196991231313e+00
-3.774744472042632637e+00,-3.774744472042632637e+00
-3.009605821414760740e+00,-3.009605821414760740e+00
-3.853320811285674274e+00,-3.853320811285674274e+00
-2.842302158755888097e+00,-2.842302158755888097e+00
-3.494239741844369807e+00,-3.494239741844369807e+00
-3.302693676840509074e+00,-3.302693676840509074e+00
-3.489032835359352269e+00,-3.489032835359352269e+00
-3.986001602829922330e+00,-3.986001602829922330e+00
-2.604577083315916752e+00,-2.604577083315916752e+00
-3.836509324020133782e+00,-3.836509324020133782e+00
-3.508197012437261453e+00,-3.508197012437261453e+00
-2.873234704378238469e+00,-2.873234704378238469e+00
-2.960576279318041681e+00,-2.960576279318041681e+00
-4.265254205281613586e+00,-4.265254205281613586e+00
-3.285391187999302964e+00,-3.285391187999302964e+00
-3.326015930545600963e+00,-3.326015930545600963e+00
-4.386686250461661274e+00,-4.386686250461661274e+00
-2.419150948795947720e+00,-2.419150948795947720e+00
-3.765577008069786569e+00,-3.765577008069786569e+00
-3.768383022724559606e+00,-3.768383022724559606e+00
-3.256619598858766729e+00,-3.256619598858766729e+00
-3.381932993871349158e+00,-3.381932993871349158e+00
-3.327581423552415263e+00,-3.327581423552415263e+00
-3.280925185206587713e+00,-3.280925185206587713e+00
-4.386717401363488200e+00,-4.386717401363488200e+00
-3.712146582170995579e+00,-3.712146582170995579e+00
-3.389572650081010163e+00,-3.389572650081010163e+00
-3.369700736891796833e+00,-3.369700736891796833e+00
-4.237620118501570943e+00,-4.237620118501570943e+00
-4.414533667509614290e+00,-4.414533667509614290e+00
-2.660471196972536756e+00,-2.660471196972536756e+00
-3.654021984926602240e+00,-3.654021984926602240e+00
-4.156555718842296798e+00,-4.156555718842296798e+00
-3.283418366202007110e+00,-3.283418366202007110e+00
-3.332292632896636242e+00,-3.332292632896636242e+00
-3.729484201231627605e+00,-3.729484201231627605e+00
-3.714405470500917517e+00,-3.714405470500917517e+00
-3.275083043266288740e+00,-3.275083043266288740e+00
-3.405495908932030691e+00,-3.405495908932030691e+00
-3.505093528943621806e+00,-3.505093528943621806e+00
-2.484049770825872638e+00,-2.484049770825872638e+00
-3.508047428037490256e+00,-3.508047428037490256e+00
-3.879249600606364368e+00,-3.879249600606364368e+00
-3.249367605773420653e+00,-3.249367605773420653e+00
-3.261352276952577345e+00,-3.261352276952577345e+00
-3.244420130433195215e+00,-3.244420130433195215e+00
-3.312552310081604556e+00,-3.312552310081604556e+00
-3.756055802171452296e+00,-3.756055802171452296e+00
-3.662238994867220487e+00,-3.662238994867220487e+00
-3.487164183419136698e+00,-3.487164183419136698e+00
-4.242799605185707534e+00,-4.242799605185707534e+00
-3.659511456684015673e+00,-3.659511456684015673e+00
-3.540516069259076026e+00,-3.540516069259076026e+00
-3.851664328256672931e+00,-3.851664328256672931e+00
-3.507259859496921983e+00,-3.507259859496921983e+00
-3.736334123279006825e+00,-3.736334123279006825e+00
-3.649865988898658209e+00,-3.649865988898658209e+00
-3.140399011372378535e+00,-3.140399011372378535e+00
-3.441081602015644947e+00,-3.441081602015644947e+00
-3.694553958403527627e+00,-3.694553958403527627e+00
-3.583157062811112237e+00,-3.583157062811112237e+00
-3.497906456550698540e+00,-3.497906456550698540e+00
-3.277199726118268597e+00,-3.277199726118268597e+00
-4.018428591932558192e+00,-4.018428591932558192e+00
-4.090143617873174264e+00,-4.090143617873174264e+00
-3.302519394785269569e+00,-3.302519394785269569e+00
-3.522250635224060122e+00,-3.522250635224060122e+00
-3.494009049016209900e+00,-3.494009049016209900e+00
-3.808067034065926393e+00,-3.808067034065926393e+00
-3.584915807035868429e+00,-3.584915807035868429e+00
-3.529038603914712358e+00,-3.529038603914712358e+00
-2.453439256342193620e+00,-2.453439256342193620e+00
-3.240654048685658317e+00,-3.240654048685658317e+00
-3.571724367945847245e+00,-3.571724367945847245e+00
-3.982929287747199343e+00,-3.982929287747199343e+00
-3.485523769145645545e+00,-3.485523769145645545e+00
-3.319822755143708282e+00,-3.319822755143708282e+00
-3.216351027978165522e+00,-3.216351027978165522e+00
-4.169690219570552081e+00,-4.169690219570552081e+00
-2.808947552045048646e+00,-2.808947552045048646e+00
-3.670260507973666542e+00,-3.670260507973666542e+00
-4.672435100370694983e+00,-4.672435100370694983e+00
-3.324636456842829713e+00,-3.324636456842829713e+00
-2.919601762768298414e+00,-2.919601762768298414e+00
-3.613316070672403679e+00,-3.613316070672403679e+00
-3.648557090495393229e+00,-3.648557090495393229e+00
-3.981052349081536157e+00,-3.981052349081536157e+00
-3.630001897122319576e+00,-3.630001897122319576e+00
-2.543493547824204892e+00,-2.543493547824204892e+00
-3.656818995869313582e+00,-3.656818995869313582e+00
-2.908452341293218169e+00,-2.908452341293218169e+00
-3.296914656835853386e+00,-3.296914656835853386e+00
-3.937877987533337176e+00,-3.937877987533337176e+00
-3.089959164235698719e+00,-3.089959164235698719e+00
-3.386477959225033363e+00,-3.386477959225033363e+00
-3.784760383749272261e+00,-3.784760383749272261e+00
-4.140202933693128529e+00,-4.140202933693128529e+00
-3.037830255615778352e+00,-3.037830255615778352e+00
-3.366027192228219889e+00,-3.366027192228219889e+00
-4.083917401352142207e+00,-4.083917401352142207e+00
-4.039759105794900940e+00,-4.039759105794900940e+00
-3.117781082325662201e+00,-3.117781082325662201e+00
-3.355475643669059593e+00,-3.355475643669059593e+00
-3.589083562112227010e+00,-3.589083562112227010e+00
-3.711016450705305392e+00,-3.711016450705305392e+00
-3.405812310718397296e+00,-3.405812310718397296e+00
-3.861366871246232346e+00,-3.861366871246232346e+00
-3.779406630569069669e+00,-3.779406630569069669e+00
-3.208907385971673687e+00,-3.208907385971673687e+00
-3.025126824626342081e+00,-3.025126824626342081e+00
-3.103814797848798435e+00,-3.103814797848798435e+00
-3.561026448648573872e+00,-3.561026448648573872e+00
-3.816952271196953017e+00,-3.816952271196953017e+00
-3.326668948527206737e+00,-3.326668948527206737e+00
-2.983056517819170583e+00,-2.983056517819170583e+00
-3.360964172347379098e+00,-3.360964172347379098e+00
-3.756510190511945346e+00,-3.756510190511945346e+00
-2.697349047818054846e+00,-2.697349047818054846e+00
-3.153571670258147108e+00,-3.153571670258147108e+00
-3.438185588362555833e+00,-3.438185588362555833e+00
-3.519396413493633524e+00,-3.519396413493633524e+00
-2.666687997409216582e+00,-2.666687997409216582e+00
-3.045731891814752679e+00,-3.045731891814752679e+00
-3.718825947941788446e+00,-3.718825947941788446e+00
-3.341968773204491594e+00,-3.341968773204491594e+00
-3.203444053188413854e+00,-3.203444053188413854e+00
-3.554814113632275507e+00,-3.554814113632275507e+00
-3.991771307715320738e+00,-3.991771307715320738e+00
-3.392233357503900315e+00,-3.392233357503900315e+00
-3.996289805418012264e+00,-3.996289805418012264e+00
-3.962909657976371403e+00,-3.962909657976371403e+00
-4.063880602117817098e+00,-4.063880602117817098e+00
-3.416405653164710454e+00,-3.416405653164710454e+00
-3.575675064842449569e+00,-3.575675064842449569e+00
-3.673211712720764410e+00,-3.673211712720764410e+00
-3.758012779674601234e+00,-3.758012779674601234e+00
-3.759086604159521894e+00,-3.759086604159521894e+00
-3.267660010231469681e+00,-3.267660010231469681e+00
-3.168729055712200537e+00,-3.168729055712200537e+00
-3.058545421373648932e+00,-3.058545421373648932e+00
-3.475908725344431627e+00,-3.475908725344431627e+00
-3.033738019338116931e+00,-3.033738019338116931e+00
-3.725372942746391303e+00,-3.725372942746391303e+00
-2.951334710449557974e+00,-2.951334710449557974e+00
-3.750634313352350979e+00,-3.750634313352350979e+00
-3.467711949873907962e+00,-3.467711949873907962e+00
-3.883374920941316422e+00,-3.883374920941316422e+00
-3.934058575640150490e+00,-3.934058575640150490e+00
-3.619112455740286283e+00,-3.619112455740286283e+00
-3.678024070992643946e+00,-3.678024070992643946e+00
-3.746117172929124717e+00,-3.746117172929124717e+00
-2.556849654138072303e+00,-2.556849654138072303e+00
-3.410380144226005772e+00,-3.410380144226005772e+00
-3.486978324039411881e+00,-3.486978324039411881e+00
-2.803277391359002113e+00,-2.803277391359002113e+00
-3.545825465238206409e+00,-3.545825465238206409e+00
-3.112145605159099659e+00,-3.112145605159099659e+00
-3.370202639168308867e+00,-3.370202639168308867e+00
-2.810509020049781093e+00,-2.810509020049781093e+00
-3.346971457962129914e+00,-3.346971457962129914e+00
-3.342903050513164942e+00,-3.342903050513164942e+00
-3.963751651696274081e+00,-3.963751651696274081e+00
-3.178792144131343811e+00,-3.178792144131343811e+00
-3.350886249066399092e+00,-3.350886249066399092e+00
-3.360769678150124395e+00,-3.360769678150124395e+00
-3.821708608224510417e+00,-3.821708608224510417e+00
-3.029614666944626222e+00,-3.029614666944626222e+00
-3.381347287846719674e+00,-3.381347287846719674e+00
-3.998721605627522990e+00,-3.998721605627522990e+00
-3.609058924365884380e+00,-3.609058924365884380e+00
-3.135645072660114163e+00,-3.135645072660114163e+00
-3.294176463581431680e+00,-3.294176463581431680e+00
-4.173682799885838790e+00,-4.173682799885838790e+00
-3.702445189250143098e+00,-3.702445189250143098e+00
-2.856526965283105124e+00,-2.856526965283105124e+00
-3.419405126931161387e+00,-3.419405126931161387e+00
-2.853537928696889381e+00,-2.853537928696889381e+00
-2.910278556948948658e+00,-2.910278556948948658e+00
-4.119643458277563397e+00,-4.119643458277563397e+00
-3.783396632403791315e+00,-3.783396632403791315e+00
-3.891506506469861293e+00,-3.891506506469861293e+00
-3.199973656453819704e+00,-3.199973656453819704e+00
-3.363091345397421605e+00,-3.363091345397421605e+00
-3.209277472578867307e+00,-3.209277472578867307e+00
-4.412160344498904152e+00,-4.412160344498904152e+00
-3.658820156283046909e+00,-3.658820156283046909e+00
-3.275550966162932287e+00,-3.275550966162932287e+00
-2.650567650694584110e+00,-2.650567650694584110e+00
-2.762878464501468567e+00,-2.762878464501468567e+00
-3.234761042547919629e+00,-3.234761042547919629e+00
-3.044890786065724608e+00,-3.044890786065724608e+00
-4.057071188862842348e+00,-4.057071188862842348e+00
-3.160664997186133807e+00,-3.160664997186133807e+00
-3.622849979171227641e+00,-3.622849979171227641e+00
-3.574070982535205943e+00,-3.574070982535205943e+00
-2.729574221080689700e+00,-2.729574221080689700e+00
-3.055546677195296823e+00,-3.055546677195296823e+00
-4.200734921456956705e+00,-4.200734921456956705e+00
-3.290317716673561321e+00,-3.290317716673561321e+00
-4.386672399042279125e+00,-4.386672399042279125e+00
-3.642941895644224548e+00,-3.642941895644224548e+00
-3.156545239783437484e+00,-3.156545239783437484e+00
-3.581051638360163381e+00,-3.581051638360163381e+00
-2.716308788096342575e+00,-2.716308788096342575e+00
-2.961069185069149068e+00,-2.961069185069149068e+00
-3.667390514175063121e+00,-3.667390514175063121e+00
-3.027079550598867907e+00,-3.027079550598867907e+00
-3.460763357460617584e+00,-3.460763357460617584e+00
-2.941922015699653503e+00,-2.941922015699653503e+00
-3.674541155731442021e+00,-3.674541155731442021e+00
-3.439441674489006839e+00,-3.439441674489006839e+00
-2.930280523353694822e+00,-2.930280523353694822e+00
-4.001854765500663547e+00,-4.001854765500663547e+00
-4.094770111741629748e+00,-4.094770111741629748e+00
-3.181844260901279586e+00,-3.181844260901279586e+00
-3.946108820266602812e+00,-3.946108820266602812e+00
-3.023262365322683998e+00,-3.023262365322683998e+00
-3.141768203260320469e+00,-3.141768203260320469e+00
-3.917756351181646668e+00,-3.917756351181646668e+00
-2.989581265092908335e+00,-2.989581265092908335e+00
-3.149164109178590909e+00,-3.149164109178590909e+00
-3.329234791284353179e+00,-3.329234791284353179e+00
-3.793114657213996654e+00,-3.793114657213996654e+00
-3.462586072121727199e+00,-3.462586072121727199e+00
-3.232757823129851271e+00,-3.232757823129851271e+00
-3.337172205864415098e+00,-3.337172205864415098e+00
-3.687018054912898801e+00,-3.687018054912898801e+00
-3.232679564093522639e+00,-3.232679564093522639e+00
-2.010091262167561510e+00,-2.010091262167561510e+00
-4.085246769889475438e+00,-4.085246769889475438e+00
-2.704660480885883178e+00,-2.704660480885883178e+00
-3.503579554123534390e+00,-3.503579554123534390e+00
-3.663729172009617230e+00,-3.663729172009617230e+00
-3.740953102540116593e+00,-3.740953102540116593e+00
-2.628263587820402147e+00,-2.628263587820402147e+00
-3.265094390876478236e+00,-3.265094390876478236e+00
-3.601931503067406837e+00,-3.601931503067406837e+00
-4.214320615669710612e+00,-4.214320615669710612e+00
-3.158907723722127248e+00,-3.158907723722127248e+00
-4.139737176089409054e+00,-4.139737176089409054e+00
-3.594053141708536625e+00,-3.594053141708536625e+00
-3.183726568929749590e+00,-3.183726568929749590e+00
-3.282398782252636149e+00,-3.282398782252636149e+00
-2.264981139812722866e+00,-2.264981139812722866e+00
-3.497041847369637413e+00,-3.497041847369637413e+00
-3.537783467073348564e+00,-3.537783467073348564e+00
-2.578729999350771518e+00,-2.578729999350771518e+00
-3.738000404123004383e+00,-3.738000404123004383e+00
-2.871003073608153322e+00,-2.871003073608153322e+00
-2.944321770168531138e+00,-2.944321770168531138e+00
-3.287005352051929563e+00,-3.287005352051929563e+00
-3.454976624297083188e+00,-3.454976624297083188e+00
-3.927916468080741019e+00,-3.927916468080741019e+00
-3.337833607800853475e+00,-3.337833607800853475e+00
-3.417125158975834243e+00,-3.417125158975834243e+00
-3.023249678073011815e+00,-3.023249678073011815e+00
-3.737179747988592649e+00,-3.737179747988592649e+00
-3.303389755312730269e+00,-3.303389755312730269e+00
-3.557696765510883985e+00,-3.557696765510883985e+00
-3.700589279718231595e+00,-3.700589279718231595e+00
-3.746421741472330869e+00,-3.746421741472330869e+00
-3.707288334192565316e+00,-3.707288334192565316e+00
-3.718806252523974454e+00,-3.718806252523974454e+00
-4.033516927749289493e+00,-4.033516927749289493e+00
-3.988457091077346917e+00,-3.988457091077346917e+00
-2.615841503016870906e+00,-2.615841503016870906e+00
-3.349827259740921104e+00,-3.349827259740921104e+00
-4.111510274398718856e+00,-4.111510274398718856e+00
-4.588859999727853634e+00,-4.588859999727853634e+00
-3.867368072625338549e+00,-3.867368072625338549e+00
-3.341960156316664765e+00,-3.341960156316664765e+00
-4.708483484163946464e+00,-4.708483484163946464e+00
-2.929146629865500007e+00,-2.929146629865500007e+00
-2.698437614393340400e+00,-2.698437614393340400e+00
-3.599215220467161913e+00,-3.599215220467161913e+00
-3.410939847324419461e+00,-3.410939847324419461e+00
-4.383967070904049912e+00,-4.383967070904049912e+00
-3.621683186639117036e+00,-3.621683186639117036e+00
-3.917683205767880317e+00,-3.917683205767880317e+00
-2.221162203604206464e+00,-2.221162203604206464e+00
-3.693883497892944234e+00,-3.693883497892944234e+00
-3.667963957943515041e+00,-3.667963957943515041e+00
-3.023842528710923183e+00,-3.023842528710923183e+00
-3.149175802394028167e+00,-3.149175802394028167e+00
-2.990794584795422040e+00,-2.990794584795422040e+00
-3.975854143171854815e+00,-3.975854143171854815e+00
-3.169241784980598720e+00,-3.169241784980598720e+00
-3.683925392547344302e+00,-3.683925392547344302e+00
-2.701453350987860880e+00,-2.701453350987860880e+00
-3.687451897185289873e+00,-3.687451897185289873e+00
-3.406588348418758017e+00,-3.406588348418758017e+00
-2.802314049808122043e+00,-2.802314049808122043e+00
-3.644136752690048997e+00,-3.644136752690048997e+00
-3.236727936377326031e+00,-3.236727936377326031e+00
-3.400388224471453835e+00,-3.400388224471453835e+00
-3.379731546860363256e+00,-3.379731546860363256e+00
-4.093989549830485686e+00,-4.093989549830485686e+00
-3.835416534611863604e+00,-3.835416534611863604e+00
-3.168578102024174559e+00,-3.168578102024174559e+00
-3.280517657246504903e+00,-3.280517657246504903e+00
-3.404720183105645503e+00,-3.404720183105645503e+00
-4.027062810457984199e+00,-4.027062810457984199e+00
-3.669406660805839770e+00,-3.669406660805839770e+00
-2.867944545950236623e+00,-2.867944545950236623e+00
-3.537244227619116721e+00,-3.537244227619116721e+00
-4.380318066178511494e+00,-4.380318066178511494e+00
-2.912065122240431680e+00,-2.912065122240431680e+00
-3.623331434438987753e+00,-3.623331434438987753e+00
-3.063064752723501982e+00,-3.063064752723501982e+00
-4.123334759228317381e+00,-4.123334759228317381e+00
-3.728418218144935459e+00,-3.728418218144935459e+00
-3.054020149074117008e+00,-3.054020149074117008e+00
-3.407986407530668949e+00,-3.407986407530668949e+00
-3.910855941245671819e+00,-3.910855941245671819e+00
-3.949792779968058554e+00,-3.949792779968058554e+00
-3.579128393530528474e+00,-3.579128393530528474e+00
-3.362351835930379895e+00,-3.362351835930379895e+00
-3.010457868102011325e+00,-3.010457868102011325e+00
-3.062940025008944467e+00,-3.062940025008944467e+00
-3.419440267474419759e+00,-3.419440267474419759e+00
-4.181982946233818943e+00,-4.181982946233818943e+00
-3.159421920996646982e+00,-3.159421920996646982e+00
-2.978112496415205257e+00,-2.978112496415205257e+00
-3.328456125675653521e+00,-3.328456125675653521e+00
-3.319213717156622057e+00,-3.319213717156622057e+00
-3.012573920075709566e+00,-3.012573920075709566e+00
-3.496875854934376804e+00,-3.496875854934376804e+00
-3.483642611393395594e+00,-3.483642611393395594e+00
-3.173129743044610152e+00,-3.173129743044610152e+00
-3.964785905853689396e+00,-3.964785905853689396e+00
-3.784583021598643349e+00,-3.784583021598643349e+00
-3.411356971383280534e+00,-3.411356971383280534e+00
-3.900483400874997564e+00,-3.900483400874997564e+00
-3.687683650246032396e+00,-3.687683650246032396e+00
-3.873692829393983850e+00,-3.873692829393983850e+00
-3.080530503130259667e+00,-3.080530503130259667e+00
-3.017776726751943972e+00,-3.017776726751943972e+00
-2.866177890563177399e+00,-2.866177890563177399e+00
-2.664419123124484923e+00,-2.664419123124484923e+00
-2.762002902552799455e+00,-2.762002902552799455e+00
-3.196944471776443475e+00,-3.196944471776443475e+00
-2.592685056259298459e+00,-2.592685056259298459e+00
-3.389065954986917983e+00,-3.389065954986917983e+00
-2.876328754919598385e+00,-2.876328754919598385e+00
-2.733816666778166038e+00,-2.733816666778166038e+00
-3.819323594296149871e+00,-3.819323594296149871e+00
-3.099680645205511009e+00,-3.099680645205511009e+00
-3.237001759539889889e+00,-3.237001759539889889e+00
-2.923350006111946620e+00,-2.923350006111946620e+00
-3.582503190669306559e+00,-3.582503190669306559e+00
-2.911928601320865617e+00,-2.911928601320865617e+00
-4.052919398462386802e+00,-4.052919398462386802e+00
-3.303357005918768241e+00,-3.303357005918768241e+00
-3.704360772732190110e+00,-3.704360772732190110e+00
-3.788340676817681274e+00,-3.788340676817681274e+00
-2.416102091997265333e+00,-2.416102091997265333e+00
-2.888670313090263786e+00,-2.888670313090263786e+00
-3.252581192543302357e+00,-3.252581192543302357e+00
-3.176124332493780678e+00,-3.176124332493780678e+00
-3.124414642637818762e+00,-3.124414642637818762e+00
-3.098715702567064412e+00,-3.098715702567064412e+00
-3.501285117774866507e+00,-3.501285117774866507e+00
-4.016685126484404122e+00,-4.016685126484404122e+00
-4.110037740244785631e+00,-4.110037740244785631e+00
-4.166193967906979267e+00,-4.166193967906979267e+00
-2.680949866808314042e+00,-2.680949866808314042e+00
-4.329353690589901049e+00,-4.329353690589901049e+00
-3.660437682796922054e+00,-3.660437682796922054e+00
-3.435525376704901657e+00,-3.435525376704901657e+00
-3.455947050141728649e+00,-3.455947050141728649e+00
-3.715145684492601408e+00,-3.715145684492601408e+00
-3.138050148306354981e+00,-3.138050148306354981e+00
-3.124155408252903054e+00,-3.124155408252903054e+00
-3.532081808429794467e+00,-3.532081808429794467e+00
-2.979507511264502639e+00,-2.979507511264502639e+00
-3.173294580488344341e+00,-3.173294580488344341e+00
-3.872383122091493046e+00,-3.872383122091493046e+00
-3.373092932169761138e+00,-3.373092932169761138e+00
-3.881682905730961419e+00,-3.881682905730961419e+00
-3.998061384154428133e+00,-3.998061384154428133e+00
-3.106583882464377666e+00,-3.106583882464377666e+00
-3.517069156598227941e+00,-3.517069156598227941e+00
-3.527538203832977892e+00,-3.527538203832977892e+00
-2.586466962981935236e+00,-2.586466962981935236e+00
-3.794854677425869127e+00,-3.794854677425869127e+00
-3.291152461741842394e+00,-3.291152461741842394e+00
-3.141687515358402738e+00,-3.141687515358402738e+00
-3.009403397032818006e+00,-3.009403397032818006e+00
-2.448448649237585428e+00,-2.448448649237585428e+00
-3.776532038980329631e+00,-3.776532038980329631e+00
-3.541997848351050138e+00,-3.541997848351050138e+00
-3.371405285841159394e+00,-3.371405285841159394e+00
-3.827654446889732665e+00,-3.827654446889732665e+00
-3.664952814030197459e+00,-3.664952814030197459e+00
-4.679411203207326508e+00,-4.679411203207326508e+00
-3.487617855224694363e+00,-3.487617855224694363e+00
-3.121453079396694363e+00,-3.121453079396694363e+00
-2.941223903045806942e+00,-2.941223903045806942e+00
-3.099533755324839657e+00,-3.099533755324839657e+00
-3.182747280469702567e+00,-3.182747280469702567e+00
-2.993939871400023822e+00,-2.993939871400023822e+00
-3.352924767531456407e+00,-3.352924767531456407e+00
-2.659139832625065036e+00,-2.659139832625065036e+00
-3.756364933423283592e+00,-3.756364933423283592e+00
-3.225069886112120532e+00,-3.225069886112120532e+00
-3.966220812746986457e+00,-3.966220812746986457e+00
-4.002705853801743707e+00,-4.002705853801743707e+00
-3.395298803128761200e+00,-3.395298803128761200e+00
-3.586076891544459411e+00,-3.586076891544459411e+00
-3.798915879478421243e+00,-3.798915879478421243e+00
-3.840742090676434017e+00,-3.840742090676434017e+00
-3.385966823098170320e+00,-3.385966823098170320e+00
-3.237391898469979434e+00,-3.237391898469979434e+00
-4.017208740360805663e+00,-4.017208740360805663e+00
-3.506349798701686726e+00,-3.506349798701686726e+00
-3.977789083716654073e+00,-3.977789083716654073e+00
-2.589198987219990311e+00,-2.589198987219990311e+00
-2.939530464964187573e+00,-2.939530464964187573e+00
-4.009894466966433590e+00,-4.009894466966433590e+00
-3.935436610582213834e+00,-3.935436610582213834e+00
-3.738326226782878514e+00,-3.738326226782878514e+00
-2.449763332391580839e+00,-2.449763332391580839e+00
-3.247692195964727357e+00,-3.247692195964727357e+00
-4.400430656535359475e+00,-4.400430656535359475e+00
-3.960573583833985278e+00,-3.960573583833985278e+00
-3.394243481541823648e+00,-3.394243481541823648e+00
-4.216671454248628770e+00,-4.216671454248628770e+00
-3.745189117510294707e+00,-3.745189117510294707e+00
-3.405821958074179978e+00,-3.405821958074179978e+00
-3.449794003221993588e+00,-3.449794003221993588e+00
-2.972358722983669210e+00,-2.972358722983669210e+00
-2.757314563736932289e+00,-2.757314563736932289e+00
-3.814629816677997720e+00,-3.814629816677997720e+00
-4.345898025667762177e+00,-4.345898025667762177e+00
-3.407405376737326463e+00,-3.407405376737326463e+00
-4.100672360284852047e+00,-4.100672360284852047e+00
-3.730106537235677422e+00,-3.730106537235677422e+00
-3.071949429602773840e+00,-3.071949429602773840e+00
-3.854204077712520160e+00,-3.854204077712520160e+00
-2.638980075769666200e+00,-2.638980075769666200e+00
-3.129358530359285240e+00,-3.129358530359285240e+00
-2.931207355134226589e+00,-2.931207355134226589e+00
-4.306353542821103275e+00,-4.306353542821103275e+00
-3.164733501602158050e+00,-3.164733501602158050e+00
-3.613387844764697210e+00,-3.613387844764697210e+00
-3.448066841977254882e+00,-3.448066841977254882e+00
-3.592874936443736011e+00,-3.592874936443736011e+00
-3.049378814916724689e+00,-3.049378814916724689e+00
-3.586937702554429119e+00,-3.586937702554429119e+00
-3.795897901511771089e+00,-3.795897901511771089e+00
-3.863415189026248697e+00,-3.863415189026248697e+00
-3.600976462836702918e+00,-3.600976462836702918e+00
-3.912743557643221237e+00,-3.912743557643221237e+00
-2.709503779970378279e+00,-2.709503779970378279e+00
-4.115181888552561951e+00,-4.115181888552561951e+00
-3.229758272606334302e+00,-3.229758272606334302e+00
-3.913994356026289090e+00,-3.913994356026289090e+00
-3.898853848948139689e+00,-3.898853848948139689e+00
-3.266959968789872715e+00,-3.266959968789872715e+00
-2.456541782201186130e+00,-2.456541782201186130e+00
-4.203252898817708250e+00,-4.203252898817708250e+00
-3.422405685874312820e+00,-3.422405685874312820e+00
-3.734817751501100069e+00,-3.734817751501100069e+00
-3.523772327782561220e+00,-3.523772327782561220e+00
-3.422537781359205500e+00,-3.422537781359205500e+00
-3.373488232149846944e+00,-3.373488232149846944e+00
-3.647119936061737899e+00,-3.647119936061737899e+00
-2.884105768963769467e+00,-2.884105768963769467e+00
-2.931203441231828855e+00,-2.931203441231828855e+00
-3.505253068041344733e+00,-3.505253068041344733e+00
-3.578101709558564547e+00,-3.578101709558564547e+00
-3.208022775727032538e+00,-3.208022775727032538e+00
-3.239527859709922186e+00,-3.239527859709922186e+00
-3.493539240320657768e+00,-3.493539240320657768e+00
-3.301733228291242828e+00,-3.301733228291242828e+00
-3.699966968306432680e+00,-3.699966968306432680e+00
-2.468486042228980715e+00,-2.468486042228980715e+00
-3.844690248322331083e+00,-3.844690248322331083e+00
-3.695284570398333468e+00,-3.695284570398333468e+00
-3.532415833493311119e+00,-3.532415833493311119e+00
-3.364651191199242053e+00,-3.364651191199242053e+00
-3.157600287557388974e+00,-3.157600287557388974e+00
-3.805544472929894173e+00,-3.805544472929894173e+00
-3.240677936591858543e+00,-3.240677936591858543e+00
-2.836364420217467153e+00,-2.836364420217467153e+00
-3.135677965629553476e+00,-3.135677965629553476e+00
-2.667960743355895392e+00,-2.667960743355895392e+00
-3.257580152918989835e+00,-3.257580152918989835e+00
-3.333389992605782837e+00,-3.333389992605782837e+00
-3.586550036296808575e+00,-3.586550036296808575e+00
-3.885245327207720756e+00,-3.885245327207720756e+00
-3.241086694189081019e+00,-3.241086694189081019e+00
-3.021238492668975262e+00,-3.021238492668975262e+00
-3.719759647683467563e+00,-3.719759647683467563e+00
-4.213305709732170001e+00,-4.213305709732170001e+00
-3.955241673936382263e+00,-3.955241673936382263e+00
-3.506224701537346444e+00,-3.506224701537346444e+00
-3.799397391208959807e+00,-3.799397391208959807e+00
-2.327769856608221666e+00,-2.327769856608221666e+00
-2.724455255826683686e+00,-2.724455255826683686e+00
-3.594882336319753069e+00,-3.594882336319753069e+00
-3.094743620696284392e+00,-3.094743620696284392e+00
-3.160591170715991272e+00,-3.160591170715991272e+00
-3.569760172747651339e+00,-3.569760172747651339e+00
-3.177375482780900651e+00,-3.177375482780900651e+00
-3.509277963529680910e+00,-3.509277963529680910e+00
-2.875983792824811758e+00,-2.875983792824811758e+00
-2.864486042830033163e+00,-2.864486042830033163e+00
-3.800977118083255224e+00,-3.800977118083255224e+00
-4.037841056305784271e+00,-4.037841056305784271e+00
-4.145306870014119127e+00,-4.145306870014119127e+00
-3.606736012793891888e+00,-3.606736012793891888e+00
-3.585976524440420032e+00,-3.585976524440420032e+00
-2.750511482824853360e+00,-2.750511482824853360e+00
-3.503188203032986170e+00,-3.503188203032986170e+00
-3.748054900802365808e+00,-3.748054900802365808e+00
-4.128404212812655238e+00,-4.128404212812655238e+00
-3.805925787033860086e+00,-3.805925787033860086e+00
-2.972736107863513499e+00,-2.972736107863513499e+00
-3.553874921426007916e+00,-3.553874921426007916e+00
-3.417596484180413619e+00,-3.417596484180413619e+00
-3.851395283192088570e+00,-3.851395283192088570e+00
-4.187928650513595308e+00,-4.187928650513595308e+00
-3.318483863261791900e+00,-3.318483863261791900e+00
-2.691965289621475410e+00,-2.691965289621475410e+00
-2.472095568614331995e+00,-2.472095568614331995e+00
-3.643091351689068169e+00,-3.643091351689068169e+00
-3.220221000465272709e+00,-3.220221000465272709e+00
-4.078708684799059903e+00,-4.078708684799059903e+00
-4.007696467167534138e+00,-4.007696467167534138e+00
-4.067544743740538316e+00,-4.067544743740538316e+00
-3.324001141901977707e+00,-3.324001141901977707e+00
-3.580613456265862027e+00,-3.580613456265862027e+00
-2.662583936783188943e+00,-2.662583936783188943e+00
-3.306108176355233574e+00,-3.306108176355233574e+00
-2.702196896613803911e+00,-2.702196896613803911e+00
-3.833484677722215572e+00,-3.833484677722215572e+00
-4.005785040672635411e+00,-4.005785040672635411e+00
-3.321729207519236837e+00,-3.321729207519236837e+00
-4.430397267148586948e+00,-4.430397267148586948e+00
-3.162192550962395377e+00,-3.162192550962395377e+00
-3.661228080900223780e+00,-3.661228080900223780e+00
-3.185665254337011199e+00,-3.185665254337011199e+00
-3.324493189905791013e+00,-3.324493189905791013e+00
-4.155534561050598263e+00,-4.155534561050598263e+00
-4.213800115165017068e+00,-4.213800115165017068e+00
-3.542257954061386105e+00,-3.542257954061386105e+00
-2.630229225733694332e+00,-2.630229225733694332e+00
-2.596488512665320769e+00,-2.596488512665320769e+00
-3.139496590925571873e+00,-3.139496590925571873e+00
-3.157172459666780284e+00,-3.157172459666780284e+00
-3.307124089064854999e+00,-3.307124089064854999e+00
-3.771305076791960698e+00,-3.771305076791960698e+00
-3.598094335520891640e+00,-3.598094335520891640e+00
-3.383632175398187947e+00,-3.383632175398187947e+00
-3.753903695373444815e+00,-3.753903695373444815e+00
-3.710249293947039284e+00,-3.710249293947039284e+00
-3.248404726986372726e+00,-3.248404726986372726e+00
-3.792719422375678384e+00,-3.792719422375678384e+00
-2.840651317815741983e+00,-2.840651317815741983e+00
-3.951168228254028580e+00,-3.951168228254028580e+00
-3.909207371253138774e+00,-3.909207371253138774e+00
-3.355228226985290885e+00,-3.355228226985290885e+00
-3.584056797378553760e+00,-3.584056797378553760e+00
-2.877413538810157156e+00,-2.877413538810157156e+00
-3.420570078815278858e+00,-3.420570078815278858e+00
-4.603228462529064480e+00,-4.603228462529064480e+00
-3.599955189619635565e+00,-3.599955189619635565e+00
-2.629296464820368939e+00,-2.629296464820368939e+00
-3.852230842719934323e+00,-3.852230842719934323e+00
-3.177711858460408934e+00,-3.177711858460408934e+00
-3.795177887398621053e+00,-3.795177887398621053e+00
-3.944528325540705538e+00,-3.944528325540705538e+00
-3.832466982545313261e+00,-3.832466982545313261e+00
-3.013615785446419615e+00,-3.013615785446419615e+00
-3.434770272478423259e+00,-3.434770272478423259e+00
-3.200514115563735995e+00,-3.200514115563735995e+00
-3.217507996334222575e+00,-3.217507996334222575e+00
-3.977966073220068566e+00,-3.977966073220068566e+00
-3.945816796950528449e+00,-3.945816796950528449e+00
-3.388052542704501402e+00,-3.388052542704501402e+00
-3.700243211203145144e+00,-3.700243211203145144e+00
-2.939795655216850268e+00,-2.939795655216850268e+00
-4.379818247019051647e+00,-4.379818247019051647e+00
-3.119403771738784581e+00,-3.119403771738784581e+00
-2.366919916093104703e+00,-2.366919916093104703e+00
-3.449425488261268935e+00,-3.449425488261268935e+00
-2.883649517466833956e+00,-2.883649517466833956e+00
-3.430144962974437384e+00,-3.430144962974437384e+00
-2.696857200488490314e+00,-2.696857200488490314e+00
-3.158093973061273818e+00,-3.158093973061273818e+00
-2.914536059609956098e+00,-2.914536059609956098e+00
-3.873592476303486354e+00,-3.873592476303486354e+00
-3.925793127282914519e+00,-3.925793127282914519e+00
-3.565721938138283420e+00,-3.565721938138283420e+00
-3.493810969265029875e+00,-3.493810969265029875e+00
-4.084453616671468446e+00,-4.084453616671468446e+00
-4.140565215819469458e+00,-4.140565215819469458e+00
-3.360276742547045004e+00,-3.360276742547045004e+00
-3.307704080709575667e+00,-3.307704080709575667e+00
-3.923812452082652058e+00,-3.923812452082652058e+00
-3.907274202181267420e+00,-3.907274202181267420e+00
-2.845813918565487821e+00,-2.845813918565487821e+00
-4.129605631462136550e+00,-4.129605631462136550e+00
-3.219045098245485459e+00,-3.219045098245485459e+00
-3.772133554941180744e+00,-3.772133554941180744e+00
-3.157195742694781426e+00,-3.157195742694781426e+00
-3.172882476286584374e+00,-3.172882476286584374e+00
-3.012522185857251511e+00,-3.012522185857251511e+00
-3.706137096509993789e+00,-3.706137096509993789e+00
-4.551135205100282910e+00,-4.551135205100282910e+00
-4.179787061264152115e+00,-4.179787061264152115e+00
-2.869685220776421186e+00,-2.869685220776421186e+00
-3.105603709395207357e+00,-3.105603709395207357e+00
-3.546610073951427022e+00,-3.546610073951427022e+00
-3.802924977764480463e+00,-3.802924977764480463e+00
-3.727341651294939329e+00,-3.727341651294939329e+00
-3.911323241090659319e+00,-3.911323241090659319e+00
-3.060562556139851953e+00,-3.060562556139851953e+00
-3.346086373910175826e+00,-3.346086373910175826e+00
-3.576653121856460782e+00,-3.576653121856460782e+00
-3.553390799526970678e+00,-3.553390799526970678e+00
-4.006345178466480306e+00,-4.006345178466480306e+00
-3.403035832658577231e+00,-3.403035832658577231e+00
-3.235407075495676743e+00,-3.235407075495676743e+00
-3.242341663132981999e+00,-3.242341663132981999e+00
-3.494947632370195567e+00,-3.494947632370195567e+00
-3.635738376390072801e+00,-3.635738376390072801e+00
-3.797425020879969360e+00,-3.797425020879969360e+00
-2.696313218343363349e+00,-2.696313218343363349e+00
-2.866441724960504978e+00,-2.866441724960504978e+00
-3.265700318788535395e+00,-3.265700318788535395e+00
-4.282061315809771784e+00,-4.282061315809771784e+00
-3.420223425303519527e+00,-3.420223425303519527e+00
-3.747058352989337759e+00,-3.747058352989337759e+00
-3.635132994378331706e+00,-3.635132994378331706e+00
-4.270718074087286986e+00,-4.270718074087286986e+00
-2.914388515776178856e+00,-2.914388515776178856e+00
-3.236105259485519525e+00,-3.236105259485519525e+00
-3.062760704615115515e+00,-3.062760704615115515e+00
-3.540873200246678731e+00,-3.540873200246678731e+00
-4.011775307297148707e+00,-4.011775307297148707e+00
-3.216774365434460492e+00,-3.216774365434460492e+00
-3.918163317099427445e+00,-3.918163317099427445e+00
-4.129063374862533387e+00,-4.129063374862533387e+00
-3.042491915764164112e+00,-3.042491915764164112e+00
-3.745370036674799952e+00,-3.745370036674799952e+00
-3.415208745563006687e+00,-3.415208745563006687e+00
-2.114533767093027095e+00,-2.114533767093027095e+00
-3.597222963356369707e+00,-3.597222963356369707e+00
-3.729123940524003089e+00,-3.729123940524003089e+00
-3.609287516197964507e+00,-3.609287516197964507e+00
-2.853228463428371331e+00,-2.853228463428371331e+00
-3.794242917857952424e+00,-3.794242917857952424e+00
-2.909348208330017282e+00,-2.909348208330017282e+00
-4.198950876868338788e+00,-4.198950876868338788e+00
-3.049532283175070635e+00,-3.049532283175070635e+00
-3.376025039857821319e+00,-3.376025039857821319e+00
-3.607731282468080725e+00,-3.607731282468080725e+00
-4.254430102624167986e+00,-4.254430102624167986e+00
-3.525595549420567298e+00,-3.525595549420567298e+00
-3.895913686199588000e+00,-3.895913686199588000e+00
-3.321246045844155059e+00,-3.321246045844155059e+00
-3.533441860776202592e+00,-3.533441860776202592e+00
-2.768915529667748565e+00,-2.768915529667748565e+00
-3.298197316524777989e+00,-3.298197316524777989e+00
-3.538796771189050006e+00,-3.538796771189050006e+00
-3.838889900941092836e+00,-3.838889900941092836e+00
-2.610263033611415651e+00,-2.610263033611415651e+00
-3.498389388791740551e+00,-3.498389388791740551e+00
-3.740350694103530493e+00,-3.740350694103530493e+00
-3.526173274633523924e+00,-3.526173274633523924e+00
-3.672446966576785599e+00,-3.672446966576785599e+00
-3.633333877809322487e+00,-3.633333877809322487e+00
-3.279276848970176683e+00,-3.279276848970176683e+00
-3.626882620768819177e+00,-3.626882620768819177e+00
-3.580468428383412949e+00,-3.580468428383412949e+00
-3.783145321568523567e+00,-3.783145321568523567e+00
-3.973745800677819240e+00,-3.973745800677819240e+00
-3.115780822333564348e+00,-3.115780822333564348e+00
-2.972841502475878528e+00,-2.972841502475878528e+00
-3.482002105216452481e+00,-3.482002105216452481e+00
-4.129336539930229755e+00,-4.129336539930229755e+00
-2.655898672459789722e+00,-2.655898672459789722e+00
-3.281920183837035321e+00,-3.281920183837035321e+00
-4.234223049431330210e+00,-4.234223049431330210e+00
-2.702581319936243176e+00,-2.702581319936243176e+00
-3.729879877369586261e+00,-3.729879877369586261e+00
-3.570195880051378445e+00,-3.570195880051378445e+00
-3.173993818637756981e+00,-3.173993818637756981e+00
-3.415903286876186051e+00,-3.415903286876186051e+00
-3.150071838843797600e+00,-3.150071838843797600e+00
-3.404831377577334450e+00,-3.404831377577334450e+00
-2.796293416745097904e+00,-2.796293416745097904e+00
-3.844222928273180795e+00,-3.844222928273180795e+00
-4.101272945331062125e+00,-4.101272945331062125e+00
-3.586256327858729165e+00,-3.586256327858729165e+00
-3.068279452569995680e+00,-3.068279452569995680e+00
-3.627377980859408879e+00,-3.627377980859408879e+00
-3.048617412044754005e+00,-3.048617412044754005e+00
-4.024448972968927229e+00,-4.024448972968927229e+00
-3.150096024383265636e+00,-3.150096024383265636e+00
-3.213919854128626685e+00,-3.213919854128626685e+00
-3.620532317574360892e+00,-3.620532317574360892e+00
-3.170245029924895874e+00,-3.170245029924895874e+00
-2.720574058817605057e+00,-2.720574058817605057e+00
-3.768248035135410401e+00,-3.768248035135410401e+00
-3.103789450999960842e+00,-3.103789450999960842e+00
-3.320379887437684641e+00,-3.320379887437684641e+00
-3.540511209337302123e+00,-3.540511209337302123e+00
-2.541928780855966075e+00,-2.541928780855966075e+00
-3.247631483993882906e+00,-3.247631483993882906e+00
-3.486621596502262665e+00,-3.486621596502262665e+00
-3.402996901207441027e+00,-3.402996901207441027e+00
-3.767741414637987063e+00,-3.767741414637987063e+00
-3.548884413376586000e+00,-3.548884413376586000e+00
-4.248731342610400752e+00,-4.248731342610400752e+00
-3.580620793847917760e+00,-3.580620793847917760e+00
-3.710401192738531417e+00,-3.710401192738531417e+00
-3.625018874777111932e+00,-3.625018874777111932e+00
-4.040201958964138917e+00,-4.040201958964138917e+00
-2.365978691009403612e+00,-2.365978691009403612e+00
-3.219384266452020693e+00,-3.219384266452020693e+00
-3.124894524864470835e+00,-3.124894524864470835e+00
-2.873349959570421941e+00,-2.873349959570421941e+00
-3.734619127670736560e+00,-3.734619127670736560e+00
-3.086258582150606333e+00,-3.086258582150606333e+00
-3.977146404316536543e+00,-3.977146404316536543e+00
-4.795646964794567424e+00,-4.795646964794567424e+00
-4.260615252652782736e+00,-4.260615252652782736e+00
-3.631136467661443046e+00,-3.631136467661443046e+00
-2.994213983866479190e+00,-2.994213983866479190e+00
-4.514130415248356343e+00,-4.514130415248356343e+00
-2.892080309582632847e+00,-2.892080309582632847e+00
-3.332144516169363690e+00,-3.332144516169363690e+00
-3.757701088883648399e+00,-3.757701088883648399e+00
-3.008247704012144474e+00,-3.008247704012144474e+00
-3.562331969501601137e+00,-3.562331969501601137e+00
-3.642619756914668994e+00,-3.642619756914668994e+00
-3.696703686481582096e+00,-3.696703686481582096e+00
-3.394652150300039306e+00,-3.394652150300039306e+00
-3.287685663950018711e+00,-3.287685663950018711e+00
-2.586514277964444553e+00,-2.586514277964444553e+00
-3.634693061765769784e+00,-3.634693061765769784e+00
-2.921958084031053282e+00,-2.921958084031053282e+00
-3.246615025208970273e+00,-3.246615025208970273e+00
-3.370293328652054221e+00,-3.370293328652054221e+00
-3.809144094254131474e+00,-3.809144094254131474e+00
-4.180810924319897204e+00,-4.180810924319897204e+00
-3.615881072191519774e+00,-3.615881072191519774e+00
-3.497005966428730961e+00,-3.497005966428730961e+00
-4.099006680938927616e+00,-4.099006680938927616e+00
-3.652155802569523324e+00,-3.652155802569523324e+00
-3.934203488244841562e+00,-3.934203488244841562e+00
-3.421870872663689500e+00,-3.421870872663689500e+00
-4.487902010242588169e+00,-4.487902010242588169e+00
-3.453711960454054708e+00,-3.453711960454054708e+00
-3.907634528672355945e+00,-3.907634528672355945e+00
-3.634369155346968139e+00,-3.634369155346968139e+00
-2.860278564651718813e+00,-2.860278564651718813e+00
-2.771009722348134474e+00,-2.771009722348134474e+00
-3.142901961574185776e+00,-3.142901961574185776e+00
-3.213586316027707390e+00,-3.213586316027707390e+00
-3.945636353934959484e+00,-3.945636353934959484e+00
-3.154402944550563692e+00,-3.154402944550563692e+00
-4.022684610987717235e+00,-4.022684610987717235e+00
-4.078543091924804465e+00,-4.078543091924804465e+00
-3.111882132830994685e+00,-3.111882132830994685e+00
-3.815156539227606558e+00,-3.815156539227606558e+00
-4.028275231300339598e+00,-4.028275231300339598e+00
-4.075892374993208556e+00,-4.075892374993208556e+00
-3.847673228444021820e+00,-3.847673228444021820e+00
-3.991913097756870421e+00,-3.991913097756870421e+00
-3.324031878912879545e+00,-3.324031878912879545e+00
-3.105199571017590809e+00,-3.105199571017590809e+00
-3.776424603471276065e+00,-3.776424603471276065e+00
-4.351894438151357569e+00,-4.351894438151357569e+00
-3.046774546273749884e+00,-3.046774546273749884e+00
-3.162476773943769359e+00,-3.162476773943769359e+00
-3.817174350472151367e+00,-3.817174350472151367e+00
-3.257666596988870733e+00,-3.257666596988870733e+00
-2.810065360765845899e+00,-2.810065360765845899e+00
-3.057651085159403426e+00,-3.057651085159403426e+00
-3.268313039742668291e+00,-3.268313039742668291e+00
-3.173135830419238523e+00,-3.173135830419238523e+00
-2.597000223922738549e+00,-2.597000223922738549e+00
-3.039262629187657883e+00,-3.039262629187657883e+00
-3.340458365283036191e+00,-3.340458365283036191e+00
-3.087899850724316941e+00,-3.087899850724316941e+00
-3.132317536275212255e+00,-3.132317536275212255e+00
-3.537021355622846031e+00,-3.537021355622846031e+00
-4.173474470192295449e+00,-4.173474470192295449e+00
-2.919600927422388637e+00,-2.919600927422388637e+00
-2.745700450512877033e+00,-2.745700450512877033e+00
-3.748214807570628082e+00,-3.748214807570628082e+00
-4.140721868169970676e+00,-4.140721868169970676e+00
-4.172229544731653306e+00,-4.172229544731653306e+00
-4.325440134507638312e+00,-4.325440134507638312e+00
-2.974582242757070727e+00,-2.974582242757070727e+00
-3.094055298347872629e+00,-3.094055298347872629e+00
-3.513488388684172126e+00,-3.513488388684172126e+00
-3.068261330235994677e+00,-3.068261330235994677e+00
-3.767633924857294758e+00,-3.767633924857294758e+00
-2.812343776455779487e+00,-2.812343776455779487e+00
-3.209789930968534044e+00,-3.209789930968534044e+00
-2.345297272397074195e+00,-2.345297272397074195e+00
-4.179040568199905437e+00,-4.179040568199905437e+00
-3.363357176068827670e+00,-3.363357176068827670e+00
-3.298886975585582526e+00,-3.298886975585582526e+00
-3.486640564118570040e+00,-3.486640564118570040e+00
-3.561082623401333080e+00,-3.561082623401333080e+00
-4.051544536258134599e+00,-4.051544536258134599e+00
-2.876185734769036273e+00,-2.876185734769036273e+00
-4.285296690043106871e+00,-4.285296690043106871e+00
-3.974664946623374107e+00,-3.974664946623374107e+00
-3.392393115268824477e+00,-3.392393115268824477e+00
-3.065570454622248864e+00,-3.065570454622248864e+00
-3.571630081683708990e+00,-3.571630081683708990e+00
-3.390928584590753747e+00,-3.390928584590753747e+00
-3.144768016234332997e+00,-3.144768016234332997e+00
-3.883502575621909703e+00,-3.883502575621909703e+00
-4.466212244444141888e+00,-4.466212244444141888e+00
-4.209182892983443836e+00,-4.209182892983443836e+00
-2.673694033924967073e+00,-2.673694033924967073e+00
-3.474833035345457510e+00,-3.474833035345457510e+00
-3.319510424542571059e+00,-3.319510424542571059e+00
-3.674075970093605203e+00,-3.674075970093605203e+00
-3.848984365995685497e+00,-3.848984365995685497e+00
-3.248193918859207496e+00,-3.248193918859207496e+00
-3.828686363188987141e+00,-3.828686363188987141e+00
-3.314317065355313563e+00,-3.314317065355313563e+00
-3.724496788053337060e+00,-3.724496788053337060e+00
-4.166042656772313890e+00,-4.166042656772313890e+00
-4.785757296532335836e+00,-4.785757296532335836e+00
-3.671611750068628499e+00,-3.671611750068628499e+00
-3.273422797419163643e+00,-3.273422797419163643e+00
-3.942830724365967043e+00,-3.942830724365967043e+00
-3.669335987608270511e+00,-3.669335987608270511e+00
-4.120759404091260514e+00,-4.120759404091260514e+00
-3.264312885845457757e+00,-3.264312885845457757e+00
-3.107731051957313806e+00,-3.107731051957313806e+00
-3.438682667800914583e+00,-3.438682667800914583e+00
-3.210884792626905959e+00,-3.210884792626905959e+00
-3.522160544271195626e+00,-3.522160544271195626e+00
-3.606499151060380104e+00,-3.606499151060380104e+00
-3.453252660381357586e+00,-3.453252660381357586e+00
-2.926545252780244688e+00,-2.926545252780244688e+00
-4.392766022844644347e+00,-4.392766022844644347e+00
-3.747710402929731011e+00,-3.747710402929731011e+00
-3.161529156893430503e+00,-3.161529156893430503e+00
-3.403558773146484473e+00,-3.403558773146484473e+00
-3.353935454163455621e+00,-3.353935454163455621e+00
-3.226080875473416043e+00,-3.226080875473416043e+00
-3.393312156956143077e+00,-3.393312156956143077e+00
-3.261374324032964900e+00,-3.261374324032964900e+00
-3.857021774835680539e+00,-3.857021774835680539e+00
-3.344660230194891337e+00,-3.344660230194891337e+00
-3.372640503963540315e+00,-3.372640503963540315e+00
-4.000127220824704288e+00,-4.000127220824704288e+00
-3.493319139990217259e+00,-3.493319139990217259e+00
-2.570442637866910296e+00,-2.570442637866910296e+00
-3.524805472531785000e+00,-3.524805472531785000e+00
-3.078517021896277850e+00,-3.078517021896277850e+00
-2.829819738387442385e+00,-2.829819738387442385e+00
-3.499910752992550833e+00,-3.499910752992550833e+00
-2.605797816914518616e+00,-2.605797816914518616e+00
-3.470368531830683168e+00,-3.470368531830683168e+00
-4.065559052649387439e+00,-4.065559052649387439e+00
-3.000240246145862155e+00,-3.000240246145862155e+00
-3.952920642971257781e+00,-3.952920642971257781e+00
-2.783670893667126833e+00,-2.783670893667126833e+00
-2.916690731857535024e+00,-2.916690731857535024e+00
-3.394198297101892248e+00,-3.394198297101892248e+00
-3.125045907235329601e+00,-3.125045907235329601e+00
-2.859093021931725875e+00,-2.859093021931725875e+00
-4.049487300502041975e+00,-4.049487300502041975e+00
-3.224968848773892560e+00,-3.224968848773892560e+00
-3.885622616000272256e+00,-3.885622616000272256e+00
-4.331316190327161308e+00,-4.331316190327161308e+00
-2.455082001459653274e+00,-2.455082001459653274e+00
-3.695053207276905560e+00,-3.695053207276905560e+00
-3.363256359719157373e+00,-3.363256359719157373e+00
-2.885007270019877001e+00,-2.885007270019877001e+00
-2.940501189157674222e+00,-2.940501189157674222e+00
-4.276343909588886660e+00,-4.276343909588886660e+00
-3.945114636464770452e+00,-3.945114636464770452e+00
-3.416808613847144294e+00,-3.416808613847144294e+00
-4.258629828970790676e+00,-4.258629828970790676e+00
-2.636393718487684446e+00,-2.636393718487684446e+00
-3.425323661681050957e+00,-3.425323661681050957e+00
-3.162073693805236729e+00,-3.162073693805236729e+00
-4.982162792787669048e+00,-4.982162792787669048e+00
-3.632447267026172266e+00,-3.632447267026172266e+00
-3.191360079154549112e+00,-3.191360079154549112e+00
-3.302305920096495484e+00,-3.302305920096495484e+00
-3.851827343784393953e+00,-3.851827343784393953e+00
-3.029947203409653955e+00,-3.029947203409653955e+00
-3.986838494830528656e+00,-3.986838494830528656e+00
-4.083626887637657354e+00,-4.083626887637657354e+00
-3.948162400573454356e+00,-3.948162400573454356e+00
-3.178855826644430227e+00,-3.178855826644430227e+00
-3.443036356871018278e+00,-3.443036356871018278e+00
-2.975726421507592701e+00,-2.975726421507592701e+00
-2.906627040738837042e+00,-2.906627040738837042e+00
-3.215941126766098002e+00,-3.215941126766098002e+00
-3.237206715616847585e+00,-3.237206715616847585e+00
-3.809914184331150810e+00,-3.809914184331150810e+00
-4.096580899939476161e+00,-4.096580899939476161e+00
-4.068798082337376165e+00,-4.068798082337376165e+00
-2.932942268090964255e+00,-2.932942268090964255e+00
-2.780998800773731183e+00,-2.780998800773731183e+00
-3.118492838212993501e+00,-3.118492838212993501e+00
-3.096481788451386219e+00,-3.096481788451386219e+00
-3.649689416583540957e+00,-3.649689416583540957e+00
-3.601483702846597801e+00,-3.601483702846597801e+00
-4.119918963182139571e+00,-4.119918963182139571e+00
-3.368467648022500427e+00,-3.368467648022500427e+00
-3.756544841681806357e+00,-3.756544841681806357e+00
-3.428140808408557838e+00,-3.428140808408557838e+00
-3.214900443701515176e+00,-3.214900443701515176e+00
-2.994917294178005118e+00,-2.994917294178005118e+00
-4.288036011914346801e+00,-4.288036011914346801e+00
-3.911224156298703569e+00,-3.911224156298703569e+00
-4.085461914017054497e+00,-4.085461914017054497e+00
-2.887647814460603257e+00,-2.887647814460603257e+00
-3.255020256463572625e+00,-3.255020256463572625e+00
-4.921829007687423818e+00,-4.921829007687423818e+00
-2.802735759881112898e+00,-2.802735759881112898e+00
-3.235136354187731822e+00,-3.235136354187731822e+00
-2.945241922336555351e+00,-2.945241922336555351e+00
-2.798300077647309703e+00,-2.798300077647309703e+00
-3.560288866466087221e+00,-3.560288866466087221e+00
-2.670256750227566478e+00,-2.670256750227566478e+00
-4.034967436309617739e+00,-4.034967436309617739e+00
-3.052667798583664105e+00,-3.052667798583664105e+00
-3.954296246864840381e+00,-3.954296246864840381e+00
-3.277109465059898419e+00,-3.277109465059898419e+00
-3.360328916175299163e+00,-3.360328916175299163e+00
-3.167967485729374477e+00,-3.167967485729374477e+00
-3.205528901177010059e+00,-3.205528901177010059e+00
-3.449137763438488768e+00,-3.449137763438488768e+00
-3.268141374670034516e+00,-3.268141374670034516e+00
-3.113329521486173590e+00,-3.113329521486173590e+00
-3.595732681345047421e+00,-3.595732681345047421e+00
-3.185124587978215072e+00,-3.185124587978215072e+00
-2.372265876459910494e+00,-2.372265876459910494e+00
-3.287724479094751739e+00,-3.287724479094751739e+00
-3.236305835966123645e+00,-3.236305835966123645e+00
-2.976649193540198191e+00,-2.976649193540198191e+00
-3.511837747217218197e+00,-3.511837747217218197e+00
-3.499724155125619518e+00,-3.499724155125619518e+00
-3.324155645279140092e+00,-3.324155645279140092e+00
-3.270925393572682971e+00,-3.270925393572682971e+00
-3.439123322301111063e+00,-3.439123322301111063e+00
-3.780796570885580188e+00,-3.780796570885580188e+00
-4.143987020582641456e+00,-4.143987020582641456e+00
-2.846413080232554460e+00,-2.846413080232554460e+00
-3.536327925847605247e+00,-3.536327925847605247e+00
-3.820136304952449269e+00,-3.820136304952449269e+00
-2.713562562052459270e+00,-2.713562562052459270e+00
-3.047703804919784876e+00,-3.047703804919784876e+00
-3.732918023443405620e+00,-3.732918023443405620e+00
-3.095866709235590708e+00,-3.095866709235590708e+00
-3.538104648017548648e+00,-3.538104648017548648e+00
-2.587871228035880655e+00,-2.587871228035880655e+00
-3.677018056624504538e+00,-3.677018056624504538e+00
-3.576099232553719087e+00,-3.576099232553719087e+00
-3.666525377138494690e+00,-3.666525377138494690e+00
-3.480971896951564837e+00,-3.480971896951564837e+00
-3.050177019712991822e+00,-3.050177019712991822e+00
-3.261538434696723332e+00,-3.261538434696723332e+00
-3.248465638963930147e+00,-3.248465638963930147e+00
-3.919070977907057163e+00,-3.919070977907057163e+00
-3.411279689126834214e+00,-3.411279689126834214e+00
-2.681109674298850720e+00,-2.681109674298850720e+00
-3.632856175477721106e+00,-3.632856175477721106e+00
-3.732481762001772285e+00,-3.732481762001772285e+00
-3.473306397285738534e+00,-3.473306397285738534e+00
-3.205976291507931730e+00,-3.205976291507931730e+00
-3.591848936171420537e+00,-3.591848936171420537e+00
-2.888609113825284513e+00,-2.888609113825284513e+00
-3.538662277393905597e+00,-3.538662277393905597e+00
-3.396694216203993921e+00,-3.396694216203993921e+00
-3.198894836034073208e+00,-3.198894836034073208e+00
-3.613239497975352155e+00,-3.613239497975352155e+00
-3.527595964860708921e+00,-3.527595964860708921e+00
-3.834174581942120685e+00,-3.834174581942120685e+00
-3.193298902608072254e+00,-3.193298902608072254e+00
-2.575286507419618953e+00,-2.575286507419618953e+00
-2.695937914364540333e+00,-2.695937914364540333e+00
-3.809815435447430509e+00,-3.809815435447430509e+00
-2.732907990994417613e+00,-2.732907990994417613e+00
-4.460964152181992937e+00,-4.460964152181992937e+00
-3.533312309265911999e+00,-3.533312309265911999e+00
-3.498278719390975233e+00,-3.498278719390975233e+00
-3.511887313391203858e+00,-3.511887313391203858e+00
-4.382961613198314232e+00,-4.382961613198314232e+00
-3.894731962350534538e+00,-3.894731962350534538e+00
-3.297369202283782386e+00,-3.297369202283782386e+00
-5.044296393969200487e+00,-5.044296393969200487e+00
-3.775194238086221787e+00,-3.775194238086221787e+00
-3.691348801185438955e+00,-3.691348801185438955e+00
-3.524859371130102836e+00,-3.524859371130102836e+00
-3.220645249392096954e+00,-3.220645249392096954e+00
-3.860515092559394734e+00,-3.860515092559394734e+00
-3.466290882806900786e+00,-3.466290882806900786e+00
-2.567843564270830825e+00,-2.567843564270830825e+00
-3.375048097004528902e+00,-3.375048097004528902e+00
-4.231198955187353228e+00,-4.231198955187353228e+00
-3.932226503709587373e+00,-3.932226503709587373e+00
-2.525912071480571619e+00,-2.525912071480571619e+00
-3.677509074134237554e+00,-3.677509074134237554e+00
-3.139644203426349645e+00,-3.139644203426349645e+00
-3.736190377225088177e+00,-3.736190377225088177e+00
-4.290815568096862265e+00,-4.290815568096862265e+00
-4.173115913395784027e+00,-4.173115913395784027e+00
-3.492649410360730844e+00,-3.492649410360730844e+00
-3.930627664443347324e+00,-3.930627664443347324e+00
-2.984790761231754797e+00,-2.984790761231754797e+00
-3.859321066182666016e+00,-3.859321066182666016e+00
-3.742757225747833871e+00,-3.742757225747833871e+00
-2.813318165964056927e+00,-2.813318165964056927e+00
-2.988344027283527105e+00,-2.988344027283527105e+00
-4.470021771531929033e+00,-4.470021771531929033e+00
-3.628044726299530343e+00,-3.628044726299530343e+00
-3.884706407049461241e+00,-3.884706407049461241e+00
-2.797112956616648383e+00,-2.797112956616648383e+00
-2.435549079855236609e+00,-2.435549079855236609e+00
-3.145995118164842008e+00,-3.145995118164842008e+00
-3.148989593753319660e+00,-3.148989593753319660e+00
-3.453824389312575960e+00,-3.453824389312575960e+00
-3.422996055060090637e+00,-3.422996055060090637e+00
-3.548701436395982345e+00,-3.548701436395982345e+00
-3.225738627443158535e+00,-3.225738627443158535e+00
-3.267458430604415209e+00,-3.267458430604415209e+00
-3.463962579241168793e+00,-3.463962579241168793e+00
-3.073616146111986414e+00,-3.073616146111986414e+00
-3.363705413596961513e+00,-3.363705413596961513e+00
-4.363976286325634391e+00,-4.363976286325634391e+00
-3.139523064277413678e+00,-3.139523064277413678e+00
-3.042861258155776571e+00,-3.042861258155776571e+00
-3.031818317982370115e+00,-3.031818317982370115e+00
-3.724423412083709639e+00,-3.724423412083709639e+00
-2.616533963162342324e+00,-2.616533963162342324e+00
-3.476262645413001451e+00,-3.476262645413001451e+00
-4.191750110143466657e+00,-4.191750110143466657e+00
-3.574317890466748970e+00,-3.574317890466748970e+00
-3.868106555222580401e+00,-3.868106555222580401e+00
-2.424287222992345114e+00,-2.424287222992345114e+00
-4.236762082030772980e+00,-4.236762082030772980e+00
-3.487994559332185052e+00,-3.487994559332185052e+00
-3.769591795813687973e+00,-3.769591795813687973e+00
-3.515735387300741976e+00,-3.515735387300741976e+00
-3.491818702179290135e+00,-3.491818702179290135e+00
-3.854174399661792982e+00,-3.854174399661792982e+00
-2.980200974393823365e+00,-2.980200974393823365e+00
-2.033652715701248059e+00,-2.033652715701248059e+00
-2.844333950685384860e+00,-2.844333950685384860e+00
-3.428734056485456705e+00,-3.428734056485456705e+00
-3.375970308372275408e+00,-3.375970308372275408e+00
-3.177205218238781548e+00,-3.177205218238781548e+00
-3.203865361640263032e+00,-3.203865361640263032e+00
-4.069622605889093414e+00,-4.069622605889093414e+00
-2.818324871518451236e+00,-2.818324871518451236e+00
-3.013413159823384202e+00,-3.013413159823384202e+00
-3.601950843380242073e+00,-3.601950843380242073e+00
-4.391247153463310404e+00,-4.391247153463310404e+00
-3.144466484821116570e+00,-3.144466484821116570e+00
-3.239698923528886443e+00,-3.239698923528886443e+00
-3.361111072297415348e+00,-3.361111072297415348e+00
-4.051642751783867347e+00,-4.051642751783867347e+00
-4.001499222905970043e+00,-4.001499222905970043e+00
-4.105429216998575548e+00,-4.105429216998575548e+00
-2.637219850536875132e+00,-2.637219850536875132e+00
-3.167408745987602803e+00,-3.167408745987602803e+00
-3.090904043709798543e+00,-3.090904043709798543e+00
-4.565091184342409569e+00,-4.565091184342409569e+00
-3.904380587890504017e+00,-3.904380587890504017e+00
-3.541839426572125582e+00,-3.541839426572125582e+00
-3.261541811566193161e+00,-3.261541811566193161e+00
-3.632714283855199788e+00,-3.632714283855199788e+00
-3.654554186817897232e+00,-3.654554186817897232e+00
-3.899630944768743390e+00,-3.899630944768743390e+00
-2.500827089814804616e+00,-2.500827089814804616e+00
-3.981601297422312502e+00,-3.981601297422312502e+00
-3.660475866765619646e+00,-3.660475866765619646e+00
-2.789556123892471540e+00,-2.789556123892471540e+00
-3.299707393136303679e+00,-3.299707393136303679e+00
-3.689257691791314908e+00,-3.689257691791314908e+00
-4.065645938438724905e+00,-4.065645938438724905e+00
-3.629404162270830181e+00,-3.629404162270830181e+00
-3.352000280441274960e+00,-3.352000280441274960e+00
-3.986287901130140643e+00,-3.986287901130140643e+00
-3.176416878695287327e+00,-3.176416878695287327e+00
-2.659652670161602117e+00,-2.659652670161602117e+00
-3.699251327177687898e+00,-3.699251327177687898e+00
-3.973097890590391756e+00,-3.973097890590391756e+00
-3.708372373959182067e+00,-3.708372373959182067e+00
-4.770368896997978503e+00,-4.770368896997978503e+00
-3.804996458902487610e+00,-3.804996458902487610e+00
-3.546106686587001899e+00,-3.546106686587001899e+00
-3.885456769884866990e+00,-3.885456769884866990e+00
-3.001145426407941574e+00,-3.001145426407941574e+00
-3.764286563852385026e+00,-3.764286563852385026e+00
-3.562924146753289723e+00,-3.562924146753289723e+00
-3.765442345143642289e+00,-3.765442345143642289e+00
-3.075250486185926668e+00,-3.075250486185926668e+00
-2.579556123384397992e+00,-2.579556123384397992e+00
-3.158232413011302864e+00,-3.158232413011302864e+00
-2.449144751060689629e+00,-2.449144751060689629e+00
-4.122601118584432456e+00,-4.122601118584432456e+00
-4.201187077127176650e+00,-4.201187077127176650e+00
-2.659342056205416416e+00,-2.659342056205416416e+00
-2.989096842629273887e+00,-2.989096842629273887e+00
-3.211013392311484527e+00,-3.211013392311484527e+00
-2.653269105467754851e+00,-2.653269105467754851e+00
-3.890673531172666788e+00,-3.890673531172666788e+00
-3.386792522415491558e+00,-3.386792522415491558e+00
-1.978058183930175185e+00,-1.978058183930175185e+00
-3.676152623297522570e+00,-3.676152623297522570e+00
-3.808874564812845254e+00,-3.808874564812845254e+00
-3.566738701434614800e+00,-3.566738701434614800e+00
-3.861832438380077281e+00,-3.861832438380077281e+00
-3.481274964949509609e+00,-3.481274964949509609e+00
-3.602339610579107898e+00,-3.602339610579107898e+00
-3.549584778597788759e+00,-3.549584778597788759e+00
-3.481871486258257153e+00,-3.481871486258257153e+00
-3.914664801745213030e+00,-3.914664801745213030e+00
-3.499554127510646317e+00,-3.499554127510646317e+00
-2.813055296542202655e+00,-2.813055296542202655e+00
-3.528340868301733657e+00,-3.528340868301733657e+00
-3.818916206168542882e+00,-3.818916206168542882e+00
-3.783566079037426810e+00,-3.783566079037426810e+00
-4.338549349448904024e+00,-4.338549349448904024e+00
-3.953352847036554429e+00,-3.953352847036554429e+00
-3.249091496796507883e+00,-3.249091496796507883e+00
-3.505758208296617440e+00,-3.505758208296617440e+00
-3.364848362439281093e+00,-3.364848362439281093e+00
-3.481609868172409694e+00,-3.481609868172409694e+00
-4.175767207121293900e+00,-4.175767207121293900e+00
-3.528841486984497067e+00,-3.528841486984497067e+00
-3.857253926769178776e+00,-3.857253926769178776e+00
-3.179530571852537069e+00,-3.179530571852537069e+00
-3.443305499954360194e+00,-3.443305499954360194e+00
-4.042294867245854739e+00,-4.042294867245854739e+00
-2.935373157296381486e+00,-2.935373157296381486e+00
-2.284703823665140465e+00,-2.284703823665140465e+00
-4.492634147179960458e+00,-4.492634147179960458e+00
-3.488673898575995747e+00,-3.488673898575995747e+00
-4.005803562342086899e+00,-4.005803562342086899e+00
-3.753064149048180642e+00,-3.753064149048180642e+00
-2.443023896666277839e+00,-2.443023896666277839e+00
-4.287970852193670801e+00,-4.287970852193670801e+00
-3.042155108978503275e+00,-3.042155108978503275e+00
-3.776593540395182469e+00,-3.776593540395182469e+00
-3.414002771261058111e+00,-3.414002771261058111e+00
-3.051754968182753380e+00,-3.051754968182753380e+00
-2.954651332736753400e+00,-2.954651332736753400e+00
-3.712406248735515391e+00,-3.712406248735515391e+00
-3.860515112978330166e+00,-3.860515112978330166e+00
-3.646505002483813040e+00,-3.646505002483813040e+00
-3.387365026430026127e+00,-3.387365026430026127e+00
-3.699748660729115013e+00,-3.699748660729115013e+00
-4.222323164178541255e+00,-4.222323164178541255e+00
-2.887626272313105869e+00,-2.887626272313105869e+00
-3.500572809245663830e+00,-3.500572809245663830e+00
-3.503818279939196589e+00,-3.503818279939196589e+00
-3.990695002053965990e+00,-3.990695002053965990e+00
-4.305223544793180146e+00,-4.305223544793180146e+00
-3.602286860452482919e+00,-3.602286860452482919e+00
-2.854037208517132385e+00,-2.854037208517132385e+00
-3.357661961500287617e+00,-3.357661961500287617e+00
-3.257298017691328873e+00,-3.257298017691328873e+00
-3.000162588451187773e+00,-3.000162588451187773e+00
-3.727844886390572210e+00,-3.727844886390572210e+00
-2.626356262584813361e+00,-2.626356262584813361e+00
-4.091692621614935632e+00,-4.091692621614935632e+00
-3.540258817403382441e+00,-3.540258817403382441e+00
-3.219991208837466701e+00,-3.219991208837466701e+00
-2.761231681127595206e+00,-2.761231681127595206e+00
-3.477612467129745699e+00,-3.477612467129745699e+00
-3.771301692104031211e+00,-3.771301692104031211e+00
-4.259642586930468156e+00,-4.259642586930468156e+00
-2.553992092928461410e+00,-2.553992092928461410e+00
-4.164366060279783177e+00,-4.164366060279783177e+00
-4.380014887010399427e+00,-4.380014887010399427e+00
-3.377948871369584882e+00,-3.377948871369584882e+00
-4.311798934409458717e+00,-4.311798934409458717e+00
-3.352328951419853986e+00,-3.352328951419853986e+00
-4.111305440205183181e+00,-4.111305440205183181e+00
-2.983817855820230402e+00,-2.983817855820230402e+00
-2.871158807485224340e+00,-2.871158807485224340e+00
-2.931000179227784219e+00,-2.931000179227784219e+00
-2.781004899101391814e+00,-2.781004899101391814e+00
-3.533847255772617491e+00,-3.533847255772617491e+00
-3.762011468278482429e+00,-3.762011468278482429e+00
-2.985508076558292423e+00,-2.985508076558292423e+00
-3.830057550083677764e+00,-3.830057550083677764e+00
-4.234465460982318241e+00,-4.234465460982318241e+00
-3.123741583952593714e+00,-3.123741583952593714e+00
-3.234537649554742877e+00,-3.234537649554742877e+00
-4.269793941396934578e+00,-4.269793941396934578e+00
-3.654671648849577625e+00,-3.654671648849577625e+00
-2.836553930982348870e+00,-2.836553930982348870e+00
-3.162811566283511677e+00,-3.162811566283511677e+00
-3.301241773978292660e+00,-3.301241773978292660e+00
-3.235695578314411236e+00,-3.235695578314411236e+00
-3.150896191717471595e+00,-3.150896191717471595e+00
-3.894315191446079627e+00,-3.894315191446079627e+00
-4.221857630545315487e+00,-4.221857630545315487e+00
-3.753552554990808421e+00,-3.753552554990808421e+00
-3.104820982641887550e+00,-3.104820982641887550e+00
-4.177186735063797229e+00,-4.177186735063797229e+00
-3.322772670540130147e+00,-3.322772670540130147e+00
-3.829137812430785548e+00,-3.829137812430785548e+00
-3.830505587510701471e+00,-3.830505587510701471e+00
-2.568243646529563495e+00,-2.568243646529563495e+00
-3.533253148508054942e+00,-3.533253148508054942e+00
-2.967780005428517498e+00,-2.967780005428517498e+00
-3.492226831990620450e+00,-3.492226831990620450e+00
-3.464706433593980783e+00,-3.464706433593980783e+00
-3.586791600186106876e+00,-3.586791600186106876e+00
-2.767599611098409795e+00,-2.767599611098409795e+00
-3.078325598283271791e+00,-3.078325598283271791e+00
-3.009338802635582066e+00,-3.009338802635582066e+00
-2.859759632430922682e+00,-2.859759632430922682e+00
-3.043018444590333438e+00,-3.043018444590333438e+00
-3.905731587430270935e+00,-3.905731587430270935e+00
-3.010702360725303173e+00,-3.010702360725303173e+00
-3.878686498177714714e+00,-3.878686498177714714e+00
-2.497657601756044343e+00,-2.497657601756044343e+00
-3.383927457182775989e+00,-3.383927457182775989e+00
-2.346403553376374518e+00,-2.346403553376374518e+00
-3.850462363832350299e+00,-3.850462363832350299e+00
-3.614354364024907618e+00,-3.614354364024907618e+00
-2.605165449186333859e+00,-2.605165449186333859e+00
-2.798449520519888267e+00,-2.798449520519888267e+00
-2.853331884998736356e+00,-2.853331884998736356e+00
-3.484269093448937760e+00,-3.484269093448937760e+00
-3.203909199752470904e+00,-3.203909199752470904e+00
-3.458854595499632367e+00,-3.458854595499632367e+00
-3.614716560605222284e+00,-3.614716560605222284e+00
-3.275554023568061801e+00,-3.275554023568061801e+00
-3.866343216061470578e+00,-3.866343216061470578e+00
-3.246731935979117800e+00,-3.246731935979117800e+00
-2.973498641858553171e+00,-2.973498641858553171e+00
-3.951710052493781156e+00,-3.951710052493781156e+00
-3.253034752843289024e+00,-3.253034752843289024e+00
-3.294432732694137833e+00,-3.294432732694137833e+00
-3.487528106513258397e+00,-3.487528106513258397e+00
-3.003111462527258801e+00,-3.003111462527258801e+00
-3.275216837653519786e+00,-3.275216837653519786e+00
-3.213986792310867369e+00,-3.213986792310867369e+00
-3.734639526316203106e+00,-3.734639526316203106e+00
-2.974246255468100841e+00,-2.974246255468100841e+00
-3.556936241692697287e+00,-3.556936241692697287e+00
-4.060902304624484316e+00,-4.060902304624484316e+00
-3.918429992416356811e+00,-3.918429992416356811e+00
-3.845777392137558870e+00,-3.845777392137558870e+00
-3.584695779472133470e+00,-3.584695779472133470e+00
-2.979130032994033783e+00,-2.979130032994033783e+00
-3.894854101723646878e+00,-3.894854101723646878e+00
-2.620815664909533993e+00,-2.620815664909533993e+00
-3.075922999702633831e+00,-3.075922999702633831e+00
-3.281212565958782079e+00,-3.281212565958782079e+00
-3.581643465640469426e+00,-3.581643465640469426e+00
-3.778344271980516034e+00,-3.778344271980516034e+00
-3.653097680751431042e+00,-3.653097680751431042e+00
-3.840666025050952115e+00,-3.840666025050952115e+00
-4.043001435343636096e+00,-4.043001435343636096e+00
-3.348131613443596777e+00,-3.348131613443596777e+00
-3.412406949721209060e+00,-3.412406949721209060e+00
-3.751444350253589466e+00,-3.751444350253589466e+00
-3.531284887671490846e+00,-3.531284887671490846e+00
-2.587525161152336217e+00,-2.587525161152336217e+00
-3.357442947119416043e+00,-3.357442947119416043e+00
-3.369191902990473331e+00,-3.369191902990473331e+00
-3.228558707258677440e+00,-3.228558707258677440e+00
-3.381093938421881884e+00,-3.381093938421881884e+00
-3.613453399851961123e+00,-3.613453399851961123e+00
-3.383000694770755157e+00,-3.383000694770755157e+00
-3.448859334352904149e+00,-3.448859334352904149e+00
-3.092773296895322765e+00,-3.092773296895322765e+00
-3.867413620818469511e+00,-3.867413620818469511e+00
-3.699174813653250737e+00,-3.699174813653250737e+00
-3.646266995059805893e+00,-3.646266995059805893e+00
-3.643697151838132697e+00,-3.643697151838132697e+00
-3.590101721926060474e+00,-3.590101721926060474e+00
-3.423446062175168780e+00,-3.423446062175168780e+00
-3.208884370500493688e+00,-3.208884370500493688e+00
-3.275578511932077497e+00,-3.275578511932077497e+00
-3.294257917816836745e+00,-3.294257917816836745e+00
-3.578221468849462017e+00,-3.578221468849462017e+00
-3.301594322684510363e+00,-3.301594322684510363e+00
-3.843517003823738509e+00,-3.843517003823738509e+00
-4.141748701811811095e+00,-4.141748701811811095e+00
-4.068499676651510910e+00,-4.068499676651510910e+00
-2.849663142764185420e+00,-2.849663142764185420e+00
-2.948722843314579567e+00,-2.948722843314579567e+00
-3.752370349848032305e+00,-3.752370349848032305e+00
-3.579446284533075229e+00,-3.579446284533075229e+00
-3.845971652427092380e+00,-3.845971652427092380e+00
-3.484332347686067255e+00,-3.484332347686067255e+00
-4.174326354955606888e+00,-4.174326354955606888e+00
-3.536764911457010108e+00,-3.536764911457010108e+00
-3.862811096908413955e+00,-3.862811096908413955e+00
-3.514066419048321510e+00,-3.514066419048321510e+00
-2.547515482963936151e+00,-2.547515482963936151e+00
-3.967024782152006157e+00,-3.967024782152006157e+00
-2.870669054377032126e+00,-2.870669054377032126e+00
-3.384475920823333706e+00,-3.384475920823333706e+00
-2.933726878490591439e+00,-2.933726878490591439e+00
-3.154410865285618204e+00,-3.154410865285618204e+00
-4.134121927587971257e+00,-4.134121927587971257e+00
-3.774115057543829366e+00,-3.774115057543829366e+00
-3.772227670357121809e+00,-3.772227670357121809e+00
-3.992212002742741461e+00,-3.992212002742741461e+00
-3.492150564073726482e+00,-3.492150564073726482e+00
-2.874276663664319553e+00,-2.874276663664319553e+00
-3.621806775633185538e+00,-3.621806775633185538e+00
-3.248679252437923104e+00,-3.248679252437923104e+00
-2.634314706444564447e+00,-2.634314706444564447e+00
-3.478353657984307734e+00,-3.478353657984307734e+00
-3.314074642355435696e+00,-3.314074642355435696e+00
-3.485151250827456693e+00,-3.485151250827456693e+00
-2.843456119291349005e+00,-2.843456119291349005e+00
-2.777184981292478039e+00,-2.777184981292478039e+00
-4.147654126736586733e+00,-4.147654126736586733e+00
-2.647606440880025946e+00,-2.647606440880025946e+00
-3.482018256082366925e+00,-3.482018256082366925e+00
-3.500930948379997520e+00,-3.500930948379997520e+00
-3.576418040291267975e+00,-3.576418040291267975e+00
-4.681871696968552321e+00,-4.681871696968552321e+00
-2.993825424696814341e+00,-2.993825424696814341e+00
-3.084608305766363578e+00,-3.084608305766363578e+00
-3.142524147146006364e+00,-3.142524147146006364e+00
-3.223696808168344585e+00,-3.223696808168344585e+00
-3.857776934198888341e+00,-3.857776934198888341e+00
-3.149803725416162603e+00,-3.149803725416162603e+00
-3.000935298961215025e+00,-3.000935298961215025e+00
-3.686800558685541684e+00,-3.686800558685541684e+00
-3.609179561700655015e+00,-3.609179561700655015e+00
-2.693497801193563745e+00,-2.693497801193563745e+00
-2.876315249016931919e+00,-2.876315249016931919e+00
-3.743527841738354400e+00,-3.743527841738354400e+00
-3.922985851289484849e+00,-3.922985851289484849e+00
-3.765482575199123882e+00,-3.765482575199123882e+00
-3.725110526334742822e+00,-3.725110526334742822e+00
-3.808663753421531073e+00,-3.808663753421531073e+00
-3.587652779747490417e+00,-3.587652779747490417e+00
-3.293340760683489243e+00,-3.293340760683489243e+00
-4.523208929310268189e+00,-4.523208929310268189e+00
-3.734392866101839292e+00,-3.734392866101839292e+00
-3.119211161932514020e+00,-3.119211161932514020e+00
-3.877425226246915990e+00,-3.877425226246915990e+00
-3.745909048681392850e+00,-3.745909048681392850e+00
-3.713506246349771889e+00,-3.713506246349771889e+00
-3.844141171160712300e+00,-3.844141171160712300e+00
-4.091720813673008550e+00,-4.091720813673008550e+00
-3.619736807328230110e+00,-3.619736807328230110e+00
-3.174870312347274126e+00,-3.174870312347274126e+00
-3.538935770927821078e+00,-3.538935770927821078e+00
-3.162786148116415230e+00,-3.162786148116415230e+00
-3.662399318369447876e+00,-3.662399318369447876e+00
-3.247708545290431736e+00,-3.247708545290431736e+00
-3.663621151093509720e+00,-3.663621151093509720e+00
-3.797950313441058601e+00,-3.797950313441058601e+00
-4.461657853425731624e+00,-4.461657853425731624e+00
-3.758821343465895914e+00,-3.758821343465895914e+00
-3.895347679362617388e+00,-3.895347679362617388e+00
-4.529991798389739976e+00,-4.529991798389739976e+00
-2.884198107543566092e+00,-2.884198107543566092e+00
-3.384753959962650161e+00,-3.384753959962650161e+00
-2.983107314344403349e+00,-2.983107314344403349e+00
-3.683205218736582687e+00,-3.683205218736582687e+00
-3.863672921020445461e+00,-3.863672921020445461e+00
-2.903118709053479130e+00,-2.903118709053479130e+00
-3.632416553633257106e+00,-3.632416553633257106e+00
-4.144112381723561889e+00,-4.144112381723561889e+00
-3.726665345527062190e+00,-3.726665345527062190e+00
-3.831551010349748321e+00,-3.831551010349748321e+00
-2.430643554844052812e+00,-2.430643554844052812e+00
-3.442152787886237242e+00,-3.442152787886237242e+00
-2.666914853338744340e+00,-2.666914853338744340e+00
-3.155628728120643434e+00,-3.155628728120643434e+00
-2.964985109159492538e+00,-2.964985109159492538e+00
-3.455123591462429200e+00,-3.455123591462429200e+00
-3.555533193858198882e+00,-3.555533193858198882e+00
-3.837902612030598348e+00,-3.837902612030598348e+00
-2.615901028101523806e+00,-2.615901028101523806e+00
-2.967674752094968227e+00,-2.967674752094968227e+00
-3.761579660623096011e+00,-3.761579660623096011e+00
-2.983162399567733214e+00,-2.983162399567733214e+00
-2.859202959922625631e+00,-2.859202959922625631e+00
-4.135734404552867893e+00,-4.135734404552867893e+00
-4.236523655714680814e+00,-4.236523655714680814e+00
-3.505169571503825576e+00,-3.505169571503825576e+00
-3.094699709628594864e+00,-3.094699709628594864e+00
-3.997070927640147264e+00,-3.997070927640147264e+00
-3.452757086631704997e+00,-3.452757086631704997e+00
-2.331198594655398360e+00,-2.331198594655398360e+00
-3.450056286099798974e+00,-3.450056286099798974e+00
-3.791349353417402313e+00,-3.791349353417402313e+00
-3.888437598492276326e+00,-3.888437598492276326e+00
-5.008412788409116523e+00,-5.008412788409116523e+00
-3.656776981270136950e+00,-3.656776981270136950e+00
-3.640554813707923998e+00,-3.640554813707923998e+00
-3.620811243021614168e+00,-3.620811243021614168e+00
-3.730627538074811067e+00,-3.730627538074811067e+00
-3.437920263996312453e+00,-3.437920263996312453e+00
-2.664748388595652440e+00,-2.664748388595652440e+00
-3.209024037171440025e+00,-3.209024037171440025e+00
-3.561341682133023490e+00,-3.561341682133023490e+00
-2.988877232843546228e+00,-2.988877232843546228e+00
-3.648445002087577826e+00,-3.648445002087577826e+00
-3.998737466188591050e+00,-3.998737466188591050e+00
-3.878939510429672666e+00,-3.878939510429672666e+00
-3.411994164659894135e+00,-3.411994164659894135e+00
-3.374049532942524188e+00,-3.374049532942524188e+00
-3.002410230081821396e+00,-3.002410230081821396e+00
-3.118638176489137326e+00,-3.118638176489137326e+00
-3.070600975870581451e+00,-3.070600975870581451e+00
-3.653379457333894464e+00,-3.653379457333894464e+00
-3.308495400574450240e+00,-3.308495400574450240e+00
-3.395163814435038674e+00,-3.395163814435038674e+00
-3.179322168751397282e+00,-3.179322168751397282e+00
-3.123960303401484673e+00,-3.123960303401484673e+00
-3.394826835697988709e+00,-3.394826835697988709e+00
-3.678969489120084368e+00,-3.678969489120084368e+00
-3.892853616024630981e+00,-3.892853616024630981e+00
-4.194046689894701530e+00,-4.194046689894701530e+00
-2.926119714181376175e+00,-2.926119714181376175e+00
-3.001329599929645209e+00,-3.001329599929645209e+00
-3.045868024495548276e+00,-3.045868024495548276e+00
-4.128268536637444086e+00,-4.128268536637444086e+00
-3.512423129248279263e+00,-3.512423129248279263e+00
-4.159504482930888258e+00,-4.159504482930888258e+00
-3.519348298795579311e+00,-3.519348298795579311e+00
-3.728047991026507191e+00,-3.728047991026507191e+00
-3.563506333389044656e+00,-3.563506333389044656e+00
-3.261812227365205263e+00,-3.261812227365205263e+00
-3.575426871466889533e+00,-3.575426871466889533e+00
-3.362918720697482655e+00,-3.362918720697482655e+00
-3.456878916534039003e+00,-3.456878916534039003e+00
-3.256374310002046357e+00,-3.256374310002046357e+00
-2.833784258055386029e+00,-2.833784258055386029e+00
-4.369601954438163460e+00,-4.369601954438163460e+00
-3.054977438712240367e+00,-3.054977438712240367e+00
-3.413823315563696337e+00,-3.413823315563696337e+00
-3.885408948532178552e+00,-3.885408948532178552e+00
-3.474333685919220205e+00,-3.474333685919220205e+00
-3.992317474888321005e+00,-3.992317474888321005e+00
-3.872861019856131293e+00,-3.872861019856131293e+00
-3.340364161696200096e+00,-3.340364161696200096e+00
-3.722084291302036885e+00,-3.722084291302036885e+00
-3.674897349190314522e+00,-3.674897349190314522e+00
-3.489602424185839435e+00,-3.489602424185839435e+00
-3.809839719464203522e+00,-3.809839719464203522e+00
-3.233431537894435159e+00,-3.233431537894435159e+00
-3.269588748181192273e+00,-3.269588748181192273e+00
-4.214289777060640674e+00,-4.214289777060640674e+00
-2.653130048283731668e+00,-2.653130048283731668e+00
-3.267014408812913384e+00,-3.267014408812913384e+00
-3.508719820663515510e+00,-3.508719820663515510e+00
-3.186383770804168680e+00,-3.186383770804168680e+00
-3.574521201811251103e+00,-3.574521201811251103e+00
-3.131947247788591682e+00,-3.131947247788591682e+00
-3.460432729773545990e+00,-3.460432729773545990e+00
-3.092952278222844686e+00,-3.092952278222844686e+00
-3.712136905499574535e+00,-3.712136905499574535e+00
-2.975324830384575403e+00,-2.975324830384575403e+00
-3.470041684204339560e+00,-3.470041684204339560e+00
-3.112436741438517007e+00,-3.112436741438517007e+00
-2.426497019706599367e+00,-2.426497019706599367e+00
-4.079242448051762615e+00,-4.079242448051762615e+00
-3.030783956764173226e+00,-3.030783956764173226e+00
-3.602923069845721304e+00,-3.602923069845721304e+00
-2.723337098358752595e+00,-2.723337098358752595e+00
-3.412607833501128951e+00,-3.412607833501128951e+00
-4.104235817340558867e+00,-4.104235817340558867e+00
-3.546675153488659138e+00,-3.546675153488659138e+00
-3.237328827396646513e+00,-3.237328827396646513e+00
-4.098130476977251746e+00,-4.098130476977251746e+00
-4.333825637322398450e+00,-4.333825637322398450e+00
-3.842362980565977360e+00,-3.842362980565977360e+00
-2.866039417128514177e+00,-2.866039417128514177e+00
-3.101138921260000458e+00,-3.101138921260000458e+00
-3.984943506773813926e+00,-3.984943506773813926e+00
-3.624533588147870411e+00,-3.624533588147870411e+00
-3.452509703200241642e+00,-3.452509703200241642e+00
-2.844881416551353404e+00,-2.844881416551353404e+00
-3.641352474038254794e+00,-3.641352474038254794e+00
-3.507360289607274417e+00,-3.507360289607274417e+00
-3.724026069315262699e+00,-3.724026069315262699e+00
-3.642476431526162184e+00,-3.642476431526162184e+00
-3.745343666874788813e+00,-3.745343666874788813e+00
-2.763049557267566847e+00,-2.763049557267566847e+00
-2.482796044753854403e+00,-2.482796044753854403e+00
-3.796542004315472063e+00,-3.796542004315472063e+00
-3.629596123074919412e+00,-3.629596123074919412e+00
-4.469595307082331992e+00,-4.469595307082331992e+00
-2.686260740586992490e+00,-2.686260740586992490e+00
-4.065983277867348811e+00,-4.065983277867348811e+00
-4.306089033294052015e+00,-4.306089033294052015e+00
-3.040486444561944168e+00,-3.040486444561944168e+00
-2.846694624038019317e+00,-2.846694624038019317e+00
-3.545993805797446274e+00,-3.545993805797446274e+00
-3.314947166023859637e+00,-3.314947166023859637e+00
-3.178473829148957375e+00,-3.178473829148957375e+00
-3.045646937563440737e+00,-3.045646937563440737e+00
-4.408614669407453057e+00,-4.408614669407453057e+00
-3.382852838831354347e+00,-3.382852838831354347e+00
-3.979148169223518217e+00,-3.979148169223518217e+00
-4.073906810901141817e+00,-4.073906810901141817e+00
-3.007583007655031171e+00,-3.007583007655031171e+00
-3.396590201498965289e+00,-3.396590201498965289e+00
-3.708986093399854411e+00,-3.708986093399854411e+00
-4.385568867410897909e+00,-4.385568867410897909e+00
-3.533055656454394455e+00,-3.533055656454394455e+00
-3.207678759094461096e+00,-3.207678759094461096e+00
-4.850365659827656550e+00,-4.850365659827656550e+00
-2.961695933728812680e+00,-2.961695933728812680e+00
-4.794990254663472840e+00,-4.794990254663472840e+00
-3.511712367679071800e+00,-3.511712367679071800e+00
-3.531317145498471088e+00,-3.531317145498471088e+00
-3.722204998234170947e+00,-3.722204998234170947e+00
-3.855850985962976374e+00,-3.855850985962976374e+00
-2.883733237453976805e+00,-2.883733237453976805e+00
-2.973727149296799599e+00,-2.973727149296799599e+00
-3.200907889026427533e+00,-3.200907889026427533e+00
-4.069282510656941909e+00,-4.069282510656941909e+00
-3.920551843297983119e+00,-3.920551843297983119e+00
-3.188774444409080200e+00,-3.188774444409080200e+00
-3.532898372305540935e+00,-3.532898372305540935e+00
-3.391401375402315121e+00,-3.391401375402315121e+00
-4.008992223559669554e+00,-4.008992223559669554e+00
-2.668311802243538366e+00,-2.668311802243538366e+00
-3.157003814427996602e+00,-3.157003814427996602e+00
-2.930643951560159888e+00,-2.930643951560159888e+00
-3.655854370704709311e+00,-3.655854370704709311e+00
-4.068720879397563550e+00,-4.068720879397563550e+00
-3.287563936514490859e+00,-3.287563936514490859e+00
-4.010234010194845489e+00,-4.010234010194845489e+00
-3.600712136448622758e+00,-3.600712136448622758e+00
-3.464750511452069581e+00,-3.464750511452069581e+00
-3.798077179400743741e+00,-3.798077179400743741e+00
-2.653561199513814639e+00,-2.653561199513814639e+00
-2.737193562914532308e+00,-2.737193562914532308e+00
-3.804864005157672757e+00,-3.804864005157672757e+00
-3.918751772833449998e+00,-3.918751772833449998e+00
-2.813081392810353520e+00,-2.813081392810353520e+00
-3.255646826662625504e+00,-3.255646826662625504e+00
-3.671717426449364829e+00,-3.671717426449364829e+00
-3.352532929868409006e+00,-3.352532929868409006e+00
-3.560799908340671394e+00,-3.560799908340671394e+00
-3.387161204133262604e+00,-3.387161204133262604e+00
-3.759346816043043660e+00,-3.759346816043043660e+00
-3.394945515309359063e+00,-3.394945515309359063e+00
-3.120334018922251929e+00,-3.120334018922251929e+00
-3.782350233756294422e+00,-3.782350233756294422e+00
-3.733888483739910225e+00,-3.733888483739910225e+00
-3.066999862887796358e+00,-3.066999862887796358e+00
-3.834502916621487234e+00,-3.834502916621487234e+00
-3.297681289497292223e+00,-3.297681289497292223e+00
-3.782749180633731445e+00,-3.782749180633731445e+00
-2.894654414662038544e+00,-2.894654414662038544e+00
-3.352060954547096738e+00,-3.352060954547096738e+00
-3.424163802769144560e+00,-3.424163802769144560e+00
-3.034521640063894132e+00,-3.034521640063894132e+00
-3.687252905040653950e+00,-3.687252905040653950e+00
-3.087395286701344777e+00,-3.087395286701344777e+00
-3.618031909783156586e+00,-3.618031909783156586e+00
-2.368699550023205536e+00,-2.368699550023205536e+00
-3.918303132966410196e+00,-3.918303132966410196e+00
-3.670830432660835640e+00,-3.670830432660835640e+00
-3.456250586455734020e+00,-3.456250586455734020e+00
-3.503075546708751542e+00,-3.503075546708751542e+00
-3.560699831677004656e+00,-3.560699831677004656e+00
-3.594222879615943889e+00,-3.594222879615943889e+00
-4.057308344173147674e+00,-4.057308344173147674e+00
-2.889100290641373192e+00,-2.889100290641373192e+00
-3.363846179105752121e+00,-3.363846179105752121e+00
-3.784656772832304394e+00,-3.784656772832304394e+00
-4.034424385029400817e+00,-4.034424385029400817e+00
-3.119301561421284230e+00,-3.119301561421284230e+00
-3.769274878703538167e+00,-3.769274878703538167e+00
-3.585336906394875012e+00,-3.585336906394875012e+00
-2.256517323526795238e+00,-2.256517323526795238e+00
-3.498143402793886914e+00,-3.498143402793886914e+00
-4.034553848476424953e+00,-4.034553848476424953e+00
-4.710583230089702589e+00,-4.710583230089702589e+00
-3.534896375423983717e+00,-3.534896375423983717e+00
-3.706383009757071800e+00,-3.706383009757071800e+00
-3.752490595288872743e+00,-3.752490595288872743e+00
-3.977961797777791464e+00,-3.977961797777791464e+00
-3.221594261508998081e+00,-3.221594261508998081e+00
-3.890611106341331116e+00,-3.890611106341331116e+00
-3.651677997211497217e+00,-3.651677997211497217e+00
-3.558532207164226246e+00,-3.558532207164226246e+00
-2.462158138445858846e+00,-2.462158138445858846e+00
-2.720632458947857213e+00,-2.720632458947857213e+00
-4.285485164765382216e+00,-4.285485164765382216e+00
-4.118197132374601388e+00,-4.118197132374601388e+00
-3.791634943556476234e+00,-3.791634943556476234e+00
-3.596786028862966944e+00,-3.596786028862966944e+00
-3.299563449705358753e+00,-3.299563449705358753e+00
-3.194409113479364848e+00,-3.194409113479364848e+00
-3.134496355048074445e+00,-3.134496355048074445e+00
-3.953621563418208584e+00,-3.953621563418208584e+00
-3.731925757026195889e+00,-3.731925757026195889e+00
-3.847089417376987619e+00,-3.847089417376987619e+00
-3.599165146517559144e+00,-3.599165146517559144e+00
-3.922751816547591197e+00,-3.922751816547591197e+00
-3.448626249919600983e+00,-3.448626249919600983e+00
-3.005619271670560089e+00,-3.005619271670560089e+00
-4.238764267904262084e+00,-4.238764267904262084e+00
-2.895410935962890342e+00,-2.895410935962890342e+00
-3.905048112283178163e+00,-3.905048112283178163e+00
-3.298685467287314488e+00,-3.298685467287314488e+00
-3.975394908093596413e+00,-3.975394908093596413e+00
-2.918499444770568996e+00,-2.918499444770568996e+00
-3.934457113378273529e+00,-3.934457113378273529e+00
-2.967525165004482268e+00,-2.967525165004482268e+00
-3.745896602162864131e+00,-3.745896602162864131e+00
-3.586435521009322169e+00,-3.586435521009322169e+00
-2.652949501233413443e+00,-2.652949501233413443e+00
-3.667507941012785100e+00,-3.667507941012785100e+00
-2.731915220279585554e+00,-2.731915220279585554e+00
-4.129073256320441310e+00,-4.129073256320441310e+00
-3.805300881426940673e+00,-3.805300881426940673e+00
-3.954768157049053823e+00,-3.954768157049053823e+00
-3.510095398287873980e+00,-3.510095398287873980e+00
-3.822987777199329695e+00,-3.822987777199329695e+00
-3.893447608307129215e+00,-3.893447608307129215e+00
-3.949694011558047890e+00,-3.949694011558047890e+00
-3.675267441575467586e+00,-3.675267441575467586e+00
-3.676409767446080501e+00,-3.676409767446080501e+00
-3.807903484194299804e+00,-3.807903484194299804e+00
-4.047735562076308469e+00,-4.047735562076308469e+00
-2.893567570628107433e+00,-2.893567570628107433e+00
-2.925744076054767273e+00,-2.925744076054767273e+00
-3.858244488716223941e+00,-3.858244488716223941e+00
-3.966256519509668177e+00,-3.966256519509668177e+00
-2.788751947279030308e+00,-2.788751947279030308e+00
-3.684922836626305820e+00,-3.684922836626305820e+00
-3.534718279476219749e+00,-3.534718279476219749e+00
-3.475845216416948436e+00,-3.475845216416948436e+00
-3.451133088918145297e+00,-3.451133088918145297e+00
-3.467727144982815979e+00,-3.467727144982815979e+00
-3.594517809385983753e+00,-3.594517809385983753e+00
-3.664657234062195901e+00,-3.664657234062195901e+00
-3.879884447143364223e+00,-3.879884447143364223e+00
-3.511912713907736183e+00,-3.511912713907736183e+00
-3.378311479299294984e+00,-3.378311479299294984e+00
-3.255660108327471658e+00,-3.255660108327471658e+00
-3.224431685850096763e+00,-3.224431685850096763e+00
-3.550268964515064685e+00,-3.550268964515064685e+00
-2.743327555300844267e+00,-2.743327555300844267e+00
-3.646157416865979606e+00,-3.646157416865979606e+00
-2.477133532166635455e+00,-2.477133532166635455e+00
-3.221838026927802634e+00,-3.221838026927802634e+00
-4.122937651408591364e+00,-4.122937651408591364e+00
-3.868617735312270600e+00,-3.868617735312270600e+00
-2.918326118443298700e+00,-2.918326118443298700e+00
-3.997290077563266042e+00,-3.997290077563266042e+00
-4.120779211548724952e+00,-4.120779211548724952e+00
