-3.689101157599274095e-02,-3.689101157599274095e-02
-4.042019583265289012e-02,-4.042019583265289012e-02
-3.821419596680425412e-02,-3.821419596680425412e-02
-4.180853907320216528e-02,-4.180853907320216528e-02
-3.846041488735536806e-02,-3.846041488735536806e-02
-2.481665179345814154e-02,-2.481665179345814154e-02
-2.991394451908411384e-02,-2.991394451908411384e-02
-2.956369053800747548e-02,-2.956369053800747548e-02
-3.366620334049583163e-02,-3.366620334049583163e-02
-4.648239697649196589e-02,-4.648239697649196589e-02
-2.820356865787015943e-02,-2.820356865787015943e-02
-3.096279480921862448e-02,-3.096279480921862448e-02
-5.945674052155906775e-02,-5.945674052155906775e-02
-1.526019070198014055e-02,-1.526019070198014055e-02
-4.182299361773750973e-02,-4.182299361773750973e-02
-3.910870307149118957e-02,-3.910870307149118957e-02
-5.642535252716875810e-02,-5.642535252716875810e-02
-3.244602934108328091e-02,-3.244602934108328091e-02
-4.037436995767786085e-02,-4.037436995767786085e-02
-4.223340735600840390e-02,-4.223340735600840390e-02
-3.134282107904151626e-02,-3.134282107904151626e-02
-3.946807747683243883e-02,-3.946807747683243883e-02
-4.037498558300822021e-02,-4.037498558300822021e-02
-4.211104131987297716e-02,-4.211104131987297716e-02
-6.020089553345367439e-02,-6.020089553345367439e-02
-2.882456431630778942e-02,-2.882456431630778942e-02
-5.684843451990841123e-02,-5.684843451990841123e-02
-5.053987466914622306e-02,-5.053987466914622306e-02
-6.131251669691888118e-02,-6.131251669691888118e-02
-4.160933601675301241e-02,-4.160933601675301241e-02
-3.760644202088542221e-02,-3.760644202088542221e-02
-2.635839109876975117e-02,-2.635839109876975117e-02
-2.670572058239982505e-02,-2.670572058239982505e-02
-2.450966227600943209e-02,-2.450966227600943209e-02
-2.615720102588932339e-02,-2.615720102588932339e-02
-2.860076122167880264e-02,-2.860076122167880264e-02
-2.568451781742515233e-02,-2.568451781742515233e-02
-3.016274443055225185e-02,-3.016274443055225185e-02
-4.100515039288989139e-02,-4.100515039288989139e-02
-1.636706450751822250e-02,-1.636706450751822250e-02
-5.412684980587396943e-02,-5.412684980587396943e-02
-4.925756083098008914e-02,-4.925756083098008914e-02
-2.781303685888910499e-02,-2.781303685888910499e-02
-3.289830771737685400e-02,-3.289830771737685400e-02
-2.237615670680084823e-02,-2.237615670680084823e-02
-5.388218808687719047e-02,-5.388218808687719047e-02
-4.250605677821506223e-02,-4.250605677821506223e-02
-4.764509237090339133e-02,-4.764509237090339133e-02
-4.227079287320648776e-02,-4.227079287320648776e-02
-2.836648766281691172e-02,-2.836648766281691172e-02
-4.147959010675883462e-02,-4.147959010675883462e-02
-4.186766948286736734e-02,-4.186766948286736734e-02
-2.611523270575469291e-02,-2.611523270575469291e-02
-4.242867092456688999e-02,-4.242867092456688999e-02
-4.169670231969996310e-02,-4.169670231969996310e-02
-2.464249824158642327e-02,-2.464249824158642327e-02
-3.258109409183895105e-02,-3.258109409183895105e-02
-2.312090250700164773e-03,-2.312090250700164773e-03
-4.575233231293816816e-02,-4.575233231293816816e-02
-4.605493168613336574e-02,-4.605493168613336574e-02
-2.180811091970821097e-02,-2.180811091970821097e-02
-2.821303275841072905e-02,-2.821303275841072905e-02
-1.682251558556653592e-02,-1.682251558556653592e-02
-2.907297648329293382e-02,-2.907297648329293382e-02
-3.777952284278440070e-02,-3.777952284278440070e-02
-1.429070279888157435e-02,-1.429070279888157435e-02
-2.963085040099869283e-02,-2.963085040099869283e-02
-2.864365013550598110e-02,-2.864365013550598110e-02
-4.248714340671471551e-02,-4.248714340671471551e-02
-5.486972208742476459e-02,-5.486972208742476459e-02
-3.653149261631794681e-02,-3.653149261631794681e-02
-4.673074318586875608e-02,-4.673074318586875608e-02
-4.636217430185470001e-02,-4.636217430185470001e-02
-4.119748039234964049e-02,-4.119748039234964049e-02
-2.465157738726504039e-02,-2.465157738726504039e-02
-3.529415368614333831e-02,-3.529415368614333831e-02
-3.754204094460403957e-02,-3.754204094460403957e-02
-2.436819116963383214e-02,-2.436819116963383214e-02
-4.822750119319289125e-02,-4.822750119319289125e-02
-4.234704364205141291e-02,-4.234704364205141291e-02
-3.393725023159768067e-02,-3.393725023159768067e-02
-5.668284123269098917e-02,-5.668284123269098917e-02
-5.195104056243258356e-02,-5.195104056243258356e-02
-2.819771556708960264e-02,-2.819771556708960264e-02
-1.257177137416896906e-02,-1.257177137416896906e-02
-4.864701463067662435e-02,-4.864701463067662435e-02
-2.380113686742237056e-02,-2.380113686742237056e-02
-4.646334119721755307e-02,-4.646334119721755307e-02
-5.196843149094019371e-02,-5.196843149094019371e-02
-2.900405789957503921e-02,-2.900405789957503921e-02
-1.708294151136877104e-02,-1.708294151136877104e-02
-4.422246405857517548e-02,-4.422246405857517548e-02
-3.371000608169658075e-02,-3.371000608169658075e-02
-1.956861837939200682e-02,-1.956861837939200682e-02
-3.655429054006965883e-02,-3.655429054006965883e-02
-2.410716837869961160e-02,-2.410716837869961160e-02
-5.036949209088301821e-02,-5.036949209088301821e-02
-4.769824074136565228e-02,-4.769824074136565228e-02
-2.429490074232117103e-02,-2.429490074232117103e-02
-3.702678813056000523e-02,-3.702678813056000523e-02
-2.994905692796510921e-02,-2.994905692796510921e-02
-4.953653147238153837e-02,-4.953653147238153837e-02
-3.349032260881817935e-02,-3.349032260881817935e-02
-3.540510179902168347e-02,-3.540510179902168347e-02
-4.803106283304476448e-02,-4.803106283304476448e-02
-3.585345605047349227e-02,-3.585345605047349227e-02
-4.036098198298344875e-02,-4.036098198298344875e-02
-3.042143957052120123e-02,-3.042143957052120123e-02
-3.067449564351321101e-02,-3.067449564351321101e-02
-2.942674279942723153e-02,-2.942674279942723153e-02
-3.991010972870095985e-02,-3.991010972870095985e-02
-4.056016290308034344e-02,-4.056016290308034344e-02
-4.578970884720977297e-02,-4.578970884720977297e-02
-3.835020061687205439e-02,-3.835020061687205439e-02
-2.509088686795678952e-02,-2.509088686795678952e-02
-5.156012042828003739e-02,-5.156012042828003739e-02
-2.359832977648654989e-02,-2.359832977648654989e-02
-4.938056310523537829e-02,-4.938056310523537829e-02
-4.935909412345603625e-02,-4.935909412345603625e-02
-2.501744368909121496e-02,-2.501744368909121496e-02
-4.323459176970698842e-02,-4.323459176970698842e-02
-5.442405242854456843e-02,-5.442405242854456843e-02
-6.217475851824244559e-02,-6.217475851824244559e-02
-5.328717713080213803e-02,-5.328717713080213803e-02
-1.294126265194676245e-02,-1.294126265194676245e-02
-1.905010839495251823e-02,-1.905010839495251823e-02
-4.522992463117407602e-02,-4.522992463117407602e-02
-1.427310501612227139e-02,-1.427310501612227139e-02
-3.656175402348666587e-02,-3.656175402348666587e-02
-3.104967042636492397e-02,-3.104967042636492397e-02
-2.876878614581411531e-02,-2.876878614581411531e-02
-2.031157510122763576e-02,-2.031157510122763576e-02
-3.209167709539711977e-02,-3.209167709539711977e-02
-4.305471395875470897e-02,-4.305471395875470897e-02
-3.514732444459101740e-02,-3.514732444459101740e-02
-3.569431080705577630e-02,-3.569431080705577630e-02
-2.306611118559283996e-02,-2.306611118559283996e-02
-2.551100568150205250e-02,-2.551100568150205250e-02
-3.910518718786830383e-02,-3.910518718786830383e-02
-3.784283496758876486e-02,-3.784283496758876486e-02
-3.864182300915409984e-02,-3.864182300915409984e-02
-3.570957471143115791e-02,-3.570957471143115791e-02
-3.521302540605510817e-02,-3.521302540605510817e-02
-3.710293283353102017e-02,-3.710293283353102017e-02
-2.644396091626070866e-02,-2.644396091626070866e-02
-3.593536416667508782e-02,-3.593536416667508782e-02
-5.600538288235078904e-02,-5.600538288235078904e-02
-4.856830234839807497e-02,-4.856830234839807497e-02
-4.425524538749902453e-02,-4.425524538749902453e-02
-2.505389116125317922e-02,-2.505389116125317922e-02
-3.265985583178246388e-02,-3.265985583178246388e-02
-2.730559664431952971e-02,-2.730559664431952971e-02
-1.442532344074194672e-02,-1.442532344074194672e-02
-3.475764791401041165e-02,-3.475764791401041165e-02
-5.390283594532949141e-02,-5.390283594532949141e-02
-4.146791186452311595e-02,-4.146791186452311595e-02
-3.855608483711031598e-02,-3.855608483711031598e-02
-4.165770083890402847e-02,-4.165770083890402847e-02
-4.235485940714138475e-02,-4.235485940714138475e-02
-3.850479437339884153e-02,-3.850479437339884153e-02
-4.058101352519694061e-02,-4.058101352519694061e-02
-4.637113873198101671e-02,-4.637113873198101671e-02
-4.486127206584161753e-02,-4.486127206584161753e-02
-3.952299724339505826e-02,-3.952299724339505826e-02
-3.084721584553564572e-02,-3.084721584553564572e-02
-3.897495632778143204e-02,-3.897495632778143204e-02
-3.405749312108202753e-02,-3.405749312108202753e-02
-2.769305861529694490e-02,-2.769305861529694490e-02
-3.735254414219756069e-02,-3.735254414219756069e-02
-3.558269571101044942e-02,-3.558269571101044942e-02
-4.984144617362754048e-02,-4.984144617362754048e-02
-3.651104399022475633e-02,-3.651104399022475633e-02
-3.015496229726363428e-02,-3.015496229726363428e-02
-5.499681559936382691e-02,-5.499681559936382691e-02
-1.304204985853958665e-02,-1.304204985853958665e-02
-3.492278235365319644e-02,-3.492278235365319644e-02
-2.102665286300375164e-02,-2.102665286300375164e-02
-5.517003609424171034e-02,-5.517003609424171034e-02
-3.756065961660710883e-02,-3.756065961660710883e-02
-1.598966559318869274e-02,-1.598966559318869274e-02
-4.383622486370691851e-02,-4.383622486370691851e-02
-2.944522671795453406e-02,-2.944522671795453406e-02
-2.472150715323988279e-02,-2.472150715323988279e-02
-2.829755900679491176e-02,-2.829755900679491176e-02
-4.460578034541284875e-02,-4.460578034541284875e-02
-5.243530999947648708e-02,-5.243530999947648708e-02
-3.618507621047016565e-02,-3.618507621047016565e-02
-5.481830850374326547e-02,-5.481830850374326547e-02
-2.871976303301509992e-02,-2.871976303301509992e-02
-2.712810564921613876e-02,-2.712810564921613876e-02
-4.939617158683327208e-02,-4.939617158683327208e-02
-2.100660064000899746e-02,-2.100660064000899746e-02
-4.049873541486286033e-02,-4.049873541486286033e-02
-4.022878719768598066e-02,-4.022878719768598066e-02
-4.500413301566744823e-02,-4.500413301566744823e-02
-2.435821311579794424e-02,-2.435821311579794424e-02
-4.132143431427216795e-02,-4.132143431427216795e-02
-5.998716855254456609e-02,-5.998716855254456609e-02
-4.677389608995823761e-02,-4.677389608995823761e-02
-4.690669553433614303e-02,-4.690669553433614303e-02
-4.356413909710173810e-02,-4.356413909710173810e-02
-3.033958020929209548e-02,-3.033958020929209548e-02
-2.388416456488921813e-02,-2.388416456488921813e-02
-5.566206735131255801e-02,-5.566206735131255801e-02
-4.613509317752559347e-02,-4.613509317752559347e-02
-1.030651517080237445e-02,-1.030651517080237445e-02
-2.387794144297772370e-02,-2.387794144297772370e-02
-5.106146128016540719e-02,-5.106146128016540719e-02
-2.352961965530488142e-02,-2.352961965530488142e-02
-4.147719538035787162e-02,-4.147719538035787162e-02
-2.252032821551159386e-02,-2.252032821551159386e-02
-5.911603151475487705e-02,-5.911603151475487705e-02
-2.542459818655619375e-02,-2.542459818655619375e-02
-2.304479883034865617e-02,-2.304479883034865617e-02
-4.826321967609120689e-02,-4.826321967609120689e-02
-3.993703673649513092e-02,-3.993703673649513092e-02
-4.173538655214367732e-02,-4.173538655214367732e-02
-4.495600209142107395e-02,-4.495600209142107395e-02
-2.556741548164305489e-02,-2.556741548164305489e-02
-4.958232379211550966e-02,-4.958232379211550966e-02
-3.341072239482846540e-02,-3.341072239482846540e-02
-4.691379317275386207e-02,-4.691379317275386207e-02
-3.967854744337909190e-02,-3.967854744337909190e-02
-6.050049011779702612e-02,-6.050049011779702612e-02
-4.853928837526100271e-02,-4.853928837526100271e-02
-4.672497904326391310e-02,-4.672497904326391310e-02
-4.330922982939146987e-02,-4.330922982939146987e-02
-3.487506022502996628e-02,-3.487506022502996628e-02
-3.556888550719364966e-02,-3.556888550719364966e-02
-3.112714085413664789e-02,-3.112714085413664789e-02
-3.484061740675108154e-02,-3.484061740675108154e-02
-3.788244771961351426e-02,-3.788244771961351426e-02
-4.692578902795386392e-02,-4.692578902795386392e-02
-4.790345643211355725e-02,-4.790345643211355725e-02
-4.882407094862173391e-02,-4.882407094862173391e-02
-4.329796176090842941e-02,-4.329796176090842941e-02
-3.653604087634898523e-02,-3.653604087634898523e-02
-3.289542277282135607e-02,-3.289542277282135607e-02
-6.164150661863754960e-02,-6.164150661863754960e-02
-3.327940238559894820e-02,-3.327940238559894820e-02
-4.972919604954333800e-02,-4.972919604954333800e-02
-1.863694106219564162e-02,-1.863694106219564162e-02
-1.647234670253754779e-02,-1.647234670253754779e-02
-1.958560319788905241e-02,-1.958560319788905241e-02
-4.069180245907003807e-02,-4.069180245907003807e-02
-4.018353713146771006e-02,-4.018353713146771006e-02
-1.798336497276895735e-02,-1.798336497276895735e-02
-5.195333630010401382e-02,-5.195333630010401382e-02
-3.018095141685971441e-02,-3.018095141685971441e-02
-2.488029538871659035e-02,-2.488029538871659035e-02
-3.738402911793514000e-02,-3.738402911793514000e-02
-5.610256451893267521e-02,-5.610256451893267521e-02
-4.321882735259301861e-02,-4.321882735259301861e-02
-3.558107338993233421e-02,-3.558107338993233421e-02
-2.267868225873305443e-02,-2.267868225873305443e-02
-4.748930253976975380e-02,-4.748930253976975380e-02
-5.816758874912236060e-02,-5.816758874912236060e-02
-2.075007947941619191e-02,-2.075007947941619191e-02
-4.206439894231424337e-02,-4.206439894231424337e-02
-2.935788198166901924e-02,-2.935788198166901924e-02
-1.942069810900060034e-02,-1.942069810900060034e-02
-1.631803571155768934e-02,-1.631803571155768934e-02
-2.411951478596467691e-02,-2.411951478596467691e-02
-5.290595400106477830e-02,-5.290595400106477830e-02
-5.277963882414803132e-02,-5.277963882414803132e-02
-4.317939159301555779e-02,-4.317939159301555779e-02
-4.254902959535197121e-02,-4.254902959535197121e-02
-4.628911696608858928e-02,-4.628911696608858928e-02
-4.976881688641199286e-02,-4.976881688641199286e-02
-3.889050433906415805e-03,-3.889050433906415805e-03
-3.054921802291434701e-02,-3.054921802291434701e-02
-2.925740733776376751e-02,-2.925740733776376751e-02
-3.113496675874184716e-02,-3.113496675874184716e-02
-2.418642923672827127e-02,-2.418642923672827127e-02
-3.941030106957428558e-02,-3.941030106957428558e-02
-5.432499753969916717e-02,-5.432499753969916717e-02
-3.363282744861115919e-02,-3.363282744861115919e-02
-1.840663955433936849e-02,-1.840663955433936849e-02
-2.587934851267094383e-02,-2.587934851267094383e-02
-4.536040438217444487e-02,-4.536040438217444487e-02
-5.037926112021519354e-02,-5.037926112021519354e-02
-2.265054036077356753e-02,-2.265054036077356753e-02
-3.805732800160527285e-02,-3.805732800160527285e-02
-1.996064946683979990e-02,-1.996064946683979990e-02
-5.604251738454873316e-02,-5.604251738454873316e-02
-4.342575411413329700e-02,-4.342575411413329700e-02
-3.394343787399620865e-02,-3.394343787399620865e-02
-3.163500855284577529e-02,-3.163500855284577529e-02
-3.919562806954129952e-02,-3.919562806954129952e-02
-1.392602385093438117e-02,-1.392602385093438117e-02
-3.592552810987176964e-02,-3.592552810987176964e-02
-3.871432022468206807e-02,-3.871432022468206807e-02
-3.063977338731210809e-02,-3.063977338731210809e-02
-3.590641606526815549e-02,-3.590641606526815549e-02
-2.824840935839831313e-02,-2.824840935839831313e-02
-6.046086109386997198e-02,-6.046086109386997198e-02
-3.521609016618415522e-02,-3.521609016618415522e-02
-2.644699701561943964e-02,-2.644699701561943964e-02
-4.291538277558374498e-02,-4.291538277558374498e-02
-3.308709250526883916e-02,-3.308709250526883916e-02
-4.168807537807160679e-02,-4.168807537807160679e-02
-5.947588760555669318e-02,-5.947588760555669318e-02
-2.297041629392226197e-02,-2.297041629392226197e-02
-3.381512896477495422e-02,-3.381512896477495422e-02
-2.988433852084735123e-02,-2.988433852084735123e-02
-1.626007464680988973e-02,-1.626007464680988973e-02
-5.358444205784834019e-02,-5.358444205784834019e-02
-3.148420295658758972e-02,-3.148420295658758972e-02
-3.975553447440405980e-02,-3.975553447440405980e-02
-3.639005876291393632e-02,-3.639005876291393632e-02
-2.183420393245295160e-02,-2.183420393245295160e-02
-2.783798620923540190e-02,-2.783798620923540190e-02
-3.274996575054450743e-02,-3.274996575054450743e-02
-2.636688056689694831e-02,-2.636688056689694831e-02
-3.298062581159882239e-02,-3.298062581159882239e-02
-4.889197929180284091e-02,-4.889197929180284091e-02
-3.128400327131294900e-02,-3.128400327131294900e-02
-4.965375098062271148e-02,-4.965375098062271148e-02
-4.177127168648561012e-02,-4.177127168648561012e-02
-3.261635334740714542e-02,-3.261635334740714542e-02
-3.993317170703727936e-02,-3.993317170703727936e-02
-4.450901992890050202e-02,-4.450901992890050202e-02
-5.677467241002956411e-02,-5.677467241002956411e-02
-2.018424046514135511e-02,-2.018424046514135511e-02
-1.325897671178920267e-02,-1.325897671178920267e-02
-4.947018354373403093e-03,-4.947018354373403093e-03
-5.809425672170014099e-02,-5.809425672170014099e-02
-1.855636433823124043e-02,-1.855636433823124043e-02
-4.733017000727045287e-02,-4.733017000727045287e-02
-3.658233787772414286e-02,-3.658233787772414286e-02
-4.771957961283797289e-02,-4.771957961283797289e-02
-1.441217922021587050e-02,-1.441217922021587050e-02
-1.429172560613092141e-02,-1.429172560613092141e-02
-3.014420675218343337e-02,-3.014420675218343337e-02
-3.284291379295675023e-02,-3.284291379295675023e-02
-7.388837870064263180e-02,-7.388837870064263180e-02
-2.084424012459876185e-02,-2.084424012459876185e-02
-3.436153125361060545e-02,-3.436153125361060545e-02
-2.078686322181629714e-02,-2.078686322181629714e-02
-6.030846764964740286e-02,-6.030846764964740286e-02
-4.563038826103072571e-02,-4.563038826103072571e-02
-4.589489800579625578e-02,-4.589489800579625578e-02
-3.491251340275661891e-02,-3.491251340275661891e-02
-1.758130335120858256e-02,-1.758130335120858256e-02
-4.736859139746642244e-02,-4.736859139746642244e-02
-3.116915045335950929e-02,-3.116915045335950929e-02
-2.327298797956093429e-02,-2.327298797956093429e-02
-4.112191953354426416e-02,-4.112191953354426416e-02
-2.709716317177132683e-02,-2.709716317177132683e-02
-4.054946297744566053e-02,-4.054946297744566053e-02
-3.779185610540998497e-02,-3.779185610540998497e-02
-4.090986789926898820e-02,-4.090986789926898820e-02
-3.128360062283513932e-02,-3.128360062283513932e-02
-2.829463143388138979e-02,-2.829463143388138979e-02
-2.638214352874324042e-02,-2.638214352874324042e-02
-4.064358395664375428e-02,-4.064358395664375428e-02
-2.961760846231702854e-02,-2.961760846231702854e-02
-1.130333281974808118e-02,-1.130333281974808118e-02
-3.672774891167356059e-02,-3.672774891167356059e-02
-3.585405109187493611e-02,-3.585405109187493611e-02
-3.471588706388040180e-02,-3.471588706388040180e-02
-4.367493257429636705e-02,-4.367493257429636705e-02
-1.195199596582983970e-02,-1.195199596582983970e-02
-4.974782793325880498e-02,-4.974782793325880498e-02
-2.212345282965999527e-02,-2.212345282965999527e-02
-2.136723518641663738e-02,-2.136723518641663738e-02
-1.405905383995740415e-02,-1.405905383995740415e-02
-5.384633418602933347e-02,-5.384633418602933347e-02
-3.290670561923384613e-02,-3.290670561923384613e-02
-3.069928107630429809e-02,-3.069928107630429809e-02
-4.695402702644504295e-02,-4.695402702644504295e-02
-4.847884975296374438e-02,-4.847884975296374438e-02
-4.415052876113004926e-02,-4.415052876113004926e-02
-3.914901848554232927e-02,-3.914901848554232927e-02
-2.894401822692485582e-02,-2.894401822692485582e-02
-4.341877776528114963e-02,-4.341877776528114963e-02
-2.491847488412640005e-02,-2.491847488412640005e-02
-3.484264941254173326e-02,-3.484264941254173326e-02
-5.304800871822110825e-02,-5.304800871822110825e-02
-4.234419991942246775e-02,-4.234419991942246775e-02
-3.324289059971595461e-02,-3.324289059971595461e-02
-4.240296102585687510e-02,-4.240296102585687510e-02
-3.290005889344333606e-02,-3.290005889344333606e-02
-3.877311549636201088e-02,-3.877311549636201088e-02
-2.528403064090768010e-02,-2.528403064090768010e-02
-3.331807913299291574e-02,-3.331807913299291574e-02
-4.785704273119138763e-02,-4.785704273119138763e-02
-3.707788500470395043e-02,-3.707788500470395043e-02
-1.843105939595323511e-02,-1.843105939595323511e-02
-2.549355133632627904e-02,-2.549355133632627904e-02
-3.329085991314577331e-02,-3.329085991314577331e-02
-3.397944078465563178e-02,-3.397944078465563178e-02
-5.312257063765044030e-02,-5.312257063765044030e-02
-4.539130626854511602e-02,-4.539130626854511602e-02
-3.428760560384525730e-02,-3.428760560384525730e-02
-2.284066822596372143e-02,-2.284066822596372143e-02
-3.490159801471409695e-02,-3.490159801471409695e-02
-4.522588830448825287e-02,-4.522588830448825287e-02
-3.749511950323604348e-02,-3.749511950323604348e-02
-3.520286961079563404e-02,-3.520286961079563404e-02
-2.152052665522369984e-02,-2.152052665522369984e-02
-2.971126819548092213e-02,-2.971126819548092213e-02
-3.057122020228758563e-02,-3.057122020228758563e-02
-4.342643699297431270e-02,-4.342643699297431270e-02
-3.859270070132578972e-02,-3.859270070132578972e-02
-4.814690288189382716e-02,-4.814690288189382716e-02
-3.039680341474276098e-02,-3.039680341474276098e-02
-1.144456578541450109e-02,-1.144456578541450109e-02
-1.852947854738758865e-02,-1.852947854738758865e-02
-5.390240757450355524e-02,-5.390240757450355524e-02
-3.741886373058142534e-02,-3.741886373058142534e-02
-3.328826890652591963e-02,-3.328826890652591963e-02
-3.897618051108997506e-02,-3.897618051108997506e-02
-3.816919017290002630e-02,-3.816919017290002630e-02
-4.410233055206502079e-02,-4.410233055206502079e-02
-2.620706409012821952e-02,-2.620706409012821952e-02
-2.926783848237837077e-02,-2.926783848237837077e-02
-2.154354242331057989e-02,-2.154354242331057989e-02
-5.076939746948568727e-02,-5.076939746948568727e-02
-4.247860796833224928e-02,-4.247860796833224928e-02
-5.451293239165493076e-02,-5.451293239165493076e-02
-3.763111961949597989e-02,-3.763111961949597989e-02
-3.310929707672839728e-02,-3.310929707672839728e-02
-2.270843914170326411e-02,-2.270843914170326411e-02
-3.546497796715192274e-02,-3.546497796715192274e-02
-2.255546513366488842e-02,-2.255546513366488842e-02
-2.921149036996377457e-02,-2.921149036996377457e-02
-4.783943140219101831e-02,-4.783943140219101831e-02
-3.207681219848715348e-02,-3.207681219848715348e-02
-2.582907957691091272e-02,-2.582907957691091272e-02
-4.986875742882271312e-02,-4.986875742882271312e-02
-2.512385598473590442e-02,-2.512385598473590442e-02
-4.165722386384800024e-02,-4.165722386384800024e-02
-2.993689592759771548e-02,-2.993689592759771548e-02
-4.226867570260892798e-02,-4.226867570260892798e-02
-4.633687092066152147e-02,-4.633687092066152147e-02
-4.564598558073511975e-02,-4.564598558073511975e-02
-3.556609385068049134e-02,-3.556609385068049134e-02
-4.792617970849698955e-02,-4.792617970849698955e-02
-2.305798219035674890e-02,-2.305798219035674890e-02
-4.693309790343379306e-02,-4.693309790343379306e-02
-5.385786796766049017e-02,-5.385786796766049017e-02
-5.819557391109225764e-02,-5.819557391109225764e-02
-1.717017636038149775e-02,-1.717017636038149775e-02
-5.151358370105788009e-02,-5.151358370105788009e-02
-4.596877551714402543e-02,-4.596877551714402543e-02
-4.991343272222042993e-02,-4.991343272222042993e-02
-4.225380139565346888e-02,-4.225380139565346888e-02
-3.571035495958627820e-02,-3.571035495958627820e-02
-3.633890397260619576e-02,-3.633890397260619576e-02
-4.781315017756977703e-02,-4.781315017756977703e-02
-4.804201355121121703e-02,-4.804201355121121703e-02
-3.125766565943354641e-02,-3.125766565943354641e-02
-3.659280078151817134e-02,-3.659280078151817134e-02
-2.703496100383257980e-02,-2.703496100383257980e-02
-3.294272992130041489e-02,-3.294272992130041489e-02
-1.533067685261858132e-02,-1.533067685261858132e-02
-4.256008390082134663e-02,-4.256008390082134663e-02
-4.386150856946761240e-02,-4.386150856946761240e-02
-5.047110491704608071e-02,-5.047110491704608071e-02
-5.290174730111643631e-02,-5.290174730111643631e-02
-4.851034843659939033e-02,-4.851034843659939033e-02
-2.694404290127008772e-02,-2.694404290127008772e-02
-2.245261787674517756e-02,-2.245261787674517756e-02
-1.882148670416162323e-02,-1.882148670416162323e-02
-2.877024737992278647e-02,-2.877024737992278647e-02
-3.116404286099779680e-02,-3.116404286099779680e-02
-1.769161403922137749e-02,-1.769161403922137749e-02
-5.897183835864616003e-02,-5.897183835864616003e-02
-4.661844028117975020e-02,-4.661844028117975020e-02
-5.170254124241085297e-02,-5.170254124241085297e-02
-1.609864552119033565e-02,-1.609864552119033565e-02
-5.639597190276168098e-02,-5.639597190276168098e-02
-3.547183947760165768e-02,-3.547183947760165768e-02
-3.345341056689192516e-02,-3.345341056689192516e-02
-2.112416870207368264e-02,-2.112416870207368264e-02
-5.439925457398018388e-02,-5.439925457398018388e-02
-4.255310937791382392e-02,-4.255310937791382392e-02
-3.575651726325709129e-02,-3.575651726325709129e-02
-4.127551319631711513e-02,-4.127551319631711513e-02
-5.352951120719474237e-02,-5.352951120719474237e-02
-2.499742226720341048e-02,-2.499742226720341048e-02
-2.895253850626344078e-02,-2.895253850626344078e-02
-4.418087964700257581e-02,-4.418087964700257581e-02
-2.315054329236526653e-02,-2.315054329236526653e-02
-2.304285986715547130e-02,-2.304285986715547130e-02
-4.891666306328534830e-02,-4.891666306328534830e-02
-4.518839301436858302e-02,-4.518839301436858302e-02
-4.794441600448003105e-02,-4.794441600448003105e-02
-5.153396115313563924e-02,-5.153396115313563924e-02
-2.292430669127482751e-02,-2.292430669127482751e-02
-4.812078213521532588e-02,-4.812078213521532588e-02
-4.270935542363634568e-02,-4.270935542363634568e-02
-2.144482811434515052e-02,-2.144482811434515052e-02
-5.982968823550856990e-02,-5.982968823550856990e-02
-2.645619880167082022e-02,-2.645619880167082022e-02
-3.558113613727699465e-02,-3.558113613727699465e-02
-4.876992809874336476e-02,-4.876992809874336476e-02
-2.644992952645518203e-02,-2.644992952645518203e-02
-3.314343016737075764e-02,-3.314343016737075764e-02
-1.113110611128857730e-02,-1.113110611128857730e-02
-3.184698973126804528e-02,-3.184698973126804528e-02
-3.867742393908735199e-02,-3.867742393908735199e-02
-5.694662711439410496e-02,-5.694662711439410496e-02
-5.397342792875579887e-02,-5.397342792875579887e-02
-3.217568905111236471e-02,-3.217568905111236471e-02
-5.550635269810734462e-02,-5.550635269810734462e-02
-1.964016019615683756e-02,-1.964016019615683756e-02
-3.745904117908614717e-02,-3.745904117908614717e-02
-2.172078841814602257e-02,-2.172078841814602257e-02
-3.950520116942107113e-02,-3.950520116942107113e-02
-5.822894237091391645e-02,-5.822894237091391645e-02
-4.921665104028399157e-02,-4.921665104028399157e-02
-1.949794271285398839e-02,-1.949794271285398839e-02
-2.719143622594406839e-02,-2.719143622594406839e-02
-3.666425739270664369e-02,-3.666425739270664369e-02
-3.905332262948911504e-02,-3.905332262948911504e-02
-1.577824012946348053e-02,-1.577824012946348053e-02
-3.483029004676654883e-02,-3.483029004676654883e-02
-2.548812061520899785e-02,-2.548812061520899785e-02
-1.528042401997201788e-02,-1.528042401997201788e-02
-5.734500008204147792e-02,-5.734500008204147792e-02
-5.159957616130637220e-02,-5.159957616130637220e-02
-1.311081453330624480e-02,-1.311081453330624480e-02
-4.238062115273268093e-02,-4.238062115273268093e-02
-4.542942462790098418e-02,-4.542942462790098418e-02
-4.150682486583000264e-02,-4.150682486583000264e-02
-6.314280669331094609e-02,-6.314280669331094609e-02
-5.342417655298220547e-02,-5.342417655298220547e-02
-1.860816977830157676e-02,-1.860816977830157676e-02
-3.018123752158814732e-02,-3.018123752158814732e-02
-2.725493043063804618e-02,-2.725493043063804618e-02
-4.608490415008667518e-02,-4.608490415008667518e-02
-2.950619333658344168e-02,-2.950619333658344168e-02
-3.354171097821070230e-02,-3.354171097821070230e-02
-4.661728379558274793e-02,-4.661728379558274793e-02
-4.887563655886944386e-02,-4.887563655886944386e-02
-3.401568944216688817e-02,-3.401568944216688817e-02
-3.878516172745161833e-02,-3.878516172745161833e-02
-5.260198651859832736e-02,-5.260198651859832736e-02
-2.710358027053320212e-02,-2.710358027053320212e-02
-3.016635446517670904e-02,-3.016635446517670904e-02
-4.704802512832777228e-02,-4.704802512832777228e-02
-4.603773189514457492e-02,-4.603773189514457492e-02
-2.783005090356274053e-02,-2.783005090356274053e-02
-4.741335062284256913e-02,-4.741335062284256913e-02
-3.267879553815323385e-02,-3.267879553815323385e-02
-4.028491695784429394e-02,-4.028491695784429394e-02
-2.809626376880265675e-02,-2.809626376880265675e-02
-3.105646797048999819e-02,-3.105646797048999819e-02
-4.172157310583867601e-02,-4.172157310583867601e-02
-2.339817538218058601e-02,-2.339817538218058601e-02
-2.342702604979934877e-02,-2.342702604979934877e-02
-2.907611674897130072e-02,-2.907611674897130072e-02
-4.370044355641911765e-02,-4.370044355641911765e-02
-3.932406072797897667e-02,-3.932406072797897667e-02
-4.425248174756025998e-02,-4.425248174756025998e-02
-3.279920985568682279e-02,-3.279920985568682279e-02
-2.325339511435303708e-02,-2.325339511435303708e-02
-4.309469924555358461e-02,-4.309469924555358461e-02
-2.299086747986534701e-02,-2.299086747986534701e-02
-4.795713723017500096e-02,-4.795713723017500096e-02
-3.307126668369965439e-02,-3.307126668369965439e-02
-6.572285862980586923e-02,-6.572285862980586923e-02
-5.022941200244626647e-02,-5.022941200244626647e-02
-2.998441337418548958e-02,-2.998441337418548958e-02
-3.700240098134596062e-02,-3.700240098134596062e-02
-4.059247471544649016e-02,-4.059247471544649016e-02
-6.244938541860029640e-02,-6.244938541860029640e-02
-4.723167953261256380e-02,-4.723167953261256380e-02
-4.747585622337231748e-02,-4.747585622337231748e-02
-5.144756715919566320e-02,-5.144756715919566320e-02
-6.172214407958073051e-02,-6.172214407958073051e-02
-3.527599014455532617e-02,-3.527599014455532617e-02
-4.163522193985818437e-02,-4.163522193985818437e-02
-3.398366311079673019e-02,-3.398366311079673019e-02
-2.721649894875915326e-02,-2.721649894875915326e-02
-2.551171332496271482e-02,-2.551171332496271482e-02
-3.588773347976596112e-02,-3.588773347976596112e-02
-2.309746410189436605e-02,-2.309746410189436605e-02
-4.237428003155804812e-02,-4.237428003155804812e-02
-4.046691808285832886e-02,-4.046691808285832886e-02
-3.665757551448626389e-02,-3.665757551448626389e-02
-3.270071020037608467e-02,-3.270071020037608467e-02
-4.070142689819630094e-02,-4.070142689819630094e-02
-2.446003957572819715e-02,-2.446003957572819715e-02
-2.939192180371520691e-02,-2.939192180371520691e-02
-4.593641602156189885e-02,-4.593641602156189885e-02
-3.249810308357384270e-02,-3.249810308357384270e-02
-3.350146511364427565e-02,-3.350146511364427565e-02
-4.744402971780708328e-02,-4.744402971780708328e-02
-3.402305453542162766e-02,-3.402305453542162766e-02
-4.796736054251979353e-02,-4.796736054251979353e-02
-3.650124219754252719e-02,-3.650124219754252719e-02
-3.061760330607721237e-02,-3.061760330607721237e-02
-3.975675132052790967e-02,-3.975675132052790967e-02
-5.968415451967060137e-02,-5.968415451967060137e-02
-2.790105109554435331e-02,-2.790105109554435331e-02
-4.633768758750644173e-02,-4.633768758750644173e-02
-6.168193945531571382e-02,-6.168193945531571382e-02
-4.945210874318157340e-02,-4.945210874318157340e-02
-5.067267888933377901e-02,-5.067267888933377901e-02
-4.114874715329690236e-02,-4.114874715329690236e-02
-2.726315415417611410e-02,-2.726315415417611410e-02
-3.731287681083186869e-02,-3.731287681083186869e-02
-3.173565113941543420e-02,-3.173565113941543420e-02
-5.867016516734371162e-02,-5.867016516734371162e-02
-2.139747815255278740e-02,-2.139747815255278740e-02
-2.016982871182301795e-02,-2.016982871182301795e-02
-5.060458895557013587e-02,-5.060458895557013587e-02
-4.504418796966826871e-02,-4.504418796966826871e-02
-3.987016921808762826e-02,-3.987016921808762826e-02
-3.330168026061225417e-02,-3.330168026061225417e-02
-3.320285662286688588e-02,-3.320285662286688588e-02
-2.202922353822529822e-02,-2.202922353822529822e-02
-2.946527451230975328e-02,-2.946527451230975328e-02
-3.602847371749298699e-02,-3.602847371749298699e-02
-4.295294794263149196e-02,-4.295294794263149196e-02
-4.191819847658242310e-02,-4.191819847658242310e-02
-4.776160205963350669e-02,-4.776160205963350669e-02
-5.158772389828981259e-02,-5.158772389828981259e-02
-3.576539246261849214e-02,-3.576539246261849214e-02
-4.264312786990204912e-02,-4.264312786990204912e-02
-9.893908021808707487e-03,-9.893908021808707487e-03
-2.536765105750556082e-02,-2.536765105750556082e-02
-3.133611695814256942e-02,-3.133611695814256942e-02
-3.226390653215770871e-02,-3.226390653215770871e-02
-3.295787444479608003e-02,-3.295787444479608003e-02
-3.415739524349975520e-02,-3.415739524349975520e-02
-5.181935166147497857e-02,-5.181935166147497857e-02
-3.505892389421211286e-02,-3.505892389421211286e-02
-1.996654214069218392e-02,-1.996654214069218392e-02
-4.947211471890212986e-02,-4.947211471890212986e-02
-4.588410027426737675e-02,-4.588410027426737675e-02
-2.935819981216179764e-02,-2.935819981216179764e-02
-3.787915699471463421e-02,-3.787915699471463421e-02
-4.207294188699190612e-02,-4.207294188699190612e-02
-3.570256225743510814e-02,-3.570256225743510814e-02
-2.970246652610816426e-02,-2.970246652610816426e-02
-3.388743701754470816e-02,-3.388743701754470816e-02
-2.326702623146292143e-02,-2.326702623146292143e-02
-3.048191248015574492e-02,-3.048191248015574492e-02
-2.923073329607127346e-02,-2.923073329607127346e-02
-2.402830333922002098e-02,-2.402830333922002098e-02
-1.831910496204723626e-02,-1.831910496204723626e-02
-5.748278797987965705e-02,-5.748278797987965705e-02
-3.578874035100700068e-02,-3.578874035100700068e-02
-4.884125411455850913e-02,-4.884125411455850913e-02
-4.391542629352870875e-02,-4.391542629352870875e-02
-1.929209694542951409e-02,-1.929209694542951409e-02
-4.007974290058273492e-02,-4.007974290058273492e-02
-2.430612567681182667e-02,-2.430612567681182667e-02
-3.887091936710743156e-02,-3.887091936710743156e-02
-1.739537691640743317e-02,-1.739537691640743317e-02
-4.466019152134529518e-02,-4.466019152134529518e-02
-4.394934859266475674e-02,-4.394934859266475674e-02
-6.783454280555037408e-02,-6.783454280555037408e-02
-3.371407983184386559e-02,-3.371407983184386559e-02
-2.379860010324538755e-02,-2.379860010324538755e-02
-3.500245762456493520e-02,-3.500245762456493520e-02
-3.719896830877870986e-02,-3.719896830877870986e-02
-3.163689642435992683e-02,-3.163689642435992683e-02
-4.511102047008968413e-02,-4.511102047008968413e-02
-5.033459819034760002e-02,-5.033459819034760002e-02
-4.939084100484360251e-02,-4.939084100484360251e-02
-2.588350127078837409e-02,-2.588350127078837409e-02
-3.895402199468032262e-02,-3.895402199468032262e-02
-4.225188829046736677e-02,-4.225188829046736677e-02
-5.371396570017666905e-02,-5.371396570017666905e-02
-2.939267151379196252e-02,-2.939267151379196252e-02
-1.242706590678152589e-02,-1.242706590678152589e-02
-5.186914410429188660e-02,-5.186914410429188660e-02
-4.051091898705602018e-02,-4.051091898705602018e-02
-2.563338266595997089e-02,-2.563338266595997089e-02
-2.752063821174746683e-02,-2.752063821174746683e-02
-4.483592197799291662e-02,-4.483592197799291662e-02
-3.027182462823631293e-02,-3.027182462823631293e-02
-3.491910829860416648e-02,-3.491910829860416648e-02
-5.112732985130579583e-02,-5.112732985130579583e-02
-4.657195656634320613e-02,-4.657195656634320613e-02
-3.094882617006176895e-02,-3.094882617006176895e-02
-1.383839895987858809e-02,-1.383839895987858809e-02
-1.725693872969514403e-02,-1.725693872969514403e-02
-3.792913952158299962e-02,-3.792913952158299962e-02
-3.390196535554147739e-02,-3.390196535554147739e-02
-2.225748932512319755e-02,-2.225748932512319755e-02
-3.921341851471405598e-02,-3.921341851471405598e-02
-5.943838856980787622e-02,-5.943838856980787622e-02
-2.443014266275537333e-02,-2.443014266275537333e-02
-5.436048699708521253e-02,-5.436048699708521253e-02
-2.313862310166779623e-02,-2.313862310166779623e-02
-5.459594584650654531e-02,-5.459594584650654531e-02
-4.397909992652200561e-02,-4.397909992652200561e-02
-5.162402898186835287e-02,-5.162402898186835287e-02
-1.844733666620011758e-02,-1.844733666620011758e-02
-3.954830538434656040e-02,-3.954830538434656040e-02
-3.803751128592702813e-02,-3.803751128592702813e-02
-1.618358550735919665e-02,-1.618358550735919665e-02
-4.605952940459452638e-02,-4.605952940459452638e-02
-3.859470579213530178e-02,-3.859470579213530178e-02
-2.807433207806304259e-02,-2.807433207806304259e-02
-2.822312577367407788e-02,-2.822312577367407788e-02
-4.205770029225548712e-02,-4.205770029225548712e-02
-3.746175644895284595e-02,-3.746175644895284595e-02
-6.364307971738050740e-02,-6.364307971738050740e-02
-5.102841390337235078e-02,-5.102841390337235078e-02
-3.882550272550371051e-02,-3.882550272550371051e-02
-3.580296346388962825e-02,-3.580296346388962825e-02
-7.634849840228927209e-03,-7.634849840228927209e-03
-7.803312814169227618e-02,-7.803312814169227618e-02
-2.813400806026328249e-02,-2.813400806026328249e-02
-6.624318033767291614e-02,-6.624318033767291614e-02
-1.713350282133621616e-02,-1.713350282133621616e-02
-4.390578054881616454e-02,-4.390578054881616454e-02
-4.179800726984651132e-02,-4.179800726984651132e-02
-6.320296303457959008e-02,-6.320296303457959008e-02
-3.263759224296212957e-02,-3.263759224296212957e-02
-2.091210928139532882e-02,-2.091210928139532882e-02
-5.050406396840758511e-02,-5.050406396840758511e-02
-6.344280237313131010e-02,-6.344280237313131010e-02
-3.374809023334972291e-02,-3.374809023334972291e-02
-4.145691411735605986e-02,-4.145691411735605986e-02
-2.273951734669808766e-02,-2.273951734669808766e-02
-4.723437982272844782e-02,-4.723437982272844782e-02
-3.128666157763224098e-02,-3.128666157763224098e-02
-2.954870268317049548e-02,-2.954870268317049548e-02
-4.975796017236555624e-02,-4.975796017236555624e-02
-5.386849715949361406e-02,-5.386849715949361406e-02
-6.111574819692906085e-02,-6.111574819692906085e-02
-3.949328512252860829e-02,-3.949328512252860829e-02
-5.618474752855651816e-02,-5.618474752855651816e-02
-5.560447302732876573e-02,-5.560447302732876573e-02
-3.535691176621319487e-02,-3.535691176621319487e-02
-4.072429718010056598e-02,-4.072429718010056598e-02
-4.157103416110353999e-02,-4.157103416110353999e-02
-4.612839344884260562e-02,-4.612839344884260562e-02
-5.099536444108982575e-02,-5.099536444108982575e-02
-2.734959487702055825e-02,-2.734959487702055825e-02
-5.154318465598656945e-02,-5.154318465598656945e-02
-2.129630997598275927e-02,-2.129630997598275927e-02
-7.275798474303034336e-03,-7.275798474303034336e-03
-3.498176334875367777e-02,-3.498176334875367777e-02
-2.747791493682902320e-02,-2.747791493682902320e-02
-2.553898239012336591e-02,-2.553898239012336591e-02
-3.264748658961127981e-02,-3.264748658961127981e-02
-2.571945037024817027e-02,-2.571945037024817027e-02
-5.320917365149185202e-02,-5.320917365149185202e-02
-3.302266366889775040e-02,-3.302266366889775040e-02
-5.026438313422629950e-02,-5.026438313422629950e-02
-4.951233416004702931e-02,-4.951233416004702931e-02
-2.913232593824571087e-02,-2.913232593824571087e-02
-3.376979687247871897e-02,-3.376979687247871897e-02
-4.832827489297055606e-02,-4.832827489297055606e-02
-5.415250206955924545e-02,-5.415250206955924545e-02
-3.702725371294007806e-02,-3.702725371294007806e-02
-3.323416237956000607e-02,-3.323416237956000607e-02
-3.889434076299155829e-02,-3.889434076299155829e-02
-6.089987760640953179e-02,-6.089987760640953179e-02
-4.835677770712570184e-02,-4.835677770712570184e-02
-5.736614411677805336e-02,-5.736614411677805336e-02
-4.338924867816704167e-02,-4.338924867816704167e-02
-4.059987075771669118e-02,-4.059987075771669118e-02
-2.739282818282885723e-02,-2.739282818282885723e-02
-9.286935465908155440e-03,-9.286935465908155440e-03
-3.988336318634630451e-02,-3.988336318634630451e-02
-5.205832002629100230e-02,-5.205832002629100230e-02
-4.473476581732700741e-02,-4.473476581732700741e-02
-4.917005874705558666e-02,-4.917005874705558666e-02
-4.666300709924643686e-02,-4.666300709924643686e-02
-4.389363381853284701e-02,-4.389363381853284701e-02
-3.992079624027475293e-02,-3.992079624027475293e-02
-2.662900110836961473e-02,-2.662900110836961473e-02
-4.121633057763340185e-02,-4.121633057763340185e-02
-3.202572092681940652e-02,-3.202572092681940652e-02
-5.008511915051698515e-02,-5.008511915051698515e-02
-4.444076859636341553e-02,-4.444076859636341553e-02
-5.575161951445267022e-02,-5.575161951445267022e-02
-2.531465256771654043e-02,-2.531465256771654043e-02
-5.098732432363087264e-02,-5.098732432363087264e-02
-4.257829499399774786e-02,-4.257829499399774786e-02
-5.882137292969378400e-02,-5.882137292969378400e-02
-2.060364589748140546e-02,-2.060364589748140546e-02
-5.422347246892455369e-02,-5.422347246892455369e-02
-2.474174861991432217e-02,-2.474174861991432217e-02
-3.806721678003771592e-02,-3.806721678003771592e-02
-4.134091911656373464e-02,-4.134091911656373464e-02
-3.663680769266144943e-02,-3.663680769266144943e-02
-5.791816506065304571e-02,-5.791816506065304571e-02
-2.657661522141087362e-02,-2.657661522141087362e-02
-2.903686753409980004e-02,-2.903686753409980004e-02
-4.795734779308787055e-02,-4.795734779308787055e-02
-5.220145509249644877e-02,-5.220145509249644877e-02
-2.730696351722516207e-02,-2.730696351722516207e-02
-4.077065187667251733e-02,-4.077065187667251733e-02
-3.579980646207523570e-02,-3.579980646207523570e-02
-2.637921478856704305e-02,-2.637921478856704305e-02
-2.777986886089223173e-02,-2.777986886089223173e-02
-4.139524140255741724e-02,-4.139524140255741724e-02
-5.699089154554805303e-02,-5.699089154554805303e-02
-5.032345909681371771e-02,-5.032345909681371771e-02
-4.273792630248339497e-02,-4.273792630248339497e-02
-4.031567298171030017e-02,-4.031567298171030017e-02
-4.694648654094828177e-02,-4.694648654094828177e-02
-3.094490117644591726e-02,-3.094490117644591726e-02
-4.285663756645269329e-02,-4.285663756645269329e-02
-3.393109452129045023e-02,-3.393109452129045023e-02
-4.193173483571524529e-02,-4.193173483571524529e-02
-4.713436664856013314e-02,-4.713436664856013314e-02
-1.999769300845149339e-02,-1.999769300845149339e-02
-5.060355566431726237e-02,-5.060355566431726237e-02
-1.212663629851615243e-02,-1.212663629851615243e-02
-3.430334890442340162e-02,-3.430334890442340162e-02
-3.044570739043016283e-02,-3.044570739043016283e-02
-5.274347046880317746e-02,-5.274347046880317746e-02
-3.597440880127261709e-02,-3.597440880127261709e-02
-2.610362258240355587e-02,-2.610362258240355587e-02
-3.754438047269650219e-02,-3.754438047269650219e-02
-2.986618915309391387e-02,-2.986618915309391387e-02
-3.037474643731957746e-02,-3.037474643731957746e-02
-7.457577332691528449e-02,-7.457577332691528449e-02
-4.921248836517869846e-02,-4.921248836517869846e-02
-2.523911748077907469e-02,-2.523911748077907469e-02
-4.159089465111705936e-02,-4.159089465111705936e-02
-1.971376233298913899e-02,-1.971376233298913899e-02
-5.538541170695630844e-02,-5.538541170695630844e-02
-3.146614631695063280e-02,-3.146614631695063280e-02
-3.856284727974251120e-02,-3.856284727974251120e-02
-5.436342647471235218e-02,-5.436342647471235218e-02
-6.325356251627223259e-02,-6.325356251627223259e-02
-6.878735171302885476e-02,-6.878735171302885476e-02
-4.747801039401854800e-02,-4.747801039401854800e-02
-4.623167694216370749e-02,-4.623167694216370749e-02
-3.801523073161044985e-02,-3.801523073161044985e-02
-3.041162766745875157e-02,-3.041162766745875157e-02
-5.673272051494050033e-02,-5.673272051494050033e-02
-3.888658235227818866e-02,-3.888658235227818866e-02
-1.180439781826781581e-02,-1.180439781826781581e-02
-2.243514159917657513e-02,-2.243514159917657513e-02
-3.222852497317228032e-02,-3.222852497317228032e-02
-5.166729749249489301e-02,-5.166729749249489301e-02
-3.890236246299941247e-02,-3.890236246299941247e-02
-4.398633759986712854e-02,-4.398633759986712854e-02
-4.518232027355278957e-02,-4.518232027355278957e-02
-4.105015448897039732e-02,-4.105015448897039732e-02
-3.574732588150786317e-02,-3.574732588150786317e-02
-3.855212029164992865e-02,-3.855212029164992865e-02
-3.070753244817596428e-02,-3.070753244817596428e-02
-2.485556372208796300e-02,-2.485556372208796300e-02
-4.157004957653289562e-02,-4.157004957653289562e-02
-5.245928379807622555e-02,-5.245928379807622555e-02
-5.898860925244084341e-02,-5.898860925244084341e-02
-4.722111828695548658e-02,-4.722111828695548658e-02
-5.881093547689466433e-02,-5.881093547689466433e-02
-3.788216331116275176e-02,-3.788216331116275176e-02
-2.907546563028202274e-02,-2.907546563028202274e-02
-3.077419453885853196e-02,-3.077419453885853196e-02
-4.245869635593409880e-02,-4.245869635593409880e-02
-5.146920442816090013e-02,-5.146920442816090013e-02
-2.465299640350296362e-02,-2.465299640350296362e-02
-2.593544017411416464e-02,-2.593544017411416464e-02
-3.361153464684383391e-02,-3.361153464684383391e-02
-4.479922523002081991e-02,-4.479922523002081991e-02
-5.215161049638278312e-02,-5.215161049638278312e-02
-4.472356212743677090e-02,-4.472356212743677090e-02
-4.665145224714488392e-02,-4.665145224714488392e-02
-4.586833109144161646e-02,-4.586833109144161646e-02
-2.726616158864000883e-02,-2.726616158864000883e-02
-5.327118874338289400e-02,-5.327118874338289400e-02
-4.230804543590381550e-02,-4.230804543590381550e-02
-3.996025931948563037e-02,-3.996025931948563037e-02
-5.006002107320937922e-02,-5.006002107320937922e-02
-5.284142471919971162e-02,-5.284142471919971162e-02
-4.210666800576951668e-02,-4.210666800576951668e-02
-3.230334086037695701e-02,-3.230334086037695701e-02
-3.081248753246648708e-02,-3.081248753246648708e-02
-3.378467547063575271e-02,-3.378467547063575271e-02
-3.720669709684316928e-02,-3.720669709684316928e-02
-1.342496697459787114e-02,-1.342496697459787114e-02
-1.724414731784635474e-02,-1.724414731784635474e-02
-5.356344770458566079e-02,-5.356344770458566079e-02
-2.198727272477894734e-02,-2.198727272477894734e-02
-3.410930666731127464e-02,-3.410930666731127464e-02
-4.685262177218749158e-02,-4.685262177218749158e-02
-5.926254432143449047e-02,-5.926254432143449047e-02
-2.719229319115031712e-02,-2.719229319115031712e-02
-3.970570326150115598e-02,-3.970570326150115598e-02
-2.583807230428822321e-02,-2.583807230428822321e-02
-5.204452757392833556e-02,-5.204452757392833556e-02
-1.837864675830953864e-02,-1.837864675830953864e-02
-3.341968910482648325e-02,-3.341968910482648325e-02
-3.497228099655694256e-02,-3.497228099655694256e-02
-2.750936986321111943e-02,-2.750936986321111943e-02
-2.867535597258247249e-02,-2.867535597258247249e-02
-2.793380858637437014e-02,-2.793380858637437014e-02
-3.297931038748494470e-02,-3.297931038748494470e-02
-4.432175935791923121e-02,-4.432175935791923121e-02
-4.090019555842405730e-02,-4.090019555842405730e-02
-4.688138221852667514e-02,-4.688138221852667514e-02
-4.451125786997814360e-02,-4.451125786997814360e-02
-4.962905215100240491e-02,-4.962905215100240491e-02
-4.697617444657372493e-02,-4.697617444657372493e-02
-3.784711278098266268e-02,-3.784711278098266268e-02
-4.394246776420724504e-02,-4.394246776420724504e-02
-9.358327503085885068e-03,-9.358327503085885068e-03
-4.602088469644759899e-02,-4.602088469644759899e-02
-3.742457860991787316e-02,-3.742457860991787316e-02
-2.239165650577983058e-02,-2.239165650577983058e-02
-3.206253105758941763e-02,-3.206253105758941763e-02
-2.466991738275556290e-02,-2.466991738275556290e-02
-2.209005578769298456e-02,-2.209005578769298456e-02
-4.112376226333860213e-02,-4.112376226333860213e-02
-2.081779028524501779e-02,-2.081779028524501779e-02
-5.323770369412057779e-02,-5.323770369412057779e-02
-2.398626285974610195e-02,-2.398626285974610195e-02
-5.391013073525771637e-02,-5.391013073525771637e-02
-3.472122556232282858e-02,-3.472122556232282858e-02
-4.028545688513098660e-02,-4.028545688513098660e-02
-3.461867234826603024e-02,-3.461867234826603024e-02
-3.803945265185299657e-02,-3.803945265185299657e-02
-6.782336529203389364e-02,-6.782336529203389364e-02
-3.594017551521420245e-02,-3.594017551521420245e-02
8.021852233605193672e-03,8.021852233605193672e-03
-3.105540819408510178e-02,-3.105540819408510178e-02
-4.557503659637758553e-02,-4.557503659637758553e-02
-5.368953754900807757e-02,-5.368953754900807757e-02
-4.531038020093549473e-02,-4.531038020093549473e-02
-2.902884972649623363e-02,-2.902884972649623363e-02
-4.277047576324180533e-02,-4.277047576324180533e-02
-3.123340751216942962e-02,-3.123340751216942962e-02
-3.309278079011428175e-02,-3.309278079011428175e-02
-4.717089951459296077e-02,-4.717089951459296077e-02
-3.437469836513851185e-02,-3.437469836513851185e-02
-1.670606961517719091e-02,-1.670606961517719091e-02
-3.438019063606789771e-02,-3.438019063606789771e-02
-2.748316545434618952e-02,-2.748316545434618952e-02
-5.847340094935973148e-02,-5.847340094935973148e-02
-3.916671698665254164e-02,-3.916671698665254164e-02
-4.940077806878406808e-02,-4.940077806878406808e-02
-3.864468824218129928e-02,-3.864468824218129928e-02
-5.222643020827044680e-02,-5.222643020827044680e-02
-3.385314231645038946e-02,-3.385314231645038946e-02
-3.454574835300173313e-02,-3.454574835300173313e-02
-5.937526468022235465e-02,-5.937526468022235465e-02
-2.719591727441619811e-02,-2.719591727441619811e-02
-1.678268079980852617e-02,-1.678268079980852617e-02
-5.075372252310567794e-02,-5.075372252310567794e-02
-2.520609052408384620e-02,-2.520609052408384620e-02
-3.165152802714977370e-02,-3.165152802714977370e-02
-4.170619299407830882e-02,-4.170619299407830882e-02
-2.569539698926655291e-02,-2.569539698926655291e-02
-2.677013140052402623e-02,-2.677013140052402623e-02
-2.394654789057001909e-02,-2.394654789057001909e-02
-7.001254026572184541e-02,-7.001254026572184541e-02
-3.285925393824743607e-02,-3.285925393824743607e-02
-2.212295335079839109e-02,-2.212295335079839109e-02
-4.159356291221824597e-02,-4.159356291221824597e-02
-5.620620571036236135e-02,-5.620620571036236135e-02
-3.924295400444745979e-02,-3.924295400444745979e-02
-3.462960828445351552e-02,-3.462960828445351552e-02
-5.074932331198330621e-02,-5.074932331198330621e-02
-5.280184999105999588e-02,-5.280184999105999588e-02
-4.012272788649298705e-02,-4.012272788649298705e-02
-2.846109593355274081e-02,-2.846109593355274081e-02
-4.384815348971012050e-02,-4.384815348971012050e-02
-7.258061527956286008e-02,-7.258061527956286008e-02
-7.733955988746168964e-03,-7.733955988746168964e-03
-1.643435791317399142e-02,-1.643435791317399142e-02
-4.910594426785466760e-02,-4.910594426785466760e-02
-1.169942768088304275e-02,-1.169942768088304275e-02
-4.784346611632879498e-02,-4.784346611632879498e-02
-3.746858789449048627e-02,-3.746858789449048627e-02
-3.316570966222090466e-02,-3.316570966222090466e-02
-3.477538981307362609e-02,-3.477538981307362609e-02
-2.412298499788867456e-02,-2.412298499788867456e-02
-5.391603464187576938e-02,-5.391603464187576938e-02
-5.269843950994933940e-02,-5.269843950994933940e-02
-4.229561420984753045e-02,-4.229561420984753045e-02
-1.922053485279034274e-02,-1.922053485279034274e-02
-5.201447217908120729e-02,-5.201447217908120729e-02
-6.440200086453090611e-02,-6.440200086453090611e-02
-3.682374037161317143e-02,-3.682374037161317143e-02
-3.543469387463570736e-02,-3.543469387463570736e-02
-5.091593639527693810e-02,-5.091593639527693810e-02
-1.973233219934883431e-02,-1.973233219934883431e-02
-4.613571203296198964e-02,-4.613571203296198964e-02
-4.016155333787681941e-02,-4.016155333787681941e-02
-4.426540553597217709e-02,-4.426540553597217709e-02
-6.383087045236784940e-02,-6.383087045236784940e-02
-2.094666594246401281e-02,-2.094666594246401281e-02
-4.915038508459960986e-02,-4.915038508459960986e-02
-4.182863775031717135e-02,-4.182863775031717135e-02
-4.672270457308110025e-02,-4.672270457308110025e-02
-5.451970473886838531e-02,-5.451970473886838531e-02
-3.378001402368316364e-02,-3.378001402368316364e-02
-5.016928320093180793e-02,-5.016928320093180793e-02
-3.724764786792100768e-02,-3.724764786792100768e-02
-3.676007004947714346e-02,-3.676007004947714346e-02
-2.741883971646860013e-02,-2.741883971646860013e-02
-2.819661928871249057e-02,-2.819661928871249057e-02
-3.991847668271867461e-02,-3.991847668271867461e-02
-1.988429447288365959e-02,-1.988429447288365959e-02
-5.936623775167670924e-02,-5.936623775167670924e-02
-4.630338933276353930e-02,-4.630338933276353930e-02
-2.777338745356407873e-02,-2.777338745356407873e-02
-2.261938981016373140e-02,-2.261938981016373140e-02
-4.935584048642929766e-02,-4.935584048642929766e-02
-3.891686213972588709e-02,-3.891686213972588709e-02
-4.878703179042272881e-02,-4.878703179042272881e-02
-4.274607862987350043e-02,-4.274607862987350043e-02
-3.616009245729385341e-02,-3.616009245729385341e-02
-3.345742954888362986e-02,-3.345742954888362986e-02
-5.061416389372377228e-02,-5.061416389372377228e-02
-4.802207788197180444e-02,-4.802207788197180444e-02
-2.963638646990540693e-02,-2.963638646990540693e-02
-3.277171336631215515e-02,-3.277171336631215515e-02
-9.352332530302827351e-03,-9.352332530302827351e-03
-2.062214256676230678e-02,-2.062214256676230678e-02
-4.509066928621961040e-02,-4.509066928621961040e-02
-4.540422224242315896e-02,-4.540422224242315896e-02
-4.486509918871801200e-02,-4.486509918871801200e-02
-1.623592911500749969e-02,-1.623592911500749969e-02
-3.534025208820811004e-02,-3.534025208820811004e-02
-5.187657045052065929e-02,-5.187657045052065929e-02
-2.791601788618056079e-02,-2.791601788618056079e-02
-1.801655985491917161e-02,-1.801655985491917161e-02
-1.844215294560453550e-02,-1.844215294560453550e-02
-2.323800997882956298e-02,-2.323800997882956298e-02
-5.036314692904737128e-02,-5.036314692904737128e-02
-3.014138134758830023e-02,-3.014138134758830023e-02
-3.284336934729309432e-02,-3.284336934729309432e-02
-1.495978623045263189e-03,-1.495978623045263189e-03
-5.497380077248257418e-02,-5.497380077248257418e-02
-4.745266587289301286e-02,-4.745266587289301286e-02
-3.125633213770333263e-02,-3.125633213770333263e-02
-3.856399027608371777e-02,-3.856399027608371777e-02
-4.262573964273158600e-02,-4.262573964273158600e-02
-2.921312284326012254e-02,-2.921312284326012254e-02
-4.551544724000219228e-02,-4.551544724000219228e-02
-4.975074597331377579e-02,-4.975074597331377579e-02
-4.798268058092380883e-02,-4.798268058092380883e-02
-6.462292577940767502e-02,-6.462292577940767502e-02
-4.435803718111308580e-02,-4.435803718111308580e-02
-3.157559335486846003e-02,-3.157559335486846003e-02
-3.852156134588945874e-02,-3.852156134588945874e-02
-3.312930726710273943e-02,-3.312930726710273943e-02
-4.687632964829462068e-02,-4.687632964829462068e-02
-3.809212269581764565e-02,-3.809212269581764565e-02
-3.663041579939615988e-02,-3.663041579939615988e-02
-3.424830730881959356e-02,-3.424830730881959356e-02
-4.417734013593772879e-02,-4.417734013593772879e-02
-5.124774667916716375e-02,-5.124774667916716375e-02
-4.395078359884119906e-02,-4.395078359884119906e-02
-2.233248602779357855e-02,-2.233248602779357855e-02
-6.210540534740597446e-02,-6.210540534740597446e-02
-3.385779056414382759e-02,-3.385779056414382759e-02
-2.993034542479598714e-02,-2.993034542479598714e-02
-3.166792307234757298e-02,-3.166792307234757298e-02
-2.623710364401777087e-02,-2.623710364401777087e-02
-3.608692679625763455e-02,-3.608692679625763455e-02
-4.914643468866391335e-02,-4.914643468866391335e-02
-3.541421750310264072e-02,-3.541421750310264072e-02
-5.216481829159328593e-02,-5.216481829159328593e-02
-5.106051643376849358e-02,-5.106051643376849358e-02
-1.243916915636309600e-02,-1.243916915636309600e-02
-2.860319970681537982e-02,-2.860319970681537982e-02
-3.373513926276880404e-02,-3.373513926276880404e-02
-4.073042276489218655e-02,-4.073042276489218655e-02
-3.543326229805308231e-02,-3.543326229805308231e-02
-4.472988037065136341e-02,-4.472988037065136341e-02
-5.876297581142300025e-02,-5.876297581142300025e-02
-2.589408383853707835e-02,-2.589408383853707835e-02
-1.856103253330065872e-02,-1.856103253330065872e-02
-6.059224667855625523e-02,-6.059224667855625523e-02
-4.277515385472229620e-02,-4.277515385472229620e-02
-5.183013123984809428e-02,-5.183013123984809428e-02
-6.296328549886096027e-02,-6.296328549886096027e-02
-3.858957840341315643e-02,-3.858957840341315643e-02
-4.240267107328941909e-02,-4.240267107328941909e-02
-3.133007693657509363e-02,-3.133007693657509363e-02
-6.115918389760206103e-02,-6.115918389760206103e-02
-5.696495105349277943e-02,-5.696495105349277943e-02
-9.732385166912480012e-03,-9.732385166912480012e-03
-3.030689178049449095e-02,-3.030689178049449095e-02
-2.871531930305393915e-02,-2.871531930305393915e-02
-1.634558537850515358e-02,-1.634558537850515358e-02
-4.276210973279889749e-02,-4.276210973279889749e-02
-4.194029901893416706e-02,-4.194029901893416706e-02
-1.238725133206943635e-02,-1.238725133206943635e-02
-3.935783383144857844e-02,-3.935783383144857844e-02
-3.428550297870058827e-02,-3.428550297870058827e-02
-4.742075599113625139e-02,-4.742075599113625139e-02
-4.072007217562218645e-02,-4.072007217562218645e-02
-6.856496266734282696e-02,-6.856496266734282696e-02
-4.478917441053771598e-02,-4.478917441053771598e-02
-5.112957094195962060e-02,-5.112957094195962060e-02
-4.415808087412387284e-02,-4.415808087412387284e-02
-4.353204211202871265e-02,-4.353204211202871265e-02
-4.457137799777005638e-02,-4.457137799777005638e-02
-3.876890431251892033e-02,-3.876890431251892033e-02
-3.288371950068118277e-02,-3.288371950068118277e-02
-3.260632381523689838e-02,-3.260632381523689838e-02
-4.168468005923046948e-02,-4.168468005923046948e-02
-1.611743919806568615e-02,-1.611743919806568615e-02
-4.423629233733570448e-02,-4.423629233733570448e-02
-2.037062266003206168e-02,-2.037062266003206168e-02
-4.397938602410793318e-02,-4.397938602410793318e-02
-2.509870557686497833e-02,-2.509870557686497833e-02
-5.228623671213245699e-02,-5.228623671213245699e-02
-4.382555770920994881e-02,-4.382555770920994881e-02
-3.274784637980348440e-02,-3.274784637980348440e-02
-2.177714264240306757e-02,-2.177714264240306757e-02
-5.076165427260959789e-02,-5.076165427260959789e-02
-1.211451985573743645e-02,-1.211451985573743645e-02
-2.892997031062056329e-02,-2.892997031062056329e-02
-3.446520151926675546e-02,-3.446520151926675546e-02
-2.201032169988220016e-02,-2.201032169988220016e-02
-5.735191788846676075e-02,-5.735191788846676075e-02
-4.028916565689791285e-02,-4.028916565689791285e-02
-6.199553321730461031e-02,-6.199553321730461031e-02
-4.307193712369093014e-02,-4.307193712369093014e-02
-2.262585744700036650e-02,-2.262585744700036650e-02
-3.333124753729366230e-02,-3.333124753729366230e-02
-3.750555996156321181e-02,-3.750555996156321181e-02
-4.565149171041579107e-02,-4.565149171041579107e-02
-2.809657241012875756e-02,-2.809657241012875756e-02
-4.007815871769539184e-02,-4.007815871769539184e-02
-2.890224415268345670e-02,-2.890224415268345670e-02
-1.921677074132292773e-02,-1.921677074132292773e-02
-4.192709706465775482e-02,-4.192709706465775482e-02
-3.955288843896568457e-02,-3.955288843896568457e-02
-4.124517810860287015e-02,-4.124517810860287015e-02
-3.254930769718250572e-02,-3.254930769718250572e-02
-2.505000153866372009e-02,-2.505000153866372009e-02
-2.386809525451355496e-02,-2.386809525451355496e-02
-4.366309713591625535e-02,-4.366309713591625535e-02
-3.719257538397061774e-02,-3.719257538397061774e-02
-3.793354212985792367e-02,-3.793354212985792367e-02
-3.297726477474927087e-02,-3.297726477474927087e-02
-2.470462807342715256e-02,-2.470462807342715256e-02
-5.326400779585487716e-02,-5.326400779585487716e-02
-4.272033088998123534e-02,-4.272033088998123534e-02
-5.765419188448368815e-02,-5.765419188448368815e-02
-3.788545370883417834e-02,-3.788545370883417834e-02
-5.913321568396600475e-02,-5.913321568396600475e-02
-4.588516759536151457e-02,-4.588516759536151457e-02
-3.674667264426620394e-02,-3.674667264426620394e-02
-2.937516827262736524e-02,-2.937516827262736524e-02
-4.457879530377558547e-02,-4.457879530377558547e-02
-1.378129976141248547e-02,-1.378129976141248547e-02
-2.593382202085158655e-02,-2.593382202085158655e-02
-2.713645441880763870e-02,-2.713645441880763870e-02
-6.500484224219901797e-02,-6.500484224219901797e-02
-1.445701683151628947e-02,-1.445701683151628947e-02
-6.827926713622124721e-02,-6.827926713622124721e-02
-4.780862582233110641e-02,-4.780862582233110641e-02
-2.684413885141832823e-02,-2.684413885141832823e-02
-5.174144470175768423e-02,-5.174144470175768423e-02
-3.510457006223093035e-02,-3.510457006223093035e-02
-2.951354664980809089e-02,-2.951354664980809089e-02
-5.310761653082861355e-02,-5.310761653082861355e-02
-2.962127576429589293e-02,-2.962127576429589293e-02
-6.887569474491123112e-03,-6.887569474491123112e-03
-2.682364974081552500e-02,-2.682364974081552500e-02
-3.646543147942514496e-02,-3.646543147942514496e-02
-2.722276123834805467e-02,-2.722276123834805467e-02
-2.443195254570525513e-02,-2.443195254570525513e-02
-5.558942980950894869e-02,-5.558942980950894869e-02
-3.157482838922380519e-02,-3.157482838922380519e-02
-3.805393147132556803e-02,-3.805393147132556803e-02
-3.354741583331385252e-02,-3.354741583331385252e-02
-3.919281813429992267e-02,-3.919281813429992267e-02
-4.940717574056925632e-02,-4.940717574056925632e-02
-3.136338464518886870e-02,-3.136338464518886870e-02
-5.814869073963330887e-02,-5.814869073963330887e-02
-5.705937684293836687e-02,-5.705937684293836687e-02
-3.992154978384093028e-02,-3.992154978384093028e-02
-4.684494420085274363e-02,-4.684494420085274363e-02
-4.205090956645138323e-02,-4.205090956645138323e-02
-4.029596251407682739e-02,-4.029596251407682739e-02
-3.315731534410434889e-02,-3.315731534410434889e-02
-4.162124712737037824e-02,-4.162124712737037824e-02
-4.040488413400038226e-02,-4.040488413400038226e-02
-3.411706181643631153e-02,-3.411706181643631153e-02
-2.786747446151217888e-02,-2.786747446151217888e-02
-5.604338975980638349e-02,-5.604338975980638349e-02
-2.757846890465012052e-02,-2.757846890465012052e-02
-7.223283309421105192e-02,-7.223283309421105192e-02
-5.075647798877914313e-02,-5.075647798877914313e-02
-5.320204805941169263e-02,-5.320204805941169263e-02
-3.438157244605639928e-02,-3.438157244605639928e-02
-3.196923918420191413e-02,-3.196923918420191413e-02
-3.252798681039459350e-02,-3.252798681039459350e-02
-2.455661648701768646e-02,-2.455661648701768646e-02
-1.998918133636015670e-02,-1.998918133636015670e-02
-3.325510357305124648e-02,-3.325510357305124648e-02
-4.375735135170503304e-02,-4.375735135170503304e-02
-4.155919940530189427e-02,-4.155919940530189427e-02
-2.314185703481053819e-02,-2.314185703481053819e-02
-4.549494329521833191e-02,-4.549494329521833191e-02
-2.845960964849890418e-02,-2.845960964849890418e-02
-3.926286185354792291e-02,-3.926286185354792291e-02
-4.384431552549725858e-02,-4.384431552549725858e-02
-3.318645416774184537e-02,-3.318645416774184537e-02
-4.121548143216426097e-02,-4.121548143216426097e-02
-1.495549921513009833e-02,-1.495549921513009833e-02
-4.524133654877564303e-02,-4.524133654877564303e-02
-5.143908481415147838e-02,-5.143908481415147838e-02
-3.597412005717057215e-02,-3.597412005717057215e-02
-5.657102759452557056e-02,-5.657102759452557056e-02
-3.421807425612775205e-02,-3.421807425612775205e-02
-4.022656272384746157e-02,-4.022656272384746157e-02
-3.326029072410367077e-02,-3.326029072410367077e-02
-5.238529928788412254e-02,-5.238529928788412254e-02
-3.244333620392763490e-02,-3.244333620392763490e-02
-2.635440036501726646e-02,-2.635440036501726646e-02
-3.764543730508437824e-02,-3.764543730508437824e-02
-3.411316447981498773e-02,-3.411316447981498773e-02
-5.080191260160676903e-02,-5.080191260160676903e-02
-5.246314584915073159e-02,-5.246314584915073159e-02
-2.373380040102215927e-02,-2.373380040102215927e-02
-2.474882413711911727e-02,-2.474882413711911727e-02
-6.436739611769987102e-02,-6.436739611769987102e-02
-3.601208022914734880e-02,-3.601208022914734880e-02
-4.527854905199521496e-02,-4.527854905199521496e-02
-3.664469614794545194e-02,-3.664469614794545194e-02
-4.338318577183256780e-02,-4.338318577183256780e-02
-5.345419473675154520e-02,-5.345419473675154520e-02
-2.830453713164834267e-02,-2.830453713164834267e-02
-5.094014286076496006e-02,-5.094014286076496006e-02
-3.662772831770792770e-02,-3.662772831770792770e-02
-5.754272944485627761e-02,-5.754272944485627761e-02
-4.811562312787361767e-02,-4.811562312787361767e-02
-4.219186696482828819e-02,-4.219186696482828819e-02
-6.898967110333872887e-02,-6.898967110333872887e-02
-4.192182099367156717e-02,-4.192182099367156717e-02
-3.997338699114615784e-02,-3.997338699114615784e-02
-4.127675467472639859e-02,-4.127675467472639859e-02
-3.424252608819643162e-02,-3.424252608819643162e-02
-3.594375420886983252e-02,-3.594375420886983252e-02
-4.937539259097979694e-02,-4.937539259097979694e-02
-2.713871949984854315e-02,-2.713871949984854315e-02
-3.864781135495495151e-02,-3.864781135495495151e-02
-3.386269981415841041e-02,-3.386269981415841041e-02
-5.147650792940281633e-02,-5.147650792940281633e-02
-2.155046822268905093e-02,-2.155046822268905093e-02
-2.155533403307959006e-02,-2.155533403307959006e-02
-5.456458523445630732e-02,-5.456458523445630732e-02
-3.236691766373923917e-02,-3.236691766373923917e-02
-3.779704007572759483e-02,-3.779704007572759483e-02
-3.140441271322613748e-02,-3.140441271322613748e-02
-3.492598264505061140e-02,-3.492598264505061140e-02
-3.307171752871475301e-02,-3.307171752871475301e-02
-3.192167854329355792e-02,-3.192167854329355792e-02
-3.827467230093645895e-02,-3.827467230093645895e-02
-1.994863743752118418e-02,-1.994863743752118418e-02
-3.447708796447045837e-02,-3.447708796447045837e-02
-2.907657535715607589e-02,-2.907657535715607589e-02
-3.940608322185690932e-02,-3.940608322185690932e-02
-4.804936604656914745e-02,-4.804936604656914745e-02
-3.966039450451454978e-02,-3.966039450451454978e-02
-4.222899948029855410e-02,-4.222899948029855410e-02
-1.995877500749026340e-02,-1.995877500749026340e-02
-9.889938250918071938e-03,-9.889938250918071938e-03
-4.039100302768816597e-02,-4.039100302768816597e-02
-2.567763163036436425e-02,-2.567763163036436425e-02
-3.789304540165007451e-02,-3.789304540165007451e-02
-3.542330413439234021e-02,-3.542330413439234021e-02
-4.562643577596743605e-02,-4.562643577596743605e-02
-5.194820443672651389e-02,-5.194820443672651389e-02
-2.113178022920686461e-02,-2.113178022920686461e-02
-3.161285287466759214e-02,-3.161285287466759214e-02
-3.616190734845737415e-02,-3.616190734845737415e-02
-4.428112352659681339e-02,-4.428112352659681339e-02
-3.731427181295182693e-03,-3.731427181295182693e-03
-3.021387367237660104e-02,-3.021387367237660104e-02
-1.641005767081154393e-02,-1.641005767081154393e-02
-2.890173788914220804e-02,-2.890173788914220804e-02
-3.425178522624138661e-02,-3.425178522624138661e-02
-3.318869818365130508e-02,-3.318869818365130508e-02
-3.847814933948894706e-02,-3.847814933948894706e-02
-2.395786539168009294e-02,-2.395786539168009294e-02
-1.875811399621989117e-02,-1.875811399621989117e-02
-4.263861108011427620e-02,-4.263861108011427620e-02
-4.698167414543717724e-02,-4.698167414543717724e-02
-5.034967083926587122e-02,-5.034967083926587122e-02
-3.570765301179322504e-02,-3.570765301179322504e-02
-3.993751458167207197e-02,-3.993751458167207197e-02
-1.226073667948689161e-02,-1.226073667948689161e-02
-2.745021644044487452e-02,-2.745021644044487452e-02
-3.727313757462577537e-02,-3.727313757462577537e-02
-4.197151762456969443e-02,-4.197151762456969443e-02
-3.837218113705410244e-02,-3.837218113705410244e-02
-5.023698405189262750e-02,-5.023698405189262750e-02
-3.061409602221112219e-02,-3.061409602221112219e-02
-5.207340602415196779e-02,-5.207340602415196779e-02
-6.926722873456291063e-02,-6.926722873456291063e-02
-4.225906439624280836e-02,-4.225906439624280836e-02
-4.142260732672676388e-02,-4.142260732672676388e-02
-2.519341300453310090e-02,-2.519341300453310090e-02
-4.445574210345876881e-02,-4.445574210345876881e-02
-2.774195410203945944e-02,-2.774195410203945944e-02
-5.586298766102647945e-02,-5.586298766102647945e-02
-5.811548938793267838e-02,-5.811548938793267838e-02
-2.028012694420092132e-02,-2.028012694420092132e-02
-4.092850503924118366e-02,-4.092850503924118366e-02
-6.032718182260519285e-02,-6.032718182260519285e-02
-3.150766097258268089e-02,-3.150766097258268089e-02
-3.407912286915805444e-02,-3.407912286915805444e-02
-5.557436292440620651e-02,-5.557436292440620651e-02
-2.777880795673395853e-02,-2.777880795673395853e-02
-3.167128839192249329e-02,-3.167128839192249329e-02
-3.378918097938303500e-02,-3.378918097938303500e-02
-2.728868168129622296e-02,-2.728868168129622296e-02
-4.926591690859457445e-02,-4.926591690859457445e-02
-3.585004944577195596e-02,-3.585004944577195596e-02
-3.641281689974484870e-02,-3.641281689974484870e-02
-4.680877124476160583e-02,-4.680877124476160583e-02
-4.285639890373720007e-02,-4.285639890373720007e-02
-2.989936635252525565e-02,-2.989936635252525565e-02
-4.877429625594661283e-02,-4.877429625594661283e-02
-3.515634329563499527e-02,-3.515634329563499527e-02
-3.021152951830475414e-02,-3.021152951830475414e-02
-3.612845030980453565e-02,-3.612845030980453565e-02
-3.978750563332184714e-02,-3.978750563332184714e-02
-4.264837033123023563e-02,-4.264837033123023563e-02
-2.905503246388303762e-02,-2.905503246388303762e-02
-4.867002789415605241e-02,-4.867002789415605241e-02
-1.418801424215360846e-02,-1.418801424215360846e-02
-5.723674177601917323e-02,-5.723674177601917323e-02
-4.153646287225212091e-02,-4.153646287225212091e-02
-4.966282416695908669e-02,-4.966282416695908669e-02
-3.831595666861267041e-02,-3.831595666861267041e-02
-6.672483236270052021e-02,-6.672483236270052021e-02
-1.753405069221389279e-02,-1.753405069221389279e-02
-5.051719396095426945e-02,-5.051719396095426945e-02
-1.700404956370198117e-02,-1.700404956370198117e-02
-4.522494628010487183e-02,-4.522494628010487183e-02
-4.486160020546892113e-02,-4.486160020546892113e-02
-4.022908096462610855e-02,-4.022908096462610855e-02
-4.257031129017545268e-02,-4.257031129017545268e-02
-3.755847206968790375e-02,-3.755847206968790375e-02
-5.187246590432759152e-02,-5.187246590432759152e-02
-2.248638102916147852e-02,-2.248638102916147852e-02
-2.479681685648670725e-02,-2.479681685648670725e-02
-2.390103904766276155e-02,-2.390103904766276155e-02
-2.443974040213670040e-02,-2.443974040213670040e-02
-3.984824262348465873e-02,-3.984824262348465873e-02
-4.141149014667880324e-02,-4.141149014667880324e-02
-5.615042950840715835e-02,-5.615042950840715835e-02
-4.783093789275555396e-02,-4.783093789275555396e-02
-2.639873241833653322e-02,-2.639873241833653322e-02
-2.012472898909793001e-02,-2.012472898909793001e-02
-3.615853909273797351e-02,-3.615853909273797351e-02
-6.476649642342119373e-02,-6.476649642342119373e-02
-5.338531624151188898e-02,-5.338531624151188898e-02
-3.032833773029310759e-02,-3.032833773029310759e-02
-4.118746673919821549e-02,-4.118746673919821549e-02
-3.583366137016091857e-02,-3.583366137016091857e-02
-4.772465817050012410e-02,-4.772465817050012410e-02
-4.070659762423071981e-02,-4.070659762423071981e-02
-3.117559061604858323e-02,-3.117559061604858323e-02
-5.191005513065521243e-02,-5.191005513065521243e-02
-3.948087357769633488e-02,-3.948087357769633488e-02
-2.461705868019346821e-02,-2.461705868019346821e-02
-3.319259298463361763e-02,-3.319259298463361763e-02
-3.454967114109872006e-02,-3.454967114109872006e-02
-2.748808083013926790e-02,-2.748808083013926790e-02
-3.918789395010389975e-02,-3.918789395010389975e-02
-1.910827064760674265e-02,-1.910827064760674265e-02
-5.082869247970506904e-02,-5.082869247970506904e-02
-5.302772358083281123e-02,-5.302772358083281123e-02
-5.731517549971738845e-02,-5.731517549971738845e-02
-4.479142448858574460e-02,-4.479142448858574460e-02
-3.535821260343828543e-02,-3.535821260343828543e-02
-4.227262035377491595e-02,-4.227262035377491595e-02
-2.389869188343561601e-02,-2.389869188343561601e-02
-5.433758899324496461e-02,-5.433758899324496461e-02
-3.321633374722863380e-02,-3.321633374722863380e-02
-3.620431831031255959e-02,-3.620431831031255959e-02
-4.759284972131419544e-02,-4.759284972131419544e-02
-2.867797537140501229e-02,-2.867797537140501229e-02
-3.007661642232643817e-02,-3.007661642232643817e-02
-1.571663086325637837e-02,-1.571663086325637837e-02
-3.262008785273771971e-02,-3.262008785273771971e-02
-2.524353754641098929e-02,-2.524353754641098929e-02
-3.624689216029557126e-02,-3.624689216029557126e-02
-4.181907220144807230e-02,-4.181907220144807230e-02
-4.929370283545304876e-02,-4.929370283545304876e-02
-3.204862811308496762e-02,-3.204862811308496762e-02
-4.281513864655715762e-02,-4.281513864655715762e-02
-4.685051292486270419e-02,-4.685051292486270419e-02
-3.585866802020389044e-02,-3.585866802020389044e-02
-2.684796837761894289e-02,-2.684796837761894289e-02
-4.543082601213631333e-02,-4.543082601213631333e-02
-4.209430635955604266e-02,-4.209430635955604266e-02
-5.141478926245929976e-02,-5.141478926245929976e-02
-3.418812928624117425e-02,-3.418812928624117425e-02
-2.868558477087992248e-02,-2.868558477087992248e-02
-3.952125340764862244e-02,-3.952125340764862244e-02
-4.306660719032947421e-02,-4.306660719032947421e-02
-2.343552451567453010e-02,-2.343552451567453010e-02
-3.619200277593414422e-02,-3.619200277593414422e-02
-3.326283702191119851e-02,-3.326283702191119851e-02
-5.894274421448159745e-02,-5.894274421448159745e-02
-6.592550806841679378e-02,-6.592550806841679378e-02
-5.522020386274355264e-02,-5.522020386274355264e-02
-5.283577420715349776e-02,-5.283577420715349776e-02
-1.477602659167363830e-02,-1.477602659167363830e-02
-6.199970538416833127e-02,-6.199970538416833127e-02
-1.006008243982650652e-02,-1.006008243982650652e-02
-1.028659114721186540e-02,-1.028659114721186540e-02
-4.203313094681178363e-02,-4.203313094681178363e-02
-2.618773516193209638e-02,-2.618773516193209638e-02
-4.308442939679250905e-02,-4.308442939679250905e-02
-6.396667337057196367e-02,-6.396667337057196367e-02
-3.766211343896570113e-02,-3.766211343896570113e-02
-1.405263113460697433e-02,-1.405263113460697433e-02
-3.099430915083518923e-02,-3.099430915083518923e-02
-2.494426635283242960e-02,-2.494426635283242960e-02
-4.734231406702865685e-02,-4.734231406702865685e-02
-4.413695828913014041e-02,-4.413695828913014041e-02
-3.754325781137136941e-02,-3.754325781137136941e-02
-4.340803315994034434e-02,-4.340803315994034434e-02
-2.534700793086380050e-02,-2.534700793086380050e-02
-4.340533744638165603e-02,-4.340533744638165603e-02
-3.639945680332322409e-02,-3.639945680332322409e-02
-4.449530551865111400e-02,-4.449530551865111400e-02
-4.525605046287920624e-02,-4.525605046287920624e-02
-3.692357684389539069e-02,-3.692357684389539069e-02
-4.242495154398685797e-02,-4.242495154398685797e-02
-3.013657476257204648e-02,-3.013657476257204648e-02
-5.792413188658909057e-02,-5.792413188658909057e-02
-3.331673647573257790e-02,-3.331673647573257790e-02
-2.303660837093213926e-02,-2.303660837093213926e-02
-5.341598496650157291e-02,-5.341598496650157291e-02
-3.922086026415729648e-02,-3.922086026415729648e-02
-4.489173323731581594e-02,-4.489173323731581594e-02
-3.261975560001410118e-02,-3.261975560001410118e-02
-2.036630602731787434e-02,-2.036630602731787434e-02
-2.200992022340431814e-02,-2.200992022340431814e-02
-1.744471314294410158e-02,-1.744471314294410158e-02
-4.201081277720248447e-02,-4.201081277720248447e-02
-3.065204847544574646e-02,-3.065204847544574646e-02
-2.520663429129058053e-02,-2.520663429129058053e-02
-1.271125011831241575e-02,-1.271125011831241575e-02
-3.799552972524217892e-02,-3.799552972524217892e-02
-4.048524287511714309e-02,-4.048524287511714309e-02
-3.916299417069284833e-02,-3.916299417069284833e-02
-4.276870998410935848e-02,-4.276870998410935848e-02
-5.365405233471084306e-02,-5.365405233471084306e-02
-3.707504349525156395e-02,-3.707504349525156395e-02
-1.280264299369431730e-02,-1.280264299369431730e-02
-2.591400305485837968e-02,-2.591400305485837968e-02
-4.215751150738617642e-02,-4.215751150738617642e-02
-3.878518205457403417e-02,-3.878518205457403417e-02
-4.982754845014246425e-02,-4.982754845014246425e-02
-5.615826856402271472e-02,-5.615826856402271472e-02
-4.242328979652183057e-02,-4.242328979652183057e-02
-7.449451574042922908e-02,-7.449451574042922908e-02
-2.410256005580511951e-02,-2.410256005580511951e-02
-1.689247250274963225e-02,-1.689247250274963225e-02
-4.496497892530123414e-02,-4.496497892530123414e-02
-3.469091163079516399e-02,-3.469091163079516399e-02
-1.701406469537623117e-02,-1.701406469537623117e-02
-3.551756097864727790e-02,-3.551756097864727790e-02
-5.610368554640146610e-02,-5.610368554640146610e-02
-5.064363595852620220e-02,-5.064363595852620220e-02
-3.906597420419303385e-02,-3.906597420419303385e-02
-2.650138057664840063e-02,-2.650138057664840063e-02
-2.042365521423927799e-02,-2.042365521423927799e-02
-1.984115705970410093e-02,-1.984115705970410093e-02
-3.304449532359463731e-02,-3.304449532359463731e-02
-3.457125637381086580e-02,-3.457125637381086580e-02
-3.755692459959146523e-02,-3.755692459959146523e-02
-5.006880557331091358e-02,-5.006880557331091358e-02
-4.295372972524107852e-02,-4.295372972524107852e-02
-6.411000438839700721e-02,-6.411000438839700721e-02
-5.419730258251648225e-02,-5.419730258251648225e-02
-5.095459443396924137e-02,-5.095459443396924137e-02
-4.835035154946815128e-02,-4.835035154946815128e-02
-3.337962501981528440e-02,-3.337962501981528440e-02
-6.677573776598237643e-02,-6.677573776598237643e-02
-2.609985375050818263e-02,-2.609985375050818263e-02
-4.421518524688580060e-02,-4.421518524688580060e-02
-4.795518790541200560e-02,-4.795518790541200560e-02
-3.817093704134499887e-02,-3.817093704134499887e-02
-2.778180224234780976e-02,-2.778180224234780976e-02
-3.553560579493774546e-02,-3.553560579493774546e-02
-5.849480259745284960e-02,-5.849480259745284960e-02
-3.353190171392918945e-02,-3.353190171392918945e-02
-3.856650184552069816e-02,-3.856650184552069816e-02
-4.899564619586520980e-02,-4.899564619586520980e-02
-3.844647157774421647e-02,-3.844647157774421647e-02
-5.035735994944880167e-02,-5.035735994944880167e-02
2.658435711851411809e-03,2.658435711851411809e-03
-3.150456449482967602e-02,-3.150456449482967602e-02
-4.754408574490617129e-02,-4.754408574490617129e-02
-3.264438487326959404e-02,-3.264438487326959404e-02
-3.894086080284117624e-02,-3.894086080284117624e-02
-3.529130496925950156e-02,-3.529130496925950156e-02
-4.799096370420379010e-02,-4.799096370420379010e-02
-5.034959205210033650e-02,-5.034959205210033650e-02
-2.600227121934458457e-02,-2.600227121934458457e-02
-5.683581352925601987e-02,-5.683581352925601987e-02
-4.270272627990642084e-02,-4.270272627990642084e-02
-5.581074552901466035e-02,-5.581074552901466035e-02
-3.300333634163306329e-02,-3.300333634163306329e-02
-5.857890438330794897e-02,-5.857890438330794897e-02
-2.777810812455571571e-02,-2.777810812455571571e-02
-3.171458226456336932e-02,-3.171458226456336932e-02
-5.880097416421765921e-02,-5.880097416421765921e-02
-2.778948552113582465e-02,-2.778948552113582465e-02
-1.678209184633075446e-02,-1.678209184633075446e-02
-4.047119287804713805e-02,-4.047119287804713805e-02
-2.340149207309170226e-02,-2.340149207309170226e-02
-6.303684372497653232e-02,-6.303684372497653232e-02
-3.164886511607595265e-02,-3.164886511607595265e-02
-2.368638732648275375e-02,-2.368638732648275375e-02
-3.925717246596979043e-02,-3.925717246596979043e-02
-5.472361231749531957e-02,-5.472361231749531957e-02
-3.591648057246851072e-02,-3.591648057246851072e-02
-5.315237515547492630e-02,-5.315237515547492630e-02
-5.108218237637311004e-02,-5.108218237637311004e-02
-3.861891255107499643e-02,-3.861891255107499643e-02
2.169607802532884377e-03,2.169607802532884377e-03
-3.456356065219103046e-02,-3.456356065219103046e-02
-2.870681424187486452e-02,-2.870681424187486452e-02
-2.065649111403375371e-02,-2.065649111403375371e-02
-3.162358746018981842e-02,-3.162358746018981842e-02
-4.208986324851548416e-02,-4.208986324851548416e-02
-2.870764784445799939e-02,-2.870764784445799939e-02
-1.868285444318477234e-02,-1.868285444318477234e-02
-3.173675583758411162e-02,-3.173675583758411162e-02
-2.594032600269273459e-02,-2.594032600269273459e-02
-3.590672759140624282e-02,-3.590672759140624282e-02
-4.144474881523125404e-02,-4.144474881523125404e-02
-4.343900684269213358e-02,-4.343900684269213358e-02
-3.657958176047084592e-02,-3.657958176047084592e-02
-3.170045846003555212e-02,-3.170045846003555212e-02
-5.590708061172711130e-02,-5.590708061172711130e-02
-2.452944576560800449e-02,-2.452944576560800449e-02
-5.237482290574570210e-02,-5.237482290574570210e-02
-5.186863704114695606e-02,-5.186863704114695606e-02
-3.232736048162620363e-02,-3.232736048162620363e-02
-4.689089416137590810e-02,-4.689089416137590810e-02
-5.395783217840965929e-02,-5.395783217840965929e-02
-4.676869736377690240e-02,-4.676869736377690240e-02
-5.083310335140815012e-02,-5.083310335140815012e-02
-5.945469998650126237e-02,-5.945469998650126237e-02
-6.101309973764341282e-02,-6.101309973764341282e-02
-4.106741513247422204e-02,-4.106741513247422204e-02
-5.133174743075930024e-02,-5.133174743075930024e-02
-3.929148872981531176e-02,-3.929148872981531176e-02
-3.426996244875168962e-02,-3.426996244875168962e-02
-5.452773189709501228e-02,-5.452773189709501228e-02
-1.361409347823919203e-02,-1.361409347823919203e-02
-4.481683049805856162e-02,-4.481683049805856162e-02
-3.666697414732167370e-02,-3.666697414732167370e-02
-4.284116195974820018e-02,-4.284116195974820018e-02
-3.663645012105189863e-02,-3.663645012105189863e-02
-4.681558608751216349e-02,-4.681558608751216349e-02
-5.200027532605732555e-02,-5.200027532605732555e-02
-5.511134155932595480e-02,-5.511134155932595480e-02
-1.793686046198444961e-02,-1.793686046198444961e-02
-4.088116474727434418e-02,-4.088116474727434418e-02
-3.574067566208966040e-02,-3.574067566208966040e-02
-5.921645496117634855e-02,-5.921645496117634855e-02
-2.849435937830319815e-02,-2.849435937830319815e-02
-2.654566765352028151e-02,-2.654566765352028151e-02
-7.110691376097121041e-03,-7.110691376097121041e-03
-2.511688506079551297e-02,-2.511688506079551297e-02
-3.389238240783018496e-02,-3.389238240783018496e-02
-4.250419684445921886e-02,-4.250419684445921886e-02
-4.685616709730511253e-02,-4.685616709730511253e-02
-5.560238548182072638e-02,-5.560238548182072638e-02
-6.196066627833442947e-02,-6.196066627833442947e-02
-2.570558806116153561e-02,-2.570558806116153561e-02
-4.564023531304497311e-02,-4.564023531304497311e-02
-2.635193387037713247e-02,-2.635193387037713247e-02
-3.892913118815495566e-02,-3.892913118815495566e-02
-4.622887233526708217e-02,-4.622887233526708217e-02
-4.087804124533118977e-02,-4.087804124533118977e-02
-2.645512739239917754e-02,-2.645512739239917754e-02
-3.233350533840795987e-02,-3.233350533840795987e-02
-4.034760715877806769e-02,-4.034760715877806769e-02
-3.204940565694488347e-02,-3.204940565694488347e-02
-1.951477702410996107e-02,-1.951477702410996107e-02
-4.547297613055251847e-02,-4.547297613055251847e-02
-5.328921763041415821e-02,-5.328921763041415821e-02
-1.783511566713141816e-02,-1.783511566713141816e-02
-3.955280425309834480e-02,-3.955280425309834480e-02
-5.991998449957001288e-02,-5.991998449957001288e-02
-1.438140752512390153e-03,-1.438140752512390153e-03
-3.185926036567138936e-02,-3.185926036567138936e-02
-4.857307997200711880e-02,-4.857307997200711880e-02
-3.546501981910270274e-02,-3.546501981910270274e-02
-2.941773316977841501e-02,-2.941773316977841501e-02
-3.898549031581764052e-02,-3.898549031581764052e-02
-5.499690208631997229e-02,-5.499690208631997229e-02
-7.304589096518099289e-03,-7.304589096518099289e-03
-5.538115669233365651e-02,-5.538115669233365651e-02
-1.852247986893021392e-02,-1.852247986893021392e-02
-3.701257673721983221e-02,-3.701257673721983221e-02
-4.125710500558293914e-02,-4.125710500558293914e-02
-2.494614258319127059e-02,-2.494614258319127059e-02
-6.233651098942552538e-02,-6.233651098942552538e-02
-3.799597847608363749e-02,-3.799597847608363749e-02
-4.006329832012864994e-02,-4.006329832012864994e-02
-5.593089871878216546e-02,-5.593089871878216546e-02
-3.448822666035324808e-02,-3.448822666035324808e-02
-3.452803601632476599e-02,-3.452803601632476599e-02
-3.239193279304893036e-02,-3.239193279304893036e-02
-2.918550116686548235e-02,-2.918550116686548235e-02
-3.869779976330636750e-02,-3.869779976330636750e-02
-4.530050469447980538e-02,-4.530050469447980538e-02
-1.493723259307620788e-02,-1.493723259307620788e-02
-2.752173273368388462e-02,-2.752173273368388462e-02
-4.978675306715707460e-02,-4.978675306715707460e-02
-4.570380129878331976e-02,-4.570380129878331976e-02
-5.499476445004856245e-02,-5.499476445004856245e-02
-3.765672851159949236e-02,-3.765672851159949236e-02
-3.756982500134457836e-02,-3.756982500134457836e-02
-2.443831546230292029e-02,-2.443831546230292029e-02
-2.732425555877589923e-02,-2.732425555877589923e-02
-5.790624379712288466e-02,-5.790624379712288466e-02
-3.268473448019559163e-02,-3.268473448019559163e-02
-3.384000218263105708e-02,-3.384000218263105708e-02
-3.984523977142374190e-02,-3.984523977142374190e-02
-2.801589073269251939e-02,-2.801589073269251939e-02
-2.202593684808467484e-02,-2.202593684808467484e-02
-3.775180427999001026e-02,-3.775180427999001026e-02
-5.897475737832808679e-02,-5.897475737832808679e-02
-5.207917144743366700e-02,-5.207917144743366700e-02
-4.764494678028766833e-02,-4.764494678028766833e-02
-3.853416298297893117e-02,-3.853416298297893117e-02
-4.441185943550226417e-02,-4.441185943550226417e-02
-5.949934242339321305e-02,-5.949934242339321305e-02
-5.173268736941449841e-02,-5.173268736941449841e-02
-1.984561852205467963e-02,-1.984561852205467963e-02
-6.127742888319684389e-02,-6.127742888319684389e-02
-4.815188633554628311e-02,-4.815188633554628311e-02
-2.412802078977355907e-02,-2.412802078977355907e-02
-4.105602719286848001e-02,-4.105602719286848001e-02
-4.387558267672955759e-02,-4.387558267672955759e-02
-3.775056194526858755e-02,-3.775056194526858755e-02
-4.277794394973190306e-02,-4.277794394973190306e-02
-3.233373979397757836e-02,-3.233373979397757836e-02
-1.845355652523218010e-02,-1.845355652523218010e-02
-2.949242282979013668e-02,-2.949242282979013668e-02
-5.412853750637771494e-02,-5.412853750637771494e-02
-4.645337976997798018e-02,-4.645337976997798018e-02
-4.487710855392262888e-02,-4.487710855392262888e-02
-5.084743728538610591e-02,-5.084743728538610591e-02
-5.350658295218240629e-02,-5.350658295218240629e-02
-2.053461896514600926e-02,-2.053461896514600926e-02
-4.253372878278919439e-02,-4.253372878278919439e-02
-3.068492874541010190e-02,-3.068492874541010190e-02
-5.834982799472509390e-02,-5.834982799472509390e-02
-4.149391150915594101e-02,-4.149391150915594101e-02
-6.886839285114723652e-02,-6.886839285114723652e-02
-3.549292291294479929e-02,-3.549292291294479929e-02
-3.886081036436831587e-02,-3.886081036436831587e-02
-1.522067741664462348e-02,-1.522067741664462348e-02
-4.733480646251306267e-02,-4.733480646251306267e-02
-3.328489404668628221e-02,-3.328489404668628221e-02
-3.750719606009541435e-02,-3.750719606009541435e-02
-3.412824597131774301e-02,-3.412824597131774301e-02
-5.500440137683577230e-02,-5.500440137683577230e-02
-3.944623927526882262e-02,-3.944623927526882262e-02
-6.379577645299619459e-02,-6.379577645299619459e-02
-2.439195799109204060e-02,-2.439195799109204060e-02
-3.921620191825131441e-02,-3.921620191825131441e-02
-5.784319168899940133e-02,-5.784319168899940133e-02
-3.281671757997099009e-02,-3.281671757997099009e-02
-5.850995719895808050e-02,-5.850995719895808050e-02
-4.562717139125514049e-02,-4.562717139125514049e-02
-3.985350097985396189e-02,-3.985350097985396189e-02
-4.066206533491293490e-02,-4.066206533491293490e-02
-4.026660258700586609e-02,-4.026660258700586609e-02
-5.457709721148468196e-02,-5.457709721148468196e-02
-2.820071114368674636e-02,-2.820071114368674636e-02
-4.051327972718144627e-02,-4.051327972718144627e-02
-3.779507195034398359e-02,-3.779507195034398359e-02
-4.270333461534809444e-02,-4.270333461534809444e-02
-3.706757067897568231e-02,-3.706757067897568231e-02
-1.598476769356604182e-02,-1.598476769356604182e-02
-4.473381123781711849e-02,-4.473381123781711849e-02
-6.797498822544581487e-02,-6.797498822544581487e-02
-4.801302969461489212e-02,-4.801302969461489212e-02
-2.839558871741798551e-02,-2.839558871741798551e-02
-5.312154810812858702e-02,-5.312154810812858702e-02
-6.515101184893985764e-02,-6.515101184893985764e-02
-1.804785122522474528e-02,-1.804785122522474528e-02
-3.273177692034243830e-02,-3.273177692034243830e-02
-1.640587916262682688e-02,-1.640587916262682688e-02
-4.743251766588359869e-02,-4.743251766588359869e-02
-4.467781379537144604e-02,-4.467781379537144604e-02
-4.154037050869599512e-02,-4.154037050869599512e-02
-4.746391443557654993e-02,-4.746391443557654993e-02
-4.837661773182980879e-02,-4.837661773182980879e-02
-4.040312059485171026e-02,-4.040312059485171026e-02
-4.392933747892617535e-02,-4.392933747892617535e-02
-3.176099537680374119e-02,-3.176099537680374119e-02
-2.065952388998426592e-02,-2.065952388998426592e-02
-5.036782105218340355e-02,-5.036782105218340355e-02
-3.919757288771796855e-02,-3.919757288771796855e-02
-3.125821777433952786e-02,-3.125821777433952786e-02
-3.343809481520351734e-02,-3.343809481520351734e-02
-5.512196308207982509e-02,-5.512196308207982509e-02
-2.541656761429786360e-02,-2.541656761429786360e-02
-4.861833098684990168e-02,-4.861833098684990168e-02
-4.172969463753184449e-02,-4.172969463753184449e-02
-2.739376291700508503e-02,-2.739376291700508503e-02
-2.442080141239921093e-02,-2.442080141239921093e-02
-2.543880077584168009e-02,-2.543880077584168009e-02
-5.238782915422905695e-02,-5.238782915422905695e-02
-4.767100481890074182e-02,-4.767100481890074182e-02
-2.795225129527655061e-02,-2.795225129527655061e-02
-4.552344183858036269e-02,-4.552344183858036269e-02
-5.749501570218624319e-02,-5.749501570218624319e-02
