-3.886610823524481173e-01,-3.886610823524481173e-01
-1.839742960912060799e-01,-1.839742960912060799e-01
-5.126775978319946248e-01,-5.126775978319946248e-01
-1.996496108393808200e-03,-1.996496108393808200e-03
-2.789730364737237900e-01,-2.789730364737237900e-01
-1.282782771613377726e-01,-1.282782771613377726e-01
2.517476013755269859e-01,2.517476013755269859e-01
-1.630294033596970671e-01,-1.630294033596970671e-01
-1.060186094144139890e-01,-1.060186094144139890e-01
-5.180268697901992958e-01,-5.180268697901992958e-01
-1.018715487253786245e-01,-1.018715487253786245e-01
2.359054681736817427e-01,2.359054681736817427e-01
-3.936863675547697117e-02,-3.936863675547697117e-02
-2.490533300177729115e-01,-2.490533300177729115e-01
-7.824596730862778404e-01,-7.824596730862778404e-01
-5.682282620155696407e-01,-5.682282620155696407e-01
-1.933917961177720191e-01,-1.933917961177720191e-01
-2.587422709914554142e-01,-2.587422709914554142e-01
1.741415593098364356e-01,1.741415593098364356e-01
-2.223462775815048253e-01,-2.223462775815048253e-01
1.088075049951278128e-01,1.088075049951278128e-01
1.802899084022434595e-01,1.802899084022434595e-01
-2.127976019501404137e-01,-2.127976019501404137e-01
5.304791519687113155e-02,5.304791519687113155e-02
9.089014009043527853e-02,9.089014009043527853e-02
-2.849509923100312925e-01,-2.849509923100312925e-01
-3.422837250473205750e-01,-3.422837250473205750e-01
1.153668496864944659e-01,1.153668496864944659e-01
-5.793094680802084451e-01,-5.793094680802084451e-01
4.826051506677072611e-01,4.826051506677072611e-01
-5.771739710436367687e-01,-5.771739710436367687e-01
-5.144941182321024487e-01,-5.144941182321024487e-01
2.396184914619176043e-01,2.396184914619176043e-01
4.717635901978241009e-01,4.717635901978241009e-01
-3.627400736317435426e-01,-3.627400736317435426e-01
1.447233237110238102e-01,1.447233237110238102e-01
-3.501333207261936309e-01,-3.501333207261936309e-01
-3.696515793387653570e-01,-3.696515793387653570e-01
3.433550148453161643e-01,3.433550148453161643e-01
-5.701728684521221169e-01,-5.701728684521221169e-01
9.382074116793659435e-02,9.382074116793659435e-02
-3.518849277553369737e-01,-3.518849277553369737e-01
-2.854993294116653368e-01,-2.854993294116653368e-01
-3.940689594700141907e-01,-3.940689594700141907e-01
-3.087522305847910653e-01,-3.087522305847910653e-01
-2.989873082456529496e-01,-2.989873082456529496e-01
-1.594470431714223313e-01,-1.594470431714223313e-01
-1.704985109257509679e-01,-1.704985109257509679e-01
-7.279986334935362180e-02,-7.279986334935362180e-02
-4.754532149581104927e-01,-4.754532149581104927e-01
-3.859756165919172033e-01,-3.859756165919172033e-01
-2.565737832027521481e-01,-2.565737832027521481e-01
-7.164621978450662620e-01,-7.164621978450662620e-01
3.085211159973560990e-01,3.085211159973560990e-01
-4.218065646016280756e-01,-4.218065646016280756e-01
-6.469688774132373865e-01,-6.469688774132373865e-01
5.471300996721362164e-02,5.471300996721362164e-02
-7.838548586640043947e-01,-7.838548586640043947e-01
-9.040674823554544215e-01,-9.040674823554544215e-01
9.734227274837181643e-02,9.734227274837181643e-02
-1.813145327669289930e-01,-1.813145327669289930e-01
1.690905439399642551e-01,1.690905439399642551e-01
-3.015227795791866061e-01,-3.015227795791866061e-01
1.602634777487165207e-01,1.602634777487165207e-01
2.138126171675218679e-01,2.138126171675218679e-01
-4.593773654564970998e-01,-4.593773654564970998e-01
-4.250797448524822331e-01,-4.250797448524822331e-01
-9.787681992914043505e-02,-9.787681992914043505e-02
-2.994877904203814278e-01,-2.994877904203814278e-01
-5.470849980360091847e-01,-5.470849980360091847e-01
-1.658396451014387818e-01,-1.658396451014387818e-01
-6.248278841950150042e-02,-6.248278841950150042e-02
-8.479364260526034425e-02,-8.479364260526034425e-02
-3.542655437133616081e-01,-3.542655437133616081e-01
-2.548087765791139381e-01,-2.548087765791139381e-01
2.003626017177010388e-01,2.003626017177010388e-01
-2.343373308261726962e-01,-2.343373308261726962e-01
-7.947776544149232070e-02,-7.947776544149232070e-02
-2.041141955712927336e-01,-2.041141955712927336e-01
-7.003852899870940396e-01,-7.003852899870940396e-01
2.635541775717653579e-02,2.635541775717653579e-02
-2.690636038863020163e-01,-2.690636038863020163e-01
-6.794004661638057829e-01,-6.794004661638057829e-01
-4.626657465160231020e-01,-4.626657465160231020e-01
2.453774565986676093e-01,2.453774565986676093e-01
-8.744063317624284348e-02,-8.744063317624284348e-02
-1.138483703305345207e-01,-1.138483703305345207e-01
-1.400357687662496797e-01,-1.400357687662496797e-01
-3.377854565015425692e-02,-3.377854565015425692e-02
-5.976915383306724561e-02,-5.976915383306724561e-02
-5.900923603677357132e-01,-5.900923603677357132e-01
6.152171057723088143e-02,6.152171057723088143e-02
-6.672128845781233331e-02,-6.672128845781233331e-02
-5.464917028947469113e-01,-5.464917028947469113e-01
3.399886873816981847e-02,3.399886873816981847e-02
-1.541595701953914488e-01,-1.541595701953914488e-01
-4.850976255713982943e-01,-4.850976255713982943e-01
-3.645204081425014175e-01,-3.645204081425014175e-01
-3.143159642691496503e-01,-3.143159642691496503e-01
-2.610202371757837092e-01,-2.610202371757837092e-01
1.433505931177103676e-02,1.433505931177103676e-02
-1.424511775874733877e-01,-1.424511775874733877e-01
-7.418008334503451984e-01,-7.418008334503451984e-01
-2.680946093598470803e-01,-2.680946093598470803e-01
-4.008129633892880683e-01,-4.008129633892880683e-01
-2.901320424535736020e-02,-2.901320424535736020e-02
-2.931933528256762123e-01,-2.931933528256762123e-01
4.868868257145519962e-02,4.868868257145519962e-02
-4.895711057338863470e-01,-4.895711057338863470e-01
-3.842046332456932611e-01,-3.842046332456932611e-01
-5.602710528787206989e-01,-5.602710528787206989e-01
-3.993918465456453015e-01,-3.993918465456453015e-01
-4.798044751346264292e-02,-4.798044751346264292e-02
3.573253788235295492e-01,3.573253788235295492e-01
2.989260198103854682e-01,2.989260198103854682e-01
2.181968062089377769e-01,2.181968062089377769e-01
-6.288917362097184993e-01,-6.288917362097184993e-01
-2.340410595285681294e-01,-2.340410595285681294e-01
-2.341123558975378161e-01,-2.341123558975378161e-01
-4.504407504453822320e-01,-4.504407504453822320e-01
-6.734879010689210910e-01,-6.734879010689210910e-01
-3.754308878491082746e-01,-3.754308878491082746e-01
-2.842870164903168462e-01,-2.842870164903168462e-01
4.681676808055723615e-02,4.681676808055723615e-02
-2.953309290710884882e-01,-2.953309290710884882e-01
-3.847308758675533902e-01,-3.847308758675533902e-01
-5.672904149902053828e-01,-5.672904149902053828e-01
3.450102094512907946e-01,3.450102094512907946e-01
2.992404995262443190e-02,2.992404995262443190e-02
-2.649424523674224208e-01,-2.649424523674224208e-01
3.560078228199766714e-01,3.560078228199766714e-01
-3.043620472885381067e-01,-3.043620472885381067e-01
-2.791824085574910463e-01,-2.791824085574910463e-01
-1.101567886395231621e-01,-1.101567886395231621e-01
-3.279824672652255635e-01,-3.279824672652255635e-01
-6.761661597611039465e-01,-6.761661597611039465e-01
-7.668046364797065362e-02,-7.668046364797065362e-02
4.095532735648088618e-02,4.095532735648088618e-02
-4.412587722191878004e-01,-4.412587722191878004e-01
9.206942656616978748e-02,9.206942656616978748e-02
-2.920404273104026949e-02,-2.920404273104026949e-02
-5.001877897349652491e-01,-5.001877897349652491e-01
-5.992917623071314370e-02,-5.992917623071314370e-02
-2.818763448828173201e-01,-2.818763448828173201e-01
-3.843802235758559949e-01,-3.843802235758559949e-01
2.778374446324061164e-02,2.778374446324061164e-02
-1.666479875738746674e-02,-1.666479875738746674e-02
-7.905263834185705107e-02,-7.905263834185705107e-02
1.516563452716552796e-01,1.516563452716552796e-01
-5.592644535840448627e-01,-5.592644535840448627e-01
5.280106933161321514e-02,5.280106933161321514e-02
5.598528305971739449e-03,5.598528305971739449e-03
-1.633518158337990966e-01,-1.633518158337990966e-01
-3.415214040491746372e-01,-3.415214040491746372e-01
-1.484071893602296188e-01,-1.484071893602296188e-01
-1.863709939343908273e-01,-1.863709939343908273e-01
-5.157802303111074238e-01,-5.157802303111074238e-01
2.265035993092056055e-01,2.265035993092056055e-01
-3.507138538067181566e-01,-3.507138538067181566e-01
-4.620231878319795982e-01,-4.620231878319795982e-01
6.021163823734176912e-02,6.021163823734176912e-02
4.383303240034874815e-02,4.383303240034874815e-02
-2.699431122961462037e-01,-2.699431122961462037e-01
-2.008695365964712209e-01,-2.008695365964712209e-01
1.833881596131751168e-01,1.833881596131751168e-01
-3.823131667941609413e-01,-3.823131667941609413e-01
1.021710432348221786e-02,1.021710432348221786e-02
-8.512315971738737552e-03,-8.512315971738737552e-03
-9.203215805270303917e-02,-9.203215805270303917e-02
-3.094899234778740738e-01,-3.094899234778740738e-01
4.011325069837473611e-01,4.011325069837473611e-01
5.934135809704055298e-02,5.934135809704055298e-02
2.536673677599262655e-01,2.536673677599262655e-01
3.863872464622817304e-01,3.863872464622817304e-01
4.713054173505304423e-02,4.713054173505304423e-02
-1.192419727919155070e-01,-1.192419727919155070e-01
-1.033828800632860534e-01,-1.033828800632860534e-01
-1.388416861408717784e-01,-1.388416861408717784e-01
-4.579647511747990674e-01,-4.579647511747990674e-01
-3.239113093397492094e-01,-3.239113093397492094e-01
-3.071431570440108505e-01,-3.071431570440108505e-01
-1.525614405634703186e-01,-1.525614405634703186e-01
-3.332391187194697624e-01,-3.332391187194697624e-01
1.032766370381535959e-01,1.032766370381535959e-01
5.225495800113078015e-02,5.225495800113078015e-02
-4.859210291981841956e-01,-4.859210291981841956e-01
2.607770535475971707e-01,2.607770535475971707e-01
-1.698316879055234985e-01,-1.698316879055234985e-01
-4.564230254788329555e-01,-4.564230254788329555e-01
-3.081496268507271097e-01,-3.081496268507271097e-01
-2.519569960439727030e-02,-2.519569960439727030e-02
-2.961196125892242570e-01,-2.961196125892242570e-01
-1.312681050856895348e-01,-1.312681050856895348e-01
-1.510997667342455220e-01,-1.510997667342455220e-01
2.204004105222345800e-02,2.204004105222345800e-02
2.022390433500053097e-01,2.022390433500053097e-01
3.520548428316294665e-02,3.520548428316294665e-02
-1.108138560596499955e-01,-1.108138560596499955e-01
-1.567375476039512550e-01,-1.567375476039512550e-01
-6.048412266786284963e-02,-6.048412266786284963e-02
2.354621701430037461e-01,2.354621701430037461e-01
-2.458874924286299501e-01,-2.458874924286299501e-01
-1.500690249902786322e-01,-1.500690249902786322e-01
1.730211353624475645e-01,1.730211353624475645e-01
-1.872718867330645520e-01,-1.872718867330645520e-01
-3.990040829499376107e-01,-3.990040829499376107e-01
-6.427051447094784820e-01,-6.427051447094784820e-01
-1.359659809436539746e-01,-1.359659809436539746e-01
3.465929564343311897e-01,3.465929564343311897e-01
1.357035215640196579e-01,1.357035215640196579e-01
-2.256448561612099946e-01,-2.256448561612099946e-01
-2.662141493983903873e-01,-2.662141493983903873e-01
-2.439529090867021965e-01,-2.439529090867021965e-01
4.106806285545017143e-01,4.106806285545017143e-01
-3.122313148091807600e-01,-3.122313148091807600e-01
-5.036875646677465568e-01,-5.036875646677465568e-01
-3.139594166573295153e-01,-3.139594166573295153e-01
7.726199636559571982e-02,7.726199636559571982e-02
-6.007485784765509429e-01,-6.007485784765509429e-01
-3.488212991621769676e-01,-3.488212991621769676e-01
-6.403985603218942391e-02,-6.403985603218942391e-02
-1.984898177691403198e-01,-1.984898177691403198e-01
-1.426589503764056355e-01,-1.426589503764056355e-01
5.925372591252420218e-02,5.925372591252420218e-02
-4.558984173161508835e-01,-4.558984173161508835e-01
-1.662382924447883825e-01,-1.662382924447883825e-01
-2.682084200839451871e-02,-2.682084200839451871e-02
-2.999940112443610918e-02,-2.999940112443610918e-02
-9.830455921673608710e-02,-9.830455921673608710e-02
3.524166784966304977e-01,3.524166784966304977e-01
-2.927307913163975650e-01,-2.927307913163975650e-01
-2.733232981247671889e-01,-2.733232981247671889e-01
-3.045922525539140890e-01,-3.045922525539140890e-01
-4.429683750570577727e-01,-4.429683750570577727e-01
4.197409549555364272e-02,4.197409549555364272e-02
1.258185591406811854e-01,1.258185591406811854e-01
-5.196292192235546503e-02,-5.196292192235546503e-02
-9.452561289436178793e-02,-9.452561289436178793e-02
-5.876571503515604089e-01,-5.876571503515604089e-01
-2.967251324794601963e-01,-2.967251324794601963e-01
5.299671516516279990e-02,5.299671516516279990e-02
-2.296743872915123497e-01,-2.296743872915123497e-01
-2.257735612544878867e-01,-2.257735612544878867e-01
-3.885622225627070603e-01,-3.885622225627070603e-01
-1.128466797186020720e-01,-1.128466797186020720e-01
-3.288681881077333280e-01,-3.288681881077333280e-01
-1.710019448284595400e-01,-1.710019448284595400e-01
1.840231982134235000e-01,1.840231982134235000e-01
-5.400666307522721254e-01,-5.400666307522721254e-01
-3.079497620604110253e-03,-3.079497620604110253e-03
5.320495324601992593e-03,5.320495324601992593e-03
-3.041182405798370514e-01,-3.041182405798370514e-01
-5.800075955748307255e-02,-5.800075955748307255e-02
-2.133234487085282627e-01,-2.133234487085282627e-01
-3.802819233769377805e-01,-3.802819233769377805e-01
3.300333967592883333e-02,3.300333967592883333e-02
-1.678264393143880095e-01,-1.678264393143880095e-01
9.737768626831910801e-02,9.737768626831910801e-02
-5.571217915312636215e-01,-5.571217915312636215e-01
-3.104354322601080574e-01,-3.104354322601080574e-01
-3.455781609807168087e-01,-3.455781609807168087e-01
1.584903521639204893e-01,1.584903521639204893e-01
-3.527112164737332689e-01,-3.527112164737332689e-01
-4.910084872946629542e-01,-4.910084872946629542e-01
-9.178066340768009646e-02,-9.178066340768009646e-02
-8.403760212264144158e-02,-8.403760212264144158e-02
-1.554630194465367321e-02,-1.554630194465367321e-02
-2.612473227104894491e-02,-2.612473227104894491e-02
-2.308496795928266510e-01,-2.308496795928266510e-01
8.597932318072265545e-03,8.597932318072265545e-03
-4.511325239791190156e-01,-4.511325239791190156e-01
-4.453607645843575824e-01,-4.453607645843575824e-01
-5.280031239446756341e-01,-5.280031239446756341e-01
-1.684805973585513650e-01,-1.684805973585513650e-01
3.948533591655720709e-01,3.948533591655720709e-01
-4.914907166630316793e-02,-4.914907166630316793e-02
2.978814328186429883e-02,2.978814328186429883e-02
-5.086085500696375661e-01,-5.086085500696375661e-01
-4.966704173888112361e-01,-4.966704173888112361e-01
1.485149103057338271e-01,1.485149103057338271e-01
-1.858901094290316136e-01,-1.858901094290316136e-01
-1.568801709282810486e-01,-1.568801709282810486e-01
-8.031397250532847920e-01,-8.031397250532847920e-01
3.856074800368105571e-01,3.856074800368105571e-01
-2.794306927451517542e-01,-2.794306927451517542e-01
-1.619686989181355896e-01,-1.619686989181355896e-01
-5.550388909590515674e-01,-5.550388909590515674e-01
2.727343622809733636e-01,2.727343622809733636e-01
1.186434787631716059e-01,1.186434787631716059e-01
-2.592457720505148000e-01,-2.592457720505148000e-01
-2.152092704226679087e-01,-2.152092704226679087e-01
-5.973448526655165125e-01,-5.973448526655165125e-01
-5.461503634489361936e-02,-5.461503634489361936e-02
5.495376863608913975e-02,5.495376863608913975e-02
-2.171414867325487941e-01,-2.171414867325487941e-01
-4.650674672981154334e-01,-4.650674672981154334e-01
-1.964564291248094285e-01,-1.964564291248094285e-01
-2.348441608714907369e-01,-2.348441608714907369e-01
6.543234899830874252e-02,6.543234899830874252e-02
-3.309690535198679395e-01,-3.309690535198679395e-01
-2.854243166097554796e-01,-2.854243166097554796e-01
-1.965581816668575676e-01,-1.965581816668575676e-01
-1.623571075279385822e-01,-1.623571075279385822e-01
-5.290847002434408974e-01,-5.290847002434408974e-01
-1.673099668546745300e-01,-1.673099668546745300e-01
-1.042228416726014295e-01,-1.042228416726014295e-01
1.248687386056394066e-01,1.248687386056394066e-01
-3.214048957935923267e-01,-3.214048957935923267e-01
-5.629683359791892716e-02,-5.629683359791892716e-02
-7.675490646321214694e-02,-7.675490646321214694e-02
-2.462174179689679554e-01,-2.462174179689679554e-01
-1.746840835218861354e-01,-1.746840835218861354e-01
-3.841460165581176422e-01,-3.841460165581176422e-01
-7.872213801523963994e-02,-7.872213801523963994e-02
-3.107293400732813460e-01,-3.107293400732813460e-01
-1.696338615609549461e-01,-1.696338615609549461e-01
-1.738496895653569574e-01,-1.738496895653569574e-01
-3.447384476011268184e-01,-3.447384476011268184e-01
-1.363915882881928665e-01,-1.363915882881928665e-01
-5.902243893712284528e-01,-5.902243893712284528e-01
-2.874813569708231098e-01,-2.874813569708231098e-01
-1.621681484030464970e-01,-1.621681484030464970e-01
4.593389745832550108e-01,4.593389745832550108e-01
1.353077001930025336e-02,1.353077001930025336e-02
-2.565689457998641121e-01,-2.565689457998641121e-01
-2.794280923868658340e-01,-2.794280923868658340e-01
-3.561756608248408118e-01,-3.561756608248408118e-01
-5.652122940686632457e-01,-5.652122940686632457e-01
-2.444155802243959674e-01,-2.444155802243959674e-01
-2.554107463597051764e-01,-2.554107463597051764e-01
-3.688239591179931498e-01,-3.688239591179931498e-01
-3.782133983888406048e-01,-3.782133983888406048e-01
3.132008238298510383e-01,3.132008238298510383e-01
-3.758597978931118577e-01,-3.758597978931118577e-01
-2.245970357525658434e-01,-2.245970357525658434e-01
-4.890239432819089571e-01,-4.890239432819089571e-01
3.230135194876027072e-01,3.230135194876027072e-01
1.886244470880448221e-01,1.886244470880448221e-01
-5.385876327275058717e-01,-5.385876327275058717e-01
3.459406981378543300e-02,3.459406981378543300e-02
-2.336009832745900017e-01,-2.336009832745900017e-01
-4.292767927581218057e-01,-4.292767927581218057e-01
-7.082212366223855637e-01,-7.082212366223855637e-01
-4.733231347882132511e-01,-4.733231347882132511e-01
2.863444779457622325e-01,2.863444779457622325e-01
-3.507923534369715157e-01,-3.507923534369715157e-01
-2.111785701120991732e-01,-2.111785701120991732e-01
-1.676079828630104851e-01,-1.676079828630104851e-01
-4.386462978455352157e-02,-4.386462978455352157e-02
-5.051310293413041608e-01,-5.051310293413041608e-01
-4.711237066513557226e-02,-4.711237066513557226e-02
-4.735725163729720411e-03,-4.735725163729720411e-03
-4.260393286658963330e-01,-4.260393286658963330e-01
-9.018451026832519091e-03,-9.018451026832519091e-03
-6.342452138777137094e-01,-6.342452138777137094e-01
-1.810127420762186468e-01,-1.810127420762186468e-01
-1.014370401159350177e-01,-1.014370401159350177e-01
1.582503382672006964e-01,1.582503382672006964e-01
-9.970055181795534072e-02,-9.970055181795534072e-02
-1.409573110930476547e-01,-1.409573110930476547e-01
-3.311356790420355578e-01,-3.311356790420355578e-01
-6.242914177320472158e-01,-6.242914177320472158e-01
-2.870731677734424947e-01,-2.870731677734424947e-01
-3.103333616536546602e-01,-3.103333616536546602e-01
-5.135618416909282224e-01,-5.135618416909282224e-01
5.257733255785701498e-01,5.257733255785701498e-01
1.051563861246969100e-01,1.051563861246969100e-01
-7.430475212268095042e-02,-7.430475212268095042e-02
-6.089124807597411371e-01,-6.089124807597411371e-01
3.276185321262677919e-01,3.276185321262677919e-01
-4.429757577221968834e-01,-4.429757577221968834e-01
7.127119165428874581e-02,7.127119165428874581e-02
-2.629737211313625256e-01,-2.629737211313625256e-01
-8.349366444767314377e-02,-8.349366444767314377e-02
-2.380227705581836606e-01,-2.380227705581836606e-01
-9.466645749371560559e-02,-9.466645749371560559e-02
-2.635445315583281878e-01,-2.635445315583281878e-01
1.056343278547666742e-01,1.056343278547666742e-01
-5.837393797970724663e-02,-5.837393797970724663e-02
2.341404399432115424e-01,2.341404399432115424e-01
-7.444143399095045632e-01,-7.444143399095045632e-01
-5.072135742958799876e-01,-5.072135742958799876e-01
-6.702684016440074721e-02,-6.702684016440074721e-02
5.196486674113653947e-03,5.196486674113653947e-03
3.234775151462881970e-02,3.234775151462881970e-02
-2.092705000562816720e-01,-2.092705000562816720e-01
-2.504367367382639431e-01,-2.504367367382639431e-01
1.308733721671159200e-01,1.308733721671159200e-01
-5.741430509316728381e-01,-5.741430509316728381e-01
-1.152143885792955569e-01,-1.152143885792955569e-01
-3.311569230106933270e-01,-3.311569230106933270e-01
6.543510145045783322e-02,6.543510145045783322e-02
-8.127690236847419092e-01,-8.127690236847419092e-01
1.831330844112697420e-01,1.831330844112697420e-01
5.787042674993176927e-01,5.787042674993176927e-01
1.828068388754877649e-02,1.828068388754877649e-02
3.404719103037321393e-01,3.404719103037321393e-01
8.257500347456780965e-02,8.257500347456780965e-02
-4.200325447786410482e-01,-4.200325447786410482e-01
-2.000275788107405139e-01,-2.000275788107405139e-01
-2.461448248815480966e-01,-2.461448248815480966e-01
-5.998314871283150218e-02,-5.998314871283150218e-02
-1.774752838219501583e-01,-1.774752838219501583e-01
5.678947679036194796e-02,5.678947679036194796e-02
3.354850711984858069e-02,3.354850711984858069e-02
1.076482062040227117e-01,1.076482062040227117e-01
-3.034831235881263467e-02,-3.034831235881263467e-02
4.438295398513981693e-01,4.438295398513981693e-01
-1.812270139038579808e-01,-1.812270139038579808e-01
-2.460159880793832965e-01,-2.460159880793832965e-01
-2.295053800855960113e-01,-2.295053800855960113e-01
9.872823999811886075e-02,9.872823999811886075e-02
-3.905789917334510086e-01,-3.905789917334510086e-01
-1.045203835793470093e-01,-1.045203835793470093e-01
6.019777797679948250e-02,6.019777797679948250e-02
-4.422485938526243832e-01,-4.422485938526243832e-01
-2.410452728873341277e-01,-2.410452728873341277e-01
1.478471584321684462e-01,1.478471584321684462e-01
-1.298357998116983492e-02,-1.298357998116983492e-02
-5.715352843575142172e-01,-5.715352843575142172e-01
-3.000303553617820196e-01,-3.000303553617820196e-01
-2.146633116615226378e-01,-2.146633116615226378e-01
-9.558012234309087862e-02,-9.558012234309087862e-02
-6.015063421981414749e-01,-6.015063421981414749e-01
1.003053645440585839e-01,1.003053645440585839e-01
1.669535347036667505e-01,1.669535347036667505e-01
-5.819156545153369997e-02,-5.819156545153369997e-02
-3.459867487336033554e-01,-3.459867487336033554e-01
-2.222959476650615551e-02,-2.222959476650615551e-02
1.771541908889614492e-01,1.771541908889614492e-01
-6.324951944088739175e-01,-6.324951944088739175e-01
-8.189557018511409714e-01,-8.189557018511409714e-01
-2.899244835386451946e-01,-2.899244835386451946e-01
-6.797174106449277442e-01,-6.797174106449277442e-01
-3.209554486862358225e-01,-3.209554486862358225e-01
-1.369664615331078750e-02,-1.369664615331078750e-02
-1.954484613859843734e-01,-1.954484613859843734e-01
1.555682414907992861e-01,1.555682414907992861e-01
-3.354703991287661946e-01,-3.354703991287661946e-01
1.415465320009419159e-01,1.415465320009419159e-01
-6.819983781257032973e-03,-6.819983781257032973e-03
-1.113310365457954587e-01,-1.113310365457954587e-01
2.017457867560393803e-01,2.017457867560393803e-01
1.319630099391572164e-01,1.319630099391572164e-01
-7.022083216323199428e-02,-7.022083216323199428e-02
-5.664813559640098362e-01,-5.664813559640098362e-01
-4.292174240779496053e-01,-4.292174240779496053e-01
-1.705648217597434124e-01,-1.705648217597434124e-01
-1.040159571287497808e-01,-1.040159571287497808e-01
-1.644080688335530227e-01,-1.644080688335530227e-01
8.049401779639764332e-02,8.049401779639764332e-02
-1.467459924608519595e-01,-1.467459924608519595e-01
-2.852909299739211924e-01,-2.852909299739211924e-01
-3.950408192857635115e-02,-3.950408192857635115e-02
-2.443895078381475017e-01,-2.443895078381475017e-01
-1.866473754681816644e-01,-1.866473754681816644e-01
7.102862472226434409e-02,7.102862472226434409e-02
-3.358935850935765854e-01,-3.358935850935765854e-01
-5.842557913443167106e-01,-5.842557913443167106e-01
-5.177098151049470687e-01,-5.177098151049470687e-01
3.201040160209037699e-01,3.201040160209037699e-01
-1.316291491746145459e-01,-1.316291491746145459e-01
-2.200177046618169152e-01,-2.200177046618169152e-01
-2.861660306051009295e-01,-2.861660306051009295e-01
-9.862777777540832069e-02,-9.862777777540832069e-02
-1.394698656268624770e-01,-1.394698656268624770e-01
-1.217479871541451431e-01,-1.217479871541451431e-01
-2.192924599910525685e-01,-2.192924599910525685e-01
-1.731558688527361500e-01,-1.731558688527361500e-01
-3.324471198086181856e-01,-3.324471198086181856e-01
-4.315813551790286251e-01,-4.315813551790286251e-01
-6.424037659246693011e-01,-6.424037659246693011e-01
-1.968493922920082073e-01,-1.968493922920082073e-01
-4.686537553994674088e-01,-4.686537553994674088e-01
-6.009919402127390509e-01,-6.009919402127390509e-01
4.657460615775765866e-03,4.657460615775765866e-03
-1.893406159668148958e-01,-1.893406159668148958e-01
-1.924383555841776561e-01,-1.924383555841776561e-01
-2.095415717403225075e-01,-2.095415717403225075e-01
-1.135450153119592076e-01,-1.135450153119592076e-01
-2.228419624477939731e-01,-2.228419624477939731e-01
1.022466745455435921e-01,1.022466745455435921e-01
-4.800443224762280248e-01,-4.800443224762280248e-01
-4.592338475093993289e-02,-4.592338475093993289e-02
-7.924848056520150674e-02,-7.924848056520150674e-02
2.752292775940168301e-02,2.752292775940168301e-02
-3.098008993438456371e-01,-3.098008993438456371e-01
2.795726515566849812e-01,2.795726515566849812e-01
-2.676456222656616868e-01,-2.676456222656616868e-01
1.828672144126156640e-01,1.828672144126156640e-01
-5.524409913569718888e-01,-5.524409913569718888e-01
-1.357194500787915481e-01,-1.357194500787915481e-01
-6.274991748983662632e-01,-6.274991748983662632e-01
-1.135794100534071038e-02,-1.135794100534071038e-02
-3.140311132749881162e-01,-3.140311132749881162e-01
-2.861210879369945337e-01,-2.861210879369945337e-01
2.518146408505067546e-01,2.518146408505067546e-01
-4.263264358816110655e-01,-4.263264358816110655e-01
2.293209778004271504e-01,2.293209778004271504e-01
1.663109365497918990e-01,1.663109365497918990e-01
2.536023822384892989e-01,2.536023822384892989e-01
4.077491356164741898e-02,4.077491356164741898e-02
-5.006867163250932062e-01,-5.006867163250932062e-01
-8.232659750417981037e-03,-8.232659750417981037e-03
-6.840755436188050709e-02,-6.840755436188050709e-02
5.776457649127586524e-02,5.776457649127586524e-02
-2.740741741264855480e-01,-2.740741741264855480e-01
3.326923556503236235e-02,3.326923556503236235e-02
-3.170715364918170187e-01,-3.170715364918170187e-01
-1.588070915695770635e-01,-1.588070915695770635e-01
-3.267867911280882831e-01,-3.267867911280882831e-01
3.213185939580853745e-02,3.213185939580853745e-02
-4.986115063795593105e-02,-4.986115063795593105e-02
-4.154139629278209567e-01,-4.154139629278209567e-01
-7.303917656143277259e-02,-7.303917656143277259e-02
-2.791567093164872837e-01,-2.791567093164872837e-01
1.977298484065405093e-01,1.977298484065405093e-01
-3.051034610333880348e-01,-3.051034610333880348e-01
3.442025096260137307e-02,3.442025096260137307e-02
2.635619112985966295e-01,2.635619112985966295e-01
-1.960600244189730779e-01,-1.960600244189730779e-01
-1.744395260032318706e-01,-1.744395260032318706e-01
2.788070059416222213e-01,2.788070059416222213e-01
8.059740050575148196e-02,8.059740050575148196e-02
-4.958846581194281677e-01,-4.958846581194281677e-01
-2.241746907931859711e-01,-2.241746907931859711e-01
-1.724336385705531605e-01,-1.724336385705531605e-01
4.856205411928719018e-01,4.856205411928719018e-01
-3.621738283043944850e-01,-3.621738283043944850e-01
-1.331875666456823204e-01,-1.331875666456823204e-01
1.612999638566781080e-02,1.612999638566781080e-02
-2.833844429457096359e-01,-2.833844429457096359e-01
1.403975391323399879e-01,1.403975391323399879e-01
-1.390548467965352364e-01,-1.390548467965352364e-01
-1.970944364581508346e-01,-1.970944364581508346e-01
-2.949282116544059695e-01,-2.949282116544059695e-01
-1.320764675206460570e-01,-1.320764675206460570e-01
-1.404006734435750969e-01,-1.404006734435750969e-01
-1.766112005966442022e-01,-1.766112005966442022e-01
-3.118983900344864946e-01,-3.118983900344864946e-01
-4.254267528663255860e-01,-4.254267528663255860e-01
-3.862617954379710117e-01,-3.862617954379710117e-01
-3.693803011738485687e-01,-3.693803011738485687e-01
-4.126723312509739117e-02,-4.126723312509739117e-02
1.725104464140762017e-01,1.725104464140762017e-01
-2.974432545420254703e-01,-2.974432545420254703e-01
4.172464454828883618e-02,4.172464454828883618e-02
1.089660703400392450e-01,1.089660703400392450e-01
-8.427910638041236080e-02,-8.427910638041236080e-02
-3.878474631360898650e-01,-3.878474631360898650e-01
-6.786937379080373312e-01,-6.786937379080373312e-01
-1.665498625609900252e-01,-1.665498625609900252e-01
-3.478834708873251302e-01,-3.478834708873251302e-01
-3.357390392190400252e-01,-3.357390392190400252e-01
-3.550560071797116413e-01,-3.550560071797116413e-01
-2.769637844150745210e-01,-2.769637844150745210e-01
-2.997088509556739000e-01,-2.997088509556739000e-01
-4.264793031858502559e-01,-4.264793031858502559e-01
-3.062122170387506781e-01,-3.062122170387506781e-01
-2.156168136163908455e-01,-2.156168136163908455e-01
-1.396153730766246381e-01,-1.396153730766246381e-01
1.551013630322692904e-01,1.551013630322692904e-01
-2.496600558276147463e-01,-2.496600558276147463e-01
-5.583638322308271951e-01,-5.583638322308271951e-01
-4.897390589761601576e-01,-4.897390589761601576e-01
-6.064610348272749807e-01,-6.064610348272749807e-01
-4.512633907101251673e-01,-4.512633907101251673e-01
-2.866767653725480480e-01,-2.866767653725480480e-01
-2.913292713441515969e-01,-2.913292713441515969e-01
-3.989584205340375722e-01,-3.989584205340375722e-01
-9.638920755514046590e-02,-9.638920755514046590e-02
-4.182333974670759957e-02,-4.182333974670759957e-02
-5.520420352784451978e-01,-5.520420352784451978e-01
-1.807838672449700868e-01,-1.807838672449700868e-01
-1.101191495601552273e-01,-1.101191495601552273e-01
-1.714210043487014445e-01,-1.714210043487014445e-01
-2.929102920778484664e-01,-2.929102920778484664e-01
-2.843804810657565296e-01,-2.843804810657565296e-01
-4.941575201448578092e-02,-4.941575201448578092e-02
2.904446132129301361e-02,2.904446132129301361e-02
-1.553177976593678178e-02,-1.553177976593678178e-02
-6.172962170865847753e-01,-6.172962170865847753e-01
-6.977601966911850528e-02,-6.977601966911850528e-02
-5.888443061974555359e-01,-5.888443061974555359e-01
-2.665362008284631323e-01,-2.665362008284631323e-01
-1.513029943955157552e-01,-1.513029943955157552e-01
-1.380664195862820742e-01,-1.380664195862820742e-01
-2.338453635987403079e-01,-2.338453635987403079e-01
2.132816912968382717e-02,2.132816912968382717e-02
-1.709027928935402119e-01,-1.709027928935402119e-01
-3.142643717170069406e-01,-3.142643717170069406e-01
1.567763339672108014e-01,1.567763339672108014e-01
-6.283655327228450105e-01,-6.283655327228450105e-01
3.057487583060972680e-01,3.057487583060972680e-01
-1.274772631873770656e-01,-1.274772631873770656e-01
-1.936835973637426322e-01,-1.936835973637426322e-01
-1.820076623080042477e-01,-1.820076623080042477e-01
2.047272697116064855e-01,2.047272697116064855e-01
-3.506360935260910416e-02,-3.506360935260910416e-02
2.586664171679220470e-02,2.586664171679220470e-02
-4.434419992244019171e-01,-4.434419992244019171e-01
-3.091759400721301176e-01,-3.091759400721301176e-01
-3.293926180739181753e-02,-3.293926180739181753e-02
-2.501225468473978752e-01,-2.501225468473978752e-01
-9.167556652441988252e-01,-9.167556652441988252e-01
-4.203175618843801864e-01,-4.203175618843801864e-01
1.777301865594115293e-01,1.777301865594115293e-01
-4.083816781540043905e-01,-4.083816781540043905e-01
-1.725521491139401231e-01,-1.725521491139401231e-01
-3.274620742888590952e-01,-3.274620742888590952e-01
1.834763904649207023e-01,1.834763904649207023e-01
-6.952024444625533039e-01,-6.952024444625533039e-01
1.244331555559008429e-02,1.244331555559008429e-02
-1.371916530087108343e-01,-1.371916530087108343e-01
-2.267418350796797100e-01,-2.267418350796797100e-01
-5.851436322896381714e-01,-5.851436322896381714e-01
-3.502169783452698804e-01,-3.502169783452698804e-01
-1.957728768120218232e-01,-1.957728768120218232e-01
1.117699817446634603e-01,1.117699817446634603e-01
5.634376623400588757e-02,5.634376623400588757e-02
-4.943046855845709686e-01,-4.943046855845709686e-01
-1.589365629038697603e-01,-1.589365629038697603e-01
1.931250554133860931e-01,1.931250554133860931e-01
-4.456112976060333519e-02,-4.456112976060333519e-02
-6.184026402322299054e-01,-6.184026402322299054e-01
8.360621997309114484e-02,8.360621997309114484e-02
-1.905773644799779731e-01,-1.905773644799779731e-01
-1.745301275355777282e-01,-1.745301275355777282e-01
8.702415792317563792e-03,8.702415792317563792e-03
-7.360445032694999945e-01,-7.360445032694999945e-01
4.573487982347357317e-02,4.573487982347357317e-02
-2.727131890178443041e-01,-2.727131890178443041e-01
-3.482783625994930188e-01,-3.482783625994930188e-01
-4.616881267627831464e-02,-4.616881267627831464e-02
-5.763799296385629933e-02,-5.763799296385629933e-02
9.961381849930400767e-02,9.961381849930400767e-02
-1.091604779371398437e-01,-1.091604779371398437e-01
-3.871518753633645948e-01,-3.871518753633645948e-01
4.108095374625697627e-02,4.108095374625697627e-02
-1.282655924788129731e-01,-1.282655924788129731e-01
-2.213008656880233183e-01,-2.213008656880233183e-01
-3.564498091661326695e-01,-3.564498091661326695e-01
-1.507046545528918369e-01,-1.507046545528918369e-01
-2.456106536933649886e-01,-2.456106536933649886e-01
-3.342339151558385568e-01,-3.342339151558385568e-01
-2.437188040309090642e-01,-2.437188040309090642e-01
-4.685967525220764429e-01,-4.685967525220764429e-01
-3.738932418603496677e-01,-3.738932418603496677e-01
1.736674943769375146e-01,1.736674943769375146e-01
1.650243688633330486e-01,1.650243688633330486e-01
-3.541594082883705585e-01,-3.541594082883705585e-01
1.518531272928764775e-01,1.518531272928764775e-01
9.180904746992712973e-02,9.180904746992712973e-02
-6.090169206396484070e-01,-6.090169206396484070e-01
-1.678801983180685520e-01,-1.678801983180685520e-01
-3.666467017036769138e-01,-3.666467017036769138e-01
-3.277847662797920836e-01,-3.277847662797920836e-01
-7.128689710325371021e-01,-7.128689710325371021e-01
1.119220938751201988e-01,1.119220938751201988e-01
7.748024452545043683e-02,7.748024452545043683e-02
2.410152000995465782e-01,2.410152000995465782e-01
-2.768746557747056025e-01,-2.768746557747056025e-01
-3.666278667686699855e-01,-3.666278667686699855e-01
-2.005595521390090008e-01,-2.005595521390090008e-01
-8.768243617395584666e-01,-8.768243617395584666e-01
-3.211970905397012466e-01,-3.211970905397012466e-01
-2.783578625485172431e-01,-2.783578625485172431e-01
-2.680721617346499830e-01,-2.680721617346499830e-01
-2.719947075232190814e-01,-2.719947075232190814e-01
-9.856666860426521737e-03,-9.856666860426521737e-03
-4.128645149728877306e-01,-4.128645149728877306e-01
-3.481411376648859690e-01,-3.481411376648859690e-01
-3.226792195309821643e-01,-3.226792195309821643e-01
-5.575961328792774507e-01,-5.575961328792774507e-01
-3.472223728162728840e-01,-3.472223728162728840e-01
-3.865308135795610944e-01,-3.865308135795610944e-01
-2.354325986620042777e-02,-2.354325986620042777e-02
-4.180691007038649376e-01,-4.180691007038649376e-01
6.675796530187211308e-02,6.675796530187211308e-02
2.801771910867001392e-02,2.801771910867001392e-02
1.504575376178083346e-01,1.504575376178083346e-01
-3.138339605939557408e-01,-3.138339605939557408e-01
-1.332630612725965724e-01,-1.332630612725965724e-01
-6.927030092645876103e-01,-6.927030092645876103e-01
-5.204874192234965058e-01,-5.204874192234965058e-01
-4.716896643344616891e-01,-4.716896643344616891e-01
-6.493329073672426954e-02,-6.493329073672426954e-02
-5.428858801923456268e-01,-5.428858801923456268e-01
-4.000081647285477215e-01,-4.000081647285477215e-01
-1.238572176556816951e-01,-1.238572176556816951e-01
-7.967365562067951767e-02,-7.967365562067951767e-02
-5.971274768180868664e-01,-5.971274768180868664e-01
-2.873945750757886386e-01,-2.873945750757886386e-01
-2.933691229488346042e-01,-2.933691229488346042e-01
-2.410110123081201650e-01,-2.410110123081201650e-01
-3.296364025459099789e-01,-3.296364025459099789e-01
-2.258940588992327525e-01,-2.258940588992327525e-01
-1.019969443367475970e+00,-1.019969443367475970e+00
-2.656285453044333611e-01,-2.656285453044333611e-01
1.861394947369050534e-01,1.861394947369050534e-01
-2.279067234113838492e-01,-2.279067234113838492e-01
-1.477025978603923595e-01,-1.477025978603923595e-01
2.358040694645805457e-01,2.358040694645805457e-01
-6.324896102014457844e-01,-6.324896102014457844e-01
-3.248838830784240850e-01,-3.248838830784240850e-01
2.015022088941937906e-01,2.015022088941937906e-01
6.788949249388598339e-02,6.788949249388598339e-02
8.381050735185535672e-02,8.381050735185535672e-02
-6.899386966185556691e-01,-6.899386966185556691e-01
-4.453684933403267987e-01,-4.453684933403267987e-01
1.033925340925988534e-01,1.033925340925988534e-01
6.427350297403877644e-02,6.427350297403877644e-02
-6.162983621150431857e-01,-6.162983621150431857e-01
-2.296493175087085115e-01,-2.296493175087085115e-01
-2.616405889787487560e-01,-2.616405889787487560e-01
-3.131301034222352397e-01,-3.131301034222352397e-01
-2.104285090420559001e-01,-2.104285090420559001e-01
-6.722512012645501800e-01,-6.722512012645501800e-01
-4.680589519158889766e-01,-4.680589519158889766e-01
-1.335406521116608847e-01,-1.335406521116608847e-01
-5.477431343118810414e-02,-5.477431343118810414e-02
-6.042974100584630470e-02,-6.042974100584630470e-02
-1.530789532365828265e-01,-1.530789532365828265e-01
-1.567085167180782834e-01,-1.567085167180782834e-01
-4.709072444441938510e-01,-4.709072444441938510e-01
-2.765484786376711801e-01,-2.765484786376711801e-01
-8.791188093306634421e-02,-8.791188093306634421e-02
-1.369510004407110682e-01,-1.369510004407110682e-01
-1.512660071276887841e-01,-1.512660071276887841e-01
1.857479248102262837e-01,1.857479248102262837e-01
-5.704327624125330454e-01,-5.704327624125330454e-01
1.185879359717006976e-02,1.185879359717006976e-02
1.302309035288484740e-02,1.302309035288484740e-02
-4.122863984514404390e-01,-4.122863984514404390e-01
2.018382124988760129e-02,2.018382124988760129e-02
-3.520203197098327741e-01,-3.520203197098327741e-01
-1.703093876887561420e-01,-1.703093876887561420e-01
-3.283821576609016191e-01,-3.283821576609016191e-01
-5.599331314936990545e-01,-5.599331314936990545e-01
-7.987926696551350680e-03,-7.987926696551350680e-03
2.783295055549640518e-01,2.783295055549640518e-01
2.342454347498190703e-02,2.342454347498190703e-02
4.928928473398141996e-02,4.928928473398141996e-02
1.382459316242439229e-01,1.382459316242439229e-01
-6.410911737393265586e-02,-6.410911737393265586e-02
-5.182974669449691429e-01,-5.182974669449691429e-01
-4.029927154359282393e-01,-4.029927154359282393e-01
-2.850277067091498973e-01,-2.850277067091498973e-01
-2.543455705869412942e-02,-2.543455705869412942e-02
-6.661539852389318783e-01,-6.661539852389318783e-01
1.010144754256808719e-01,1.010144754256808719e-01
-7.934611414196435231e-02,-7.934611414196435231e-02
-2.164452847528798296e-01,-2.164452847528798296e-01
-1.713439067173813668e-01,-1.713439067173813668e-01
4.826012489015596429e-03,4.826012489015596429e-03
-5.687275078136041495e-01,-5.687275078136041495e-01
-5.862020097743689817e-01,-5.862020097743689817e-01
-1.072669068601396214e-01,-1.072669068601396214e-01
-1.564806645838999755e-01,-1.564806645838999755e-01
-5.507716960703844533e-01,-5.507716960703844533e-01
-1.278887965713176866e-01,-1.278887965713176866e-01
-1.202284059538335503e-01,-1.202284059538335503e-01
2.415295243126542868e-01,2.415295243126542868e-01
5.118212423535296596e-01,5.118212423535296596e-01
-7.014768720182548156e-01,-7.014768720182548156e-01
-3.644472325744529950e-01,-3.644472325744529950e-01
-3.846958327473255501e-01,-3.846958327473255501e-01
-5.437255020841125219e-01,-5.437255020841125219e-01
2.638535820578443714e-01,2.638535820578443714e-01
2.429111323147437052e-02,2.429111323147437052e-02
-1.838151542851651499e-02,-1.838151542851651499e-02
-1.371876691388434488e-01,-1.371876691388434488e-01
-2.050811098885159112e-01,-2.050811098885159112e-01
1.609206308745985137e-01,1.609206308745985137e-01
-2.599397096388299522e-01,-2.599397096388299522e-01
-2.942058879929070336e-01,-2.942058879929070336e-01
-1.509106328989728851e-02,-1.509106328989728851e-02
-9.328169357517663851e-01,-9.328169357517663851e-01
-1.320461191999418027e-01,-1.320461191999418027e-01
-6.549802353590321591e-01,-6.549802353590321591e-01
3.211528428980623406e-01,3.211528428980623406e-01
-6.307612741578538795e-03,-6.307612741578538795e-03
-3.295257911869224898e-01,-3.295257911869224898e-01
-5.922084106072611487e-02,-5.922084106072611487e-02
-4.201427844306607762e-01,-4.201427844306607762e-01
-8.569589375964370426e-02,-8.569589375964370426e-02
-1.126476037982963030e-01,-1.126476037982963030e-01
-3.801519497507954704e-02,-3.801519497507954704e-02
7.933124509431777049e-02,7.933124509431777049e-02
-4.570737641587442335e-01,-4.570737641587442335e-01
-5.487856925661109830e-01,-5.487856925661109830e-01
2.901169547457382869e-01,2.901169547457382869e-01
-3.597546538992495435e-01,-3.597546538992495435e-01
-1.751005205837209977e-01,-1.751005205837209977e-01
-1.691871358140444315e-01,-1.691871358140444315e-01
-1.122858159090505126e-01,-1.122858159090505126e-01
-3.673905610319033732e-01,-3.673905610319033732e-01
-2.885491760818185147e-01,-2.885491760818185147e-01
-2.798594773579653472e-01,-2.798594773579653472e-01
-2.867587935060150750e-01,-2.867587935060150750e-01
3.125794281855275303e-01,3.125794281855275303e-01
-1.764436098800026276e-01,-1.764436098800026276e-01
3.080020914186876180e-02,3.080020914186876180e-02
-1.142289808515123961e-01,-1.142289808515123961e-01
-1.214728781690926906e-01,-1.214728781690926906e-01
-7.278219397748264541e-02,-7.278219397748264541e-02
-3.561809748528466657e-01,-3.561809748528466657e-01
1.587368749967529302e-01,1.587368749967529302e-01
4.253685914481406538e-01,4.253685914481406538e-01
1.350959783063928610e-01,1.350959783063928610e-01
-4.007890721617551888e-01,-4.007890721617551888e-01
-2.621670432717624899e-01,-2.621670432717624899e-01
1.169896560270755614e-01,1.169896560270755614e-01
1.255312792813252365e-01,1.255312792813252365e-01
-2.094162511728869802e-01,-2.094162511728869802e-01
-2.262688547497994085e-01,-2.262688547497994085e-01
-8.594010965867138196e-02,-8.594010965867138196e-02
-1.875457195521310627e-01,-1.875457195521310627e-01
-1.314797396648694772e-01,-1.314797396648694772e-01
-8.926409798465129164e-02,-8.926409798465129164e-02
4.827783755772598884e-01,4.827783755772598884e-01
-1.445779393854316197e-01,-1.445779393854316197e-01
-4.135051773743780856e-02,-4.135051773743780856e-02
-1.820674490106588550e-01,-1.820674490106588550e-01
-3.946889601796431668e-01,-3.946889601796431668e-01
3.104071508218753106e-02,3.104071508218753106e-02
-4.112677559939277305e-01,-4.112677559939277305e-01
-4.473805981711887481e-01,-4.473805981711887481e-01
-1.110788217605884753e-02,-1.110788217605884753e-02
2.099111582508816909e-02,2.099111582508816909e-02
-1.900215643409505772e-01,-1.900215643409505772e-01
-2.320930957118748639e-01,-2.320930957118748639e-01
2.348815462822202438e-01,2.348815462822202438e-01
-5.115246727274367355e-01,-5.115246727274367355e-01
-1.108561216912063996e-01,-1.108561216912063996e-01
-2.457437700911724310e-02,-2.457437700911724310e-02
-2.127234889982394517e-01,-2.127234889982394517e-01
9.104385078675153453e-02,9.104385078675153453e-02
-7.286330261177244028e-01,-7.286330261177244028e-01
3.138929819829516799e-02,3.138929819829516799e-02
-7.096057628202427914e-01,-7.096057628202427914e-01
3.629637679912312009e-02,3.629637679912312009e-02
2.909595006828942232e-01,2.909595006828942232e-01
-5.881046528725194511e-01,-5.881046528725194511e-01
-3.521519441849640941e-02,-3.521519441849640941e-02
5.107152312520873982e-02,5.107152312520873982e-02
-2.398902483875212099e-01,-2.398902483875212099e-01
-4.926424639924764648e-02,-4.926424639924764648e-02
-2.404979230647074084e-01,-2.404979230647074084e-01
-1.832769617233749315e-01,-1.832769617233749315e-01
3.713871990032152626e-01,3.713871990032152626e-01
-2.920726628230436717e-01,-2.920726628230436717e-01
-2.956199352088184629e-01,-2.956199352088184629e-01
-3.501561322820800903e-01,-3.501561322820800903e-01
-4.272486621967971354e-01,-4.272486621967971354e-01
-2.742618437619124272e-01,-2.742618437619124272e-01
9.292391164377222790e-02,9.292391164377222790e-02
-2.123676536511213686e-01,-2.123676536511213686e-01
1.270827013807005468e-01,1.270827013807005468e-01
-2.740093052671682683e-01,-2.740093052671682683e-01
-5.045219746591751431e-01,-5.045219746591751431e-01
-5.456507240012598015e-02,-5.456507240012598015e-02
3.242820153924597104e-02,3.242820153924597104e-02
-2.601398254787105069e-01,-2.601398254787105069e-01
2.083400520620852792e-01,2.083400520620852792e-01
-5.247344696107358875e-02,-5.247344696107358875e-02
-1.008376914481633468e-01,-1.008376914481633468e-01
1.916067675274875093e-01,1.916067675274875093e-01
-2.645014781759338351e-01,-2.645014781759338351e-01
-6.130998137007025450e-01,-6.130998137007025450e-01
-2.856037342183946337e-01,-2.856037342183946337e-01
-2.418466285965816809e-01,-2.418466285965816809e-01
-4.511450472137590317e-01,-4.511450472137590317e-01
-2.502480246023713328e-01,-2.502480246023713328e-01
-1.810350621418169714e-01,-1.810350621418169714e-01
-4.902405332895510837e-01,-4.902405332895510837e-01
-5.161618331604500565e-03,-5.161618331604500565e-03
-3.952439138266957697e-01,-3.952439138266957697e-01
-2.952703162511269297e-01,-2.952703162511269297e-01
1.787004223489454535e-01,1.787004223489454535e-01
-2.640524370254632158e-01,-2.640524370254632158e-01
3.023420536335345021e-01,3.023420536335345021e-01
-5.211729165496047367e-01,-5.211729165496047367e-01
-1.809184651972231550e-01,-1.809184651972231550e-01
-3.231241694254996522e-01,-3.231241694254996522e-01
6.951110719467312737e-02,6.951110719467312737e-02
-5.539555803082396590e-02,-5.539555803082396590e-02
1.248096574258367175e-01,1.248096574258367175e-01
-5.588484405066540539e-01,-5.588484405066540539e-01
1.125545757674702996e-01,1.125545757674702996e-01
-3.833667717253710361e-01,-3.833667717253710361e-01
-3.694571985795448432e-01,-3.694571985795448432e-01
-5.539606417695358553e-01,-5.539606417695358553e-01
-2.615602017287866898e-01,-2.615602017287866898e-01
4.424500707045220249e-02,4.424500707045220249e-02
-4.575695356719905460e-01,-4.575695356719905460e-01
2.001668015200076534e-01,2.001668015200076534e-01
-2.564500454314995181e-01,-2.564500454314995181e-01
-4.175961245561188306e-02,-4.175961245561188306e-02
-7.851259479702561439e-01,-7.851259479702561439e-01
-4.049878608581689576e-01,-4.049878608581689576e-01
-1.891736237224950212e-02,-1.891736237224950212e-02
-3.375890210603338382e-01,-3.375890210603338382e-01
-3.799196477379276904e-01,-3.799196477379276904e-01
-3.054024032916633491e-01,-3.054024032916633491e-01
-3.073813178893051723e-01,-3.073813178893051723e-01
-1.263319431266622939e-01,-1.263319431266622939e-01
1.828625614397840771e-01,1.828625614397840771e-01
-2.041927546973087981e-01,-2.041927546973087981e-01
2.908690398773412511e-01,2.908690398773412511e-01
7.043992037577828658e-02,7.043992037577828658e-02
-5.358757890193254214e-01,-5.358757890193254214e-01
6.327826040999495749e-02,6.327826040999495749e-02
-5.795298221946860728e-01,-5.795298221946860728e-01
-5.273678019048688714e-01,-5.273678019048688714e-01
-4.985892040837390238e-01,-4.985892040837390238e-01
-1.249126280260335342e-01,-1.249126280260335342e-01
-1.051019694538067872e-01,-1.051019694538067872e-01
-2.842950430113341254e-01,-2.842950430113341254e-01
-2.299167167223964414e-01,-2.299167167223964414e-01
-1.502827883866152403e-01,-1.502827883866152403e-01
-3.660388286499834942e-01,-3.660388286499834942e-01
-2.487965618419127889e-01,-2.487965618419127889e-01
-3.230926980359660750e-01,-3.230926980359660750e-01
-1.245026508226654283e-01,-1.245026508226654283e-01
-4.316955673269423643e-01,-4.316955673269423643e-01
-4.122862125276068879e-01,-4.122862125276068879e-01
-1.598995594693645717e-01,-1.598995594693645717e-01
-2.657646997362551611e-01,-2.657646997362551611e-01
-3.664363107845082790e-01,-3.664363107845082790e-01
-1.918600345399217866e-01,-1.918600345399217866e-01
-4.649918016921226194e-01,-4.649918016921226194e-01
-5.399230617245120989e-02,-5.399230617245120989e-02
-3.462923051115424089e-01,-3.462923051115424089e-01
-3.129295825242874862e-01,-3.129295825242874862e-01
4.527694876166227234e-01,4.527694876166227234e-01
3.695995889100300857e-02,3.695995889100300857e-02
-1.485554322561686846e-01,-1.485554322561686846e-01
-1.060073031132880983e-01,-1.060073031132880983e-01
-3.153707510722829621e-01,-3.153707510722829621e-01
-1.582049458528061447e-01,-1.582049458528061447e-01
-3.121592054640190961e-01,-3.121592054640190961e-01
-2.780341476275532409e-01,-2.780341476275532409e-01
-4.443804815739582637e-02,-4.443804815739582637e-02
-8.209870030531114526e-01,-8.209870030531114526e-01
2.455307361398982868e-01,2.455307361398982868e-01
-2.809758496375535097e-01,-2.809758496375535097e-01
-2.402834067578552002e-01,-2.402834067578552002e-01
-3.131463002122656381e-01,-3.131463002122656381e-01
-3.721798283828317011e-01,-3.721798283828317011e-01
3.752259395642532080e-02,3.752259395642532080e-02
-2.938510046622029304e-01,-2.938510046622029304e-01
-2.925114130940934531e-01,-2.925114130940934531e-01
8.906344544586064504e-02,8.906344544586064504e-02
3.209154414310066983e-02,3.209154414310066983e-02
8.521749346227214250e-02,8.521749346227214250e-02
1.302288683084407150e-01,1.302288683084407150e-01
-2.010004837016411416e-01,-2.010004837016411416e-01
-2.190651651139021716e-01,-2.190651651139021716e-01
-3.094861773442475483e-01,-3.094861773442475483e-01
-3.139888868859623816e-01,-3.139888868859623816e-01
-6.113609640136677958e-01,-6.113609640136677958e-01
-1.264463711097134624e-01,-1.264463711097134624e-01
-4.283221128489688723e-01,-4.283221128489688723e-01
-3.658650634885342035e-01,-3.658650634885342035e-01
2.590085953053199441e-01,2.590085953053199441e-01
-3.667939008798768996e-01,-3.667939008798768996e-01
-4.337422152568763400e-01,-4.337422152568763400e-01
-2.569126653151491135e-01,-2.569126653151491135e-01
-3.090740545437882236e-01,-3.090740545437882236e-01
1.357178551797881827e-01,1.357178551797881827e-01
-1.182506433407892743e-03,-1.182506433407892743e-03
-3.315798415778653530e-01,-3.315798415778653530e-01
-7.904799963299635746e-01,-7.904799963299635746e-01
3.187500741598201515e-01,3.187500741598201515e-01
-2.825618776582654590e-01,-2.825618776582654590e-01
-4.651651737254832719e-01,-4.651651737254832719e-01
-5.286558905878108172e-01,-5.286558905878108172e-01
5.395762162249495564e-02,5.395762162249495564e-02
-7.942843694553030076e-01,-7.942843694553030076e-01
-1.022793269416650275e-01,-1.022793269416650275e-01
3.212959521435110322e-02,3.212959521435110322e-02
-2.256102473168331013e-01,-2.256102473168331013e-01
-1.952052074237734525e-01,-1.952052074237734525e-01
-3.130909985114616045e-03,-3.130909985114616045e-03
-1.277482609789725165e-01,-1.277482609789725165e-01
-3.445867147450409895e-01,-3.445867147450409895e-01
-4.149239877611181071e-01,-4.149239877611181071e-01
-4.017704320155287556e-01,-4.017704320155287556e-01
-6.519476133015561503e-01,-6.519476133015561503e-01
-3.572296494567157032e-01,-3.572296494567157032e-01
-5.018235535339305997e-01,-5.018235535339305997e-01
-1.266278504264394256e-01,-1.266278504264394256e-01
-2.207578826929745830e-01,-2.207578826929745830e-01
-5.596119579751690498e-01,-5.596119579751690498e-01
-1.206313939009433511e-01,-1.206313939009433511e-01
1.445024602481848053e-01,1.445024602481848053e-01
-6.691159803371116155e-01,-6.691159803371116155e-01
-4.538576551198166276e-01,-4.538576551198166276e-01
-1.872096637736697655e-02,-1.872096637736697655e-02
-3.389965001536566769e-01,-3.389965001536566769e-01
-1.723522440901778530e-01,-1.723522440901778530e-01
1.022215218067767939e-02,1.022215218067767939e-02
-4.301378853848742967e-01,-4.301378853848742967e-01
-1.397796472390714362e-01,-1.397796472390714362e-01
-4.518433430787909266e-01,-4.518433430787909266e-01
-2.366510315743980408e-02,-2.366510315743980408e-02
-1.321193890539674731e-01,-1.321193890539674731e-01
6.306056079411592741e-03,6.306056079411592741e-03
-1.244576153344124636e-01,-1.244576153344124636e-01
-1.017937227325952376e-01,-1.017937227325952376e-01
-5.347355738152892446e-02,-5.347355738152892446e-02
-5.193560688257191638e-01,-5.193560688257191638e-01
9.969153543212860846e-02,9.969153543212860846e-02
1.477121717728745454e-01,1.477121717728745454e-01
-4.705513963582490522e-01,-4.705513963582490522e-01
1.463987695339145079e-01,1.463987695339145079e-01
-4.838579294287685406e-01,-4.838579294287685406e-01
-6.101826054894370355e-01,-6.101826054894370355e-01
-1.891966298577840710e-02,-1.891966298577840710e-02
-3.349164701945990252e-01,-3.349164701945990252e-01
-4.556948962397788794e-01,-4.556948962397788794e-01
-1.941110033690527370e-01,-1.941110033690527370e-01
-3.651697874940957877e-01,-3.651697874940957877e-01
-3.110176922146463685e-01,-3.110176922146463685e-01
-4.149871831392610844e-01,-4.149871831392610844e-01
-1.863695729343646246e-01,-1.863695729343646246e-01
-1.879534347523321713e-01,-1.879534347523321713e-01
-1.137493581192461356e-02,-1.137493581192461356e-02
-9.464081792491607636e-02,-9.464081792491607636e-02
-6.468382071876860318e-02,-6.468382071876860318e-02
-4.163583430318509859e-01,-4.163583430318509859e-01
1.202150613586601136e-01,1.202150613586601136e-01
-3.070660452511526639e-01,-3.070660452511526639e-01
-2.372502451607273466e-01,-2.372502451607273466e-01
-5.094346360053336742e-01,-5.094346360053336742e-01
3.425516605986870244e-01,3.425516605986870244e-01
-2.038104849011794784e-01,-2.038104849011794784e-01
1.812835059465993659e-01,1.812835059465993659e-01
-2.444143414507644607e-01,-2.444143414507644607e-01
-3.121386960217302220e-01,-3.121386960217302220e-01
8.892814658052106136e-02,8.892814658052106136e-02
1.722389723227824021e-01,1.722389723227824021e-01
-2.515464703869041418e-02,-2.515464703869041418e-02
-2.813299381204376060e-01,-2.813299381204376060e-01
-2.970772175057863063e-01,-2.970772175057863063e-01
1.254477992813708420e-01,1.254477992813708420e-01
-1.561968759782583760e-01,-1.561968759782583760e-01
-5.322007923696173703e-01,-5.322007923696173703e-01
-6.658801257059674406e-01,-6.658801257059674406e-01
-3.153201807453064331e-01,-3.153201807453064331e-01
-1.403431402108662462e-01,-1.403431402108662462e-01
-2.642393569368112205e-01,-2.642393569368112205e-01
1.544436012447791828e-01,1.544436012447791828e-01
-1.994264077941718671e-01,-1.994264077941718671e-01
-7.142490501360190258e-01,-7.142490501360190258e-01
-6.042881006975133751e-01,-6.042881006975133751e-01
-3.793224843356226561e-01,-3.793224843356226561e-01
-3.488879259113194520e-01,-3.488879259113194520e-01
-5.945902241670024679e-01,-5.945902241670024679e-01
-1.506044021197343596e-01,-1.506044021197343596e-01
1.703200326894537264e-01,1.703200326894537264e-01
-4.204303028632594974e-01,-4.204303028632594974e-01
2.511020365746585714e-02,2.511020365746585714e-02
1.340641655371936913e-01,1.340641655371936913e-01
-5.139099975095489103e-01,-5.139099975095489103e-01
2.719152539906422028e-01,2.719152539906422028e-01
6.011833380930691195e-01,6.011833380930691195e-01
-5.167163118184003867e-02,-5.167163118184003867e-02
-3.924937240641848124e-01,-3.924937240641848124e-01
-2.190000254882856767e-01,-2.190000254882856767e-01
-4.402283591528095008e-01,-4.402283591528095008e-01
-7.014695662777828966e-01,-7.014695662777828966e-01
-2.378674537962687241e-01,-2.378674537962687241e-01
-3.239692737827078450e-01,-3.239692737827078450e-01
-3.606128200251326188e-01,-3.606128200251326188e-01
-1.051320982416281691e-02,-1.051320982416281691e-02
2.721379881057615080e-01,2.721379881057615080e-01
-5.155809091006656741e-01,-5.155809091006656741e-01
-1.328096194595692614e-01,-1.328096194595692614e-01
-1.947570936293718802e-03,-1.947570936293718802e-03
-5.472251895159248036e-01,-5.472251895159248036e-01
-4.486435777115704848e-01,-4.486435777115704848e-01
-2.016495505413182232e-01,-2.016495505413182232e-01
5.370542062396643779e-02,5.370542062396643779e-02
1.073392949750962000e-01,1.073392949750962000e-01
-4.013351291757016881e-02,-4.013351291757016881e-02
3.221441844983230496e-02,3.221441844983230496e-02
6.936844878491210675e-02,6.936844878491210675e-02
-1.947111140264426443e-01,-1.947111140264426443e-01
-5.448775248098205459e-01,-5.448775248098205459e-01
-2.788385309203327278e-01,-2.788385309203327278e-01
-6.227964634734739491e-03,-6.227964634734739491e-03
-9.143795162948831212e-03,-9.143795162948831212e-03
-3.918397288464288142e-01,-3.918397288464288142e-01
-9.990649406862717186e-02,-9.990649406862717186e-02
-3.584019854596363075e-01,-3.584019854596363075e-01
-1.552854858270465988e-01,-1.552854858270465988e-01
-2.432627708819964374e-01,-2.432627708819964374e-01
-2.663841998524036914e-01,-2.663841998524036914e-01
-2.212099122249345795e-01,-2.212099122249345795e-01
-1.587581164834028780e-01,-1.587581164834028780e-01
-7.210370831477064257e-02,-7.210370831477064257e-02
1.008107669143774032e-01,1.008107669143774032e-01
-4.139672467400809519e-01,-4.139672467400809519e-01
3.671152229042040638e-02,3.671152229042040638e-02
-1.264449472770842187e-01,-1.264449472770842187e-01
-3.414667646835023440e-02,-3.414667646835023440e-02
5.459503127835940717e-03,5.459503127835940717e-03
-6.994492085740999787e-02,-6.994492085740999787e-02
-2.651794925124940638e-01,-2.651794925124940638e-01
4.810409969342677172e-02,4.810409969342677172e-02
-2.653897455215794565e-01,-2.653897455215794565e-01
-4.310110011893321103e-01,-4.310110011893321103e-01
-3.817814337980879880e-01,-3.817814337980879880e-01
-1.965529534199341732e-01,-1.965529534199341732e-01
-4.013096907067930097e-01,-4.013096907067930097e-01
-7.076400547899253102e-02,-7.076400547899253102e-02
3.997077450422349409e-01,3.997077450422349409e-01
-4.489823098559330705e-01,-4.489823098559330705e-01
-4.730516849537215185e-01,-4.730516849537215185e-01
-3.306471760277849281e-01,-3.306471760277849281e-01
-5.970917459388409565e-01,-5.970917459388409565e-01
-1.708579554824440905e-01,-1.708579554824440905e-01
-4.596597943778426565e-01,-4.596597943778426565e-01
-4.558580563324607371e-01,-4.558580563324607371e-01
-3.041959929531565798e-01,-3.041959929531565798e-01
-1.270412575362115382e-01,-1.270412575362115382e-01
-6.831241724777641355e-01,-6.831241724777641355e-01
-4.208849527056401918e-01,-4.208849527056401918e-01
-6.389856847226792480e-01,-6.389856847226792480e-01
-1.966673505870445426e-01,-1.966673505870445426e-01
3.675311439499773236e-02,3.675311439499773236e-02
-2.858327162523309206e-01,-2.858327162523309206e-01
-1.821670598225649806e-02,-1.821670598225649806e-02
-5.636507052309785992e-01,-5.636507052309785992e-01
3.059270167339803725e-01,3.059270167339803725e-01
-1.077798347433194248e-01,-1.077798347433194248e-01
-3.280983986713831846e-01,-3.280983986713831846e-01
-4.546726452694345166e-01,-4.546726452694345166e-01
2.030986113002959947e-01,2.030986113002959947e-01
-1.933110803471770334e-01,-1.933110803471770334e-01
-6.264620808534760998e-01,-6.264620808534760998e-01
-1.583700823968314242e-01,-1.583700823968314242e-01
-1.549611614268958659e-01,-1.549611614268958659e-01
-5.382567473987098783e-02,-5.382567473987098783e-02
7.811085189348998536e-02,7.811085189348998536e-02
-4.140033304208533549e-01,-4.140033304208533549e-01
-4.461148744603298799e-01,-4.461148744603298799e-01
-2.611244567864954291e-01,-2.611244567864954291e-01
-8.594377561518384834e-02,-8.594377561518384834e-02
-7.713010009522662802e-01,-7.713010009522662802e-01
-1.733314800221351648e-01,-1.733314800221351648e-01
-3.490400133948996508e-01,-3.490400133948996508e-01
-3.849931592639976863e-01,-3.849931592639976863e-01
3.634610821980910345e-02,3.634610821980910345e-02
9.173502076282158413e-02,9.173502076282158413e-02
-1.653225594254074116e-01,-1.653225594254074116e-01
1.730425838290355900e-01,1.730425838290355900e-01
-2.868045673777847027e-01,-2.868045673777847027e-01
-2.568748900434777438e-01,-2.568748900434777438e-01
-1.448819960800998841e-01,-1.448819960800998841e-01
-3.085375488953165934e-01,-3.085375488953165934e-01
-9.679930548898152409e-02,-9.679930548898152409e-02
-2.104076691601028948e-01,-2.104076691601028948e-01
-1.017058141233425084e-01,-1.017058141233425084e-01
-3.742007227011217574e-01,-3.742007227011217574e-01
3.205220055706643478e-01,3.205220055706643478e-01
-5.322878423874420895e-01,-5.322878423874420895e-01
-5.330060383059598283e-02,-5.330060383059598283e-02
5.800221481116962785e-02,5.800221481116962785e-02
4.247001555816853902e-02,4.247001555816853902e-02
4.069064036336842438e-01,4.069064036336842438e-01
-7.959718157227291258e-03,-7.959718157227291258e-03
-8.880010814877488112e-01,-8.880010814877488112e-01
-5.778725933575594720e-01,-5.778725933575594720e-01
8.538269831517397712e-03,8.538269831517397712e-03
-3.780028899316301150e-02,-3.780028899316301150e-02
-7.743399242026061113e-02,-7.743399242026061113e-02
1.249455384346664921e-02,1.249455384346664921e-02
-5.012095864191633554e-01,-5.012095864191633554e-01
-5.009787654025633641e-01,-5.009787654025633641e-01
-5.971817891998587591e-02,-5.971817891998587591e-02
1.267683344118603062e-01,1.267683344118603062e-01
-1.764412678121179967e-01,-1.764412678121179967e-01
2.501770590735278299e-01,2.501770590735278299e-01
-3.885297796762460232e-01,-3.885297796762460232e-01
1.306221903841563448e-01,1.306221903841563448e-01
5.270189515474623665e-01,5.270189515474623665e-01
-4.458348674709134984e-01,-4.458348674709134984e-01
1.304614409043909351e-01,1.304614409043909351e-01
-5.356714772545136949e-01,-5.356714772545136949e-01
8.049707204772227342e-02,8.049707204772227342e-02
2.794469640268230082e-01,2.794469640268230082e-01
-4.046622048801840066e-01,-4.046622048801840066e-01
-4.084660747491352106e-01,-4.084660747491352106e-01
2.068375968781024365e-01,2.068375968781024365e-01
-5.340095335059015236e-01,-5.340095335059015236e-01
2.765279996206005952e-01,2.765279996206005952e-01
1.086463700944053090e-01,1.086463700944053090e-01
-1.851656887414768748e-01,-1.851656887414768748e-01
-3.393963149348794284e-01,-3.393963149348794284e-01
-1.184779801251467646e-02,-1.184779801251467646e-02
-2.922391603598060161e-01,-2.922391603598060161e-01
6.087954241385529208e-03,6.087954241385529208e-03
-2.203140258259436157e-01,-2.203140258259436157e-01
-3.115065545830755789e-01,-3.115065545830755789e-01
6.761935056691759094e-03,6.761935056691759094e-03
3.065359368230913262e-02,3.065359368230913262e-02
-3.662702129224311709e-01,-3.662702129224311709e-01
-1.641285205013088833e-01,-1.641285205013088833e-01
-9.343488088205587072e-02,-9.343488088205587072e-02
-1.252912983166931671e-01,-1.252912983166931671e-01
-2.557132450088489550e-01,-2.557132450088489550e-01
1.949218592713757303e-01,1.949218592713757303e-01
-6.446214861559096398e-01,-6.446214861559096398e-01
-1.866107087549597754e-01,-1.866107087549597754e-01
-5.539290482893846068e-01,-5.539290482893846068e-01
-4.506385301220161566e-03,-4.506385301220161566e-03
-2.250596119660192018e-01,-2.250596119660192018e-01
-5.241563853996561440e-01,-5.241563853996561440e-01
2.033264957039481180e-01,2.033264957039481180e-01
-4.396852238908997013e-01,-4.396852238908997013e-01
7.894872910531636201e-02,7.894872910531636201e-02
-4.884731554906165396e-01,-4.884731554906165396e-01
-3.487618840251255348e-01,-3.487618840251255348e-01
-7.571252921262459079e-01,-7.571252921262459079e-01
-2.321641809559920056e-01,-2.321641809559920056e-01
2.182868925892927914e-01,2.182868925892927914e-01
-1.020314883382426596e-01,-1.020314883382426596e-01
7.014716498026229985e-02,7.014716498026229985e-02
-4.246695921288798914e-01,-4.246695921288798914e-01
-1.205200634667681348e-01,-1.205200634667681348e-01
-1.216012553644518768e-02,-1.216012553644518768e-02
-2.854240740983236546e-01,-2.854240740983236546e-01
-2.245331458011857739e-01,-2.245331458011857739e-01
-6.988465907412049205e-01,-6.988465907412049205e-01
-4.166477541800217566e-03,-4.166477541800217566e-03
-3.700873792428057696e-01,-3.700873792428057696e-01
2.742202812426679515e-01,2.742202812426679515e-01
-3.852208113740829276e-02,-3.852208113740829276e-02
4.052645233679140757e-01,4.052645233679140757e-01
-3.681585508388095507e-01,-3.681585508388095507e-01
-2.504104176045519603e-01,-2.504104176045519603e-01
-3.687557402366039572e-01,-3.687557402366039572e-01
3.063288814473702493e-02,3.063288814473702493e-02
-2.057357917837291383e-01,-2.057357917837291383e-01
-5.165807444093735157e-01,-5.165807444093735157e-01
2.724887377338077732e-01,2.724887377338077732e-01
-1.362184592551718421e-02,-1.362184592551718421e-02
-7.565568864000867810e-01,-7.565568864000867810e-01
-1.881713428238321328e-01,-1.881713428238321328e-01
-6.870552571856672897e-01,-6.870552571856672897e-01
-6.562429864542753677e-01,-6.562429864542753677e-01
-1.689451550495734145e-01,-1.689451550495734145e-01
3.891912704323778893e-01,3.891912704323778893e-01
3.070295553827786517e-01,3.070295553827786517e-01
2.779343251117092350e-01,2.779343251117092350e-01
-3.066367429538586764e-01,-3.066367429538586764e-01
2.026272613031175895e-01,2.026272613031175895e-01
-1.076423329093489922e-01,-1.076423329093489922e-01
-1.215595300456788763e-01,-1.215595300456788763e-01
2.835510790319593077e-01,2.835510790319593077e-01
6.521099040810651726e-02,6.521099040810651726e-02
-1.563604298309769769e-01,-1.563604298309769769e-01
4.929372965190581546e-03,4.929372965190581546e-03
-3.165035982346969812e-02,-3.165035982346969812e-02
-2.741840832701880615e-02,-2.741840832701880615e-02
3.928104327059859235e-01,3.928104327059859235e-01
4.427171148266718648e-01,4.427171148266718648e-01
-2.880766813676133298e-01,-2.880766813676133298e-01
-2.366322620776288854e-01,-2.366322620776288854e-01
-4.494030063439317102e-01,-4.494030063439317102e-01
3.315547579604412043e-01,3.315547579604412043e-01
2.218304685773829776e-01,2.218304685773829776e-01
-7.356956034686490398e-02,-7.356956034686490398e-02
-1.432725361239025608e-01,-1.432725361239025608e-01
-5.584397249848583877e-01,-5.584397249848583877e-01
-6.273093500975213122e-01,-6.273093500975213122e-01
-1.151815155273178126e-01,-1.151815155273178126e-01
2.581585147258929069e-01,2.581585147258929069e-01
-2.107585158634150968e-02,-2.107585158634150968e-02
1.835637172604976941e-01,1.835637172604976941e-01
-3.070420972285307637e-01,-3.070420972285307637e-01
-3.670809529829088813e-02,-3.670809529829088813e-02
-5.257994090854549718e-01,-5.257994090854549718e-01
-3.964704340385843961e-01,-3.964704340385843961e-01
-1.947442878566374436e-01,-1.947442878566374436e-01
-3.804656058528768092e-01,-3.804656058528768092e-01
-4.402411832528331237e-01,-4.402411832528331237e-01
5.542246463728123240e-01,5.542246463728123240e-01
-3.467354976133423250e-01,-3.467354976133423250e-01
2.519598946022582608e-01,2.519598946022582608e-01
2.266325494568652843e-01,2.266325494568652843e-01
6.681123205325778525e-02,6.681123205325778525e-02
-4.152893501344963045e-01,-4.152893501344963045e-01
-1.295169702169183257e-01,-1.295169702169183257e-01
-1.016035346785439941e-01,-1.016035346785439941e-01
-2.170862135547150240e-01,-2.170862135547150240e-01
-2.427678428347619377e-01,-2.427678428347619377e-01
-4.332085494009945137e-01,-4.332085494009945137e-01
-1.055197448169259422e-01,-1.055197448169259422e-01
-5.268230049312645491e-01,-5.268230049312645491e-01
-7.228904149042725269e-02,-7.228904149042725269e-02
1.934932774545562451e-01,1.934932774545562451e-01
-2.769083414407551569e-01,-2.769083414407551569e-01
-4.092625929635480553e-01,-4.092625929635480553e-01
-6.622299860689584428e-02,-6.622299860689584428e-02
-8.946970330581087705e-01,-8.946970330581087705e-01
-4.040063709430208316e-02,-4.040063709430208316e-02
4.984412769038926161e-02,4.984412769038926161e-02
-1.553069590649471254e-01,-1.553069590649471254e-01
-1.108978658593668953e-01,-1.108978658593668953e-01
-4.507189234652722587e-01,-4.507189234652722587e-01
-2.426882471489464899e-01,-2.426882471489464899e-01
-3.685743953133710504e-01,-3.685743953133710504e-01
-1.021283104797777730e-01,-1.021283104797777730e-01
-1.126860986630540129e-02,-1.126860986630540129e-02
1.746606672070571964e-02,1.746606672070571964e-02
-1.858863756216704299e-01,-1.858863756216704299e-01
-3.276082495439907594e-01,-3.276082495439907594e-01
3.328947576932432817e-01,3.328947576932432817e-01
-1.971378006506830927e-01,-1.971378006506830927e-01
-4.741913354511954615e-01,-4.741913354511954615e-01
-7.675227658295580291e-02,-7.675227658295580291e-02
2.816487177808992826e-01,2.816487177808992826e-01
-5.611013845705954406e-01,-5.611013845705954406e-01
8.339805670182731667e-02,8.339805670182731667e-02
1.866498620761053440e-01,1.866498620761053440e-01
-2.092122696828190298e-01,-2.092122696828190298e-01
-8.404253911186687631e-02,-8.404253911186687631e-02
-1.306470866416745702e-01,-1.306470866416745702e-01
-4.177353456468328452e-01,-4.177353456468328452e-01
-1.259018964840057930e-01,-1.259018964840057930e-01
-3.234827773345776425e-01,-3.234827773345776425e-01
-2.943214146255950237e-01,-2.943214146255950237e-01
1.665975332688806043e-01,1.665975332688806043e-01
-8.494648326371987412e-01,-8.494648326371987412e-01
-2.999076983764258353e-01,-2.999076983764258353e-01
-4.133854491299437939e-02,-4.133854491299437939e-02
-8.240050829861744752e-02,-8.240050829861744752e-02
-1.199353323698182372e-01,-1.199353323698182372e-01
-4.621694682661099396e-01,-4.621694682661099396e-01
-4.737822500113750279e-01,-4.737822500113750279e-01
-2.761968353617885175e-01,-2.761968353617885175e-01
1.445796922697950571e-02,1.445796922697950571e-02
1.149844140519541424e-01,1.149844140519541424e-01
-2.871346787336958029e-01,-2.871346787336958029e-01
-4.658862778058767695e-01,-4.658862778058767695e-01
-7.164100037412223232e-01,-7.164100037412223232e-01
-3.559196589641407948e-01,-3.559196589641407948e-01
1.255309950423394438e-01,1.255309950423394438e-01
-4.045199139141673617e-01,-4.045199139141673617e-01
-7.443041428174290708e-02,-7.443041428174290708e-02
-3.293053648653840870e-01,-3.293053648653840870e-01
1.725999252135900219e-01,1.725999252135900219e-01
-7.213790616890675134e-01,-7.213790616890675134e-01
-3.514409544942436181e-01,-3.514409544942436181e-01
7.188958747065021804e-01,7.188958747065021804e-01
-2.273019896428692954e-01,-2.273019896428692954e-01
5.040924261732582234e-02,5.040924261732582234e-02
3.893497381880263175e-01,3.893497381880263175e-01
-8.968267274170349523e-02,-8.968267274170349523e-02
-7.519540509466782208e-02,-7.519540509466782208e-02
5.731010724560203773e-02,5.731010724560203773e-02
-1.939539443796219897e-01,-1.939539443796219897e-01
-6.801600327881962560e-02,-6.801600327881962560e-02
-2.699948749980832785e-01,-2.699948749980832785e-01
-5.014316777545440029e-01,-5.014316777545440029e-01
-3.489848888951794237e-01,-3.489848888951794237e-01
1.529796989512591798e-01,1.529796989512591798e-01
-4.708178465100083532e-01,-4.708178465100083532e-01
2.909885823011283401e-01,2.909885823011283401e-01
-3.722405475066052905e-01,-3.722405475066052905e-01
-4.640040004826090914e-01,-4.640040004826090914e-01
-5.612447189140290504e-02,-5.612447189140290504e-02
-6.536306636079580734e-01,-6.536306636079580734e-01
-5.727444082773919254e-02,-5.727444082773919254e-02
-3.523852635227037178e-01,-3.523852635227037178e-01
-4.051996954434891052e-01,-4.051996954434891052e-01
9.722998145122019320e-02,9.722998145122019320e-02
-3.044362494633217064e-01,-3.044362494633217064e-01
-8.991946632443237331e-02,-8.991946632443237331e-02
1.408564204223329286e-01,1.408564204223329286e-01
-2.982331165251015381e-01,-2.982331165251015381e-01
-1.545989116409122177e-01,-1.545989116409122177e-01
-3.231210844550234107e-01,-3.231210844550234107e-01
-1.092130063228795578e-01,-1.092130063228795578e-01
-1.204692777907494516e-01,-1.204692777907494516e-01
-3.491676450336291260e-01,-3.491676450336291260e-01
-4.602872825545926139e-01,-4.602872825545926139e-01
-3.706966388921939526e-02,-3.706966388921939526e-02
-4.223012075968712864e-02,-4.223012075968712864e-02
-6.302338018985651491e-01,-6.302338018985651491e-01
-4.615309813276750051e-01,-4.615309813276750051e-01
-1.446875659736830411e-01,-1.446875659736830411e-01
-2.490649592204078333e-01,-2.490649592204078333e-01
9.846746809375062082e-02,9.846746809375062082e-02
-3.909129451989122872e-01,-3.909129451989122872e-01
-1.733753751021057665e-01,-1.733753751021057665e-01
-6.092366740306859318e-02,-6.092366740306859318e-02
-2.991451248669889651e-01,-2.991451248669889651e-01
-5.418629497757960767e-01,-5.418629497757960767e-01
-2.118285314837863309e-01,-2.118285314837863309e-01
-7.022084143794669053e-01,-7.022084143794669053e-01
-4.861355400401909388e-01,-4.861355400401909388e-01
-2.618234752989277991e-01,-2.618234752989277991e-01
-1.924706209136795021e-01,-1.924706209136795021e-01
-2.680920825347671288e-01,-2.680920825347671288e-01
2.394312488994112531e-01,2.394312488994112531e-01
-4.031598073344315747e-01,-4.031598073344315747e-01
-7.290151134179567727e-02,-7.290151134179567727e-02
-3.500286458545081025e-01,-3.500286458545081025e-01
-4.212355051455589638e-01,-4.212355051455589638e-01
6.643048477887258940e-02,6.643048477887258940e-02
-3.555098924698375518e-01,-3.555098924698375518e-01
9.272186254137559924e-02,9.272186254137559924e-02
-4.579449196509491893e-01,-4.579449196509491893e-01
-7.100825701504707155e-01,-7.100825701504707155e-01
-6.460662382560211636e-03,-6.460662382560211636e-03
-1.864529500012475083e-01,-1.864529500012475083e-01
-3.891488371777987454e-01,-3.891488371777987454e-01
1.011809699666833540e-01,1.011809699666833540e-01
8.250658531393806339e-02,8.250658531393806339e-02
3.286623126033016984e-02,3.286623126033016984e-02
-8.419359399860615323e-01,-8.419359399860615323e-01
3.123259461300064155e-01,3.123259461300064155e-01
-7.555748186747459627e-01,-7.555748186747459627e-01
1.766531198885545884e-02,1.766531198885545884e-02
1.406759328541150600e-01,1.406759328541150600e-01
-1.645884478276942176e-01,-1.645884478276942176e-01
1.107812814211144303e-01,1.107812814211144303e-01
-2.196792737645835158e-01,-2.196792737645835158e-01
-1.378528212616336734e-01,-1.378528212616336734e-01
-5.337476567030827734e-01,-5.337476567030827734e-01
-2.552706741556384218e-01,-2.552706741556384218e-01
-5.328383858186491739e-02,-5.328383858186491739e-02
7.772968158812409989e-02,7.772968158812409989e-02
-9.064006007469038728e-03,-9.064006007469038728e-03
1.257298200259228671e-01,1.257298200259228671e-01
-4.698326530529772782e-02,-4.698326530529772782e-02
-2.988328487916195320e-01,-2.988328487916195320e-01
4.417038444380810835e-01,4.417038444380810835e-01
-2.230496939279534852e-01,-2.230496939279534852e-01
-2.865866161567448556e-01,-2.865866161567448556e-01
-1.482272485000187268e-01,-1.482272485000187268e-01
-4.065401839185905919e-01,-4.065401839185905919e-01
4.012330204573699710e-02,4.012330204573699710e-02
5.351876628987239926e-02,5.351876628987239926e-02
-1.230770102478853101e-01,-1.230770102478853101e-01
-3.719788424872600974e-01,-3.719788424872600974e-01
2.216855918315697727e-01,2.216855918315697727e-01
2.180848499109865335e-01,2.180848499109865335e-01
-1.270551310891929742e-01,-1.270551310891929742e-01
-3.542275594923971482e-02,-3.542275594923971482e-02
-5.400160640139123336e-01,-5.400160640139123336e-01
1.164232511203567855e-01,1.164232511203567855e-01
-7.317364954976890434e-02,-7.317364954976890434e-02
-1.901854977881223263e-01,-1.901854977881223263e-01
-2.425576051671601840e-01,-2.425576051671601840e-01
-4.028752045970724338e-01,-4.028752045970724338e-01
-4.426734114358086836e-01,-4.426734114358086836e-01
-2.870206860687312123e-01,-2.870206860687312123e-01
-4.302735671553088448e-01,-4.302735671553088448e-01
-4.355518153377751500e-01,-4.355518153377751500e-01
-8.341180979255591321e-02,-8.341180979255591321e-02
3.099428434973072743e-02,3.099428434973072743e-02
-3.059794411344050613e-01,-3.059794411344050613e-01
4.056555596967694743e-01,4.056555596967694743e-01
-2.280931094722959962e-01,-2.280931094722959962e-01
-5.710121582497474924e-01,-5.710121582497474924e-01
-2.581073775636955614e-01,-2.581073775636955614e-01
-4.291737437870112304e-01,-4.291737437870112304e-01
-5.143856298168256735e-01,-5.143856298168256735e-01
-1.580997023010978220e-01,-1.580997023010978220e-01
1.632914142655077505e-01,1.632914142655077505e-01
3.825074299690334190e-02,3.825074299690334190e-02
5.305960039507673365e-02,5.305960039507673365e-02
-6.581107355015156646e-01,-6.581107355015156646e-01
-2.249278909015965944e-01,-2.249278909015965944e-01
-5.112561266650128555e-01,-5.112561266650128555e-01
7.189416136645587763e-02,7.189416136645587763e-02
-1.505335754402906678e-01,-1.505335754402906678e-01
-2.763732217955654491e-01,-2.763732217955654491e-01
-6.585198892881063415e-01,-6.585198892881063415e-01
-2.998355157298553952e-01,-2.998355157298553952e-01
-2.734511253364123595e-01,-2.734511253364123595e-01
5.933379847487874059e-02,5.933379847487874059e-02
1.095399944964170480e-01,1.095399944964170480e-01
-4.868079538317480193e-01,-4.868079538317480193e-01
-5.807088041002552714e-01,-5.807088041002552714e-01
-1.524899073689002238e-01,-1.524899073689002238e-01
-4.763873283856753793e-01,-4.763873283856753793e-01
-4.519710427175907541e-01,-4.519710427175907541e-01
-2.734045364089565666e-02,-2.734045364089565666e-02
1.289727857577591674e-01,1.289727857577591674e-01
-7.159188899811175233e-01,-7.159188899811175233e-01
1.931005337298121738e-01,1.931005337298121738e-01
-3.571611450259614129e-01,-3.571611450259614129e-01
1.510547804126649574e-01,1.510547804126649574e-01
1.359110107637712117e-01,1.359110107637712117e-01
-4.456629705169967148e-01,-4.456629705169967148e-01
-1.184710244988649297e-01,-1.184710244988649297e-01
-2.460437682297895723e-01,-2.460437682297895723e-01
-3.392244016987780997e-01,-3.392244016987780997e-01
-2.413393842373022791e-01,-2.413393842373022791e-01
-1.009502231623217172e-01,-1.009502231623217172e-01
-6.153343755936742099e-01,-6.153343755936742099e-01
-1.607777811213229047e-02,-1.607777811213229047e-02
-4.055487734319109805e-01,-4.055487734319109805e-01
-1.033586039508708199e-01,-1.033586039508708199e-01
3.834320532449034813e-01,3.834320532449034813e-01
-2.091716743692929592e-01,-2.091716743692929592e-01
-7.121759467337551719e-01,-7.121759467337551719e-01
-9.380748672763826734e-01,-9.380748672763826734e-01
-1.921893632372670968e-01,-1.921893632372670968e-01
2.123288394218514341e-02,2.123288394218514341e-02
-1.487968706798206142e-01,-1.487968706798206142e-01
-4.276686393667207264e-01,-4.276686393667207264e-01
-1.770672776488609879e-01,-1.770672776488609879e-01
-1.915868107430578338e-01,-1.915868107430578338e-01
-4.739270837760400368e-01,-4.739270837760400368e-01
1.499538032044345215e-01,1.499538032044345215e-01
6.908300468290640151e-02,6.908300468290640151e-02
1.296918168196592447e-02,1.296918168196592447e-02
2.897408047425076294e-02,2.897408047425076294e-02
-2.110660780581761764e-01,-2.110660780581761764e-01
9.115223159886509663e-02,9.115223159886509663e-02
-3.421862527339580851e-01,-3.421862527339580851e-01
1.804311993040184081e-01,1.804311993040184081e-01
3.132132819850790284e-01,3.132132819850790284e-01
1.530735495101224752e-01,1.530735495101224752e-01
-3.061731178358816363e-01,-3.061731178358816363e-01
-9.550942510864202095e-02,-9.550942510864202095e-02
-1.418371014211760039e-01,-1.418371014211760039e-01
-4.434346257199560104e-01,-4.434346257199560104e-01
-4.360249455394052953e-01,-4.360249455394052953e-01
-1.573990211407100270e-01,-1.573990211407100270e-01
-3.178791756043181094e-01,-3.178791756043181094e-01
-7.335288917292770439e-02,-7.335288917292770439e-02
-4.602314661330333956e-01,-4.602314661330333956e-01
-2.763189284845197768e-01,-2.763189284845197768e-01
-2.468931404347807224e-02,-2.468931404347807224e-02
-2.035440578304231751e-01,-2.035440578304231751e-01
-2.605193014509388227e-01,-2.605193014509388227e-01
6.315556487771561978e-02,6.315556487771561978e-02
-1.470556997562377788e-02,-1.470556997562377788e-02
-4.065936807739684578e-01,-4.065936807739684578e-01
-6.430694980466323818e-01,-6.430694980466323818e-01
-4.576328654247030503e-02,-4.576328654247030503e-02
-1.740584829574807757e-01,-1.740584829574807757e-01
-4.085373041574380526e-01,-4.085373041574380526e-01
-4.875072125939754475e-01,-4.875072125939754475e-01
2.343575167956942762e-01,2.343575167956942762e-01
-2.569374477806253276e-01,-2.569374477806253276e-01
-8.019055326161612651e-01,-8.019055326161612651e-01
-2.193972912403054920e-01,-2.193972912403054920e-01
3.237130578912463807e-01,3.237130578912463807e-01
2.738417047878094479e-02,2.738417047878094479e-02
-3.838254085276581185e-01,-3.838254085276581185e-01
-2.026025173119919698e-01,-2.026025173119919698e-01
6.618487546728445414e-01,6.618487546728445414e-01
-3.247675715044937572e-01,-3.247675715044937572e-01
-4.638907014939208651e-02,-4.638907014939208651e-02
-1.637951220526440710e-01,-1.637951220526440710e-01
-2.945234295838684013e-01,-2.945234295838684013e-01
-2.086576972405022046e-01,-2.086576972405022046e-01
3.426984913217101525e-02,3.426984913217101525e-02
1.593750666342054201e-01,1.593750666342054201e-01
-6.726372091411285670e-01,-6.726372091411285670e-01
-1.241952561124448629e-01,-1.241952561124448629e-01
-4.153064899247956854e-01,-4.153064899247956854e-01
-1.458430745462768741e-01,-1.458430745462768741e-01
-2.968220036136248186e-01,-2.968220036136248186e-01
-6.071389467398626838e-01,-6.071389467398626838e-01
2.195692807394372670e-02,2.195692807394372670e-02
-1.416908935793609325e-01,-1.416908935793609325e-01
-1.632475853791716114e-01,-1.632475853791716114e-01
-3.514646903249273313e-01,-3.514646903249273313e-01
-1.585077078551172525e-01,-1.585077078551172525e-01
5.196140667705795302e-03,5.196140667705795302e-03
-1.796825769723028321e-01,-1.796825769723028321e-01
1.735321714652571234e-02,1.735321714652571234e-02
-2.796878124135101507e-01,-2.796878124135101507e-01
-4.375486196462740063e-01,-4.375486196462740063e-01
-2.494437404067976760e-01,-2.494437404067976760e-01
-4.305269650123505487e-01,-4.305269650123505487e-01
-3.028935036544766479e-01,-3.028935036544766479e-01
-3.666416570805233199e-01,-3.666416570805233199e-01
-3.689571629022879162e-01,-3.689571629022879162e-01
3.188472045060027904e-01,3.188472045060027904e-01
-5.330943452424458107e-01,-5.330943452424458107e-01
-1.186161277631575528e-01,-1.186161277631575528e-01
-4.264086333389067729e-01,-4.264086333389067729e-01
9.033382064241979315e-03,9.033382064241979315e-03
-9.065448625225958068e-01,-9.065448625225958068e-01
-6.902292513166707888e-02,-6.902292513166707888e-02
-4.326656487776031623e-02,-4.326656487776031623e-02
5.639563750399245734e-02,5.639563750399245734e-02
-1.430793420202570720e-01,-1.430793420202570720e-01
-2.635039697866183861e-01,-2.635039697866183861e-01
-1.370219190143396881e-01,-1.370219190143396881e-01
2.144082475830144663e-02,2.144082475830144663e-02
-2.855930121016775347e-01,-2.855930121016775347e-01
2.881946719788420763e-01,2.881946719788420763e-01
1.273800638272110097e-01,1.273800638272110097e-01
8.493691243796508417e-02,8.493691243796508417e-02
-5.016093758231567890e-01,-5.016093758231567890e-01
-3.722098289072710564e-01,-3.722098289072710564e-01
-5.751983024374270892e-01,-5.751983024374270892e-01
-1.838059471027382319e-01,-1.838059471027382319e-01
-3.010201077326812857e-01,-3.010201077326812857e-01
7.521434952333205803e-02,7.521434952333205803e-02
1.177116282719643525e-01,1.177116282719643525e-01
-1.394260538421829843e-01,-1.394260538421829843e-01
7.440203336930484301e-02,7.440203336930484301e-02
5.045962056071540136e-02,5.045962056071540136e-02
2.536502042242719801e-01,2.536502042242719801e-01
-1.357130727249382662e-01,-1.357130727249382662e-01
-9.526878503179903035e-04,-9.526878503179903035e-04
1.802908667952871635e-01,1.802908667952871635e-01
-2.722760195244882109e-01,-2.722760195244882109e-01
3.260434458577585737e-01,3.260434458577585737e-01
-3.049730456653085842e-01,-3.049730456653085842e-01
-2.664350671518784242e-01,-2.664350671518784242e-01
-1.484832872087923361e-01,-1.484832872087923361e-01
-1.247362973026532318e-01,-1.247362973026532318e-01
-3.346701988156196572e-01,-3.346701988156196572e-01
-4.645779618949708589e-01,-4.645779618949708589e-01
-3.033309037021582055e-01,-3.033309037021582055e-01
-4.295599515003778457e-02,-4.295599515003778457e-02
-5.555931170101692240e-01,-5.555931170101692240e-01
-4.503345779080789590e-01,-4.503345779080789590e-01
7.670644796106174113e-02,7.670644796106174113e-02
5.571549124072050496e-02,5.571549124072050496e-02
-4.136018362086045785e-01,-4.136018362086045785e-01
7.788451843984134371e-03,7.788451843984134371e-03
-3.235647207961294680e-01,-3.235647207961294680e-01
-3.890260157365554861e-02,-3.890260157365554861e-02
2.493267842294299985e-02,2.493267842294299985e-02
2.296344278888512447e-01,2.296344278888512447e-01
2.087604354818403118e-01,2.087604354818403118e-01
-2.524251144046607553e-01,-2.524251144046607553e-01
-1.968350419510661586e-01,-1.968350419510661586e-01
5.188168838800832905e-01,5.188168838800832905e-01
-2.232322110786213454e-01,-2.232322110786213454e-01
-2.638688407772458722e-01,-2.638688407772458722e-01
-5.702384854664195313e-01,-5.702384854664195313e-01
5.638834796159930551e-02,5.638834796159930551e-02
8.262414486481262088e-02,8.262414486481262088e-02
-5.007670662142699181e-01,-5.007670662142699181e-01
-3.118783965051978302e-01,-3.118783965051978302e-01
-5.316011578658644821e-01,-5.316011578658644821e-01
-3.256103572155791825e-01,-3.256103572155791825e-01
1.041251393273051606e-01,1.041251393273051606e-01
-1.836967344389125456e-01,-1.836967344389125456e-01
3.969039171771626684e-02,3.969039171771626684e-02
-6.019715093791864202e-01,-6.019715093791864202e-01
-1.817776253172401768e-01,-1.817776253172401768e-01
3.796492425386166492e-02,3.796492425386166492e-02
-1.605726334462677096e-01,-1.605726334462677096e-01
-2.517844258400423474e-01,-2.517844258400423474e-01
-5.299681710524208889e-01,-5.299681710524208889e-01
-2.051811496806915658e-01,-2.051811496806915658e-01
-9.160422856568750660e-02,-9.160422856568750660e-02
-7.587349262603413358e-01,-7.587349262603413358e-01
-8.762022897990151549e-02,-8.762022897990151549e-02
-2.389848708200904559e-01,-2.389848708200904559e-01
-6.561927614751135174e-01,-6.561927614751135174e-01
-1.804325407011744264e-01,-1.804325407011744264e-01
-2.042472756620677954e-01,-2.042472756620677954e-01
-5.272354485373814681e-01,-5.272354485373814681e-01
1.310246918155930640e-01,1.310246918155930640e-01
-5.080327812111467001e-01,-5.080327812111467001e-01
8.348115725589594360e-02,8.348115725589594360e-02
-6.187925189531182646e-01,-6.187925189531182646e-01
6.253872036714114291e-02,6.253872036714114291e-02
-3.233182273563794951e-02,-3.233182273563794951e-02
2.416040587877088530e-02,2.416040587877088530e-02
4.359215562587703818e-02,4.359215562587703818e-02
-2.659960107183384492e-01,-2.659960107183384492e-01
-5.333190916966519257e-01,-5.333190916966519257e-01
-1.103221740002106044e-01,-1.103221740002106044e-01
5.583169713548663537e-02,5.583169713548663537e-02
-1.719001171371430381e-01,-1.719001171371430381e-01
-1.920058157100912322e-01,-1.920058157100912322e-01
-5.750889170276499707e-01,-5.750889170276499707e-01
-7.081061920762299344e-03,-7.081061920762299344e-03
2.353101696918857844e-01,2.353101696918857844e-01
-3.461225176476301346e-02,-3.461225176476301346e-02
3.368694351661716269e-02,3.368694351661716269e-02
-8.298522698897425887e-02,-8.298522698897425887e-02
8.124180621426013715e-02,8.124180621426013715e-02
-3.395711618207347682e-02,-3.395711618207347682e-02
-1.724833127993211646e-01,-1.724833127993211646e-01
-4.366780278373787461e-01,-4.366780278373787461e-01
-3.876496243959561827e-01,-3.876496243959561827e-01
1.837009987908628794e-01,1.837009987908628794e-01
-5.155941052037544825e-01,-5.155941052037544825e-01
-6.929832610503018353e-01,-6.929832610503018353e-01
-4.136053661030347772e-02,-4.136053661030347772e-02
9.380811018724877215e-02,9.380811018724877215e-02
-2.210735863496495202e-01,-2.210735863496495202e-01
-2.264719480866085322e-01,-2.264719480866085322e-01
-3.666543182300765480e-01,-3.666543182300765480e-01
2.717546515995540313e-01,2.717546515995540313e-01
-2.517682343706717507e-01,-2.517682343706717507e-01
3.401537290814437009e-01,3.401537290814437009e-01
1.597084928705372331e-02,1.597084928705372331e-02
1.369992246092455179e-01,1.369992246092455179e-01
-2.642971415417906811e-01,-2.642971415417906811e-01
-1.144544979805416363e-01,-1.144544979805416363e-01
-2.367561371781189417e-01,-2.367561371781189417e-01
-4.065088356870246722e-01,-4.065088356870246722e-01
9.631624115983483669e-02,9.631624115983483669e-02
-2.812433605032860218e-02,-2.812433605032860218e-02
-1.040932019776151796e-01,-1.040932019776151796e-01
-3.632135551189884515e-01,-3.632135551189884515e-01
-2.168905094999626915e-01,-2.168905094999626915e-01
-6.109198767550676479e-01,-6.109198767550676479e-01
