4.648055711773801252e-03,4.648055711773801252e-03
1.745188934795957950e-02,1.745188934795957950e-02
-1.861503210251580498e-02,-1.861503210251580498e-02
2.122690781598750645e-02,2.122690781598750645e-02
3.468317449948452036e-03,3.468317449948452036e-03
2.796936391446670778e-02,2.796936391446670778e-02
1.874456588691481712e-02,1.874456588691481712e-02
6.279212540252685631e-03,6.279212540252685631e-03
3.345587021047126408e-03,3.345587021047126408e-03
2.629158667592550180e-03,2.629158667592550180e-03
2.043475900530305339e-02,2.043475900530305339e-02
-8.338848527578851533e-05,-8.338848527578851533e-05
2.300019807371822891e-02,2.300019807371822891e-02
1.728646345266829365e-02,1.728646345266829365e-02
1.113073825295139360e-02,1.113073825295139360e-02
1.796219675022978080e-02,1.796219675022978080e-02
2.243173727923123903e-02,2.243173727923123903e-02
3.426003432653722258e-02,3.426003432653722258e-02
1.201404045051502126e-02,1.201404045051502126e-02
2.486140424982807504e-02,2.486140424982807504e-02
2.107950104673302072e-02,2.107950104673302072e-02
1.355387009328556935e-02,1.355387009328556935e-02
1.804830957630128296e-03,1.804830957630128296e-03
1.369438424831961182e-02,1.369438424831961182e-02
-4.203368940471644000e-03,-4.203368940471644000e-03
1.859867090230192532e-02,1.859867090230192532e-02
2.094566415371946697e-02,2.094566415371946697e-02
3.083998867697594626e-02,3.083998867697594626e-02
2.121346657282007636e-02,2.121346657282007636e-02
3.108830995329341790e-02,3.108830995329341790e-02
8.593180764128037497e-03,8.593180764128037497e-03
3.556466857462933784e-02,3.556466857462933784e-02
-1.794636922096967679e-02,-1.794636922096967679e-02
1.499045935772837582e-02,1.499045935772837582e-02
7.026255174243038748e-03,7.026255174243038748e-03
1.854499666577799633e-02,1.854499666577799633e-02
3.120125855127414694e-03,3.120125855127414694e-03
1.972980867575430119e-02,1.972980867575430119e-02
1.965237229675732139e-02,1.965237229675732139e-02
9.154809881024822404e-03,9.154809881024822404e-03
1.674594137070990058e-02,1.674594137070990058e-02
1.376702358519494088e-02,1.376702358519494088e-02
7.537914003892393078e-03,7.537914003892393078e-03
5.688821526361510089e-03,5.688821526361510089e-03
1.234842082342643005e-02,1.234842082342643005e-02
3.185266669737080170e-02,3.185266669737080170e-02
3.298831561543374979e-02,3.298831561543374979e-02
4.964012392989214373e-03,4.964012392989214373e-03
1.236498968697569145e-03,1.236498968697569145e-03
7.346275653261347127e-04,7.346275653261347127e-04
7.311346615391001863e-03,7.311346615391001863e-03
1.779486110931914958e-02,1.779486110931914958e-02
1.577296496583127650e-03,1.577296496583127650e-03
2.375892141031804919e-02,2.375892141031804919e-02
3.303815109812258122e-03,3.303815109812258122e-03
-1.159563937992338922e-02,-1.159563937992338922e-02
4.824869192804712159e-03,4.824869192804712159e-03
2.873642086550378186e-02,2.873642086550378186e-02
1.036751583916596664e-02,1.036751583916596664e-02
1.952715213920003592e-02,1.952715213920003592e-02
2.682262495296770105e-03,2.682262495296770105e-03
6.598234676657252495e-03,6.598234676657252495e-03
1.693788790589782420e-02,1.693788790589782420e-02
-1.739841065609946946e-03,-1.739841065609946946e-03
1.803721070056737638e-02,1.803721070056737638e-02
3.171803120348049010e-02,3.171803120348049010e-02
4.290417324603022775e-03,4.290417324603022775e-03
1.087188568601792082e-02,1.087188568601792082e-02
-4.411188690815401325e-03,-4.411188690815401325e-03
8.433742698651124081e-03,8.433742698651124081e-03
6.023458651282863341e-03,6.023458651282863341e-03
1.757778183556278628e-02,1.757778183556278628e-02
1.921227780724886480e-02,1.921227780724886480e-02
1.250428940510584300e-02,1.250428940510584300e-02
1.636568070794192087e-02,1.636568070794192087e-02
2.283745005302952047e-02,2.283745005302952047e-02
-9.088194402276445621e-03,-9.088194402276445621e-03
3.054455814547356318e-02,3.054455814547356318e-02
1.426786502515280108e-02,1.426786502515280108e-02
1.256712811955329467e-02,1.256712811955329467e-02
-3.269473475581319288e-03,-3.269473475581319288e-03
-1.844111757017340147e-03,-1.844111757017340147e-03
6.870866493042512846e-03,6.870866493042512846e-03
7.563800378650089445e-03,7.563800378650089445e-03
2.175112880426413944e-02,2.175112880426413944e-02
2.189135727208951082e-02,2.189135727208951082e-02
2.261851922049648578e-02,2.261851922049648578e-02
8.581416274946782052e-03,8.581416274946782052e-03
1.057896816260012890e-02,1.057896816260012890e-02
2.913971536274894900e-02,2.913971536274894900e-02
5.482671942078305716e-03,5.482671942078305716e-03
1.632331799909053638e-02,1.632331799909053638e-02
2.430597556983669222e-02,2.430597556983669222e-02
1.044642942271943598e-02,1.044642942271943598e-02
3.518349209767131225e-02,3.518349209767131225e-02
2.358947604553626731e-02,2.358947604553626731e-02
2.661293929974756917e-02,2.661293929974756917e-02
2.341441625868352638e-02,2.341441625868352638e-02
1.333719854926328219e-02,1.333719854926328219e-02
2.366617754741352775e-02,2.366617754741352775e-02
1.128970689026896970e-02,1.128970689026896970e-02
-9.957469415699041204e-05,-9.957469415699041204e-05
3.051972815231989572e-03,3.051972815231989572e-03
2.539703746413691024e-02,2.539703746413691024e-02
-4.201783053770141718e-03,-4.201783053770141718e-03
9.719251364144844418e-03,9.719251364144844418e-03
2.040272392430417248e-03,2.040272392430417248e-03
2.652998712029099038e-03,2.652998712029099038e-03
3.499177593800884695e-02,3.499177593800884695e-02
1.480854895849983283e-02,1.480854895849983283e-02
7.840798233118308896e-03,7.840798233118308896e-03
1.734449550863556219e-02,1.734449550863556219e-02
2.700379739929763961e-02,2.700379739929763961e-02
2.162195428906768524e-02,2.162195428906768524e-02
2.191655732744045640e-02,2.191655732744045640e-02
1.452898239604524799e-03,1.452898239604524799e-03
3.757573469065050853e-03,3.757573469065050853e-03
1.156880109728262301e-02,1.156880109728262301e-02
1.233538655101924786e-02,1.233538655101924786e-02
6.660540489202948500e-03,6.660540489202948500e-03
1.157804304359649414e-02,1.157804304359649414e-02
1.695823639062498875e-02,1.695823639062498875e-02
-1.519595140534228672e-03,-1.519595140534228672e-03
-1.169489172232572594e-02,-1.169489172232572594e-02
9.114957027855606631e-03,9.114957027855606631e-03
1.852031511148996903e-02,1.852031511148996903e-02
5.941281106932753964e-03,5.941281106932753964e-03
2.100066781199668928e-02,2.100066781199668928e-02
1.479221783234978271e-02,1.479221783234978271e-02
-2.522641294088120989e-03,-2.522641294088120989e-03
2.376794802522286254e-02,2.376794802522286254e-02
-6.406556065023660818e-05,-6.406556065023660818e-05
2.088231439018581326e-02,2.088231439018581326e-02
3.116174788694954859e-02,3.116174788694954859e-02
1.885258274956041341e-02,1.885258274956041341e-02
7.801664106989229797e-03,7.801664106989229797e-03
4.408238848607817784e-03,4.408238848607817784e-03
1.241158218640803917e-02,1.241158218640803917e-02
1.352670701759511526e-02,1.352670701759511526e-02
1.550332646939468068e-02,1.550332646939468068e-02
9.660014664527510897e-03,9.660014664527510897e-03
1.290228535759139344e-02,1.290228535759139344e-02
2.044832007330819879e-02,2.044832007330819879e-02
1.466378854192566111e-02,1.466378854192566111e-02
1.422998203188079180e-02,1.422998203188079180e-02
7.309858373595632536e-03,7.309858373595632536e-03
4.457765467487453948e-03,4.457765467487453948e-03
1.251201541152869093e-02,1.251201541152869093e-02
9.662998470612544494e-03,9.662998470612544494e-03
1.074631217030389690e-03,1.074631217030389690e-03
3.617433675850399710e-03,3.617433675850399710e-03
9.244553132045300881e-03,9.244553132045300881e-03
1.623554708630839394e-02,1.623554708630839394e-02
1.239434542140306628e-02,1.239434542140306628e-02
9.789359110319948570e-03,9.789359110319948570e-03
7.109556766768384412e-03,7.109556766768384412e-03
-4.480734710307097968e-03,-4.480734710307097968e-03
3.154613964522548497e-02,3.154613964522548497e-02
4.714002600124354847e-03,4.714002600124354847e-03
9.286773552715160002e-03,9.286773552715160002e-03
-9.177723625921126172e-03,-9.177723625921126172e-03
-8.157620225275920289e-03,-8.157620225275920289e-03
-3.392323975755923149e-03,-3.392323975755923149e-03
3.077647471090671008e-02,3.077647471090671008e-02
3.434372481855013648e-02,3.434372481855013648e-02
1.725369415948929327e-02,1.725369415948929327e-02
-8.584057779819423417e-04,-8.584057779819423417e-04
6.875676678609755899e-03,6.875676678609755899e-03
2.046799284118090007e-02,2.046799284118090007e-02
1.591906157007708100e-02,1.591906157007708100e-02
2.422476192342501444e-02,2.422476192342501444e-02
2.082558429835486627e-02,2.082558429835486627e-02
1.289410981494307218e-02,1.289410981494307218e-02
3.022482270183805830e-03,3.022482270183805830e-03
7.527234195067837585e-03,7.527234195067837585e-03
-2.608119569149948414e-03,-2.608119569149948414e-03
-1.078751614099010547e-03,-1.078751614099010547e-03
1.109814996386200570e-02,1.109814996386200570e-02
7.279864019577968193e-03,7.279864019577968193e-03
1.845464961990610914e-02,1.845464961990610914e-02
1.408435880405297172e-02,1.408435880405297172e-02
1.269953478611571956e-02,1.269953478611571956e-02
6.716919581278256446e-03,6.716919581278256446e-03
1.043204947392971718e-02,1.043204947392971718e-02
2.469142600250190389e-03,2.469142600250190389e-03
1.130357233580222415e-02,1.130357233580222415e-02
1.982092421955653980e-02,1.982092421955653980e-02
6.693525158530552049e-03,6.693525158530552049e-03
1.911102254893058336e-02,1.911102254893058336e-02
1.240283885079733125e-02,1.240283885079733125e-02
-2.064615175548466935e-03,-2.064615175548466935e-03
8.103341024647291169e-03,8.103341024647291169e-03
2.023412964835515776e-02,2.023412964835515776e-02
1.113943566441592814e-02,1.113943566441592814e-02
1.777351182649558950e-02,1.777351182649558950e-02
2.200895208875273262e-02,2.200895208875273262e-02
1.059015014075199296e-02,1.059015014075199296e-02
8.530506028790300205e-03,8.530506028790300205e-03
8.399374567235218247e-03,8.399374567235218247e-03
2.382107489713893023e-02,2.382107489713893023e-02
1.021308843113865467e-02,1.021308843113865467e-02
1.867525630330598221e-02,1.867525630330598221e-02
1.133301781075747583e-02,1.133301781075747583e-02
2.364878872842126126e-02,2.364878872842126126e-02
3.194462511009241168e-02,3.194462511009241168e-02
1.117655830365428538e-02,1.117655830365428538e-02
2.105707723782650198e-02,2.105707723782650198e-02
1.948474943807266407e-02,1.948474943807266407e-02
2.579624049222958848e-02,2.579624049222958848e-02
1.457168118315779401e-02,1.457168118315779401e-02
3.784735101905710442e-04,3.784735101905710442e-04
-6.144863624271343361e-03,-6.144863624271343361e-03
1.591808792190107374e-02,1.591808792190107374e-02
1.184738693233925236e-02,1.184738693233925236e-02
1.519545891785110958e-02,1.519545891785110958e-02
6.818253627623432206e-03,6.818253627623432206e-03
2.635271891825863647e-02,2.635271891825863647e-02
8.543342701703506709e-03,8.543342701703506709e-03
2.762431238167308012e-03,2.762431238167308012e-03
1.017820472287818759e-02,1.017820472287818759e-02
6.855512296748342282e-03,6.855512296748342282e-03
1.913808774140872415e-02,1.913808774140872415e-02
2.111741868472138614e-02,2.111741868472138614e-02
2.004585445111450870e-02,2.004585445111450870e-02
7.848793700220818570e-03,7.848793700220818570e-03
3.216395134622775098e-03,3.216395134622775098e-03
8.342196596759179905e-03,8.342196596759179905e-03
2.375997771950836071e-02,2.375997771950836071e-02
1.653299045244535637e-02,1.653299045244535637e-02
-5.170498303009071761e-03,-5.170498303009071761e-03
6.743187465812434944e-03,6.743187465812434944e-03
1.972556523249052382e-02,1.972556523249052382e-02
3.435662328713937064e-03,3.435662328713937064e-03
2.534256797372776843e-02,2.534256797372776843e-02
2.331278023161031249e-03,2.331278023161031249e-03
4.987883205952524379e-03,4.987883205952524379e-03
1.974737371215128795e-03,1.974737371215128795e-03
3.496146726074733646e-03,3.496146726074733646e-03
-8.108647265083725880e-03,-8.108647265083725880e-03
1.971322684018494628e-02,1.971322684018494628e-02
-1.859355096985221625e-02,-1.859355096985221625e-02
2.912320850454189203e-02,2.912320850454189203e-02
2.275510545325686029e-02,2.275510545325686029e-02
2.445291932920291497e-02,2.445291932920291497e-02
4.511795175729846341e-03,4.511795175729846341e-03
-3.667479072743982244e-03,-3.667479072743982244e-03
1.194992708348165122e-02,1.194992708348165122e-02
1.310413669821520327e-02,1.310413669821520327e-02
1.915312198442734037e-02,1.915312198442734037e-02
1.819990255390949857e-02,1.819990255390949857e-02
2.798054054907583854e-02,2.798054054907583854e-02
2.982787821147331320e-04,2.982787821147331320e-04
2.598991563013037381e-02,2.598991563013037381e-02
2.870650304828022484e-02,2.870650304828022484e-02
2.217113992507018655e-02,2.217113992507018655e-02
-1.469530002227104060e-03,-1.469530002227104060e-03
1.815711780607654272e-02,1.815711780607654272e-02
1.865301434523088803e-02,1.865301434523088803e-02
1.398906463615750065e-02,1.398906463615750065e-02
7.745345410841375511e-03,7.745345410841375511e-03
8.139757859064358780e-03,8.139757859064358780e-03
2.722965205622634999e-02,2.722965205622634999e-02
2.200391355123689982e-02,2.200391355123689982e-02
-9.664064920231182909e-03,-9.664064920231182909e-03
1.160370260040212431e-03,1.160370260040212431e-03
2.393155050902588329e-02,2.393155050902588329e-02
1.621415282479603953e-02,1.621415282479603953e-02
2.473743588206023594e-02,2.473743588206023594e-02
2.393398637314102240e-02,2.393398637314102240e-02
6.036395234278131572e-03,6.036395234278131572e-03
-8.212769177111868546e-03,-8.212769177111868546e-03
1.336353074673567870e-02,1.336353074673567870e-02
9.943881091811365702e-03,9.943881091811365702e-03
1.064973085607241396e-02,1.064973085607241396e-02
4.077347370625667572e-03,4.077347370625667572e-03
1.927574834848552743e-03,1.927574834848552743e-03
-5.918557300180413150e-04,-5.918557300180413150e-04
1.293437731440612998e-02,1.293437731440612998e-02
4.721952069861035106e-05,4.721952069861035106e-05
1.426033574152636013e-02,1.426033574152636013e-02
-4.858497412229250551e-03,-4.858497412229250551e-03
8.214999117573826282e-03,8.214999117573826282e-03
1.443854473039956482e-02,1.443854473039956482e-02
3.146863712180227035e-02,3.146863712180227035e-02
1.317797940032373882e-02,1.317797940032373882e-02
6.176806164630087304e-03,6.176806164630087304e-03
1.499281568660246547e-02,1.499281568660246547e-02
-7.986425924860311720e-04,-7.986425924860311720e-04
1.857116294851564320e-02,1.857116294851564320e-02
1.604145995990199566e-02,1.604145995990199566e-02
7.989442956912229388e-03,7.989442956912229388e-03
1.168660014557257668e-02,1.168660014557257668e-02
3.806850145736287439e-02,3.806850145736287439e-02
1.304073780609445524e-02,1.304073780609445524e-02
3.694460432205445150e-02,3.694460432205445150e-02
2.504313339230970423e-02,2.504313339230970423e-02
1.958709587803081353e-02,1.958709587803081353e-02
1.367913611886859698e-02,1.367913611886859698e-02
-6.543655005189764201e-03,-6.543655005189764201e-03
3.709577373892262997e-03,3.709577373892262997e-03
9.099113861575386375e-03,9.099113861575386375e-03
-2.989246187366054186e-03,-2.989246187366054186e-03
2.717132158489324323e-02,2.717132158489324323e-02
-7.542701815333313631e-03,-7.542701815333313631e-03
2.602336123436754800e-02,2.602336123436754800e-02
1.279517407876951812e-02,1.279517407876951812e-02
2.226911972842775950e-02,2.226911972842775950e-02
7.273154952269912654e-03,7.273154952269912654e-03
6.633661681405441518e-03,6.633661681405441518e-03
1.620374808823803886e-02,1.620374808823803886e-02
-8.171036150836225032e-04,-8.171036150836225032e-04
2.041064307224763757e-02,2.041064307224763757e-02
9.016751158415697159e-03,9.016751158415697159e-03
2.138911583696746777e-02,2.138911583696746777e-02
1.937979773795252963e-02,1.937979773795252963e-02
1.047699293956772665e-02,1.047699293956772665e-02
3.067502058996156300e-02,3.067502058996156300e-02
-1.080261315086013946e-02,-1.080261315086013946e-02
3.356680042277891685e-02,3.356680042277891685e-02
1.833792524150010955e-02,1.833792524150010955e-02
7.650815911905729794e-03,7.650815911905729794e-03
2.471169309239230893e-02,2.471169309239230893e-02
8.925614215489503095e-03,8.925614215489503095e-03
1.865397436924422919e-02,1.865397436924422919e-02
1.632128241117565548e-02,1.632128241117565548e-02
3.121223248179042994e-02,3.121223248179042994e-02
1.393998889029061591e-02,1.393998889029061591e-02
-7.983848287469834382e-03,-7.983848287469834382e-03
8.973032568683390886e-03,8.973032568683390886e-03
2.485024770167677116e-02,2.485024770167677116e-02
2.130381148050749726e-02,2.130381148050749726e-02
8.519797484811575394e-03,8.519797484811575394e-03
3.267890665913603110e-02,3.267890665913603110e-02
2.226496758861740144e-02,2.226496758861740144e-02
1.388703111185133135e-02,1.388703111185133135e-02
2.193895487367127084e-03,2.193895487367127084e-03
4.749411624909605223e-03,4.749411624909605223e-03
1.562234370718055057e-02,1.562234370718055057e-02
3.444355210624764491e-02,3.444355210624764491e-02
5.615832782153742236e-03,5.615832782153742236e-03
4.840430858914699513e-03,4.840430858914699513e-03
8.730346132631953970e-03,8.730346132631953970e-03
1.112121182553286319e-02,1.112121182553286319e-02
-5.893709526113802277e-03,-5.893709526113802277e-03
5.604325002389897586e-03,5.604325002389897586e-03
2.757112798953195026e-02,2.757112798953195026e-02
7.225680492968965946e-03,7.225680492968965946e-03
2.091720558114856104e-02,2.091720558114856104e-02
1.773480960756804170e-02,1.773480960756804170e-02
-5.658846238613596258e-03,-5.658846238613596258e-03
1.199213266613926437e-02,1.199213266613926437e-02
1.007478219795329005e-02,1.007478219795329005e-02
-2.093701274778980714e-03,-2.093701274778980714e-03
4.669601851431233464e-03,4.669601851431233464e-03
1.607477482455436230e-02,1.607477482455436230e-02
5.217966599712617337e-03,5.217966599712617337e-03
1.952418052154440004e-02,1.952418052154440004e-02
2.165386883162562920e-02,2.165386883162562920e-02
2.618022385128828539e-02,2.618022385128828539e-02
5.125863146051221064e-04,5.125863146051221064e-04
2.340894989232516349e-02,2.340894989232516349e-02
8.243407416291884116e-03,8.243407416291884116e-03
1.400297127697425550e-02,1.400297127697425550e-02
1.067991407231131187e-02,1.067991407231131187e-02
1.355841106436896093e-02,1.355841106436896093e-02
1.541943834429605406e-02,1.541943834429605406e-02
1.368387174860142066e-02,1.368387174860142066e-02
4.115121857649423065e-03,4.115121857649423065e-03
1.448702201263434713e-02,1.448702201263434713e-02
1.574169982103808957e-02,1.574169982103808957e-02
1.205079984601318405e-03,1.205079984601318405e-03
1.940555435050599076e-02,1.940555435050599076e-02
1.574640855672421527e-02,1.574640855672421527e-02
4.200818038244708008e-03,4.200818038244708008e-03
-1.997618449645632843e-04,-1.997618449645632843e-04
3.548742734784657293e-03,3.548742734784657293e-03
8.304289627480386515e-03,8.304289627480386515e-03
-3.242731854780668554e-04,-3.242731854780668554e-04
3.538426982169072532e-03,3.538426982169072532e-03
7.414883416128163762e-03,7.414883416128163762e-03
1.600918401665404542e-02,1.600918401665404542e-02
2.819607844235336169e-03,2.819607844235336169e-03
7.191963924209739123e-03,7.191963924209739123e-03
4.564412720662720802e-03,4.564412720662720802e-03
5.816292636452113918e-03,5.816292636452113918e-03
-8.977823548372967921e-03,-8.977823548372967921e-03
2.932715483362790046e-02,2.932715483362790046e-02
-5.439128453968690435e-03,-5.439128453968690435e-03
3.455788122739487933e-02,3.455788122739487933e-02
1.686633042016717071e-02,1.686633042016717071e-02
-1.044105692010171421e-03,-1.044105692010171421e-03
1.516655703899143920e-02,1.516655703899143920e-02
3.818279509122238236e-03,3.818279509122238236e-03
-4.310073435433277311e-03,-4.310073435433277311e-03
1.151411105325762796e-02,1.151411105325762796e-02
9.980571624776824607e-03,9.980571624776824607e-03
4.224174058422736078e-03,4.224174058422736078e-03
2.177480089823137510e-02,2.177480089823137510e-02
2.727107601135050907e-02,2.727107601135050907e-02
4.429266986607664769e-03,4.429266986607664769e-03
1.087223907235751810e-02,1.087223907235751810e-02
1.815847805290991129e-02,1.815847805290991129e-02
2.901859865496240337e-02,2.901859865496240337e-02
2.449494599326283023e-03,2.449494599326283023e-03
4.695019238408038031e-03,4.695019238408038031e-03
-2.593104474191858244e-03,-2.593104474191858244e-03
1.191869774253211112e-02,1.191869774253211112e-02
6.369503384448249594e-03,6.369503384448249594e-03
-6.251461698093332964e-04,-6.251461698093332964e-04
4.072872668881004354e-03,4.072872668881004354e-03
1.927199702345495924e-02,1.927199702345495924e-02
2.598072767819080073e-02,2.598072767819080073e-02
2.796962958010289213e-03,2.796962958010289213e-03
2.178560519993568215e-02,2.178560519993568215e-02
1.931578174345741084e-02,1.931578174345741084e-02
3.329358001711642950e-02,3.329358001711642950e-02
2.316772905098817004e-03,2.316772905098817004e-03
3.089192965192899543e-02,3.089192965192899543e-02
1.148642094120775128e-02,1.148642094120775128e-02
7.358607357483490374e-04,7.358607357483490374e-04
2.068520838959873528e-02,2.068520838959873528e-02
7.135331982032526443e-03,7.135331982032526443e-03
2.406293242240208421e-02,2.406293242240208421e-02
6.965558085586867620e-03,6.965558085586867620e-03
1.251402701122464670e-02,1.251402701122464670e-02
1.049041856878472553e-02,1.049041856878472553e-02
1.420881137927662574e-02,1.420881137927662574e-02
8.454245815731727814e-03,8.454245815731727814e-03
1.270350346940798611e-02,1.270350346940798611e-02
6.666593624300477805e-03,6.666593624300477805e-03
1.187495100309380464e-02,1.187495100309380464e-02
3.213562730849392479e-02,3.213562730849392479e-02
1.576916534001015710e-02,1.576916534001015710e-02
1.014303819303714882e-02,1.014303819303714882e-02
2.157257387162336143e-02,2.157257387162336143e-02
2.062054036225018094e-02,2.062054036225018094e-02
1.956871269414152403e-02,1.956871269414152403e-02
3.566398578178434087e-03,3.566398578178434087e-03
1.185482988107342678e-02,1.185482988107342678e-02
2.655090853155624153e-02,2.655090853155624153e-02
-3.615018075773857031e-03,-3.615018075773857031e-03
2.553114638065492881e-02,2.553114638065492881e-02
1.032432432244639181e-02,1.032432432244639181e-02
7.064057684878395638e-03,7.064057684878395638e-03
1.069608323722257698e-02,1.069608323722257698e-02
1.314365296796137644e-02,1.314365296796137644e-02
8.588277719447888481e-03,8.588277719447888481e-03
2.027014073526765131e-02,2.027014073526765131e-02
3.487351938268080931e-03,3.487351938268080931e-03
1.790612603819728699e-02,1.790612603819728699e-02
1.119619327568983913e-02,1.119619327568983913e-02
1.572361198501300017e-02,1.572361198501300017e-02
8.898895412825773982e-03,8.898895412825773982e-03
1.009088636779131160e-02,1.009088636779131160e-02
-2.447845956384711585e-03,-2.447845956384711585e-03
1.476638154251376858e-02,1.476638154251376858e-02
1.626090667742271373e-02,1.626090667742271373e-02
1.344463829931258347e-02,1.344463829931258347e-02
1.190041259250389921e-02,1.190041259250389921e-02
1.238757507194915980e-02,1.238757507194915980e-02
1.287347409101264120e-02,1.287347409101264120e-02
1.202479203898688259e-02,1.202479203898688259e-02
2.148215756227008985e-02,2.148215756227008985e-02
1.368827184721030030e-02,1.368827184721030030e-02
1.288803430033585301e-02,1.288803430033585301e-02
8.274157495878335655e-03,8.274157495878335655e-03
2.354965587228745327e-03,2.354965587228745327e-03
2.167011756853423968e-02,2.167011756853423968e-02
5.588846964887397156e-03,5.588846964887397156e-03
1.086516420713386916e-02,1.086516420713386916e-02
1.229015930669676709e-02,1.229015930669676709e-02
1.072321700747239440e-02,1.072321700747239440e-02
1.164805846055557911e-02,1.164805846055557911e-02
-1.331705463264758194e-02,-1.331705463264758194e-02
-2.248868801305332205e-03,-2.248868801305332205e-03
2.494939374513876693e-02,2.494939374513876693e-02
-8.259366438795566479e-03,-8.259366438795566479e-03
-2.036758306947639846e-02,-2.036758306947639846e-02
1.768749509688147606e-02,1.768749509688147606e-02
1.541459072141255701e-02,1.541459072141255701e-02
9.619046245149427687e-03,9.619046245149427687e-03
5.817791561531587829e-03,5.817791561531587829e-03
3.957937909866510173e-03,3.957937909866510173e-03
5.170965776361308164e-03,5.170965776361308164e-03
8.394554999251790939e-03,8.394554999251790939e-03
1.206375310938515022e-02,1.206375310938515022e-02
-1.220997406903982091e-02,-1.220997406903982091e-02
2.288262280998099030e-03,2.288262280998099030e-03
3.181225806849907051e-02,3.181225806849907051e-02
1.968449735562763370e-02,1.968449735562763370e-02
8.641982443107397438e-03,8.641982443107397438e-03
1.445543899022888254e-02,1.445543899022888254e-02
2.009364312233811317e-03,2.009364312233811317e-03
1.943333733556936241e-02,1.943333733556936241e-02
-6.442163586408256037e-03,-6.442163586408256037e-03
1.586851398601270280e-02,1.586851398601270280e-02
1.735951184949363624e-02,1.735951184949363624e-02
1.617375801435638402e-02,1.617375801435638402e-02
2.151582440520189224e-02,2.151582440520189224e-02
1.520469266935781105e-02,1.520469266935781105e-02
2.697303238911025192e-02,2.697303238911025192e-02
6.776851364139451633e-03,6.776851364139451633e-03
1.513513195896451849e-02,1.513513195896451849e-02
9.662252254715054250e-03,9.662252254715054250e-03
1.114859484943421172e-02,1.114859484943421172e-02
8.304995589276636947e-03,8.304995589276636947e-03
-4.079091783135625759e-03,-4.079091783135625759e-03
-3.490388576824956374e-03,-3.490388576824956374e-03
9.043785102892935857e-03,9.043785102892935857e-03
7.471358105016506768e-03,7.471358105016506768e-03
1.637542158069740794e-02,1.637542158069740794e-02
-3.768612031506364535e-03,-3.768612031506364535e-03
1.306588603009428695e-02,1.306588603009428695e-02
2.975386237125679512e-02,2.975386237125679512e-02
1.747045554201964723e-03,1.747045554201964723e-03
-6.271700401782404066e-03,-6.271700401782404066e-03
7.606884245058113947e-03,7.606884245058113947e-03
3.415132772326288924e-02,3.415132772326288924e-02
1.370487187193847323e-03,1.370487187193847323e-03
2.898616773873795988e-02,2.898616773873795988e-02
1.445412821004650461e-02,1.445412821004650461e-02
1.152458007128525502e-02,1.152458007128525502e-02
5.891181552993569881e-03,5.891181552993569881e-03
2.289902341211995027e-02,2.289902341211995027e-02
-1.362502345424571742e-02,-1.362502345424571742e-02
3.007210493068804280e-02,3.007210493068804280e-02
3.615623725961772394e-02,3.615623725961772394e-02
-1.774172009058407398e-02,-1.774172009058407398e-02
-6.335173101541385909e-03,-6.335173101541385909e-03
8.256610322288915338e-03,8.256610322288915338e-03
3.461158717917200978e-02,3.461158717917200978e-02
1.296332008603954394e-02,1.296332008603954394e-02
6.168037144547347528e-03,6.168037144547347528e-03
2.302833548094954455e-02,2.302833548094954455e-02
1.646406039319492365e-02,1.646406039319492365e-02
4.662377380665695681e-03,4.662377380665695681e-03
-1.637819901556911151e-03,-1.637819901556911151e-03
1.933409280876981912e-03,1.933409280876981912e-03
2.055490364834088035e-02,2.055490364834088035e-02
1.820736680067526828e-02,1.820736680067526828e-02
5.178880922086147309e-03,5.178880922086147309e-03
3.316642022732387007e-03,3.316642022732387007e-03
6.417833656380590029e-03,6.417833656380590029e-03
1.852038673471103833e-02,1.852038673471103833e-02
5.473958960180561051e-03,5.473958960180561051e-03
-6.526173081069563953e-03,-6.526173081069563953e-03
-9.707380710814603186e-03,-9.707380710814603186e-03
3.551158031161773254e-03,3.551158031161773254e-03
1.332891005498217790e-02,1.332891005498217790e-02
2.614005425923719705e-02,2.614005425923719705e-02
-5.892947116658258516e-03,-5.892947116658258516e-03
1.606300725782189298e-02,1.606300725782189298e-02
2.169771466207713259e-02,2.169771466207713259e-02
-3.379381629857573094e-03,-3.379381629857573094e-03
1.903543225854972473e-02,1.903543225854972473e-02
1.659205915000588200e-02,1.659205915000588200e-02
4.895499302623070037e-03,4.895499302623070037e-03
2.438457570647430128e-02,2.438457570647430128e-02
4.141583522572413190e-03,4.141583522572413190e-03
1.105080505556670090e-02,1.105080505556670090e-02
9.191741586491209565e-03,9.191741586491209565e-03
1.323469975275035071e-02,1.323469975275035071e-02
5.195585024040445810e-03,5.195585024040445810e-03
1.829845805672619674e-02,1.829845805672619674e-02
2.928995055405766643e-02,2.928995055405766643e-02
1.151118689167990317e-02,1.151118689167990317e-02
6.436317030027317865e-03,6.436317030027317865e-03
1.974936876550743153e-02,1.974936876550743153e-02
-3.888545150743868972e-04,-3.888545150743868972e-04
7.754564594398626054e-03,7.754564594398626054e-03
1.508110501044672078e-02,1.508110501044672078e-02
-1.418579417748321719e-02,-1.418579417748321719e-02
1.272214245907560964e-02,1.272214245907560964e-02
4.908146220303021001e-03,4.908146220303021001e-03
2.826395593091152181e-02,2.826395593091152181e-02
1.321714569092830027e-02,1.321714569092830027e-02
1.384628525978005495e-02,1.384628525978005495e-02
2.239971395966665335e-02,2.239971395966665335e-02
2.652252863528537646e-02,2.652252863528537646e-02
9.959717341251783651e-03,9.959717341251783651e-03
2.686712181617574927e-02,2.686712181617574927e-02
1.383848556933424401e-02,1.383848556933424401e-02
2.072757964070739284e-02,2.072757964070739284e-02
-6.028779857203275111e-03,-6.028779857203275111e-03
4.618742415784603261e-03,4.618742415784603261e-03
1.340803755545835751e-03,1.340803755545835751e-03
8.043907069073458205e-03,8.043907069073458205e-03
1.099127458265254653e-02,1.099127458265254653e-02
-2.937129570336153433e-03,-2.937129570336153433e-03
5.560832377474556748e-03,5.560832377474556748e-03
1.354640847249467817e-02,1.354640847249467817e-02
1.116311230448352454e-02,1.116311230448352454e-02
1.563142478380076528e-02,1.563142478380076528e-02
-3.414731386844310768e-03,-3.414731386844310768e-03
1.122528451512453534e-02,1.122528451512453534e-02
1.983407585853076693e-02,1.983407585853076693e-02
-4.060460301799080629e-03,-4.060460301799080629e-03
1.509593790910089203e-02,1.509593790910089203e-02
-1.097372976363227004e-02,-1.097372976363227004e-02
-5.555532596884321661e-03,-5.555532596884321661e-03
1.905276718868863933e-02,1.905276718868863933e-02
2.248962888009829048e-02,2.248962888009829048e-02
4.346079335834390767e-03,4.346079335834390767e-03
1.018683259845956646e-02,1.018683259845956646e-02
1.273448208409016721e-02,1.273448208409016721e-02
7.057113093149915140e-03,7.057113093149915140e-03
8.620985272806594435e-03,8.620985272806594435e-03
-9.056122458731621916e-04,-9.056122458731621916e-04
1.298118890290800992e-02,1.298118890290800992e-02
1.918200683290210637e-02,1.918200683290210637e-02
2.271331337074727202e-03,2.271331337074727202e-03
2.160059811787466005e-02,2.160059811787466005e-02
-1.186009300406230468e-02,-1.186009300406230468e-02
1.439265377562253326e-02,1.439265377562253326e-02
1.603798629387551133e-02,1.603798629387551133e-02
4.704013631752324009e-03,4.704013631752324009e-03
-8.598676747180178381e-04,-8.598676747180178381e-04
5.329091072796415807e-03,5.329091072796415807e-03
3.074042425900626319e-03,3.074042425900626319e-03
3.126340362563039682e-02,3.126340362563039682e-02
4.508715457935883603e-03,4.508715457935883603e-03
1.704947190073400481e-02,1.704947190073400481e-02
1.003859646193417179e-02,1.003859646193417179e-02
1.615861092238998070e-02,1.615861092238998070e-02
1.557602865055014024e-02,1.557602865055014024e-02
1.594354654529194296e-02,1.594354654529194296e-02
5.545935496338850329e-03,5.545935496338850329e-03
8.032936602299534101e-03,8.032936602299534101e-03
-3.552319358195193955e-03,-3.552319358195193955e-03
9.833550742669880385e-03,9.833550742669880385e-03
8.349427394064440344e-05,8.349427394064440344e-05
1.251593314209195965e-02,1.251593314209195965e-02
8.135827456161429799e-03,8.135827456161429799e-03
-1.850118823523049655e-03,-1.850118823523049655e-03
1.789275619179311883e-03,1.789275619179311883e-03
1.809426221377391508e-03,1.809426221377391508e-03
1.689375253394984067e-02,1.689375253394984067e-02
1.980172386865595296e-02,1.980172386865595296e-02
1.068428254784451609e-02,1.068428254784451609e-02
2.704437171260051787e-02,2.704437171260051787e-02
2.167797602620165354e-02,2.167797602620165354e-02
1.939838081536947659e-02,1.939838081536947659e-02
-5.844022985376163409e-03,-5.844022985376163409e-03
1.834734548072000301e-02,1.834734548072000301e-02
2.416474873125460526e-02,2.416474873125460526e-02
2.931260814054610295e-02,2.931260814054610295e-02
1.728424854119214871e-02,1.728424854119214871e-02
1.440895169357796213e-03,1.440895169357796213e-03
7.607928786054162645e-03,7.607928786054162645e-03
5.096377720289577140e-03,5.096377720289577140e-03
1.257825368355871068e-02,1.257825368355871068e-02
2.239397888107820880e-02,2.239397888107820880e-02
2.246393922345792105e-02,2.246393922345792105e-02
3.838674181601750557e-02,3.838674181601750557e-02
2.044333969541982030e-02,2.044333969541982030e-02
-2.998924942405487015e-03,-2.998924942405487015e-03
5.863012098241832115e-03,5.863012098241832115e-03
2.081968880292345975e-02,2.081968880292345975e-02
5.810911048117629873e-03,5.810911048117629873e-03
2.311537782258359444e-02,2.311537782258359444e-02
3.872037456873686501e-03,3.872037456873686501e-03
3.718545090444183576e-03,3.718545090444183576e-03
2.281050496629756855e-02,2.281050496629756855e-02
-2.383027485167513171e-04,-2.383027485167513171e-04
-3.873693780903086220e-03,-3.873693780903086220e-03
3.056176929192273503e-02,3.056176929192273503e-02
1.641755465979296766e-02,1.641755465979296766e-02
8.649762303656174933e-03,8.649762303656174933e-03
-8.903149375576679958e-03,-8.903149375576679958e-03
2.707538184149165666e-02,2.707538184149165666e-02
2.058570560367646921e-02,2.058570560367646921e-02
1.044922147899718379e-02,1.044922147899718379e-02
1.684388871448207897e-02,1.684388871448207897e-02
1.964436377685614687e-02,1.964436377685614687e-02
1.324214032964983467e-02,1.324214032964983467e-02
1.664060984592657944e-02,1.664060984592657944e-02
1.045739848539721517e-03,1.045739848539721517e-03
2.448029637485950316e-02,2.448029637485950316e-02
4.779814093790006602e-02,4.779814093790006602e-02
6.000300452972527621e-03,6.000300452972527621e-03
7.129449500295134690e-04,7.129449500295134690e-04
1.001090318079532471e-02,1.001090318079532471e-02
9.289744378975992034e-04,9.289744378975992034e-04
8.801927343350043897e-03,8.801927343350043897e-03
3.338607093632454947e-02,3.338607093632454947e-02
2.389532299091791726e-02,2.389532299091791726e-02
1.260638220310057733e-02,1.260638220310057733e-02
1.973403258261617263e-02,1.973403258261617263e-02
1.173462631408492274e-02,1.173462631408492274e-02
1.057619973776110361e-02,1.057619973776110361e-02
1.563632722937128780e-02,1.563632722937128780e-02
1.060176348694026605e-02,1.060176348694026605e-02
1.723950648779905281e-02,1.723950648779905281e-02
1.809146700004941183e-02,1.809146700004941183e-02
1.457096951314974798e-02,1.457096951314974798e-02
-2.528030174286835519e-03,-2.528030174286835519e-03
2.402937757953407805e-02,2.402937757953407805e-02
1.415387138060634001e-02,1.415387138060634001e-02
2.556646588282848048e-02,2.556646588282848048e-02
7.068758013913600813e-03,7.068758013913600813e-03
6.953058321376156398e-03,6.953058321376156398e-03
3.158286150759428978e-03,3.158286150759428978e-03
1.616479204207911177e-02,1.616479204207911177e-02
5.353298081275589815e-04,5.353298081275589815e-04
1.623641272231586899e-02,1.623641272231586899e-02
9.820736609671927575e-03,9.820736609671927575e-03
2.437048382911344291e-02,2.437048382911344291e-02
6.450832262005538886e-03,6.450832262005538886e-03
1.466139045927932621e-02,1.466139045927932621e-02
2.006980252030397122e-02,2.006980252030397122e-02
1.206718893956263902e-02,1.206718893956263902e-02
2.225461879460988515e-02,2.225461879460988515e-02
3.855418277925853204e-02,3.855418277925853204e-02
9.042362770759794499e-03,9.042362770759794499e-03
2.106680341171490028e-02,2.106680341171490028e-02
7.883233421070723335e-04,7.883233421070723335e-04
2.065483871601819788e-02,2.065483871601819788e-02
2.605600351107143636e-02,2.605600351107143636e-02
2.663113556224668693e-03,2.663113556224668693e-03
3.132846941016926429e-02,3.132846941016926429e-02
1.902091032629452463e-02,1.902091032629452463e-02
3.094552185069739114e-02,3.094552185069739114e-02
2.587509295285340960e-02,2.587509295285340960e-02
1.555638222738494822e-02,1.555638222738494822e-02
-4.836596921155081330e-03,-4.836596921155081330e-03
1.601323529184234609e-02,1.601323529184234609e-02
1.670213382312475681e-02,1.670213382312475681e-02
9.065511875868133285e-03,9.065511875868133285e-03
5.375760685882462198e-03,5.375760685882462198e-03
5.258322718891688535e-03,5.258322718891688535e-03
2.155520478831153552e-02,2.155520478831153552e-02
-1.042478347688563511e-02,-1.042478347688563511e-02
1.581504607341433985e-02,1.581504607341433985e-02
1.767184095070435321e-02,1.767184095070435321e-02
1.256938486624575857e-02,1.256938486624575857e-02
1.961414304721503798e-02,1.961414304721503798e-02
9.919630752082218145e-03,9.919630752082218145e-03
1.812197769647687709e-02,1.812197769647687709e-02
1.801215055510140342e-02,1.801215055510140342e-02
6.429039101818287416e-03,6.429039101818287416e-03
2.658646705433191648e-02,2.658646705433191648e-02
7.400967050582442364e-03,7.400967050582442364e-03
2.299140377141274671e-02,2.299140377141274671e-02
1.028177526151555568e-02,1.028177526151555568e-02
9.162552262513511819e-03,9.162552262513511819e-03
3.129830481549737697e-02,3.129830481549737697e-02
2.221800708419003484e-03,2.221800708419003484e-03
1.974497517193857937e-02,1.974497517193857937e-02
-1.569760636299603537e-02,-1.569760636299603537e-02
8.299246104511333322e-03,8.299246104511333322e-03
2.910954729272412569e-02,2.910954729272412569e-02
2.499541815054454746e-02,2.499541815054454746e-02
1.046971474844837074e-02,1.046971474844837074e-02
2.671596350675918205e-02,2.671596350675918205e-02
1.673156150406898690e-02,1.673156150406898690e-02
1.680252091794831246e-02,1.680252091794831246e-02
7.363547140694461091e-03,7.363547140694461091e-03
9.603439478094111248e-03,9.603439478094111248e-03
1.631743105043922948e-02,1.631743105043922948e-02
7.848902908576267656e-03,7.848902908576267656e-03
-1.105963227232359403e-03,-1.105963227232359403e-03
1.810541030337379370e-02,1.810541030337379370e-02
1.696679806990859102e-02,1.696679806990859102e-02
2.408172771167578843e-02,2.408172771167578843e-02
2.495751154171686748e-03,2.495751154171686748e-03
-2.999372651337765122e-03,-2.999372651337765122e-03
-1.995501567386759323e-03,-1.995501567386759323e-03
1.109910117089256756e-02,1.109910117089256756e-02
2.569493500214082779e-02,2.569493500214082779e-02
2.233863511063801516e-02,2.233863511063801516e-02
2.377835504075927892e-02,2.377835504075927892e-02
3.050895611412033498e-03,3.050895611412033498e-03
1.131377777566709708e-02,1.131377777566709708e-02
3.062638972050008707e-02,3.062638972050008707e-02
1.790408594223722935e-02,1.790408594223722935e-02
1.907422936721687307e-02,1.907422936721687307e-02
-2.818657658826551060e-04,-2.818657658826551060e-04
2.047707101402617899e-02,2.047707101402617899e-02
4.501276606720984452e-03,4.501276606720984452e-03
8.827038509417798468e-03,8.827038509417798468e-03
1.395557688367788859e-02,1.395557688367788859e-02
3.210213085728849669e-02,3.210213085728849669e-02
4.377520774011406379e-04,4.377520774011406379e-04
1.343651154618708682e-02,1.343651154618708682e-02
1.090105895293131191e-02,1.090105895293131191e-02
2.345312878186081931e-02,2.345312878186081931e-02
9.118993452673501698e-03,9.118993452673501698e-03
3.009379907806192939e-02,3.009379907806192939e-02
9.374203386160868262e-03,9.374203386160868262e-03
3.810461240846104575e-03,3.810461240846104575e-03
1.471960432675485479e-02,1.471960432675485479e-02
1.039863685659266762e-02,1.039863685659266762e-02
-5.688560425818358496e-03,-5.688560425818358496e-03
1.238369162005515528e-02,1.238369162005515528e-02
7.132310032705199004e-03,7.132310032705199004e-03
1.516156276597031144e-02,1.516156276597031144e-02
1.298834179522131288e-02,1.298834179522131288e-02
4.473795249784986994e-03,4.473795249784986994e-03
1.328386840839121050e-02,1.328386840839121050e-02
-7.383257067379911387e-03,-7.383257067379911387e-03
1.140008418870250978e-02,1.140008418870250978e-02
9.697929835277525196e-03,9.697929835277525196e-03
1.702296466305150413e-02,1.702296466305150413e-02
4.869140762377918707e-04,4.869140762377918707e-04
6.811220403261646072e-03,6.811220403261646072e-03
2.993757322597163928e-03,2.993757322597163928e-03
1.358707763884213146e-02,1.358707763884213146e-02
2.778537374190495624e-03,2.778537374190495624e-03
1.531113887437278789e-02,1.531113887437278789e-02
7.016784945926064776e-03,7.016784945926064776e-03
1.741619396424336219e-02,1.741619396424336219e-02
1.031516450308241073e-02,1.031516450308241073e-02
1.735789158748521008e-02,1.735789158748521008e-02
8.560745146705291825e-03,8.560745146705291825e-03
4.759621805365760183e-02,4.759621805365760183e-02
1.375425088383204833e-02,1.375425088383204833e-02
2.802429005562485573e-02,2.802429005562485573e-02
1.203669587524125797e-02,1.203669587524125797e-02
1.727829952191608717e-02,1.727829952191608717e-02
-2.046158612512862657e-03,-2.046158612512862657e-03
1.175976505205210063e-02,1.175976505205210063e-02
3.432955989919544981e-02,3.432955989919544981e-02
-6.920970007818064151e-03,-6.920970007818064151e-03
2.066350224879474548e-02,2.066350224879474548e-02
2.109310905363773192e-03,2.109310905363773192e-03
-1.455962902495604172e-03,-1.455962902495604172e-03
2.087646631255962379e-02,2.087646631255962379e-02
1.969017422167406925e-02,1.969017422167406925e-02
1.387286967306071428e-02,1.387286967306071428e-02
-2.878383135288247602e-03,-2.878383135288247602e-03
1.819840194770570851e-02,1.819840194770570851e-02
3.160245453795521020e-03,3.160245453795521020e-03
2.245170678517820206e-02,2.245170678517820206e-02
1.054129062513254472e-02,1.054129062513254472e-02
6.217051140827028338e-03,6.217051140827028338e-03
2.387193476350045473e-03,2.387193476350045473e-03
1.816233963595868806e-02,1.816233963595868806e-02
1.713215398334744927e-02,1.713215398334744927e-02
1.438925088802119751e-02,1.438925088802119751e-02
2.315417471171149488e-02,2.315417471171149488e-02
2.000057709445630591e-02,2.000057709445630591e-02
1.704496919986588435e-02,1.704496919986588435e-02
2.128485292919400640e-02,2.128485292919400640e-02
1.876833366949028775e-02,1.876833366949028775e-02
1.883807358146979277e-02,1.883807358146979277e-02
-4.340292528791575566e-03,-4.340292528791575566e-03
-8.024700583247230956e-04,-8.024700583247230956e-04
6.558286779158782609e-03,6.558286779158782609e-03
3.806987889105394041e-02,3.806987889105394041e-02
1.785081866258305533e-02,1.785081866258305533e-02
-3.295503394737150926e-03,-3.295503394737150926e-03
1.313782299474089074e-02,1.313782299474089074e-02
1.521868042462724835e-02,1.521868042462724835e-02
4.293995774667384163e-03,4.293995774667384163e-03
1.464030145444594755e-02,1.464030145444594755e-02
6.307768178213900290e-03,6.307768178213900290e-03
1.835137191524786188e-02,1.835137191524786188e-02
2.142757028108737555e-02,2.142757028108737555e-02
1.333605134610466383e-02,1.333605134610466383e-02
-3.131161920961328393e-03,-3.131161920961328393e-03
5.793726544483061847e-03,5.793726544483061847e-03
1.223028695782172465e-02,1.223028695782172465e-02
8.845401542706021747e-03,8.845401542706021747e-03
-7.246796261522955862e-03,-7.246796261522955862e-03
2.530289952733081812e-02,2.530289952733081812e-02
1.728288681734403004e-02,1.728288681734403004e-02
1.580809760132108333e-02,1.580809760132108333e-02
3.558844944681623101e-03,3.558844944681623101e-03
-4.867570263818895432e-03,-4.867570263818895432e-03
3.304015284385435763e-03,3.304015284385435763e-03
1.146084197907174321e-02,1.146084197907174321e-02
1.652241616509211170e-02,1.652241616509211170e-02
8.755433861859326927e-03,8.755433861859326927e-03
1.428061437179877283e-02,1.428061437179877283e-02
1.651765804611910610e-02,1.651765804611910610e-02
4.269559434908837270e-03,4.269559434908837270e-03
2.634707099729259594e-03,2.634707099729259594e-03
2.076656822611222183e-02,2.076656822611222183e-02
-1.533667902622531595e-02,-1.533667902622531595e-02
2.705341075398299752e-02,2.705341075398299752e-02
2.373008037138886472e-02,2.373008037138886472e-02
1.038910017138754832e-02,1.038910017138754832e-02
2.116559959999816248e-02,2.116559959999816248e-02
9.034403567964657822e-04,9.034403567964657822e-04
6.013079045954695945e-03,6.013079045954695945e-03
1.993187444428920485e-02,1.993187444428920485e-02
8.394317406884895666e-03,8.394317406884895666e-03
3.212273265680975348e-03,3.212273265680975348e-03
1.991789336174856415e-02,1.991789336174856415e-02
1.165264606472297959e-02,1.165264606472297959e-02
-9.283379267329978923e-03,-9.283379267329978923e-03
1.487614275442202677e-02,1.487614275442202677e-02
1.566665580822054066e-02,1.566665580822054066e-02
2.622316381162163521e-02,2.622316381162163521e-02
1.578416830338769464e-02,1.578416830338769464e-02
-1.662385674259340279e-02,-1.662385674259340279e-02
2.347882506904931665e-02,2.347882506904931665e-02
1.683640628624372484e-02,1.683640628624372484e-02
3.255987008567731711e-02,3.255987008567731711e-02
2.902843145767703553e-02,2.902843145767703553e-02
1.628259791258949984e-02,1.628259791258949984e-02
2.629380305395588938e-02,2.629380305395588938e-02
2.364404564795078920e-02,2.364404564795078920e-02
9.379305571279326903e-03,9.379305571279326903e-03
1.805311047351378789e-02,1.805311047351378789e-02
7.604146295903814468e-03,7.604146295903814468e-03
1.774109094036801712e-02,1.774109094036801712e-02
4.789308464187659597e-03,4.789308464187659597e-03
1.859703602018021595e-02,1.859703602018021595e-02
2.753744791114556140e-02,2.753744791114556140e-02
1.077036265660777023e-02,1.077036265660777023e-02
5.730852240991988339e-03,5.730852240991988339e-03
2.172182847450407350e-02,2.172182847450407350e-02
-2.154355843409889310e-02,-2.154355843409889310e-02
3.256737693454526961e-02,3.256737693454526961e-02
3.165410356946452008e-05,3.165410356946452008e-05
8.352529812426880140e-03,8.352529812426880140e-03
1.390648173542153448e-02,1.390648173542153448e-02
2.386660598332684263e-02,2.386660598332684263e-02
4.400167795856529951e-03,4.400167795856529951e-03
1.181037867490721677e-02,1.181037867490721677e-02
2.963325588384370726e-02,2.963325588384370726e-02
1.767953643699273630e-02,1.767953643699273630e-02
1.302593570334388551e-03,1.302593570334388551e-03
5.503607841853205840e-03,5.503607841853205840e-03
3.947814176071297310e-03,3.947814176071297310e-03
2.453221503858373995e-02,2.453221503858373995e-02
9.599734921283461370e-03,9.599734921283461370e-03
2.011709747035790238e-02,2.011709747035790238e-02
2.078406101169199410e-03,2.078406101169199410e-03
-1.914654956040540146e-02,-1.914654956040540146e-02
1.720450730742571072e-02,1.720450730742571072e-02
-2.193257546418372894e-03,-2.193257546418372894e-03
3.297846479062253866e-02,3.297846479062253866e-02
-1.941458862412398512e-04,-1.941458862412398512e-04
4.348597184859068210e-03,4.348597184859068210e-03
1.354641522381628757e-02,1.354641522381628757e-02
7.501607167574968205e-03,7.501607167574968205e-03
1.522257785954557463e-02,1.522257785954557463e-02
1.423756528772711361e-03,1.423756528772711361e-03
-5.714000017947810234e-03,-5.714000017947810234e-03
1.269423690102097074e-02,1.269423690102097074e-02
1.417834425572000318e-02,1.417834425572000318e-02
2.621563634273683593e-02,2.621563634273683593e-02
2.576890959090799571e-02,2.576890959090799571e-02
1.088775621772504476e-02,1.088775621772504476e-02
2.263606014626893398e-02,2.263606014626893398e-02
-6.894443268169413858e-03,-6.894443268169413858e-03
1.286375805415718165e-02,1.286375805415718165e-02
3.013989450152500249e-03,3.013989450152500249e-03
1.588177576155268972e-02,1.588177576155268972e-02
1.773615766127176196e-02,1.773615766127176196e-02
-8.775529296571243920e-03,-8.775529296571243920e-03
-1.068004865590093527e-03,-1.068004865590093527e-03
3.974681701108595533e-03,3.974681701108595533e-03
2.568590074556439951e-02,2.568590074556439951e-02
2.424904738615465266e-02,2.424904738615465266e-02
-1.121069276012214705e-02,-1.121069276012214705e-02
3.227095609338393595e-02,3.227095609338393595e-02
1.721996838445958439e-02,1.721996838445958439e-02
2.374420234830869683e-02,2.374420234830869683e-02
1.390879429161925862e-02,1.390879429161925862e-02
1.223836322081870570e-03,1.223836322081870570e-03
3.022448728983252730e-03,3.022448728983252730e-03
9.751530998251843607e-03,9.751530998251843607e-03
7.247538805646713822e-03,7.247538805646713822e-03
6.680795424978035191e-03,6.680795424978035191e-03
3.120001778123272784e-02,3.120001778123272784e-02
1.040513188840930248e-02,1.040513188840930248e-02
-5.545783452547081716e-03,-5.545783452547081716e-03
4.685677171001656482e-03,4.685677171001656482e-03
4.568009683924879882e-03,4.568009683924879882e-03
1.526969433169997684e-02,1.526969433169997684e-02
-4.703802178863663447e-03,-4.703802178863663447e-03
1.828403874292009595e-02,1.828403874292009595e-02
9.764610192546544637e-03,9.764610192546544637e-03
-2.234495191717280477e-03,-2.234495191717280477e-03
1.828025857922016897e-02,1.828025857922016897e-02
1.632740093874328335e-02,1.632740093874328335e-02
4.225984320022690977e-03,4.225984320022690977e-03
2.971927900313804313e-02,2.971927900313804313e-02
2.203434079875451340e-02,2.203434079875451340e-02
1.294845241434382233e-03,1.294845241434382233e-03
2.254256587949496349e-02,2.254256587949496349e-02
4.050856979594023854e-02,4.050856979594023854e-02
1.223945058714003692e-02,1.223945058714003692e-02
4.515188052660219775e-03,4.515188052660219775e-03
-4.147108331222192079e-04,-4.147108331222192079e-04
3.214853165256555817e-02,3.214853165256555817e-02
-6.119703847987822964e-03,-6.119703847987822964e-03
9.266734180022856426e-03,9.266734180022856426e-03
1.048983874724802173e-02,1.048983874724802173e-02
9.390294608607119980e-03,9.390294608607119980e-03
-4.631891591370774358e-03,-4.631891591370774358e-03
2.158895058112270463e-02,2.158895058112270463e-02
2.019829584134634481e-02,2.019829584134634481e-02
2.510765288167956383e-03,2.510765288167956383e-03
2.245781470202807759e-02,2.245781470202807759e-02
1.437451702828500266e-02,1.437451702828500266e-02
1.453026877025742972e-02,1.453026877025742972e-02
1.683191476761541211e-02,1.683191476761541211e-02
-1.159048324015021780e-02,-1.159048324015021780e-02
1.097996410473063567e-02,1.097996410473063567e-02
2.289676824643899211e-02,2.289676824643899211e-02
-3.385626149814184582e-03,-3.385626149814184582e-03
2.181051854912578053e-02,2.181051854912578053e-02
1.938996427882654083e-02,1.938996427882654083e-02
-2.397228651191439519e-02,-2.397228651191439519e-02
2.314064476743149523e-03,2.314064476743149523e-03
7.327132491701627420e-03,7.327132491701627420e-03
3.720315067009299231e-02,3.720315067009299231e-02
4.928197081548353620e-03,4.928197081548353620e-03
1.145270279596648580e-02,1.145270279596648580e-02
1.336879847699167650e-02,1.336879847699167650e-02
7.015489088486218106e-03,7.015489088486218106e-03
3.437048320462253448e-02,3.437048320462253448e-02
1.695738800621581985e-02,1.695738800621581985e-02
7.710315466211870028e-03,7.710315466211870028e-03
9.980751183519449149e-03,9.980751183519449149e-03
1.178901009222790494e-02,1.178901009222790494e-02
1.835551196196755913e-02,1.835551196196755913e-02
1.342426046187759209e-02,1.342426046187759209e-02
8.944388746607401935e-03,8.944388746607401935e-03
1.778875162539872781e-02,1.778875162539872781e-02
1.882733717877532742e-03,1.882733717877532742e-03
3.727450453668968572e-02,3.727450453668968572e-02
1.324829239053176844e-02,1.324829239053176844e-02
1.044231411471174820e-02,1.044231411471174820e-02
1.867352796157647349e-02,1.867352796157647349e-02
1.593975518754293941e-02,1.593975518754293941e-02
1.471798523770120534e-02,1.471798523770120534e-02
3.007235018830316242e-03,3.007235018830316242e-03
1.686473834626614834e-02,1.686473834626614834e-02
2.445071019274561164e-03,2.445071019274561164e-03
1.880408743045335757e-02,1.880408743045335757e-02
1.448996977926169522e-02,1.448996977926169522e-02
2.869384265429481690e-02,2.869384265429481690e-02
1.668769987661596066e-02,1.668769987661596066e-02
2.173201102308632698e-02,2.173201102308632698e-02
1.770421253574694376e-02,1.770421253574694376e-02
1.014759915494858888e-02,1.014759915494858888e-02
-9.323823688201733628e-03,-9.323823688201733628e-03
3.197515719725013694e-02,3.197515719725013694e-02
2.594698821527263027e-02,2.594698821527263027e-02
-2.449870476669877006e-03,-2.449870476669877006e-03
4.145419965507358973e-03,4.145419965507358973e-03
2.097999979723722680e-02,2.097999979723722680e-02
8.098343020762434341e-03,8.098343020762434341e-03
2.328953005258205256e-02,2.328953005258205256e-02
-9.884310714972067979e-03,-9.884310714972067979e-03
8.412117174344098391e-03,8.412117174344098391e-03
2.462229339740551470e-04,2.462229339740551470e-04
-1.636615937214355720e-04,-1.636615937214355720e-04
3.027605700824158308e-03,3.027605700824158308e-03
8.092521698533274715e-03,8.092521698533274715e-03
2.344028755838563349e-02,2.344028755838563349e-02
1.647023708323216290e-02,1.647023708323216290e-02
2.266173123169652748e-02,2.266173123169652748e-02
-8.348981235405984747e-03,-8.348981235405984747e-03
2.403651467184018606e-02,2.403651467184018606e-02
3.336685225000651789e-02,3.336685225000651789e-02
-2.570911347305852857e-03,-2.570911347305852857e-03
1.283195637003866837e-02,1.283195637003866837e-02
5.466044071027020834e-03,5.466044071027020834e-03
2.363817967393951058e-02,2.363817967393951058e-02
3.377442693985718836e-02,3.377442693985718836e-02
1.402722725296812190e-02,1.402722725296812190e-02
-6.603877504287668232e-03,-6.603877504287668232e-03
1.851231685107957575e-02,1.851231685107957575e-02
1.432387698733804393e-02,1.432387698733804393e-02
1.971707057283902942e-03,1.971707057283902942e-03
-3.546939005647051224e-03,-3.546939005647051224e-03
1.590086094813992351e-02,1.590086094813992351e-02
4.114275103306433423e-03,4.114275103306433423e-03
1.782844390583462196e-02,1.782844390583462196e-02
8.987110255120847602e-03,8.987110255120847602e-03
2.420541606666306439e-02,2.420541606666306439e-02
-4.977374989745250722e-03,-4.977374989745250722e-03
2.273699388563726886e-03,2.273699388563726886e-03
1.658496923244781943e-02,1.658496923244781943e-02
1.933509813910822689e-02,1.933509813910822689e-02
1.085486630330023336e-02,1.085486630330023336e-02
1.380814669034098607e-02,1.380814669034098607e-02
-3.454873614638559465e-03,-3.454873614638559465e-03
2.193698742133053103e-02,2.193698742133053103e-02
-2.956312512101912093e-03,-2.956312512101912093e-03
1.706867486277555482e-02,1.706867486277555482e-02
1.502607112170081805e-02,1.502607112170081805e-02
1.078051333235878831e-02,1.078051333235878831e-02
-8.594603474179465796e-03,-8.594603474179465796e-03
8.923457674727873490e-03,8.923457674727873490e-03
1.433144046580411488e-02,1.433144046580411488e-02
3.265186807486636367e-04,3.265186807486636367e-04
-8.514468815162622162e-03,-8.514468815162622162e-03
5.947418789598306332e-03,5.947418789598306332e-03
2.521043104875574092e-02,2.521043104875574092e-02
1.083231143776200445e-02,1.083231143776200445e-02
1.547989058386797789e-02,1.547989058386797789e-02
1.621715420580557843e-02,1.621715420580557843e-02
1.397703955629772676e-02,1.397703955629772676e-02
1.230984433045645421e-02,1.230984433045645421e-02
6.153942516112197170e-03,6.153942516112197170e-03
2.977205174565432377e-02,2.977205174565432377e-02
-3.702581580528191418e-03,-3.702581580528191418e-03
1.155122531973635722e-02,1.155122531973635722e-02
5.663409760966846285e-03,5.663409760966846285e-03
2.288643398705236809e-02,2.288643398705236809e-02
8.628090403888476201e-03,8.628090403888476201e-03
1.759429194193168344e-02,1.759429194193168344e-02
1.823356631231016350e-02,1.823356631231016350e-02
2.654600606801563525e-02,2.654600606801563525e-02
2.471604372806247146e-02,2.471604372806247146e-02
2.187147920098839182e-02,2.187147920098839182e-02
-9.816839916332174149e-03,-9.816839916332174149e-03
4.518694167129589517e-02,4.518694167129589517e-02
3.448015815929923733e-02,3.448015815929923733e-02
2.432791584865809376e-02,2.432791584865809376e-02
-1.239295566286734152e-02,-1.239295566286734152e-02
-1.129743225617972982e-02,-1.129743225617972982e-02
2.081415767779606560e-02,2.081415767779606560e-02
1.539095044059152553e-02,1.539095044059152553e-02
2.599897087910013269e-02,2.599897087910013269e-02
1.551951028817956033e-02,1.551951028817956033e-02
3.708445919255370926e-03,3.708445919255370926e-03
2.839367966893495757e-02,2.839367966893495757e-02
1.699016200630866155e-02,1.699016200630866155e-02
2.060165042182246498e-03,2.060165042182246498e-03
2.252655608569624490e-02,2.252655608569624490e-02
8.988596950944442721e-03,8.988596950944442721e-03
2.512431170700845165e-02,2.512431170700845165e-02
1.448964999681073840e-02,1.448964999681073840e-02
4.401210838204633324e-03,4.401210838204633324e-03
-6.502483542268441830e-03,-6.502483542268441830e-03
2.137560411733272631e-02,2.137560411733272631e-02
1.635029660014163111e-02,1.635029660014163111e-02
1.891812017134541363e-02,1.891812017134541363e-02
1.198460748038014320e-02,1.198460748038014320e-02
2.474280371995528707e-02,2.474280371995528707e-02
1.205398446929622364e-02,1.205398446929622364e-02
-3.453729284344689288e-03,-3.453729284344689288e-03
-1.099231363526185362e-02,-1.099231363526185362e-02
9.924907607824183520e-04,9.924907607824183520e-04
-7.864815730623773982e-04,-7.864815730623773982e-04
1.302149662869130781e-02,1.302149662869130781e-02
-3.821365125325701384e-04,-3.821365125325701384e-04
5.091583192191800888e-03,5.091583192191800888e-03
3.695953291074451086e-03,3.695953291074451086e-03
2.015427758398508074e-02,2.015427758398508074e-02
2.012068761100213946e-02,2.012068761100213946e-02
1.333606936196742032e-02,1.333606936196742032e-02
3.583992264488811835e-02,3.583992264488811835e-02
-1.292468111655487722e-02,-1.292468111655487722e-02
1.574299650472577028e-02,1.574299650472577028e-02
9.895917622393699681e-03,9.895917622393699681e-03
2.005516683954031154e-02,2.005516683954031154e-02
1.984881199484163708e-02,1.984881199484163708e-02
-1.214991203866838676e-04,-1.214991203866838676e-04
2.442410790538328963e-02,2.442410790538328963e-02
1.027053958520502547e-02,1.027053958520502547e-02
1.878636555612364298e-02,1.878636555612364298e-02
1.650459852970594110e-02,1.650459852970594110e-02
-4.842029871440913652e-03,-4.842029871440913652e-03
1.334898908373947229e-02,1.334898908373947229e-02
2.948752759423385952e-02,2.948752759423385952e-02
4.457852913105472825e-02,4.457852913105472825e-02
-6.340257293924390219e-03,-6.340257293924390219e-03
6.162523979698127791e-03,6.162523979698127791e-03
1.307658992135544290e-02,1.307658992135544290e-02
1.554474633803168415e-02,1.554474633803168415e-02
1.329867815907243705e-02,1.329867815907243705e-02
1.943675535986297970e-02,1.943675535986297970e-02
7.272410498373516052e-03,7.272410498373516052e-03
2.907966175419700317e-02,2.907966175419700317e-02
1.975261803267470279e-02,1.975261803267470279e-02
1.783548761887715148e-02,1.783548761887715148e-02
1.242703002158359465e-02,1.242703002158359465e-02
9.919825363235275362e-03,9.919825363235275362e-03
6.286466947618779555e-03,6.286466947618779555e-03
2.126185522579728676e-02,2.126185522579728676e-02
1.913838008149804787e-02,1.913838008149804787e-02
1.384261654731003266e-02,1.384261654731003266e-02
2.304086706497359555e-02,2.304086706497359555e-02
1.100035493661942476e-02,1.100035493661942476e-02
1.654992363171972278e-02,1.654992363171972278e-02
2.189199071708906527e-02,2.189199071708906527e-02
6.156910304019623525e-03,6.156910304019623525e-03
7.542839662035012716e-03,7.542839662035012716e-03
1.282912888254491429e-02,1.282912888254491429e-02
1.077627107309075960e-03,1.077627107309075960e-03
7.146953275725446975e-03,7.146953275725446975e-03
1.169766974097008472e-02,1.169766974097008472e-02
6.774851840656317264e-03,6.774851840656317264e-03
2.022440557080717322e-02,2.022440557080717322e-02
2.623495744789210507e-02,2.623495744789210507e-02
1.705586265825682901e-03,1.705586265825682901e-03
-2.538563610042815499e-03,-2.538563610042815499e-03
1.130809518152132639e-02,1.130809518152132639e-02
1.935286830482048359e-02,1.935286830482048359e-02
2.061830068729898768e-02,2.061830068729898768e-02
9.894532827265069969e-03,9.894532827265069969e-03
6.443241106171497534e-03,6.443241106171497534e-03
4.707852786210255103e-03,4.707852786210255103e-03
1.471827618275793614e-02,1.471827618275793614e-02
1.046383213995268069e-02,1.046383213995268069e-02
2.775963230151154773e-02,2.775963230151154773e-02
2.794264586667036601e-02,2.794264586667036601e-02
1.190604980507089378e-02,1.190604980507089378e-02
2.256015472924247089e-02,2.256015472924247089e-02
5.218569421667665353e-03,5.218569421667665353e-03
1.569356632875474472e-02,1.569356632875474472e-02
-5.916637963155328694e-03,-5.916637963155328694e-03
1.811080060382599249e-02,1.811080060382599249e-02
1.407626537054357946e-02,1.407626537054357946e-02
1.672333093248268635e-02,1.672333093248268635e-02
8.858880676339657423e-03,8.858880676339657423e-03
8.393422169404449878e-03,8.393422169404449878e-03
1.304766099338432184e-02,1.304766099338432184e-02
6.528775991823960317e-03,6.528775991823960317e-03
9.653242992247561272e-03,9.653242992247561272e-03
3.034972263930714453e-03,3.034972263930714453e-03
3.139566867863412963e-03,3.139566867863412963e-03
-1.424519947210291584e-02,-1.424519947210291584e-02
2.491220262041023148e-03,2.491220262041023148e-03
1.461167883624274466e-02,1.461167883624274466e-02
2.492377038434374220e-03,2.492377038434374220e-03
1.522957961290456741e-02,1.522957961290456741e-02
7.580927936324394212e-03,7.580927936324394212e-03
-9.008491321182421352e-03,-9.008491321182421352e-03
2.606195555531660990e-02,2.606195555531660990e-02
1.076418673745975149e-02,1.076418673745975149e-02
-1.223290212208372196e-02,-1.223290212208372196e-02
2.923149656405346630e-03,2.923149656405346630e-03
2.372640413419311450e-02,2.372640413419311450e-02
1.487769076011240948e-02,1.487769076011240948e-02
9.851187735349133112e-03,9.851187735349133112e-03
1.830990108107448042e-02,1.830990108107448042e-02
1.112514595659697125e-03,1.112514595659697125e-03
1.261866546290247096e-02,1.261866546290247096e-02
3.557227038859137741e-03,3.557227038859137741e-03
1.472839324622914406e-02,1.472839324622914406e-02
1.370130952612634567e-02,1.370130952612634567e-02
7.849532415519031719e-03,7.849532415519031719e-03
2.465702048802441773e-02,2.465702048802441773e-02
1.096585157164656904e-02,1.096585157164656904e-02
2.372689842660209020e-02,2.372689842660209020e-02
3.227087656276984851e-02,3.227087656276984851e-02
4.168359616071936474e-03,4.168359616071936474e-03
1.842833322225269355e-02,1.842833322225269355e-02
6.498803831287629923e-03,6.498803831287629923e-03
1.228061937175398480e-02,1.228061937175398480e-02
1.033447107352833405e-02,1.033447107352833405e-02
1.041391681081747095e-02,1.041391681081747095e-02
5.777601457758949066e-04,5.777601457758949066e-04
3.747933625305004124e-04,3.747933625305004124e-04
2.088010491960822987e-02,2.088010491960822987e-02
1.534028816558834218e-03,1.534028816558834218e-03
2.792708873500603442e-02,2.792708873500603442e-02
1.910525224127546107e-03,1.910525224127546107e-03
1.077940753510318178e-02,1.077940753510318178e-02
1.367064752950989531e-02,1.367064752950989531e-02
-4.262330714801036008e-03,-4.262330714801036008e-03
1.268843012279884802e-02,1.268843012279884802e-02
2.315631068054825950e-02,2.315631068054825950e-02
2.437646633009226890e-02,2.437646633009226890e-02
2.117708527094609022e-02,2.117708527094609022e-02
5.200940909193679795e-04,5.200940909193679795e-04
1.126015791454088727e-02,1.126015791454088727e-02
1.256632041673984290e-02,1.256632041673984290e-02
6.877254959733583584e-03,6.877254959733583584e-03
7.887332473698029089e-03,7.887332473698029089e-03
1.725277014533568160e-02,1.725277014533568160e-02
2.334875609109358929e-02,2.334875609109358929e-02
3.828471437522240617e-04,3.828471437522240617e-04
1.595236788723974897e-03,1.595236788723974897e-03
1.090356299188828537e-02,1.090356299188828537e-02
2.312552578593068953e-02,2.312552578593068953e-02
2.875860744935981872e-04,2.875860744935981872e-04
1.384389614819887121e-02,1.384389614819887121e-02
1.221961877964464205e-02,1.221961877964464205e-02
3.422793332082327278e-03,3.422793332082327278e-03
2.319490421279521430e-02,2.319490421279521430e-02
5.437945125133535063e-03,5.437945125133535063e-03
3.204833990333245952e-02,3.204833990333245952e-02
8.579866022470905573e-04,8.579866022470905573e-04
2.178024699790653829e-02,2.178024699790653829e-02
2.827627832980166706e-03,2.827627832980166706e-03
-4.269749388059393413e-04,-4.269749388059393413e-04
9.002771240410933906e-03,9.002771240410933906e-03
-5.573553736481870469e-03,-5.573553736481870469e-03
2.018844583567615605e-02,2.018844583567615605e-02
-2.013323031762860593e-03,-2.013323031762860593e-03
2.868177725805127337e-02,2.868177725805127337e-02
-8.143843177748008588e-03,-8.143843177748008588e-03
1.340630729157831283e-02,1.340630729157831283e-02
-9.068863068594671534e-03,-9.068863068594671534e-03
-5.415945600374085650e-03,-5.415945600374085650e-03
5.686021706953127419e-03,5.686021706953127419e-03
1.338345615734172142e-02,1.338345615734172142e-02
9.004679332541901809e-03,9.004679332541901809e-03
4.728263687768012591e-03,4.728263687768012591e-03
-6.534355231301060274e-04,-6.534355231301060274e-04
2.621212227175302029e-02,2.621212227175302029e-02
8.694712486485636771e-03,8.694712486485636771e-03
1.315877299736359363e-02,1.315877299736359363e-02
1.975809865283636307e-02,1.975809865283636307e-02
2.198090117175952041e-02,2.198090117175952041e-02
2.460450266311815792e-03,2.460450266311815792e-03
-7.350099315916111542e-03,-7.350099315916111542e-03
-3.544081514410116207e-03,-3.544081514410116207e-03
1.175600858188299846e-02,1.175600858188299846e-02
2.388819010477381821e-02,2.388819010477381821e-02
2.039062133110010333e-02,2.039062133110010333e-02
2.101805476664722963e-02,2.101805476664722963e-02
1.030742679701752984e-02,1.030742679701752984e-02
3.118485622272620245e-02,3.118485622272620245e-02
7.586556010395810457e-03,7.586556010395810457e-03
1.315297283103848691e-02,1.315297283103848691e-02
9.730697655512141053e-03,9.730697655512141053e-03
1.304972674729279816e-02,1.304972674729279816e-02
6.974828037515277968e-03,6.974828037515277968e-03
-9.728753052465101414e-04,-9.728753052465101414e-04
8.739362950642495798e-03,8.739362950642495798e-03
8.017221802489631760e-03,8.017221802489631760e-03
5.778516098621629127e-03,5.778516098621629127e-03
1.752720446571613688e-02,1.752720446571613688e-02
1.381576599096600438e-02,1.381576599096600438e-02
1.450539943015150338e-02,1.450539943015150338e-02
-5.895201574641649456e-03,-5.895201574641649456e-03
1.497253898013185119e-02,1.497253898013185119e-02
3.667081051904552691e-03,3.667081051904552691e-03
3.872986222008829860e-03,3.872986222008829860e-03
9.307134625786347981e-03,9.307134625786347981e-03
1.836097173408280173e-02,1.836097173408280173e-02
2.915778084728930936e-02,2.915778084728930936e-02
2.558045074943605252e-02,2.558045074943605252e-02
1.671054669191829323e-02,1.671054669191829323e-02
1.269794331009779786e-04,1.269794331009779786e-04
8.559346678461074442e-04,8.559346678461074442e-04
2.153229274435989118e-02,2.153229274435989118e-02
2.059347278221272323e-02,2.059347278221272323e-02
1.029398661599018050e-02,1.029398661599018050e-02
2.319757033211694575e-02,2.319757033211694575e-02
1.645909485377717793e-02,1.645909485377717793e-02
1.432901004995158767e-02,1.432901004995158767e-02
5.002589068714501097e-03,5.002589068714501097e-03
-1.215257636027616828e-04,-1.215257636027616828e-04
1.743977017296574616e-03,1.743977017296574616e-03
4.509121979177355133e-03,4.509121979177355133e-03
5.457155203796373866e-03,5.457155203796373866e-03
-7.134622398257101095e-03,-7.134622398257101095e-03
6.008576136637702736e-03,6.008576136637702736e-03
1.263518987098119842e-02,1.263518987098119842e-02
1.182658435693089913e-02,1.182658435693089913e-02
-1.099120951510166103e-02,-1.099120951510166103e-02
1.745095881438729624e-02,1.745095881438729624e-02
1.123724057295595602e-02,1.123724057295595602e-02
1.420689578037015455e-02,1.420689578037015455e-02
2.114382788035758243e-02,2.114382788035758243e-02
1.320974749892434019e-02,1.320974749892434019e-02
2.564180162234787341e-03,2.564180162234787341e-03
-4.118534391843939324e-03,-4.118534391843939324e-03
2.791618042576786418e-02,2.791618042576786418e-02
3.273864808044688046e-03,3.273864808044688046e-03
2.497011728979421641e-02,2.497011728979421641e-02
1.778215622637127971e-02,1.778215622637127971e-02
6.733536656989096841e-03,6.733536656989096841e-03
4.845390999344039579e-03,4.845390999344039579e-03
3.775993736519211996e-03,3.775993736519211996e-03
1.955927100210460429e-02,1.955927100210460429e-02
1.168446401495921300e-02,1.168446401495921300e-02
2.037721266648812729e-02,2.037721266648812729e-02
1.768659374813022489e-02,1.768659374813022489e-02
2.843358556623560088e-02,2.843358556623560088e-02
1.797795174055917891e-02,1.797795174055917891e-02
2.911823190171784065e-02,2.911823190171784065e-02
4.749262331159420647e-02,4.749262331159420647e-02
6.250732507713675085e-03,6.250732507713675085e-03
2.370735194394132245e-02,2.370735194394132245e-02
2.061017494813833714e-02,2.061017494813833714e-02
2.395487082656085065e-03,2.395487082656085065e-03
1.073122485659598613e-03,1.073122485659598613e-03
1.017186264113918021e-02,1.017186264113918021e-02
9.277611558410423648e-03,9.277611558410423648e-03
5.250511857785904180e-03,5.250511857785904180e-03
1.543277406112514988e-02,1.543277406112514988e-02
1.039474120147003064e-02,1.039474120147003064e-02
4.500506124654357620e-03,4.500506124654357620e-03
3.794236111630960862e-03,3.794236111630960862e-03
2.345814772922302782e-02,2.345814772922302782e-02
1.532589979183607287e-02,1.532589979183607287e-02
7.687052565267041282e-03,7.687052565267041282e-03
3.327707315638063490e-03,3.327707315638063490e-03
3.132887147778341819e-02,3.132887147778341819e-02
4.907902075632512851e-03,4.907902075632512851e-03
7.682128987899754929e-03,7.682128987899754929e-03
-1.410200818154266900e-03,-1.410200818154266900e-03
1.502214229984202842e-02,1.502214229984202842e-02
1.552717114697844611e-02,1.552717114697844611e-02
-5.779209539484051611e-03,-5.779209539484051611e-03
2.150345633874246529e-02,2.150345633874246529e-02
1.919836557607870753e-03,1.919836557607870753e-03
1.521296438215972990e-02,1.521296438215972990e-02
7.628341243623631973e-03,7.628341243623631973e-03
2.024099232940481177e-02,2.024099232940481177e-02
1.027740231902193879e-02,1.027740231902193879e-02
-5.985493832016727800e-03,-5.985493832016727800e-03
-3.661702824119553168e-03,-3.661702824119553168e-03
6.917397381595302708e-04,6.917397381595302708e-04
1.256601224021329163e-02,1.256601224021329163e-02
1.280289536225886343e-02,1.280289536225886343e-02
4.725319642460458491e-03,4.725319642460458491e-03
3.309421949447709232e-02,3.309421949447709232e-02
1.483637776314788992e-02,1.483637776314788992e-02
1.515844940202990335e-02,1.515844940202990335e-02
-1.850575996181333394e-02,-1.850575996181333394e-02
1.284826066867284997e-02,1.284826066867284997e-02
1.570839360776472848e-02,1.570839360776472848e-02
1.230715237673237622e-02,1.230715237673237622e-02
1.041277646708983068e-02,1.041277646708983068e-02
-1.113902028035882591e-03,-1.113902028035882591e-03
1.066183933332111311e-02,1.066183933332111311e-02
-6.365833466291451193e-03,-6.365833466291451193e-03
1.761846094299750198e-02,1.761846094299750198e-02
1.209971577649786301e-03,1.209971577649786301e-03
3.825995391927919376e-03,3.825995391927919376e-03
1.563303413459859320e-02,1.563303413459859320e-02
3.888309178555757889e-02,3.888309178555757889e-02
6.050930963456983835e-03,6.050930963456983835e-03
1.122782864638267875e-02,1.122782864638267875e-02
8.891850932522780970e-04,8.891850932522780970e-04
2.973700189492688856e-02,2.973700189492688856e-02
2.391911374423710823e-03,2.391911374423710823e-03
2.013160000151496820e-02,2.013160000151496820e-02
6.007847870962347570e-03,6.007847870962347570e-03
9.608160176441331302e-03,9.608160176441331302e-03
2.212479464807462493e-02,2.212479464807462493e-02
1.308011440650541993e-02,1.308011440650541993e-02
-3.385585926147589159e-03,-3.385585926147589159e-03
2.241191113933124063e-02,2.241191113933124063e-02
-2.677572372942395307e-03,-2.677572372942395307e-03
2.936078762211682958e-02,2.936078762211682958e-02
1.790884563618000413e-02,1.790884563618000413e-02
1.070985334029123798e-02,1.070985334029123798e-02
9.414184771559714476e-03,9.414184771559714476e-03
4.426405065420168511e-02,4.426405065420168511e-02
2.144472338018791127e-02,2.144472338018791127e-02
-2.690719436673396497e-03,-2.690719436673396497e-03
1.104479192342883512e-02,1.104479192342883512e-02
1.181392557474482408e-02,1.181392557474482408e-02
3.840414291633682808e-03,3.840414291633682808e-03
2.890219926365979880e-03,2.890219926365979880e-03
1.829954772374608671e-02,1.829954772374608671e-02
2.806027483957373309e-03,2.806027483957373309e-03
1.707212153661830795e-02,1.707212153661830795e-02
1.305446983781991671e-02,1.305446983781991671e-02
-7.703687368218817277e-04,-7.703687368218817277e-04
-1.630365043600755931e-02,-1.630365043600755931e-02
1.638255294116349597e-02,1.638255294116349597e-02
6.682390923362299673e-04,6.682390923362299673e-04
6.552820128135856959e-03,6.552820128135856959e-03
1.770800555753767810e-02,1.770800555753767810e-02
6.540453153489333982e-04,6.540453153489333982e-04
9.661982556060825372e-03,9.661982556060825372e-03
2.732989238216823255e-02,2.732989238216823255e-02
-1.186399357982800828e-02,-1.186399357982800828e-02
1.468818977859588648e-03,1.468818977859588648e-03
2.802109091234745997e-03,2.802109091234745997e-03
3.175696235369819542e-02,3.175696235369819542e-02
1.297691307052122739e-02,1.297691307052122739e-02
4.263128773806294791e-03,4.263128773806294791e-03
1.570441795672202281e-02,1.570441795672202281e-02
1.132778385030829005e-02,1.132778385030829005e-02
1.613261514062958382e-02,1.613261514062958382e-02
2.235604365697677412e-02,2.235604365697677412e-02
4.446010588288321075e-03,4.446010588288321075e-03
-6.535352694509759947e-03,-6.535352694509759947e-03
-1.053987652197968874e-02,-1.053987652197968874e-02
-7.446138226019326234e-03,-7.446138226019326234e-03
1.870366364171292123e-03,1.870366364171292123e-03
-2.481999267621992633e-03,-2.481999267621992633e-03
1.982572452317364620e-02,1.982572452317364620e-02
1.175232220579984152e-02,1.175232220579984152e-02
-2.978229103030839708e-03,-2.978229103030839708e-03
-6.804590476877633853e-03,-6.804590476877633853e-03
4.361151796034370975e-03,4.361151796034370975e-03
9.220829365473200145e-03,9.220829365473200145e-03
1.166262159052513028e-02,1.166262159052513028e-02
2.537219777468372600e-02,2.537219777468372600e-02
2.269502601582880363e-02,2.269502601582880363e-02
4.122031904609177455e-03,4.122031904609177455e-03
-4.203007575181300082e-04,-4.203007575181300082e-04
1.391720748913000474e-02,1.391720748913000474e-02
1.807696145942106619e-02,1.807696145942106619e-02
2.016631845683670293e-02,2.016631845683670293e-02
1.498339961875813642e-02,1.498339961875813642e-02
3.423005124620584483e-02,3.423005124620584483e-02
1.788215794713501547e-02,1.788215794713501547e-02
-1.715190080291234195e-02,-1.715190080291234195e-02
9.348899694642427705e-04,9.348899694642427705e-04
-1.578399101244871289e-02,-1.578399101244871289e-02
8.156122851121556938e-03,8.156122851121556938e-03
1.149608860627862605e-02,1.149608860627862605e-02
2.099899966250776823e-02,2.099899966250776823e-02
1.793158737974604594e-02,1.793158737974604594e-02
2.828057504812951650e-02,2.828057504812951650e-02
9.433447342750183456e-03,9.433447342750183456e-03
1.009945906666827320e-02,1.009945906666827320e-02
1.503957883814269897e-02,1.503957883814269897e-02
1.231502160730434461e-02,1.231502160730434461e-02
-3.900132686144391903e-03,-3.900132686144391903e-03
2.496458242292817417e-02,2.496458242292817417e-02
7.987015533044965893e-03,7.987015533044965893e-03
9.071313679749330727e-03,9.071313679749330727e-03
7.334351219179791742e-03,7.334351219179791742e-03
1.541595235630952021e-02,1.541595235630952021e-02
-4.945889149280319197e-03,-4.945889149280319197e-03
1.972850910289291118e-02,1.972850910289291118e-02
1.346565399953381439e-02,1.346565399953381439e-02
1.431584416987944502e-02,1.431584416987944502e-02
1.035955121974197965e-02,1.035955121974197965e-02
3.161872250041275478e-02,3.161872250041275478e-02
-8.469999954107600842e-03,-8.469999954107600842e-03
2.810595382516688223e-02,2.810595382516688223e-02
1.156886967828747032e-02,1.156886967828747032e-02
4.215499719720239291e-02,4.215499719720239291e-02
1.801073461315091592e-02,1.801073461315091592e-02
8.807399934451169699e-03,8.807399934451169699e-03
3.243123907185604948e-02,3.243123907185604948e-02
2.982736341592295837e-03,2.982736341592295837e-03
1.866159273583000225e-02,1.866159273583000225e-02
2.436967786639808453e-02,2.436967786639808453e-02
-3.302479242227575329e-03,-3.302479242227575329e-03
1.750134679269388371e-02,1.750134679269388371e-02
2.611198762236801793e-02,2.611198762236801793e-02
4.397101172549204573e-03,4.397101172549204573e-03
1.628127529828024556e-02,1.628127529828024556e-02
1.764906686261295821e-02,1.764906686261295821e-02
2.156454565013874586e-03,2.156454565013874586e-03
1.327290598236591582e-02,1.327290598236591582e-02
9.756837994880324799e-03,9.756837994880324799e-03
2.226613927708027268e-02,2.226613927708027268e-02
1.017041469235030471e-02,1.017041469235030471e-02
3.008603285355898951e-02,3.008603285355898951e-02
1.176647426955170980e-02,1.176647426955170980e-02
1.343153598553877004e-02,1.343153598553877004e-02
1.433542162359043720e-02,1.433542162359043720e-02
-1.278267774838404841e-03,-1.278267774838404841e-03
6.154818658914415486e-03,6.154818658914415486e-03
8.032309470356685521e-03,8.032309470356685521e-03
-1.167798893645259628e-03,-1.167798893645259628e-03
9.294567655652077875e-03,9.294567655652077875e-03
1.743039950250802397e-02,1.743039950250802397e-02
8.890822267624103048e-03,8.890822267624103048e-03
1.826961409968825070e-02,1.826961409968825070e-02
7.443098310925128080e-04,7.443098310925128080e-04
1.810807527579998133e-03,1.810807527579998133e-03
-3.373490496215339474e-03,-3.373490496215339474e-03
1.104449221866665026e-02,1.104449221866665026e-02
2.205884338261775851e-02,2.205884338261775851e-02
1.564597506877375005e-02,1.564597506877375005e-02
1.665455088874489425e-02,1.665455088874489425e-02
8.781890519808762535e-03,8.781890519808762535e-03
1.374192515860067632e-02,1.374192515860067632e-02
2.624628274599715913e-02,2.624628274599715913e-02
-3.439242020258845289e-03,-3.439242020258845289e-03
3.254947503125991959e-02,3.254947503125991959e-02
-3.993471501576167926e-04,-3.993471501576167926e-04
1.238374465721479856e-02,1.238374465721479856e-02
-5.577253181289137246e-03,-5.577253181289137246e-03
1.178313491588490330e-02,1.178313491588490330e-02
1.896765804457404767e-02,1.896765804457404767e-02
1.236860996012410785e-03,1.236860996012410785e-03
4.484036237994225294e-03,4.484036237994225294e-03
1.994198269084902775e-03,1.994198269084902775e-03
1.474123649477960055e-02,1.474123649477960055e-02
3.343881480835509540e-02,3.343881480835509540e-02
1.364419769795954113e-02,1.364419769795954113e-02
1.254891476233862754e-02,1.254891476233862754e-02
7.989173828908159580e-03,7.989173828908159580e-03
1.544214210484323724e-02,1.544214210484323724e-02
1.175249880668343544e-03,1.175249880668343544e-03
8.056637159788132552e-03,8.056637159788132552e-03
5.172257176993218242e-03,5.172257176993218242e-03
4.823436693410135256e-03,4.823436693410135256e-03
7.426534090476798189e-03,7.426534090476798189e-03
3.025438938421651236e-03,3.025438938421651236e-03
3.098142429833905878e-02,3.098142429833905878e-02
9.828755412905166439e-03,9.828755412905166439e-03
-4.834848459954056710e-03,-4.834848459954056710e-03
5.915582014292423974e-03,5.915582014292423974e-03
1.904688223532986086e-02,1.904688223532986086e-02
-2.204527386745709638e-03,-2.204527386745709638e-03
9.957887804284644429e-03,9.957887804284644429e-03
2.546540196603738065e-02,2.546540196603738065e-02
8.428719551004493216e-03,8.428719551004493216e-03
4.319359829594658640e-03,4.319359829594658640e-03
1.833655848851625456e-02,1.833655848851625456e-02
1.765780664928090146e-02,1.765780664928090146e-02
9.863222467839532354e-03,9.863222467839532354e-03
2.154637174517302911e-02,2.154637174517302911e-02
2.696991204170268511e-02,2.696991204170268511e-02
2.316626110903229410e-02,2.316626110903229410e-02
1.425011261138923666e-02,1.425011261138923666e-02
4.179836593721147908e-03,4.179836593721147908e-03
1.501175921230472887e-02,1.501175921230472887e-02
1.891083440793544027e-02,1.891083440793544027e-02
2.487656235789705711e-02,2.487656235789705711e-02
1.272407489188630281e-03,1.272407489188630281e-03
3.473157608192186524e-02,3.473157608192186524e-02
-1.581534421059474504e-02,-1.581534421059474504e-02
1.128448254043694365e-02,1.128448254043694365e-02
1.411546106343832679e-03,1.411546106343832679e-03
-3.128020252404845741e-03,-3.128020252404845741e-03
-1.446970954674334925e-03,-1.446970954674334925e-03
1.351682354217228349e-02,1.351682354217228349e-02
3.672823991090475026e-02,3.672823991090475026e-02
1.819195771759827759e-02,1.819195771759827759e-02
2.085740722591123211e-02,2.085740722591123211e-02
1.619782109824154798e-02,1.619782109824154798e-02
1.718872497003803151e-02,1.718872497003803151e-02
7.834842960348080421e-03,7.834842960348080421e-03
8.898385993725197590e-03,8.898385993725197590e-03
4.027953039236741029e-02,4.027953039236741029e-02
-5.672468568717933812e-03,-5.672468568717933812e-03
1.484032099669611859e-02,1.484032099669611859e-02
2.418556831699266232e-02,2.418556831699266232e-02
1.592698939378015682e-02,1.592698939378015682e-02
1.236068198646776695e-02,1.236068198646776695e-02
5.384846919540060839e-03,5.384846919540060839e-03
1.800705687081054218e-02,1.800705687081054218e-02
1.070961875657811327e-02,1.070961875657811327e-02
1.727734162452848610e-02,1.727734162452848610e-02
3.093602433254336037e-03,3.093602433254336037e-03
1.386989274919995380e-02,1.386989274919995380e-02
1.235307688252855474e-03,1.235307688252855474e-03
2.502270833081336743e-02,2.502270833081336743e-02
2.843943165802281098e-02,2.843943165802281098e-02
3.588836419109259213e-03,3.588836419109259213e-03
2.019067887816974882e-02,2.019067887816974882e-02
5.567420954046164994e-03,5.567420954046164994e-03
1.634313522284033815e-03,1.634313522284033815e-03
2.369991129158214443e-02,2.369991129158214443e-02
3.265648521027362389e-02,3.265648521027362389e-02
2.794754611555996804e-03,2.794754611555996804e-03
2.088211827871670062e-02,2.088211827871670062e-02
5.987429006926649200e-03,5.987429006926649200e-03
1.965401972340300590e-02,1.965401972340300590e-02
9.035478441893580320e-03,9.035478441893580320e-03
-8.439067399452267887e-03,-8.439067399452267887e-03
1.480200918904853516e-02,1.480200918904853516e-02
3.742288465683585308e-03,3.742288465683585308e-03
1.327162089772365716e-02,1.327162089772365716e-02
5.059731289748414101e-03,5.059731289748414101e-03
1.240993752849022663e-02,1.240993752849022663e-02
9.686731493414174610e-04,9.686731493414174610e-04
3.393953125066247190e-03,3.393953125066247190e-03
3.736602260243401807e-02,3.736602260243401807e-02
8.997084668197097290e-03,8.997084668197097290e-03
-5.317570058756063145e-04,-5.317570058756063145e-04
1.070110547607059162e-02,1.070110547607059162e-02
1.992954066368763516e-02,1.992954066368763516e-02
6.524870447714149063e-03,6.524870447714149063e-03
1.152360739785494165e-02,1.152360739785494165e-02
2.069842259305995635e-02,2.069842259305995635e-02
7.746649325578204570e-03,7.746649325578204570e-03
1.176047421796913572e-02,1.176047421796913572e-02
9.136870632605636339e-03,9.136870632605636339e-03
6.496333235704913889e-03,6.496333235704913889e-03
1.822645405709367311e-02,1.822645405709367311e-02
-1.584173329641974659e-03,-1.584173329641974659e-03
1.339868291980734344e-02,1.339868291980734344e-02
1.067850916183776117e-02,1.067850916183776117e-02
6.622465917147705994e-03,6.622465917147705994e-03
1.773901190760208968e-02,1.773901190760208968e-02
2.164933019042303286e-02,2.164933019042303286e-02
1.059154283686895848e-02,1.059154283686895848e-02
2.483431101230103299e-02,2.483431101230103299e-02
1.777307453357098929e-02,1.777307453357098929e-02
2.384244440603568854e-02,2.384244440603568854e-02
1.132290613566304741e-02,1.132290613566304741e-02
1.696955726372736603e-02,1.696955726372736603e-02
1.309801010177828046e-02,1.309801010177828046e-02
8.881327788866383299e-03,8.881327788866383299e-03
1.334429009833286786e-02,1.334429009833286786e-02
1.040587879770370205e-02,1.040587879770370205e-02
1.084847211976568138e-02,1.084847211976568138e-02
6.292144082748529765e-03,6.292144082748529765e-03
1.003249526135652908e-02,1.003249526135652908e-02
1.354334872807939905e-02,1.354334872807939905e-02
1.083459499893232175e-02,1.083459499893232175e-02
1.006620124611134690e-02,1.006620124611134690e-02
2.020565951914316677e-02,2.020565951914316677e-02
6.356393078300878047e-03,6.356393078300878047e-03
1.155246845947683482e-02,1.155246845947683482e-02
1.208504870425572419e-02,1.208504870425572419e-02
2.167495354359673387e-02,2.167495354359673387e-02
-1.487833717724155319e-02,-1.487833717724155319e-02
9.472795909130190400e-03,9.472795909130190400e-03
1.352161852745961332e-02,1.352161852745961332e-02
-8.148479069078430614e-03,-8.148479069078430614e-03
2.239651439926151205e-02,2.239651439926151205e-02
2.396491890531873142e-02,2.396491890531873142e-02
1.705255055916874568e-02,1.705255055916874568e-02
3.374978298719847475e-02,3.374978298719847475e-02
3.354294950225177041e-04,3.354294950225177041e-04
1.503960441993947017e-02,1.503960441993947017e-02
1.851665680774761819e-02,1.851665680774761819e-02
2.527878917591867836e-02,2.527878917591867836e-02
2.692420823042218636e-03,2.692420823042218636e-03
1.042457954581377244e-02,1.042457954581377244e-02
-2.374332024211958658e-03,-2.374332024211958658e-03
9.651278393499950620e-03,9.651278393499950620e-03
1.948937965693293972e-03,1.948937965693293972e-03
9.345829106625368199e-03,9.345829106625368199e-03
1.987433762407728871e-02,1.987433762407728871e-02
-1.748751795353685468e-03,-1.748751795353685468e-03
-5.890355753658683968e-03,-5.890355753658683968e-03
3.056206606072216572e-02,3.056206606072216572e-02
-3.739969562560584160e-03,-3.739969562560584160e-03
6.057107366836102236e-03,6.057107366836102236e-03
