-5.586384892815751679e-03,-5.586384892815751679e-03
4.569615861197307005e-02,4.569615861197307005e-02
6.475337144037401904e-02,6.475337144037401904e-02
7.110564385968520806e-03,7.110564385968520806e-03
9.981383397001206137e-02,9.981383397001206137e-02
3.707689820769201339e-02,3.707689820769201339e-02
3.426131194283610348e-02,3.426131194283610348e-02
1.023841657102247948e-02,1.023841657102247948e-02
2.944712636552004881e-02,2.944712636552004881e-02
8.861873577457443640e-02,8.861873577457443640e-02
5.258335725340752831e-02,5.258335725340752831e-02
4.933769833663960436e-02,4.933769833663960436e-02
2.579762519269714061e-02,2.579762519269714061e-02
1.602286563615941406e-02,1.602286563615941406e-02
5.174124628566584283e-02,5.174124628566584283e-02
1.192167288749220594e-01,1.192167288749220594e-01
3.164688542610996635e-03,3.164688542610996635e-03
2.007969550508506562e-02,2.007969550508506562e-02
-5.878954785438286756e-02,-5.878954785438286756e-02
1.917895914572738392e-02,1.917895914572738392e-02
-5.153696017543216157e-03,-5.153696017543216157e-03
-3.758649195321907277e-02,-3.758649195321907277e-02
5.970890769442668833e-03,5.970890769442668833e-03
7.044630378187434483e-02,7.044630378187434483e-02
1.082176728452258208e-02,1.082176728452258208e-02
-1.109362857858443852e-02,-1.109362857858443852e-02
-2.141483701911550686e-02,-2.141483701911550686e-02
-1.409943939367359900e-02,-1.409943939367359900e-02
2.438553837488638409e-02,2.438553837488638409e-02
1.825578550977929870e-02,1.825578550977929870e-02
8.816892513533541864e-02,8.816892513533541864e-02
1.562525950783504036e-02,1.562525950783504036e-02
2.846228936391079212e-02,2.846228936391079212e-02
2.153917820811453165e-02,2.153917820811453165e-02
2.420419486708494383e-02,2.420419486708494383e-02
6.897496767110142257e-03,6.897496767110142257e-03
9.459949060650627017e-02,9.459949060650627017e-02
8.287988351158533107e-02,8.287988351158533107e-02
2.289505688043404208e-02,2.289505688043404208e-02
-8.008354823015262358e-03,-8.008354823015262358e-03
3.161532327306607049e-02,3.161532327306607049e-02
9.030214200992134344e-02,9.030214200992134344e-02
2.973471689207619895e-02,2.973471689207619895e-02
1.762253840252402115e-02,1.762253840252402115e-02
-2.606029228223373517e-02,-2.606029228223373517e-02
-1.975594159338593669e-02,-1.975594159338593669e-02
1.520396721120527428e-02,1.520396721120527428e-02
-5.917561856186813463e-02,-5.917561856186813463e-02
3.820340541104315368e-02,3.820340541104315368e-02
2.710304752948100582e-02,2.710304752948100582e-02
-1.873142674269494268e-02,-1.873142674269494268e-02
6.195904147715788901e-02,6.195904147715788901e-02
-3.491859431050681195e-04,-3.491859431050681195e-04
5.106635324307869095e-02,5.106635324307869095e-02
1.216872464554823313e-01,1.216872464554823313e-01
-1.836927773394396446e-02,-1.836927773394396446e-02
-1.898730974304671526e-02,-1.898730974304671526e-02
1.463261553268099813e-02,1.463261553268099813e-02
-2.056644229438310545e-02,-2.056644229438310545e-02
-7.838559301368785981e-03,-7.838559301368785981e-03
5.054932215200341750e-02,5.054932215200341750e-02
-2.360229595314450313e-02,-2.360229595314450313e-02
2.233547003268741837e-02,2.233547003268741837e-02
1.183342387168994508e-01,1.183342387168994508e-01
-4.458168091574413183e-03,-4.458168091574413183e-03
-6.844322526008279894e-02,-6.844322526008279894e-02
2.341665427424670376e-02,2.341665427424670376e-02
-5.092865277453566264e-02,-5.092865277453566264e-02
-4.847798792974256088e-03,-4.847798792974256088e-03
-3.390303857470980398e-03,-3.390303857470980398e-03
3.059733382046370131e-02,3.059733382046370131e-02
5.560709781081328573e-02,5.560709781081328573e-02
3.292145698787671271e-02,3.292145698787671271e-02
8.002851510107811261e-02,8.002851510107811261e-02
1.649250949716295211e-02,1.649250949716295211e-02
-2.289397379550822675e-02,-2.289397379550822675e-02
-7.427080088150932180e-02,-7.427080088150932180e-02
1.663780834242331585e-02,1.663780834242331585e-02
-2.329428174870876167e-03,-2.329428174870876167e-03
-1.645363046649384042e-02,-1.645363046649384042e-02
1.761689417958348103e-02,1.761689417958348103e-02
5.225833757288211867e-02,5.225833757288211867e-02
5.173459256295631636e-02,5.173459256295631636e-02
5.495303285947356065e-03,5.495303285947356065e-03
4.612982244899947737e-02,4.612982244899947737e-02
-6.311743980138707910e-02,-6.311743980138707910e-02
2.804184369132309285e-02,2.804184369132309285e-02
7.810714835385164367e-02,7.810714835385164367e-02
-1.672394012083516790e-02,-1.672394012083516790e-02
6.759889772171830125e-02,6.759889772171830125e-02
-3.714440364180304766e-02,-3.714440364180304766e-02
7.243323991478084478e-02,7.243323991478084478e-02
-8.836010045363093535e-02,-8.836010045363093535e-02
5.125670480224660264e-02,5.125670480224660264e-02
-4.752481567661143158e-03,-4.752481567661143158e-03
-1.010627636512523297e-04,-1.010627636512523297e-04
-1.993758763802463974e-03,-1.993758763802463974e-03
8.840265897320856436e-03,8.840265897320856436e-03
-1.108922124167793788e-02,-1.108922124167793788e-02
5.913878718225533404e-02,5.913878718225533404e-02
-4.411285489877510291e-02,-4.411285489877510291e-02
-2.635845841770137477e-03,-2.635845841770137477e-03
1.380548811740860138e-02,1.380548811740860138e-02
7.347580359196563549e-02,7.347580359196563549e-02
-2.545348685171669456e-02,-2.545348685171669456e-02
-3.707401877204843932e-02,-3.707401877204843932e-02
2.103858443597537986e-02,2.103858443597537986e-02
1.096271357859704976e-01,1.096271357859704976e-01
-2.533017932619342771e-02,-2.533017932619342771e-02
3.023648116298886801e-02,3.023648116298886801e-02
-2.973821284702037049e-02,-2.973821284702037049e-02
-3.044399212869822180e-03,-3.044399212869822180e-03
8.967811662554653340e-02,8.967811662554653340e-02
1.047576045553932356e-01,1.047576045553932356e-01
5.153330035185237079e-02,5.153330035185237079e-02
-3.486910615197069685e-03,-3.486910615197069685e-03
2.390344191603911705e-02,2.390344191603911705e-02
3.705893868614404396e-02,3.705893868614404396e-02
1.484858537004092593e-02,1.484858537004092593e-02
1.157388747935485240e-02,1.157388747935485240e-02
2.437105341712110518e-02,2.437105341712110518e-02
-8.752823109132445989e-04,-8.752823109132445989e-04
1.469672561098918639e-01,1.469672561098918639e-01
-2.191581682593773950e-02,-2.191581682593773950e-02
-4.405354250989645948e-03,-4.405354250989645948e-03
8.108272998031418322e-02,8.108272998031418322e-02
2.122736432204656853e-02,2.122736432204656853e-02
-3.912293511049963479e-02,-3.912293511049963479e-02
1.157916574660582260e-01,1.157916574660582260e-01
-5.247848656717810090e-02,-5.247848656717810090e-02
6.223090425211227905e-03,6.223090425211227905e-03
-7.064928023810437829e-03,-7.064928023810437829e-03
-7.699293352749692065e-02,-7.699293352749692065e-02
1.799867284112555144e-02,1.799867284112555144e-02
-2.112520483250437953e-02,-2.112520483250437953e-02
-8.282637646753032712e-02,-8.282637646753032712e-02
6.819931630626445418e-02,6.819931630626445418e-02
-1.106014426830165265e-02,-1.106014426830165265e-02
-2.281890044819522012e-02,-2.281890044819522012e-02
4.689282249498230581e-02,4.689282249498230581e-02
1.228580179743402057e-02,1.228580179743402057e-02
-6.281110584360066751e-03,-6.281110584360066751e-03
1.220035280934320121e-02,1.220035280934320121e-02
3.136785127919912430e-02,3.136785127919912430e-02
-3.737460105792843323e-02,-3.737460105792843323e-02
4.417507232432936470e-02,4.417507232432936470e-02
4.482391261580773167e-03,4.482391261580773167e-03
-4.680506191050579079e-03,-4.680506191050579079e-03
5.782860741038943486e-02,5.782860741038943486e-02
-7.438032563464563873e-03,-7.438032563464563873e-03
-5.133020000596319465e-02,-5.133020000596319465e-02
-1.301816005727361725e-02,-1.301816005727361725e-02
8.545484619957052774e-02,8.545484619957052774e-02
-4.346963135273126944e-02,-4.346963135273126944e-02
1.195054906692749608e-05,1.195054906692749608e-05
9.095405688272341360e-02,9.095405688272341360e-02
-3.383061428382252989e-02,-3.383061428382252989e-02
1.350978485401395923e-01,1.350978485401395923e-01
-4.924874308955187741e-02,-4.924874308955187741e-02
6.067805345688179197e-02,6.067805345688179197e-02
-2.706453923642490600e-02,-2.706453923642490600e-02
3.252642642291159181e-02,3.252642642291159181e-02
-6.285629350254701153e-03,-6.285629350254701153e-03
-2.357478376157004507e-03,-2.357478376157004507e-03
8.583321873463194140e-02,8.583321873463194140e-02
-3.345286750969148071e-02,-3.345286750969148071e-02
-6.751232652250965804e-02,-6.751232652250965804e-02
-1.785040034413422350e-02,-1.785040034413422350e-02
-4.203109151744705008e-02,-4.203109151744705008e-02
-8.180930320024641655e-02,-8.180930320024641655e-02
-1.301218586970442903e-02,-1.301218586970442903e-02
4.824670320898170883e-02,4.824670320898170883e-02
-1.239483853918087186e-02,-1.239483853918087186e-02
6.601959219876513130e-02,6.601959219876513130e-02
6.065555025189499350e-02,6.065555025189499350e-02
5.274040720379327696e-02,5.274040720379327696e-02
-4.493841565351014422e-04,-4.493841565351014422e-04
-8.769604627185845214e-03,-8.769604627185845214e-03
7.758905302411160665e-02,7.758905302411160665e-02
2.695647999447604859e-02,2.695647999447604859e-02
1.282230048179858195e-02,1.282230048179858195e-02
4.219661244411822276e-02,4.219661244411822276e-02
8.778144019889425054e-03,8.778144019889425054e-03
4.249594665477213207e-02,4.249594665477213207e-02
4.139808373924389051e-02,4.139808373924389051e-02
6.239070670258303752e-02,6.239070670258303752e-02
1.165972186297598301e-01,1.165972186297598301e-01
1.012239015920186891e-02,1.012239015920186891e-02
-2.440366943899081875e-02,-2.440366943899081875e-02
3.126615410999064593e-02,3.126615410999064593e-02
4.917367128455497893e-02,4.917367128455497893e-02
4.250845642228245902e-02,4.250845642228245902e-02
1.353165725443285228e-02,1.353165725443285228e-02
7.548373406939380692e-02,7.548373406939380692e-02
-4.028339838028172082e-02,-4.028339838028172082e-02
4.104286331790579778e-02,4.104286331790579778e-02
-1.393938578316863963e-03,-1.393938578316863963e-03
8.241739543713991201e-02,8.241739543713991201e-02
5.598985553360083522e-02,5.598985553360083522e-02
-3.957669654590689756e-02,-3.957669654590689756e-02
-2.729832717170031786e-02,-2.729832717170031786e-02
3.465547784874989379e-02,3.465547784874989379e-02
3.055369989088944915e-02,3.055369989088944915e-02
4.281473660339196741e-02,4.281473660339196741e-02
7.337946835389629052e-02,7.337946835389629052e-02
3.337459800580921260e-02,3.337459800580921260e-02
1.930854706295168088e-02,1.930854706295168088e-02
1.225351570791573252e-02,1.225351570791573252e-02
6.555077435447054235e-02,6.555077435447054235e-02
-2.988839478307845493e-02,-2.988839478307845493e-02
-2.722063073765998431e-02,-2.722063073765998431e-02
9.385469013035879771e-02,9.385469013035879771e-02
3.951325170350333815e-02,3.951325170350333815e-02
4.288420026655029305e-02,4.288420026655029305e-02
3.223176210221993798e-02,3.223176210221993798e-02
-9.050429542694582441e-03,-9.050429542694582441e-03
-1.477013440697957924e-02,-1.477013440697957924e-02
8.030131851846969426e-02,8.030131851846969426e-02
-1.415088160653486804e-02,-1.415088160653486804e-02
6.372975203299807712e-02,6.372975203299807712e-02
2.600768818274865057e-02,2.600768818274865057e-02
8.401949472632663785e-02,8.401949472632663785e-02
-3.955516613597266640e-02,-3.955516613597266640e-02
2.142602499627697943e-02,2.142602499627697943e-02
1.724158389770827360e-02,1.724158389770827360e-02
5.945426318071640737e-02,5.945426318071640737e-02
-5.818944306950714351e-02,-5.818944306950714351e-02
6.654040170759983885e-02,6.654040170759983885e-02
-2.571005631843702177e-02,-2.571005631843702177e-02
7.966547783741588507e-02,7.966547783741588507e-02
-1.597017139819865983e-02,-1.597017139819865983e-02
1.155713757594356572e-02,1.155713757594356572e-02
-2.959654131242844821e-02,-2.959654131242844821e-02
3.241050512027801589e-02,3.241050512027801589e-02
5.297189715157316070e-03,5.297189715157316070e-03
5.323202724775107086e-02,5.323202724775107086e-02
-5.884697803715685516e-03,-5.884697803715685516e-03
-3.781896751582058958e-02,-3.781896751582058958e-02
-6.359015341870277727e-03,-6.359015341870277727e-03
2.287877894438883342e-02,2.287877894438883342e-02
-1.785912598188675593e-02,-1.785912598188675593e-02
-3.631908387910463831e-02,-3.631908387910463831e-02
1.529605804197785301e-02,1.529605804197785301e-02
-5.488988525660742912e-02,-5.488988525660742912e-02
2.938763785352954683e-02,2.938763785352954683e-02
-9.653832162570000208e-03,-9.653832162570000208e-03
7.295745049902162271e-02,7.295745049902162271e-02
-2.485245844227983170e-02,-2.485245844227983170e-02
-3.927353431019395269e-03,-3.927353431019395269e-03
-2.116395687282701665e-02,-2.116395687282701665e-02
4.951318815795531514e-02,4.951318815795531514e-02
8.722967447461438262e-02,8.722967447461438262e-02
-1.725303574937289697e-03,-1.725303574937289697e-03
3.780514938109744150e-02,3.780514938109744150e-02
6.796306085175105038e-02,6.796306085175105038e-02
7.885763777188518897e-02,7.885763777188518897e-02
5.240178537789526303e-02,5.240178537789526303e-02
-1.485258776344178244e-02,-1.485258776344178244e-02
-3.389235652289941669e-02,-3.389235652289941669e-02
6.601992162280388710e-02,6.601992162280388710e-02
-5.057983544042674029e-03,-5.057983544042674029e-03
3.753223098515735823e-02,3.753223098515735823e-02
5.595988676151124330e-02,5.595988676151124330e-02
3.882508705330123266e-02,3.882508705330123266e-02
6.957876317960888513e-02,6.957876317960888513e-02
-4.294246545210486654e-02,-4.294246545210486654e-02
7.381362036494824863e-02,7.381362036494824863e-02
-9.370180496933305792e-04,-9.370180496933305792e-04
2.966675375039187768e-02,2.966675375039187768e-02
2.598008841443706640e-02,2.598008841443706640e-02
4.432355021117401206e-02,4.432355021117401206e-02
-5.665186285830350887e-02,-5.665186285830350887e-02
7.071033527338074776e-02,7.071033527338074776e-02
4.016320933820946570e-02,4.016320933820946570e-02
-2.036884044658682225e-02,-2.036884044658682225e-02
3.561963623176428451e-02,3.561963623176428451e-02
1.176134758868976893e-03,1.176134758868976893e-03
-2.538204279113152884e-02,-2.538204279113152884e-02
-2.101122101174114631e-02,-2.101122101174114631e-02
4.403669483777475357e-03,4.403669483777475357e-03
7.934570669248156016e-02,7.934570669248156016e-02
9.940044341268933215e-02,9.940044341268933215e-02
9.746735542786044704e-04,9.746735542786044704e-04
8.602593912036196611e-02,8.602593912036196611e-02
5.604637519437893900e-02,5.604637519437893900e-02
5.443609530160491150e-02,5.443609530160491150e-02
4.279518983682398248e-02,4.279518983682398248e-02
1.397224697051985820e-01,1.397224697051985820e-01
-4.183692546301635840e-02,-4.183692546301635840e-02
1.413896437398486916e-01,1.413896437398486916e-01
7.395178641945392151e-02,7.395178641945392151e-02
7.805256559483654544e-02,7.805256559483654544e-02
-1.529836851066920800e-02,-1.529836851066920800e-02
4.623444887494823630e-02,4.623444887494823630e-02
6.297743472649865171e-02,6.297743472649865171e-02
-2.052970255625621854e-02,-2.052970255625621854e-02
6.828058750079553374e-02,6.828058750079553374e-02
3.959315353251768865e-02,3.959315353251768865e-02
-2.263752891895776109e-02,-2.263752891895776109e-02
5.877404510065237231e-02,5.877404510065237231e-02
-6.354175051940205710e-03,-6.354175051940205710e-03
-2.654431253064118423e-02,-2.654431253064118423e-02
3.304441277439401636e-02,3.304441277439401636e-02
-2.036350365721993627e-02,-2.036350365721993627e-02
2.427108156567386876e-02,2.427108156567386876e-02
3.298434414060012754e-02,3.298434414060012754e-02
4.665076980656658601e-02,4.665076980656658601e-02
5.370715693226037202e-02,5.370715693226037202e-02
-2.860100183889126291e-02,-2.860100183889126291e-02
-5.275032314492504593e-02,-5.275032314492504593e-02
-1.082709419983701737e-02,-1.082709419983701737e-02
-1.535702604768041102e-02,-1.535702604768041102e-02
1.661417364370060268e-02,1.661417364370060268e-02
1.252566126472746677e-01,1.252566126472746677e-01
-3.083622136353256216e-02,-3.083622136353256216e-02
2.398279636877830023e-02,2.398279636877830023e-02
-3.691052150094335793e-02,-3.691052150094335793e-02
-2.751430285351477711e-03,-2.751430285351477711e-03
-1.122163450202671997e-02,-1.122163450202671997e-02
2.632092297976174056e-02,2.632092297976174056e-02
-4.985612809320927319e-02,-4.985612809320927319e-02
9.743505150469418397e-02,9.743505150469418397e-02
-4.082633209970520927e-02,-4.082633209970520927e-02
-1.961328584353728977e-02,-1.961328584353728977e-02
1.516153346057402818e-02,1.516153346057402818e-02
-7.294864893191206623e-02,-7.294864893191206623e-02
3.257608766776270981e-02,3.257608766776270981e-02
2.420669922578290445e-02,2.420669922578290445e-02
5.221080782692073818e-02,5.221080782692073818e-02
-8.399827493519750055e-02,-8.399827493519750055e-02
4.091237977323693153e-02,4.091237977323693153e-02
-3.280643717754827549e-03,-3.280643717754827549e-03
-2.546301590646726787e-02,-2.546301590646726787e-02
-9.804863880250119790e-03,-9.804863880250119790e-03
4.853202102484688307e-04,4.853202102484688307e-04
4.592549447877662672e-02,4.592549447877662672e-02
-4.418258801716715145e-03,-4.418258801716715145e-03
4.149003854587438034e-02,4.149003854587438034e-02
-2.830666841353732255e-03,-2.830666841353732255e-03
1.872566676320365497e-02,1.872566676320365497e-02
5.750224546155471850e-02,5.750224546155471850e-02
4.339158071323651056e-03,4.339158071323651056e-03
-5.141484852199926237e-02,-5.141484852199926237e-02
5.474904880794698170e-02,5.474904880794698170e-02
8.952121391081117874e-02,8.952121391081117874e-02
1.891492241372437488e-02,1.891492241372437488e-02
3.967006679070243791e-02,3.967006679070243791e-02
5.815380959670012062e-02,5.815380959670012062e-02
6.546734446761129367e-02,6.546734446761129367e-02
-3.985247936657193568e-02,-3.985247936657193568e-02
-5.480840331474828853e-02,-5.480840331474828853e-02
8.418919557077157723e-02,8.418919557077157723e-02
2.413354344971614662e-02,2.413354344971614662e-02
6.961264307110259786e-02,6.961264307110259786e-02
6.275351286590875877e-02,6.275351286590875877e-02
-4.922979137111735404e-02,-4.922979137111735404e-02
2.480728949811702999e-02,2.480728949811702999e-02
-2.272625247865886489e-02,-2.272625247865886489e-02
5.567592277799474076e-03,5.567592277799474076e-03
-1.966088977958134476e-02,-1.966088977958134476e-02
2.708230403237991968e-02,2.708230403237991968e-02
-2.041258074431336056e-02,-2.041258074431336056e-02
4.933570650591244389e-02,4.933570650591244389e-02
-6.335072694987259334e-03,-6.335072694987259334e-03
3.664572492209534904e-02,3.664572492209534904e-02
1.691477563711539511e-02,1.691477563711539511e-02
3.409761634558539090e-02,3.409761634558539090e-02
1.786923337407350654e-02,1.786923337407350654e-02
-1.773147624479046863e-02,-1.773147624479046863e-02
7.168001487806680005e-02,7.168001487806680005e-02
-4.657552046755303321e-03,-4.657552046755303321e-03
6.993647013660257705e-02,6.993647013660257705e-02
-7.258560960459528588e-03,-7.258560960459528588e-03
-1.665922103420403033e-02,-1.665922103420403033e-02
8.935154636711725717e-03,8.935154636711725717e-03
-2.128509193524420751e-02,-2.128509193524420751e-02
9.298132144874363125e-03,9.298132144874363125e-03
-1.471360443697573850e-02,-1.471360443697573850e-02
-9.725764526812522015e-03,-9.725764526812522015e-03
1.904598583291665370e-02,1.904598583291665370e-02
7.315901226604223928e-02,7.315901226604223928e-02
-9.412955802580433295e-03,-9.412955802580433295e-03
-7.770308227956766733e-02,-7.770308227956766733e-02
-4.881140695201721669e-02,-4.881140695201721669e-02
6.313023918681560931e-02,6.313023918681560931e-02
7.164507740481304565e-02,7.164507740481304565e-02
4.325101336273354247e-03,4.325101336273354247e-03
1.655561795448214080e-02,1.655561795448214080e-02
6.322583650188978721e-02,6.322583650188978721e-02
5.754413387085058340e-03,5.754413387085058340e-03
5.301106964016863432e-02,5.301106964016863432e-02
3.603153724582384976e-02,3.603153724582384976e-02
3.195006456604004841e-02,3.195006456604004841e-02
-1.645602300592727274e-03,-1.645602300592727274e-03
9.103562374737272922e-02,9.103562374737272922e-02
7.221763051847347736e-02,7.221763051847347736e-02
8.826565924541607266e-02,8.826565924541607266e-02
4.123241803481506040e-02,4.123241803481506040e-02
-3.638559548263183008e-02,-3.638559548263183008e-02
3.750200032827323560e-02,3.750200032827323560e-02
1.279433470626190061e-02,1.279433470626190061e-02
6.496727129879070750e-02,6.496727129879070750e-02
8.342044048475109885e-02,8.342044048475109885e-02
-5.929641581748588963e-02,-5.929641581748588963e-02
-3.156464372400367979e-02,-3.156464372400367979e-02
4.549216863474174477e-02,4.549216863474174477e-02
-1.163155698104702401e-01,-1.163155698104702401e-01
5.673953589080980853e-02,5.673953589080980853e-02
5.036752707321179301e-02,5.036752707321179301e-02
3.204391256217202499e-02,3.204391256217202499e-02
2.181394040383491384e-02,2.181394040383491384e-02
5.920587853669399825e-02,5.920587853669399825e-02
4.237076994662011820e-03,4.237076994662011820e-03
1.175622119730149184e-01,1.175622119730149184e-01
3.979532017204154282e-02,3.979532017204154282e-02
3.151087965454188455e-02,3.151087965454188455e-02
6.209862930734819098e-02,6.209862930734819098e-02
-1.757487322050176048e-02,-1.757487322050176048e-02
3.094147334286470596e-02,3.094147334286470596e-02
-6.392091622480847168e-03,-6.392091622480847168e-03
-2.741331584484113515e-03,-2.741331584484113515e-03
-1.334352525000868650e-01,-1.334352525000868650e-01
1.935578024333760305e-02,1.935578024333760305e-02
2.575807752282417706e-02,2.575807752282417706e-02
-5.043791192712027138e-02,-5.043791192712027138e-02
2.939956416857361643e-03,2.939956416857361643e-03
7.022520048490887845e-02,7.022520048490887845e-02
4.613171762137582843e-02,4.613171762137582843e-02
3.466307791383503589e-02,3.466307791383503589e-02
3.432798970390586735e-02,3.432798970390586735e-02
8.558808102565415576e-03,8.558808102565415576e-03
-1.516499849951548351e-02,-1.516499849951548351e-02
-1.322000512509986792e-02,-1.322000512509986792e-02
-1.985219070540134023e-02,-1.985219070540134023e-02
4.278242477006477529e-02,4.278242477006477529e-02
-3.925773452087431836e-02,-3.925773452087431836e-02
-8.078076048524060471e-02,-8.078076048524060471e-02
7.910857186309395994e-02,7.910857186309395994e-02
6.845369698368265754e-02,6.845369698368265754e-02
-1.103946781419887224e-02,-1.103946781419887224e-02
2.888050659246606255e-02,2.888050659246606255e-02
1.921493033985575971e-02,1.921493033985575971e-02
-6.398897461590424829e-02,-6.398897461590424829e-02
-2.645616321646362956e-02,-2.645616321646362956e-02
5.153505755527933163e-02,5.153505755527933163e-02
-2.063792638653903777e-02,-2.063792638653903777e-02
7.692591371536883216e-02,7.692591371536883216e-02
-3.113317572951865286e-02,-3.113317572951865286e-02
-5.035866127813121151e-04,-5.035866127813121151e-04
6.159226927177730015e-02,6.159226927177730015e-02
-2.637405119653676855e-02,-2.637405119653676855e-02
5.675291696351209003e-02,5.675291696351209003e-02
7.620589760428110593e-02,7.620589760428110593e-02
-3.498651739303187957e-02,-3.498651739303187957e-02
-1.384341435789482322e-02,-1.384341435789482322e-02
8.455751036181670399e-02,8.455751036181670399e-02
-6.025122682416575448e-03,-6.025122682416575448e-03
4.977370872363445775e-02,4.977370872363445775e-02
2.179961238437996829e-02,2.179961238437996829e-02
1.220271124456970280e-02,1.220271124456970280e-02
3.758276254116497961e-02,3.758276254116497961e-02
6.582802394098173637e-02,6.582802394098173637e-02
2.961543153362804215e-02,2.961543153362804215e-02
-1.287227557654621601e-02,-1.287227557654621601e-02
1.677737018729169582e-03,1.677737018729169582e-03
1.279136317973804393e-02,1.279136317973804393e-02
-9.554360139944695351e-02,-9.554360139944695351e-02
5.955875648450119353e-02,5.955875648450119353e-02
1.331772866019378943e-01,1.331772866019378943e-01
3.405488806253874345e-02,3.405488806253874345e-02
-7.387544478668045533e-03,-7.387544478668045533e-03
7.323533215394947837e-02,7.323533215394947837e-02
-3.654659012440256149e-02,-3.654659012440256149e-02
-3.208887622637934811e-03,-3.208887622637934811e-03
5.235803119743295819e-03,5.235803119743295819e-03
2.867074732271901460e-02,2.867074732271901460e-02
-1.163115222746617661e-02,-1.163115222746617661e-02
-5.751593864416963686e-02,-5.751593864416963686e-02
1.142280339619058532e-01,1.142280339619058532e-01
1.582801090465690841e-02,1.582801090465690841e-02
9.890673037133854151e-03,9.890673037133854151e-03
-1.758544185390334413e-02,-1.758544185390334413e-02
6.808578704938234027e-02,6.808578704938234027e-02
2.431052062327303254e-02,2.431052062327303254e-02
4.414706896482982479e-02,4.414706896482982479e-02
5.646237027710297729e-02,5.646237027710297729e-02
-7.668169310558982377e-02,-7.668169310558982377e-02
2.524224470769580175e-02,2.524224470769580175e-02
4.835699279323646405e-03,4.835699279323646405e-03
-1.420713731313441586e-02,-1.420713731313441586e-02
2.270625705511224168e-02,2.270625705511224168e-02
-1.907833389824899195e-02,-1.907833389824899195e-02
-2.361397388434142985e-02,-2.361397388434142985e-02
-2.434332774221698026e-02,-2.434332774221698026e-02
8.085417738858956260e-02,8.085417738858956260e-02
1.257864366351252317e-03,1.257864366351252317e-03
1.112146940914867238e-01,1.112146940914867238e-01
-5.062842094930609937e-02,-5.062842094930609937e-02
1.572902195969631822e-01,1.572902195969631822e-01
1.689702807104238869e-02,1.689702807104238869e-02
8.143390623182449051e-02,8.143390623182449051e-02
-2.678069158324927757e-02,-2.678069158324927757e-02
-3.050112423619144586e-02,-3.050112423619144586e-02
-3.158213153881726798e-02,-3.158213153881726798e-02
-1.822935116894061625e-02,-1.822935116894061625e-02
-5.107344238895332456e-02,-5.107344238895332456e-02
-5.453725794845139252e-02,-5.453725794845139252e-02
5.674994409099937132e-03,5.674994409099937132e-03
4.259506604871578228e-02,4.259506604871578228e-02
6.527033051761431393e-02,6.527033051761431393e-02
-2.554664493411587523e-02,-2.554664493411587523e-02
4.687895321574681029e-02,4.687895321574681029e-02
3.598956376339619567e-02,3.598956376339619567e-02
-1.445471446448963471e-02,-1.445471446448963471e-02
-1.107812159812131270e-02,-1.107812159812131270e-02
8.428736339555098489e-02,8.428736339555098489e-02
-2.579403428906881790e-02,-2.579403428906881790e-02
2.109499207911713636e-02,2.109499207911713636e-02
-2.025240802083670688e-02,-2.025240802083670688e-02
2.770270061531347749e-02,2.770270061531347749e-02
8.442958656868571055e-02,8.442958656868571055e-02
-5.525937881776465943e-03,-5.525937881776465943e-03
-1.863783302855880064e-02,-1.863783302855880064e-02
-3.930002414921154874e-02,-3.930002414921154874e-02
-7.187339684445635812e-02,-7.187339684445635812e-02
6.369467772313480713e-02,6.369467772313480713e-02
7.936956381726566201e-02,7.936956381726566201e-02
2.379189562542850800e-02,2.379189562542850800e-02
4.414061451533494995e-02,4.414061451533494995e-02
-9.492968254257660998e-03,-9.492968254257660998e-03
1.015242700859792235e-01,1.015242700859792235e-01
9.619924293482171040e-03,9.619924293482171040e-03
7.209908826462849141e-02,7.209908826462849141e-02
-1.402165577352046388e-02,-1.402165577352046388e-02
8.042437148691142235e-03,8.042437148691142235e-03
4.700667612812056695e-03,4.700667612812056695e-03
1.018786698613628194e-01,1.018786698613628194e-01
-3.818226334939352207e-02,-3.818226334939352207e-02
-5.336220901219268509e-02,-5.336220901219268509e-02
1.784676776645061080e-02,1.784676776645061080e-02
-4.893943031867493965e-02,-4.893943031867493965e-02
-4.837328523733544494e-03,-4.837328523733544494e-03
-1.556749365321129230e-02,-1.556749365321129230e-02
3.041542319067119804e-02,3.041542319067119804e-02
1.092300959030207685e-01,1.092300959030207685e-01
6.109421627091353446e-02,6.109421627091353446e-02
1.844720253313592018e-02,1.844720253313592018e-02
-9.572322558563245432e-04,-9.572322558563245432e-04
-2.468778060814519337e-02,-2.468778060814519337e-02
-1.414035788340857469e-02,-1.414035788340857469e-02
3.472042462627933368e-02,3.472042462627933368e-02
1.236540893922882245e-01,1.236540893922882245e-01
1.819263246565308578e-02,1.819263246565308578e-02
-3.256573992096851999e-02,-3.256573992096851999e-02
2.823202609112983319e-02,2.823202609112983319e-02
2.763267648901078510e-02,2.763267648901078510e-02
5.073677658106932886e-02,5.073677658106932886e-02
1.315262551691444293e-02,1.315262551691444293e-02
6.098964948809351694e-02,6.098964948809351694e-02
8.598156879090357307e-02,8.598156879090357307e-02
-6.672415819918123270e-02,-6.672415819918123270e-02
3.276439528697308590e-02,3.276439528697308590e-02
8.489967569748493870e-02,8.489967569748493870e-02
6.755482252009235855e-02,6.755482252009235855e-02
-3.432185447143723533e-02,-3.432185447143723533e-02
-5.193395721111314367e-02,-5.193395721111314367e-02
7.143862242216601766e-02,7.143862242216601766e-02
7.466927156835552470e-02,7.466927156835552470e-02
4.065009898692074908e-02,4.065009898692074908e-02
8.752764286073688726e-03,8.752764286073688726e-03
-2.785319776674177739e-03,-2.785319776674177739e-03
1.197275918783766158e-02,1.197275918783766158e-02
5.957243233071071731e-02,5.957243233071071731e-02
9.803761108777117594e-02,9.803761108777117594e-02
3.333940506449843688e-02,3.333940506449843688e-02
5.650386091129366850e-02,5.650386091129366850e-02
5.928001717393466263e-03,5.928001717393466263e-03
-2.536168394243341895e-02,-2.536168394243341895e-02
7.440072395779979975e-02,7.440072395779979975e-02
7.670280764941363183e-02,7.670280764941363183e-02
-2.500903135745155548e-02,-2.500903135745155548e-02
-3.639562164962893698e-02,-3.639562164962893698e-02
1.364556331370431197e-02,1.364556331370431197e-02
-1.618488321688271725e-02,-1.618488321688271725e-02
2.126795813990717265e-02,2.126795813990717265e-02
-3.491900748586984626e-02,-3.491900748586984626e-02
7.064807548833858253e-02,7.064807548833858253e-02
1.228861402736576569e-02,1.228861402736576569e-02
-2.428919121182250562e-02,-2.428919121182250562e-02
4.385276429138527943e-02,4.385276429138527943e-02
-2.160022672154086887e-02,-2.160022672154086887e-02
2.116217381666543607e-02,2.116217381666543607e-02
-1.055416256182549334e-01,-1.055416256182549334e-01
3.525805247585304947e-02,3.525805247585304947e-02
-6.424420207052074228e-02,-6.424420207052074228e-02
7.906989670643377321e-04,7.906989670643377321e-04
5.641445312711698690e-02,5.641445312711698690e-02
1.616739228855400279e-02,1.616739228855400279e-02
8.211955942958648613e-03,8.211955942958648613e-03
1.212432136589489118e-02,1.212432136589489118e-02
-6.949129385796942726e-02,-6.949129385796942726e-02
-1.919061404563929263e-02,-1.919061404563929263e-02
1.559158421467525535e-02,1.559158421467525535e-02
1.701212724074151195e-02,1.701212724074151195e-02
2.879152731198021675e-02,2.879152731198021675e-02
4.966724487494227069e-02,4.966724487494227069e-02
5.338918258611580203e-02,5.338918258611580203e-02
3.762455184838578437e-02,3.762455184838578437e-02
3.547970752760444546e-02,3.547970752760444546e-02
9.138097124671511196e-02,9.138097124671511196e-02
-1.098475188053574247e-02,-1.098475188053574247e-02
-3.653424451279455032e-02,-3.653424451279455032e-02
4.374229697744880241e-02,4.374229697744880241e-02
-1.759304675461897949e-02,-1.759304675461897949e-02
-4.235604273045119605e-02,-4.235604273045119605e-02
4.961797434962850195e-02,4.961797434962850195e-02
3.136322469923277789e-03,3.136322469923277789e-03
3.252984575548986679e-02,3.252984575548986679e-02
7.153624490565951843e-02,7.153624490565951843e-02
2.930560804886860049e-02,2.930560804886860049e-02
-1.465453972745546507e-02,-1.465453972745546507e-02
3.231157618860241998e-02,3.231157618860241998e-02
-1.081080973926523692e-02,-1.081080973926523692e-02
3.918701427263873716e-03,3.918701427263873716e-03
2.166155180006457126e-02,2.166155180006457126e-02
4.968994769263671007e-03,4.968994769263671007e-03
-3.093851433937587492e-02,-3.093851433937587492e-02
1.579642858619001444e-04,1.579642858619001444e-04
1.243312874356064524e-02,1.243312874356064524e-02
4.720490584054148897e-02,4.720490584054148897e-02
3.974764380009211673e-02,3.974764380009211673e-02
8.237934669657885622e-02,8.237934669657885622e-02
1.664238462337351565e-02,1.664238462337351565e-02
1.312701000951841113e-01,1.312701000951841113e-01
3.321125701905468242e-02,3.321125701905468242e-02
1.970761705457058088e-02,1.970761705457058088e-02
5.367970225318156874e-02,5.367970225318156874e-02
-1.083465875982696225e-02,-1.083465875982696225e-02
4.784798934143172366e-03,4.784798934143172366e-03
2.654907111787729868e-02,2.654907111787729868e-02
3.080531862907458229e-02,3.080531862907458229e-02
4.638425363250210653e-02,4.638425363250210653e-02
1.188423213612835316e-02,1.188423213612835316e-02
2.082001777001915577e-02,2.082001777001915577e-02
5.082753066882360338e-02,5.082753066882360338e-02
-5.418258987534317617e-02,-5.418258987534317617e-02
5.634464889090233519e-02,5.634464889090233519e-02
-3.770608996010162139e-02,-3.770608996010162139e-02
-6.528249381401943219e-02,-6.528249381401943219e-02
-3.269093952965994310e-02,-3.269093952965994310e-02
-4.617807333097692646e-02,-4.617807333097692646e-02
1.280202264380862764e-02,1.280202264380862764e-02
3.892927339537877174e-02,3.892927339537877174e-02
-6.402264656638831375e-03,-6.402264656638831375e-03
-6.882429427430933333e-02,-6.882429427430933333e-02
-2.611569363562009360e-02,-2.611569363562009360e-02
4.604834765907443728e-02,4.604834765907443728e-02
-9.863861247527472287e-03,-9.863861247527472287e-03
5.493624131832712532e-02,5.493624131832712532e-02
4.167984089430366856e-02,4.167984089430366856e-02
4.509915304956675641e-02,4.509915304956675641e-02
6.230445043869586863e-02,6.230445043869586863e-02
5.218354145059601878e-02,5.218354145059601878e-02
-3.590636637421711075e-02,-3.590636637421711075e-02
1.650624631817589061e-02,1.650624631817589061e-02
4.130917002429282392e-02,4.130917002429282392e-02
5.131624283621595561e-02,5.131624283621595561e-02
-1.477377419600925390e-02,-1.477377419600925390e-02
7.384981132244890223e-02,7.384981132244890223e-02
3.357357255753604108e-03,3.357357255753604108e-03
7.817446105311973148e-03,7.817446105311973148e-03
8.269886049021502039e-02,8.269886049021502039e-02
9.199133737570738822e-03,9.199133737570738822e-03
-2.918304429371988695e-02,-2.918304429371988695e-02
-5.872100447396999545e-02,-5.872100447396999545e-02
1.262093007754155893e-02,1.262093007754155893e-02
1.095714351743450055e-02,1.095714351743450055e-02
8.774955962017047528e-02,8.774955962017047528e-02
-2.588800422652297317e-02,-2.588800422652297317e-02
1.473708618141356119e-02,1.473708618141356119e-02
-9.599750203703540097e-02,-9.599750203703540097e-02
3.959810886571941968e-02,3.959810886571941968e-02
-4.046709706473397561e-02,-4.046709706473397561e-02
2.093366417397256318e-02,2.093366417397256318e-02
1.059132486252469946e-01,1.059132486252469946e-01
-1.470505229598217944e-02,-1.470505229598217944e-02
7.221960607440407187e-02,7.221960607440407187e-02
-3.937787041381976549e-02,-3.937787041381976549e-02
3.022122305410768206e-02,3.022122305410768206e-02
7.646213541498710076e-02,7.646213541498710076e-02
4.492616652983064118e-02,4.492616652983064118e-02
3.225875662528497612e-02,3.225875662528497612e-02
-7.385245754038372024e-03,-7.385245754038372024e-03
-1.200015074659555037e-03,-1.200015074659555037e-03
6.986306488633022005e-02,6.986306488633022005e-02
4.456002177675620624e-02,4.456002177675620624e-02
5.843208573678508599e-02,5.843208573678508599e-02
4.922663906144029988e-02,4.922663906144029988e-02
-4.607295464696349596e-02,-4.607295464696349596e-02
5.007618831540298909e-02,5.007618831540298909e-02
-3.934799545225514672e-02,-3.934799545225514672e-02
9.647462347829846574e-02,9.647462347829846574e-02
3.247126059847957325e-02,3.247126059847957325e-02
-5.323966212735968540e-02,-5.323966212735968540e-02
-4.645411512861401249e-02,-4.645411512861401249e-02
2.870660954635209650e-02,2.870660954635209650e-02
1.179904825978920074e-01,1.179904825978920074e-01
1.134370428411042575e-02,1.134370428411042575e-02
3.800627232128923894e-02,3.800627232128923894e-02
-6.298811895262011740e-02,-6.298811895262011740e-02
1.848584076405153376e-02,1.848584076405153376e-02
-4.128832076890510960e-02,-4.128832076890510960e-02
6.542556420306913645e-02,6.542556420306913645e-02
1.349641138337398516e-02,1.349641138337398516e-02
-5.355828781104368663e-02,-5.355828781104368663e-02
3.858350409080357757e-02,3.858350409080357757e-02
3.242566723440042098e-02,3.242566723440042098e-02
-7.452616273995353591e-02,-7.452616273995353591e-02
6.296424331685521181e-02,6.296424331685521181e-02
7.493886091105812775e-02,7.493886091105812775e-02
-1.167843087810106761e-02,-1.167843087810106761e-02
3.071576027837007172e-02,3.071576027837007172e-02
-5.019093467763127703e-02,-5.019093467763127703e-02
-8.171089311722759541e-02,-8.171089311722759541e-02
-7.644919247605497237e-02,-7.644919247605497237e-02
-1.085085900340311549e-02,-1.085085900340311549e-02
6.202565717952354674e-02,6.202565717952354674e-02
8.445459564861081125e-02,8.445459564861081125e-02
-5.209486439678834291e-03,-5.209486439678834291e-03
1.361422829220501063e-01,1.361422829220501063e-01
-3.017645708109839564e-02,-3.017645708109839564e-02
-6.704375317012131741e-02,-6.704375317012131741e-02
1.254032937794611891e-01,1.254032937794611891e-01
-1.196716787558470690e-01,-1.196716787558470690e-01
7.218690644993572270e-02,7.218690644993572270e-02
2.458927387589944502e-02,2.458927387589944502e-02
-7.397905685391018005e-03,-7.397905685391018005e-03
2.857578245224058622e-02,2.857578245224058622e-02
-3.823605266577750905e-02,-3.823605266577750905e-02
-1.012410539776935348e-02,-1.012410539776935348e-02
-9.165425467151738781e-03,-9.165425467151738781e-03
4.317683563270692526e-02,4.317683563270692526e-02
6.047324089634183164e-02,6.047324089634183164e-02
-4.270064281745919454e-02,-4.270064281745919454e-02
2.710734492155553177e-02,2.710734492155553177e-02
6.002145113186460601e-03,6.002145113186460601e-03
1.131539214779686553e-02,1.131539214779686553e-02
-3.894091699347804192e-03,-3.894091699347804192e-03
1.460033240265606880e-02,1.460033240265606880e-02
2.108529890168950316e-03,2.108529890168950316e-03
5.642025885309505384e-02,5.642025885309505384e-02
-4.471905924829448764e-02,-4.471905924829448764e-02
5.125135976124298165e-02,5.125135976124298165e-02
-1.026640536898798528e-03,-1.026640536898798528e-03
-2.911309877495499299e-02,-2.911309877495499299e-02
4.703896648198999109e-02,4.703896648198999109e-02
-4.030487671463743593e-02,-4.030487671463743593e-02
-3.069912417289186179e-02,-3.069912417289186179e-02
-3.133796877133709913e-02,-3.133796877133709913e-02
8.614506441243417745e-02,8.614506441243417745e-02
9.929097428923075452e-02,9.929097428923075452e-02
-2.447879446735932996e-02,-2.447879446735932996e-02
8.696603971754966744e-02,8.696603971754966744e-02
7.928571124371980305e-03,7.928571124371980305e-03
-1.906719717283891780e-02,-1.906719717283891780e-02
-4.048222144212118567e-03,-4.048222144212118567e-03
-1.298722950531996934e-02,-1.298722950531996934e-02
2.830389203729742620e-02,2.830389203729742620e-02
6.507767589879948078e-03,6.507767589879948078e-03
1.005760161299476818e-01,1.005760161299476818e-01
2.620799423676040130e-02,2.620799423676040130e-02
2.010850594240851108e-02,2.010850594240851108e-02
3.402572854891482146e-02,3.402572854891482146e-02
1.274981930170564492e-01,1.274981930170564492e-01
-2.868749016956448350e-02,-2.868749016956448350e-02
-1.028822626852202160e-02,-1.028822626852202160e-02
4.757977416769251788e-02,4.757977416769251788e-02
6.764563017908413467e-02,6.764563017908413467e-02
2.640407755157214709e-02,2.640407755157214709e-02
3.036830392903601405e-02,3.036830392903601405e-02
-4.328903640424854038e-02,-4.328903640424854038e-02
4.656278695690654890e-02,4.656278695690654890e-02
1.528232634327036932e-02,1.528232634327036932e-02
9.658616002903121223e-02,9.658616002903121223e-02
1.072804838488360113e-01,1.072804838488360113e-01
7.386074709937774652e-02,7.386074709937774652e-02
5.729314522437296830e-02,5.729314522437296830e-02
1.525373054283321594e-02,1.525373054283321594e-02
-1.181725959495311118e-03,-1.181725959495311118e-03
7.992422979417725115e-02,7.992422979417725115e-02
1.215170970513722304e-02,1.215170970513722304e-02
1.371273221251054220e-02,1.371273221251054220e-02
5.320116436928305770e-02,5.320116436928305770e-02
2.906050708083827983e-02,2.906050708083827983e-02
2.497282189836148858e-02,2.497282189836148858e-02
2.049261188634693420e-02,2.049261188634693420e-02
5.810620127837273774e-02,5.810620127837273774e-02
-8.505463017885878108e-03,-8.505463017885878108e-03
-2.045308250904394332e-02,-2.045308250904394332e-02
2.581947306243684293e-03,2.581947306243684293e-03
1.189150459858384357e-01,1.189150459858384357e-01
-5.720204686214869216e-03,-5.720204686214869216e-03
2.787647804272957996e-02,2.787647804272957996e-02
-3.340284685842916101e-02,-3.340284685842916101e-02
6.651842878161978723e-03,6.651842878161978723e-03
2.206933483874785884e-02,2.206933483874785884e-02
-1.315432957121662194e-02,-1.315432957121662194e-02
7.710861886334824389e-03,7.710861886334824389e-03
4.079697311596389153e-02,4.079697311596389153e-02
1.773333668101968463e-01,1.773333668101968463e-01
-7.807322801685612212e-04,-7.807322801685612212e-04
1.105338842109266917e-01,1.105338842109266917e-01
-3.193107007933566888e-02,-3.193107007933566888e-02
-5.771630976601299645e-03,-5.771630976601299645e-03
2.051143255192004744e-02,2.051143255192004744e-02
1.155721512097526715e-02,1.155721512097526715e-02
-6.121783165977519314e-02,-6.121783165977519314e-02
4.128606069148105240e-02,4.128606069148105240e-02
1.505449080109452775e-02,1.505449080109452775e-02
6.656508598912735941e-02,6.656508598912735941e-02
2.627513327254238362e-02,2.627513327254238362e-02
-2.241944037165297110e-02,-2.241944037165297110e-02
-5.636840756750301218e-02,-5.636840756750301218e-02
-4.239098340878628968e-02,-4.239098340878628968e-02
4.004196359348190237e-02,4.004196359348190237e-02
-1.031632808219579145e-02,-1.031632808219579145e-02
-9.063198852958413709e-02,-9.063198852958413709e-02
7.831398213003075426e-02,7.831398213003075426e-02
-2.357175613323821139e-02,-2.357175613323821139e-02
-4.483462635633909954e-02,-4.483462635633909954e-02
1.160562714176554960e-01,1.160562714176554960e-01
7.394552145929583764e-02,7.394552145929583764e-02
-1.903104137184175038e-02,-1.903104137184175038e-02
-1.308091794819907505e-01,-1.308091794819907505e-01
3.255082874853024166e-02,3.255082874853024166e-02
-1.903703790556882103e-02,-1.903703790556882103e-02
-7.476822491716531016e-02,-7.476822491716531016e-02
-3.638278869649744229e-02,-3.638278869649744229e-02
5.547454387466080328e-02,5.547454387466080328e-02
-7.803029963616923970e-02,-7.803029963616923970e-02
-2.026230927605558729e-02,-2.026230927605558729e-02
7.229453768737217900e-02,7.229453768737217900e-02
-2.815972459874839517e-02,-2.815972459874839517e-02
-1.917892255583909800e-02,-1.917892255583909800e-02
4.025727409676972679e-02,4.025727409676972679e-02
9.838075369459163555e-02,9.838075369459163555e-02
9.398817736204309603e-03,9.398817736204309603e-03
4.103225223090438412e-02,4.103225223090438412e-02
-5.800271849051055750e-02,-5.800271849051055750e-02
8.059646334988097849e-02,8.059646334988097849e-02
4.015059044511291864e-02,4.015059044511291864e-02
6.638338746600351559e-02,6.638338746600351559e-02
-6.589144723678420912e-02,-6.589144723678420912e-02
4.022649807483275053e-02,4.022649807483275053e-02
5.367701262652266325e-02,5.367701262652266325e-02
-8.012200782108593045e-02,-8.012200782108593045e-02
5.013604989710543358e-02,5.013604989710543358e-02
-1.019487746584721161e-01,-1.019487746584721161e-01
2.518069600292013877e-02,2.518069600292013877e-02
-1.483806497219854192e-02,-1.483806497219854192e-02
5.675303821438870688e-02,5.675303821438870688e-02
3.388975415010657410e-02,3.388975415010657410e-02
9.527322701006427086e-02,9.527322701006427086e-02
2.196505037972053265e-02,2.196505037972053265e-02
-2.547187995947949868e-02,-2.547187995947949868e-02
-4.044506208957798776e-04,-4.044506208957798776e-04
1.646113267162532812e-02,1.646113267162532812e-02
9.909971290512936681e-03,9.909971290512936681e-03
5.722075316058305994e-02,5.722075316058305994e-02
-8.283523171212794911e-03,-8.283523171212794911e-03
-5.486301023911836772e-02,-5.486301023911836772e-02
3.166263382039521956e-02,3.166263382039521956e-02
-3.066151179177550867e-03,-3.066151179177550867e-03
2.725256721263308313e-03,2.725256721263308313e-03
3.818833288880857380e-02,3.818833288880857380e-02
6.601764709057726666e-02,6.601764709057726666e-02
9.479597315988662343e-02,9.479597315988662343e-02
3.182880512168005660e-02,3.182880512168005660e-02
6.058172422495021470e-02,6.058172422495021470e-02
6.717145390886455902e-03,6.717145390886455902e-03
6.673931372261981965e-02,6.673931372261981965e-02
-5.761697029262514980e-02,-5.761697029262514980e-02
2.534456762220568815e-02,2.534456762220568815e-02
2.514316750174387660e-02,2.514316750174387660e-02
-4.553448551204541950e-02,-4.553448551204541950e-02
9.424138468719506223e-03,9.424138468719506223e-03
-2.738060975615651260e-02,-2.738060975615651260e-02
2.887339733194592417e-02,2.887339733194592417e-02
-7.471208517789255932e-02,-7.471208517789255932e-02
-1.208339261801506803e-02,-1.208339261801506803e-02
-8.066914612739152501e-02,-8.066914612739152501e-02
9.350162923430410666e-03,9.350162923430410666e-03
-2.501933181585035137e-02,-2.501933181585035137e-02
3.098429512217407145e-02,3.098429512217407145e-02
-1.643119520788470511e-02,-1.643119520788470511e-02
3.028657393171893530e-02,3.028657393171893530e-02
2.893711789806652224e-02,2.893711789806652224e-02
-2.267166473968854068e-02,-2.267166473968854068e-02
6.506916744287133403e-03,6.506916744287133403e-03
-2.009261456089038445e-02,-2.009261456089038445e-02
1.787656007876173292e-02,1.787656007876173292e-02
3.710391546267935436e-02,3.710391546267935436e-02
-3.522864494721619777e-02,-3.522864494721619777e-02
-2.465292138653171761e-02,-2.465292138653171761e-02
1.440226077147547246e-01,1.440226077147547246e-01
2.894580590636670892e-02,2.894580590636670892e-02
9.401032419252458583e-02,9.401032419252458583e-02
1.026398494140214057e-02,1.026398494140214057e-02
-3.042562617309468864e-02,-3.042562617309468864e-02
3.604866604826006959e-02,3.604866604826006959e-02
-2.137642272327239246e-04,-2.137642272327239246e-04
-2.627078633964406718e-02,-2.627078633964406718e-02
2.041268672905403869e-02,2.041268672905403869e-02
-1.844621950945216082e-03,-1.844621950945216082e-03
6.063328528984146537e-02,6.063328528984146537e-02
-3.632673194982366516e-02,-3.632673194982366516e-02
-3.218633951272266425e-02,-3.218633951272266425e-02
3.785523390239770025e-03,3.785523390239770025e-03
4.201935216090071923e-02,4.201935216090071923e-02
-5.102662673209329425e-02,-5.102662673209329425e-02
-5.520365262248631832e-02,-5.520365262248631832e-02
7.523538953872463408e-03,7.523538953872463408e-03
-1.965359453931503353e-05,-1.965359453931503353e-05
-4.136071156360804357e-03,-4.136071156360804357e-03
5.171236919652415220e-02,5.171236919652415220e-02
-6.124313741022979762e-02,-6.124313741022979762e-02
-2.779066247015209157e-02,-2.779066247015209157e-02
7.593318774915222558e-02,7.593318774915222558e-02
-2.516315681006894844e-03,-2.516315681006894844e-03
1.841696629206920899e-02,1.841696629206920899e-02
-2.282485946001121258e-02,-2.282485946001121258e-02
5.719347442826525074e-02,5.719347442826525074e-02
8.295661836056454630e-02,8.295661836056454630e-02
6.154030294974174864e-03,6.154030294974174864e-03
-5.112679976339055965e-02,-5.112679976339055965e-02
-3.949878949888195601e-02,-3.949878949888195601e-02
-2.124798259503694886e-02,-2.124798259503694886e-02
-9.963763831423097517e-03,-9.963763831423097517e-03
-1.879651662375879384e-02,-1.879651662375879384e-02
2.215527522307951525e-02,2.215527522307951525e-02
1.268547412850981881e-01,1.268547412850981881e-01
1.728075311266873137e-02,1.728075311266873137e-02
-4.947200286319054785e-02,-4.947200286319054785e-02
1.489303936720635935e-02,1.489303936720635935e-02
2.124912913583131002e-02,2.124912913583131002e-02
2.915318659083465658e-02,2.915318659083465658e-02
6.633128262778796580e-02,6.633128262778796580e-02
3.695075850501355896e-03,3.695075850501355896e-03
4.369566915270142737e-03,4.369566915270142737e-03
-3.805978625397378468e-02,-3.805978625397378468e-02
3.186730418344468907e-03,3.186730418344468907e-03
3.436273841220288672e-02,3.436273841220288672e-02
1.719644804350493883e-02,1.719644804350493883e-02
9.322186402886359358e-03,9.322186402886359358e-03
-1.135844542608932806e-01,-1.135844542608932806e-01
6.432157434160569454e-02,6.432157434160569454e-02
5.047219805764045775e-02,5.047219805764045775e-02
-1.398530773334666355e-02,-1.398530773334666355e-02
2.863884284391195190e-02,2.863884284391195190e-02
4.882516431175246141e-02,4.882516431175246141e-02
-1.803532175163556628e-02,-1.803532175163556628e-02
1.553901372192005581e-02,1.553901372192005581e-02
-1.536763350456965549e-02,-1.536763350456965549e-02
6.242178187926582245e-02,6.242178187926582245e-02
5.619258341272731494e-02,5.619258341272731494e-02
4.255333930976548662e-02,4.255333930976548662e-02
-9.325854951773696055e-03,-9.325854951773696055e-03
2.778858145057869211e-02,2.778858145057869211e-02
5.089721888055805110e-02,5.089721888055805110e-02
2.575142694054502468e-02,2.575142694054502468e-02
1.305408972633047004e-01,1.305408972633047004e-01
3.869490582546919466e-02,3.869490582546919466e-02
1.193470310767659470e-02,1.193470310767659470e-02
-3.678205168346765364e-02,-3.678205168346765364e-02
8.356162968273206371e-02,8.356162968273206371e-02
-6.763081768209971978e-02,-6.763081768209971978e-02
-6.709611415997245032e-02,-6.709611415997245032e-02
3.474735958453051277e-02,3.474735958453051277e-02
-5.836563071787666257e-02,-5.836563071787666257e-02
-6.257916919323698590e-02,-6.257916919323698590e-02
1.104498064483118436e-02,1.104498064483118436e-02
-1.433592978938544316e-02,-1.433592978938544316e-02
4.735358104102389831e-02,4.735358104102389831e-02
6.259883724745780864e-02,6.259883724745780864e-02
9.875240873714612178e-02,9.875240873714612178e-02
2.654192232667383633e-02,2.654192232667383633e-02
3.312417582111694403e-02,3.312417582111694403e-02
-3.910697326863152301e-03,-3.910697326863152301e-03
-4.354841371832353369e-02,-4.354841371832353369e-02
3.368944511599823721e-02,3.368944511599823721e-02
7.217495722233309430e-02,7.217495722233309430e-02
5.600281077718149980e-02,5.600281077718149980e-02
1.549672799612164531e-02,1.549672799612164531e-02
1.274171995322501694e-01,1.274171995322501694e-01
2.590505447505365988e-02,2.590505447505365988e-02
-3.999269097612362378e-03,-3.999269097612362378e-03
1.900690215039686770e-02,1.900690215039686770e-02
-3.276779177515169728e-02,-3.276779177515169728e-02
-1.192154627273334100e-02,-1.192154627273334100e-02
2.314957182462798468e-02,2.314957182462798468e-02
-3.648646415475648164e-02,-3.648646415475648164e-02
4.075244255840188012e-03,4.075244255840188012e-03
4.224718488604917166e-02,4.224718488604917166e-02
3.467086908105646015e-02,3.467086908105646015e-02
6.923088122833596925e-02,6.923088122833596925e-02
5.481330625357726249e-02,5.481330625357726249e-02
3.001258958143575295e-02,3.001258958143575295e-02
-3.348290192379645147e-02,-3.348290192379645147e-02
5.540566893906485879e-02,5.540566893906485879e-02
-8.969843631854663990e-02,-8.969843631854663990e-02
-9.484446299261664604e-03,-9.484446299261664604e-03
-2.600472919716560749e-02,-2.600472919716560749e-02
-2.659728983703188443e-03,-2.659728983703188443e-03
-4.152120676631780583e-02,-4.152120676631780583e-02
3.015175936127172107e-02,3.015175936127172107e-02
2.605915801412678895e-02,2.605915801412678895e-02
-2.383712852077421451e-02,-2.383712852077421451e-02
-1.364412886247574896e-02,-1.364412886247574896e-02
-6.030305805737214142e-02,-6.030305805737214142e-02
1.200770365721111343e-02,1.200770365721111343e-02
3.828937951532616901e-02,3.828937951532616901e-02
-6.503443220173549255e-02,-6.503443220173549255e-02
3.616096895704781766e-02,3.616096895704781766e-02
4.825610022239582020e-02,4.825610022239582020e-02
-3.856675371548545783e-02,-3.856675371548545783e-02
-3.782945292489431344e-02,-3.782945292489431344e-02
8.985336035932461884e-02,8.985336035932461884e-02
3.544526508587096669e-02,3.544526508587096669e-02
7.772832223184344969e-02,7.772832223184344969e-02
3.782566981422580410e-02,3.782566981422580410e-02
6.026421707164542063e-02,6.026421707164542063e-02
4.007884596871395810e-02,4.007884596871395810e-02
-1.405101480884360376e-02,-1.405101480884360376e-02
4.265774794430729489e-02,4.265774794430729489e-02
2.310154810997683272e-02,2.310154810997683272e-02
3.070436681949648139e-02,3.070436681949648139e-02
-3.696732952421309670e-02,-3.696732952421309670e-02
2.134768910182351098e-02,2.134768910182351098e-02
-3.615845894961618179e-02,-3.615845894961618179e-02
5.731704839184456612e-02,5.731704839184456612e-02
1.030289857605781734e-03,1.030289857605781734e-03
6.974671009962672696e-02,6.974671009962672696e-02
3.228384442587828307e-03,3.228384442587828307e-03
2.554574705119901090e-02,2.554574705119901090e-02
5.295104009216830554e-03,5.295104009216830554e-03
-6.475443184524559692e-03,-6.475443184524559692e-03
3.181094573847123574e-02,3.181094573847123574e-02
9.444682226223108379e-02,9.444682226223108379e-02
-3.390628369884333970e-02,-3.390628369884333970e-02
1.556522213903566154e-04,1.556522213903566154e-04
7.663943489432363532e-02,7.663943489432363532e-02
1.394221273750401169e-01,1.394221273750401169e-01
-1.516468313932364809e-02,-1.516468313932364809e-02
2.030683685254736082e-02,2.030683685254736082e-02
-9.291645063829417905e-02,-9.291645063829417905e-02
-6.818890192833994279e-02,-6.818890192833994279e-02
1.845959231333695050e-02,1.845959231333695050e-02
-1.230583131053929052e-01,-1.230583131053929052e-01
-6.055303818767264479e-02,-6.055303818767264479e-02
-6.794131890110542693e-02,-6.794131890110542693e-02
-6.157441893410482703e-02,-6.157441893410482703e-02
-4.466755033335406688e-03,-4.466755033335406688e-03
5.983358420936751854e-03,5.983358420936751854e-03
-6.910322222746995147e-02,-6.910322222746995147e-02
4.041220362887568140e-02,4.041220362887568140e-02
1.325785355020953071e-02,1.325785355020953071e-02
1.271567325407563231e-02,1.271567325407563231e-02
6.561615556956015838e-02,6.561615556956015838e-02
1.296647793853092367e-02,1.296647793853092367e-02
1.664993551624695256e-02,1.664993551624695256e-02
-5.144142330195373980e-02,-5.144142330195373980e-02
3.901200734950807658e-02,3.901200734950807658e-02
-1.826304207061800466e-02,-1.826304207061800466e-02
7.115797865173384418e-03,7.115797865173384418e-03
1.520099369465026384e-02,1.520099369465026384e-02
4.104978961094910006e-02,4.104978961094910006e-02
-3.313971224722753184e-03,-3.313971224722753184e-03
6.861524574787589148e-02,6.861524574787589148e-02
5.744782066351747374e-02,5.744782066351747374e-02
-5.019422950478880097e-02,-5.019422950478880097e-02
-3.118300217866770696e-03,-3.118300217866770696e-03
-7.639208182579668160e-03,-7.639208182579668160e-03
-8.283590851813062150e-02,-8.283590851813062150e-02
5.077025526407628886e-02,5.077025526407628886e-02
4.763968095939678793e-02,4.763968095939678793e-02
6.533140185105786035e-02,6.533140185105786035e-02
-3.112039636879332383e-02,-3.112039636879332383e-02
-2.604133661763946561e-02,-2.604133661763946561e-02
-5.560194376346971890e-04,-5.560194376346971890e-04
2.853305105538979369e-02,2.853305105538979369e-02
6.518517751293259610e-02,6.518517751293259610e-02
1.039626720944658855e-01,1.039626720944658855e-01
5.930523891890762678e-03,5.930523891890762678e-03
-5.193498389160321194e-02,-5.193498389160321194e-02
4.376142980703434660e-03,4.376142980703434660e-03
-3.383068551693138581e-02,-3.383068551693138581e-02
-4.806632012227959883e-03,-4.806632012227959883e-03
-3.312440093508722816e-02,-3.312440093508722816e-02
-7.768288394311473333e-02,-7.768288394311473333e-02
3.106625096421102017e-02,3.106625096421102017e-02
1.770139579407375985e-02,1.770139579407375985e-02
1.089297642746200473e-01,1.089297642746200473e-01
1.003517047994042094e-01,1.003517047994042094e-01
6.312935979505052142e-02,6.312935979505052142e-02
-6.340498505039329769e-03,-6.340498505039329769e-03
-6.676896045047689410e-03,-6.676896045047689410e-03
-3.379638686724817376e-02,-3.379638686724817376e-02
1.434701009344803435e-02,1.434701009344803435e-02
9.781394161769103868e-02,9.781394161769103868e-02
7.212916061188939798e-02,7.212916061188939798e-02
2.243655431034309589e-02,2.243655431034309589e-02
1.620163203594780776e-02,1.620163203594780776e-02
-3.375416634612053712e-02,-3.375416634612053712e-02
-3.001897735943917511e-02,-3.001897735943917511e-02
-2.429666451056117227e-02,-2.429666451056117227e-02
-2.562558369781521572e-02,-2.562558369781521572e-02
4.121595652512256847e-02,4.121595652512256847e-02
-9.397711440506177627e-02,-9.397711440506177627e-02
-3.098511155043018328e-03,-3.098511155043018328e-03
-9.263874736953336964e-05,-9.263874736953336964e-05
2.099830283086905058e-02,2.099830283086905058e-02
9.618594786788092765e-02,9.618594786788092765e-02
1.181992829505652820e-02,1.181992829505652820e-02
4.008932565742653886e-02,4.008932565742653886e-02
5.571450462116490920e-02,5.571450462116490920e-02
-2.442381220514820706e-02,-2.442381220514820706e-02
2.890042305036477632e-02,2.890042305036477632e-02
1.007862462220755762e-02,1.007862462220755762e-02
1.131142984409632540e-01,1.131142984409632540e-01
3.043026968427303691e-02,3.043026968427303691e-02
-5.275345309644313696e-02,-5.275345309644313696e-02
6.526959704543172647e-03,6.526959704543172647e-03
6.447182320933887711e-02,6.447182320933887711e-02
-1.673538942126365225e-03,-1.673538942126365225e-03
-2.012979241901161065e-02,-2.012979241901161065e-02
6.191183550793417922e-02,6.191183550793417922e-02
1.882924069592913086e-02,1.882924069592913086e-02
7.995328345696522954e-03,7.995328345696522954e-03
4.753145012333384600e-02,4.753145012333384600e-02
-4.737297738699344785e-02,-4.737297738699344785e-02
1.199737889782111211e-02,1.199737889782111211e-02
-1.425114521552400815e-02,-1.425114521552400815e-02
3.674284461055481177e-02,3.674284461055481177e-02
1.774905066646993712e-02,1.774905066646993712e-02
7.900860703579563882e-02,7.900860703579563882e-02
-4.973271951555044423e-03,-4.973271951555044423e-03
-2.720086149102288187e-02,-2.720086149102288187e-02
1.917456887428206636e-02,1.917456887428206636e-02
9.776820568512600840e-02,9.776820568512600840e-02
-4.573779388759746656e-02,-4.573779388759746656e-02
2.946276595428586054e-02,2.946276595428586054e-02
-1.168279807027780559e-02,-1.168279807027780559e-02
4.267173428712360550e-02,4.267173428712360550e-02
-3.243398833014402016e-02,-3.243398833014402016e-02
3.945424723116278121e-02,3.945424723116278121e-02
1.597210282543448656e-02,1.597210282543448656e-02
2.747405495043440948e-02,2.747405495043440948e-02
7.403742178515262951e-03,7.403742178515262951e-03
-1.248114003904829405e-02,-1.248114003904829405e-02
3.725385726413914245e-02,3.725385726413914245e-02
-3.272877715021470235e-02,-3.272877715021470235e-02
-4.895824267798286333e-02,-4.895824267798286333e-02
7.136103557051184931e-02,7.136103557051184931e-02
5.988079521177679110e-02,5.988079521177679110e-02
-1.458251522163682146e-01,-1.458251522163682146e-01
-2.538819717236961981e-03,-2.538819717236961981e-03
-2.135424279103191603e-02,-2.135424279103191603e-02
5.132709294420935431e-02,5.132709294420935431e-02
-2.785417665232588214e-02,-2.785417665232588214e-02
5.485477400684650451e-02,5.485477400684650451e-02
5.477384408092447754e-02,5.477384408092447754e-02
5.601232965204440417e-02,5.601232965204440417e-02
-2.872680426164574141e-02,-2.872680426164574141e-02
8.249867753820237792e-02,8.249867753820237792e-02
-1.957795476444020022e-02,-1.957795476444020022e-02
3.240832447449895626e-02,3.240832447449895626e-02
8.115019216564413329e-02,8.115019216564413329e-02
1.506474523331705062e-02,1.506474523331705062e-02
8.064224415406688606e-02,8.064224415406688606e-02
7.888132210461067106e-02,7.888132210461067106e-02
2.684912833709293678e-03,2.684912833709293678e-03
-3.376486374072479313e-02,-3.376486374072479313e-02
4.002132782710000891e-02,4.002132782710000891e-02
2.539739239495270029e-02,2.539739239495270029e-02
-1.572408215234542828e-02,-1.572408215234542828e-02
1.070629196829200047e-01,1.070629196829200047e-01
2.664020165946476282e-02,2.664020165946476282e-02
-6.843045128865958560e-02,-6.843045128865958560e-02
-7.637107532645709407e-03,-7.637107532645709407e-03
4.048683798616047047e-02,4.048683798616047047e-02
8.662119212723085049e-03,8.662119212723085049e-03
8.888153793230185729e-04,8.888153793230185729e-04
7.873995049093381049e-02,7.873995049093381049e-02
-2.052381733581915002e-02,-2.052381733581915002e-02
3.894159110989921235e-02,3.894159110989921235e-02
-8.118627246899726146e-03,-8.118627246899726146e-03
6.522735005265721531e-02,6.522735005265721531e-02
5.475658013802651991e-02,5.475658013802651991e-02
1.631613456846640886e-02,1.631613456846640886e-02
-1.315858758167660902e-02,-1.315858758167660902e-02
7.039332290005112513e-02,7.039332290005112513e-02
7.292467701290838988e-02,7.292467701290838988e-02
-9.660662870012007297e-03,-9.660662870012007297e-03
-4.347839185605792411e-02,-4.347839185605792411e-02
-2.312265580998816572e-02,-2.312265580998816572e-02
6.238322301903745370e-02,6.238322301903745370e-02
-7.368789331934431919e-02,-7.368789331934431919e-02
-4.288721030840456083e-02,-4.288721030840456083e-02
-1.176322503672068420e-02,-1.176322503672068420e-02
8.079110475814561820e-02,8.079110475814561820e-02
-3.506839311256143565e-03,-3.506839311256143565e-03
-5.222089040785163339e-02,-5.222089040785163339e-02
-2.220210761496672902e-02,-2.220210761496672902e-02
-1.615221295225674480e-02,-1.615221295225674480e-02
2.854394160794375412e-02,2.854394160794375412e-02
1.071735542393597584e-01,1.071735542393597584e-01
-4.461616523368332199e-02,-4.461616523368332199e-02
4.006466016428682220e-02,4.006466016428682220e-02
-9.766102176635552135e-03,-9.766102176635552135e-03
3.384342225942281457e-02,3.384342225942281457e-02
1.309837769909054372e-02,1.309837769909054372e-02
4.802709025841954416e-02,4.802709025841954416e-02
1.461491612241793692e-01,1.461491612241793692e-01
-6.994221911040243711e-02,-6.994221911040243711e-02
-1.848802034249009962e-02,-1.848802034249009962e-02
-2.629675158704053439e-02,-2.629675158704053439e-02
-3.175358979252790315e-02,-3.175358979252790315e-02
8.224549300565736631e-04,8.224549300565736631e-04
2.501245785897060481e-02,2.501245785897060481e-02
-4.189715487924480786e-02,-4.189715487924480786e-02
9.230240208702093774e-02,9.230240208702093774e-02
3.031751346717179163e-02,3.031751346717179163e-02
4.345926897231398855e-02,4.345926897231398855e-02
5.820545911272106965e-02,5.820545911272106965e-02
4.961035747348813141e-02,4.961035747348813141e-02
-1.423769131677528332e-02,-1.423769131677528332e-02
1.494669955286910545e-02,1.494669955286910545e-02
4.203164065968377494e-02,4.203164065968377494e-02
-3.519995324572980366e-02,-3.519995324572980366e-02
4.901341800664628379e-02,4.901341800664628379e-02
6.806472427365120592e-02,6.806472427365120592e-02
5.157263687215943304e-02,5.157263687215943304e-02
6.291613927378106319e-03,6.291613927378106319e-03
-5.256634465175634430e-02,-5.256634465175634430e-02
6.450847161885385483e-02,6.450847161885385483e-02
7.744675577210000106e-02,7.744675577210000106e-02
3.609606753948253755e-02,3.609606753948253755e-02
1.351837358308226322e-02,1.351837358308226322e-02
4.433996894386375842e-02,4.433996894386375842e-02
6.827037638100268147e-02,6.827037638100268147e-02
4.423355493164435326e-02,4.423355493164435326e-02
1.759069197746931934e-01,1.759069197746931934e-01
-4.217167567139856743e-02,-4.217167567139856743e-02
-4.591943183027904357e-02,-4.591943183027904357e-02
1.404195291684964819e-02,1.404195291684964819e-02
-2.105448640450133246e-02,-2.105448640450133246e-02
-1.709238991505857008e-02,-1.709238991505857008e-02
-8.738399429332205370e-02,-8.738399429332205370e-02
-2.812730524191056625e-02,-2.812730524191056625e-02
-1.684826142723559739e-02,-1.684826142723559739e-02
9.377604568324796053e-02,9.377604568324796053e-02
-1.495713322256204958e-02,-1.495713322256204958e-02
-1.907218585953138201e-02,-1.907218585953138201e-02
9.709630387539265606e-02,9.709630387539265606e-02
1.928641290830976351e-02,1.928641290830976351e-02
2.260055410023566191e-02,2.260055410023566191e-02
5.969646274173004419e-02,5.969646274173004419e-02
4.982724197116535775e-02,4.982724197116535775e-02
5.383313921744663222e-02,5.383313921744663222e-02
2.203583865368469175e-02,2.203583865368469175e-02
6.847679651169168158e-02,6.847679651169168158e-02
2.451696155955501721e-03,2.451696155955501721e-03
-3.147805504588122028e-02,-3.147805504588122028e-02
-2.263919105109830909e-02,-2.263919105109830909e-02
1.078138483017247740e-02,1.078138483017247740e-02
-3.220096756412445249e-02,-3.220096756412445249e-02
3.808607840618827289e-02,3.808607840618827289e-02
-1.807506947663030383e-02,-1.807506947663030383e-02
-3.823846152282289745e-02,-3.823846152282289745e-02
4.875101410389756640e-03,4.875101410389756640e-03
-4.014914556787430033e-02,-4.014914556787430033e-02
7.593404231770600754e-03,7.593404231770600754e-03
-1.989411497111881477e-02,-1.989411497111881477e-02
6.623340055481771738e-02,6.623340055481771738e-02
2.249014020353357068e-02,2.249014020353357068e-02
-1.654714799027776073e-02,-1.654714799027776073e-02
4.673884062082328539e-04,4.673884062082328539e-04
4.258410623332972711e-03,4.258410623332972711e-03
-3.379971314261223658e-03,-3.379971314261223658e-03
5.846717191887469689e-02,5.846717191887469689e-02
-7.584713938133676170e-02,-7.584713938133676170e-02
-1.431898693835123582e-02,-1.431898693835123582e-02
-5.710919255932336847e-02,-5.710919255932336847e-02
6.508262058530099592e-02,6.508262058530099592e-02
2.107004091301825643e-02,2.107004091301825643e-02
4.727449408112809059e-02,4.727449408112809059e-02
6.748528067678943865e-02,6.748528067678943865e-02
-2.355267623047811731e-02,-2.355267623047811731e-02
-1.344953041351792944e-03,-1.344953041351792944e-03
-6.641362729863242720e-02,-6.641362729863242720e-02
-6.265565308193846161e-03,-6.265565308193846161e-03
4.149233582265710041e-03,4.149233582265710041e-03
3.842458648231578122e-02,3.842458648231578122e-02
-3.618925573629869219e-02,-3.618925573629869219e-02
9.896416214426605185e-02,9.896416214426605185e-02
-1.595201013440017412e-02,-1.595201013440017412e-02
4.512112334394768887e-02,4.512112334394768887e-02
8.914963935203348844e-02,8.914963935203348844e-02
-2.313849843025755915e-02,-2.313849843025755915e-02
-4.781941747706994206e-02,-4.781941747706994206e-02
-1.858729965556495112e-02,-1.858729965556495112e-02
3.549789264879008033e-02,3.549789264879008033e-02
-9.469872399025032472e-02,-9.469872399025032472e-02
8.258750232656839052e-02,8.258750232656839052e-02
-2.323241602973012687e-02,-2.323241602973012687e-02
-5.678895577175172016e-02,-5.678895577175172016e-02
-1.103472716125118713e-02,-1.103472716125118713e-02
3.251480654629332334e-02,3.251480654629332334e-02
8.456452213771188664e-02,8.456452213771188664e-02
-3.539782761123276555e-02,-3.539782761123276555e-02
1.408439520095033232e-02,1.408439520095033232e-02
8.431235815777146647e-02,8.431235815777146647e-02
-2.764644762144344292e-03,-2.764644762144344292e-03
-4.710044531118447175e-02,-4.710044531118447175e-02
8.101639007947804283e-02,8.101639007947804283e-02
1.060846663018635422e-01,1.060846663018635422e-01
-5.125045152450148633e-02,-5.125045152450148633e-02
9.430081869919561266e-02,9.430081869919561266e-02
-3.831224898583547589e-02,-3.831224898583547589e-02
1.059730517885932866e-01,1.059730517885932866e-01
4.634571545916385538e-02,4.634571545916385538e-02
3.073612625173072210e-02,3.073612625173072210e-02
1.579131754871981874e-02,1.579131754871981874e-02
-2.835771909685658176e-02,-2.835771909685658176e-02
1.158361547784790557e-02,1.158361547784790557e-02
-4.275976723180259509e-02,-4.275976723180259509e-02
1.841334470480734953e-02,1.841334470480734953e-02
4.249145462470413359e-02,4.249145462470413359e-02
7.029050040314833991e-02,7.029050040314833991e-02
8.794034775330611398e-03,8.794034775330611398e-03
2.673225952294362717e-02,2.673225952294362717e-02
3.800595337386081241e-02,3.800595337386081241e-02
-6.321448090813287790e-02,-6.321448090813287790e-02
-1.503088783625644576e-02,-1.503088783625644576e-02
9.193563057399593841e-02,9.193563057399593841e-02
1.399753091043114128e-02,1.399753091043114128e-02
5.416064254547889312e-02,5.416064254547889312e-02
7.906648940936500392e-02,7.906648940936500392e-02
3.908097319907792577e-02,3.908097319907792577e-02
3.179420936102363149e-02,3.179420936102363149e-02
1.154189414719478113e-02,1.154189414719478113e-02
-8.002117946080622435e-02,-8.002117946080622435e-02
-5.662666232486493478e-02,-5.662666232486493478e-02
4.970670923009397335e-02,4.970670923009397335e-02
9.553538712647052789e-04,9.553538712647052789e-04
-6.745863679022051640e-03,-6.745863679022051640e-03
-1.395010239370192417e-03,-1.395010239370192417e-03
3.765578726734110371e-02,3.765578726734110371e-02
3.557803856203101134e-02,3.557803856203101134e-02
5.506879660141726640e-02,5.506879660141726640e-02
6.315682280152808137e-02,6.315682280152808137e-02
3.310109094831874266e-02,3.310109094831874266e-02
1.266056309460632245e-02,1.266056309460632245e-02
1.066761081920804266e-02,1.066761081920804266e-02
6.551344227004149423e-02,6.551344227004149423e-02
-6.021096966007472018e-03,-6.021096966007472018e-03
8.765458680544326031e-02,8.765458680544326031e-02
1.772256250264878097e-03,1.772256250264878097e-03
4.449074004745083577e-02,4.449074004745083577e-02
1.070014193333483632e-02,1.070014193333483632e-02
1.172359146452664480e-02,1.172359146452664480e-02
4.767439652024395291e-02,4.767439652024395291e-02
1.594776681039586363e-02,1.594776681039586363e-02
-2.638535247835872843e-02,-2.638535247835872843e-02
-5.672288322881291478e-02,-5.672288322881291478e-02
-2.318095125913348376e-02,-2.318095125913348376e-02
7.810102583817063460e-03,7.810102583817063460e-03
1.882360696115863152e-02,1.882360696115863152e-02
2.649950856646648978e-02,2.649950856646648978e-02
1.031480384336299350e-01,1.031480384336299350e-01
6.528057606166881577e-02,6.528057606166881577e-02
-5.069718763140154683e-02,-5.069718763140154683e-02
-3.831839574456143149e-02,-3.831839574456143149e-02
-4.271575010128375594e-02,-4.271575010128375594e-02
-5.771763315263189753e-02,-5.771763315263189753e-02
5.701193017176794942e-02,5.701193017176794942e-02
8.902394903199004061e-02,8.902394903199004061e-02
-1.147755578972974033e-02,-1.147755578972974033e-02
9.259507673444453135e-03,9.259507673444453135e-03
-1.561986372688117797e-02,-1.561986372688117797e-02
-2.269919669678099883e-03,-2.269919669678099883e-03
1.049267449020061527e-01,1.049267449020061527e-01
6.565133108563347974e-02,6.565133108563347974e-02
5.147226397716261892e-02,5.147226397716261892e-02
-1.062618158697200693e-01,-1.062618158697200693e-01
-2.334459262828356141e-02,-2.334459262828356141e-02
1.073698641044174840e-01,1.073698641044174840e-01
5.330375677730064821e-03,5.330375677730064821e-03
4.627874390986004560e-02,4.627874390986004560e-02
-8.876670375445673555e-02,-8.876670375445673555e-02
-1.041964168565223670e-02,-1.041964168565223670e-02
5.922705664311712914e-02,5.922705664311712914e-02
7.320831480147263481e-02,7.320831480147263481e-02
1.126696701119696969e-01,1.126696701119696969e-01
-6.909412010968241091e-02,-6.909412010968241091e-02
-7.246458133310818006e-03,-7.246458133310818006e-03
1.356782167500905634e-01,1.356782167500905634e-01
5.484492873914507960e-02,5.484492873914507960e-02
-5.517922321674985364e-02,-5.517922321674985364e-02
1.115554484229497600e-01,1.115554484229497600e-01
2.018752206474498656e-02,2.018752206474498656e-02
-4.680502237978349800e-02,-4.680502237978349800e-02
4.101788598694122712e-02,4.101788598694122712e-02
-1.409239069806449141e-02,-1.409239069806449141e-02
-3.902117316537538627e-02,-3.902117316537538627e-02
1.640228580230573829e-02,1.640228580230573829e-02
-4.774027998110599857e-02,-4.774027998110599857e-02
7.340195919968012239e-03,7.340195919968012239e-03
2.486808982285444725e-02,2.486808982285444725e-02
2.220191902021995123e-03,2.220191902021995123e-03
-1.376212456731698563e-02,-1.376212456731698563e-02
-4.352456138299705402e-02,-4.352456138299705402e-02
2.437175360006735292e-02,2.437175360006735292e-02
-1.840520462683838121e-02,-1.840520462683838121e-02
3.154461313287036661e-02,3.154461313287036661e-02
4.399876556757137402e-03,4.399876556757137402e-03
-8.070647603709485418e-02,-8.070647603709485418e-02
1.501497354172155740e-02,1.501497354172155740e-02
-5.219050000337319140e-02,-5.219050000337319140e-02
3.027444555754449373e-02,3.027444555754449373e-02
-3.920383481867960318e-02,-3.920383481867960318e-02
4.785740607596618290e-02,4.785740607596618290e-02
7.273758565041223145e-02,7.273758565041223145e-02
3.636757367820571407e-02,3.636757367820571407e-02
3.363997683111391579e-02,3.363997683111391579e-02
-1.492046255350117923e-01,-1.492046255350117923e-01
-2.581343376695760528e-02,-2.581343376695760528e-02
2.520713565017981828e-02,2.520713565017981828e-02
1.881058688636463860e-02,1.881058688636463860e-02
7.238722421907532734e-02,7.238722421907532734e-02
3.489702799706927150e-02,3.489702799706927150e-02
-1.455120200601470182e-02,-1.455120200601470182e-02
5.857151685866025803e-02,5.857151685866025803e-02
6.827771890950920519e-02,6.827771890950920519e-02
-5.854846089510405693e-02,-5.854846089510405693e-02
-9.232154857373178758e-03,-9.232154857373178758e-03
1.623897110622485318e-02,1.623897110622485318e-02
-5.625621173711783940e-02,-5.625621173711783940e-02
5.829740738349248330e-02,5.829740738349248330e-02
1.034471897440752963e-01,1.034471897440752963e-01
-1.158981580065679418e-02,-1.158981580065679418e-02
3.041156920064971847e-03,3.041156920064971847e-03
2.579606779760409974e-02,2.579606779760409974e-02
4.533737554434598416e-02,4.533737554434598416e-02
-2.211932685054746051e-02,-2.211932685054746051e-02
8.079077693673365756e-02,8.079077693673365756e-02
-6.105819227727796172e-02,-6.105819227727796172e-02
1.633318766835532843e-02,1.633318766835532843e-02
-3.320774796480607804e-02,-3.320774796480607804e-02
1.561858499003780931e-01,1.561858499003780931e-01
4.401527354642231771e-02,4.401527354642231771e-02
-4.456516515970723735e-02,-4.456516515970723735e-02
-2.172419703167385863e-02,-2.172419703167385863e-02
9.860919370303269926e-03,9.860919370303269926e-03
-5.689334645939486679e-03,-5.689334645939486679e-03
3.266394488594277778e-02,3.266394488594277778e-02
2.197300143828859881e-02,2.197300143828859881e-02
-3.427551620468684279e-02,-3.427551620468684279e-02
8.782808654188553610e-03,8.782808654188553610e-03
-2.063122894610840141e-02,-2.063122894610840141e-02
-8.871559865040859472e-03,-8.871559865040859472e-03
3.440577099233774194e-03,3.440577099233774194e-03
-1.654565551126208067e-02,-1.654565551126208067e-02
3.006278657562022616e-02,3.006278657562022616e-02
-2.358780834539728199e-02,-2.358780834539728199e-02
7.498198857139495854e-03,7.498198857139495854e-03
1.572173272966750912e-02,1.572173272966750912e-02
-7.809930996158491456e-02,-7.809930996158491456e-02
-3.299954905677549011e-02,-3.299954905677549011e-02
2.813789902746534344e-02,2.813789902746534344e-02
-6.196014144989839267e-02,-6.196014144989839267e-02
4.001633834435383563e-02,4.001633834435383563e-02
2.084505573978771842e-02,2.084505573978771842e-02
6.085241381535996807e-02,6.085241381535996807e-02
2.490277501534350624e-02,2.490277501534350624e-02
9.139988602114457183e-03,9.139988602114457183e-03
5.451983697315994359e-02,5.451983697315994359e-02
7.951270922479530823e-02,7.951270922479530823e-02
2.706854960793203535e-03,2.706854960793203535e-03
-8.961991516494317855e-02,-8.961991516494317855e-02
-4.134380244311358643e-02,-4.134380244311358643e-02
-7.090560091864554770e-02,-7.090560091864554770e-02
4.569803143981086835e-02,4.569803143981086835e-02
-2.125401444588850830e-03,-2.125401444588850830e-03
1.023778732673942954e-01,1.023778732673942954e-01
4.770931218286604547e-02,4.770931218286604547e-02
1.215717765720011195e-01,1.215717765720011195e-01
8.616005792141370745e-02,8.616005792141370745e-02
7.464391499119493734e-02,7.464391499119493734e-02
-6.407972765223590716e-03,-6.407972765223590716e-03
7.404722626035448174e-03,7.404722626035448174e-03
2.823475030698380239e-02,2.823475030698380239e-02
2.448081428138029758e-03,2.448081428138029758e-03
1.683360691168897527e-02,1.683360691168897527e-02
-9.617703453530648816e-03,-9.617703453530648816e-03
-2.336537997224516494e-02,-2.336537997224516494e-02
4.048413201010986340e-03,4.048413201010986340e-03
4.922724648105451795e-02,4.922724648105451795e-02
3.989606441091508859e-02,3.989606441091508859e-02
-4.004470133541955523e-02,-4.004470133541955523e-02
-1.266380736594673040e-02,-1.266380736594673040e-02
6.533321651893997384e-02,6.533321651893997384e-02
3.969020536248279996e-02,3.969020536248279996e-02
5.424021214190211104e-02,5.424021214190211104e-02
-1.745919336923452969e-02,-1.745919336923452969e-02
-1.371413899412264603e-02,-1.371413899412264603e-02
7.377273469967625397e-02,7.377273469967625397e-02
4.512099436757753546e-02,4.512099436757753546e-02
-7.021832226389954079e-02,-7.021832226389954079e-02
5.592133096110508961e-02,5.592133096110508961e-02
8.816362707440209001e-02,8.816362707440209001e-02
4.282761902469098270e-02,4.282761902469098270e-02
1.205746141795288467e-01,1.205746141795288467e-01
-3.400199583423621497e-03,-3.400199583423621497e-03
4.640715759836724907e-03,4.640715759836724907e-03
1.509581074591161143e-02,1.509581074591161143e-02
5.206210514861552008e-02,5.206210514861552008e-02
7.452532406721616709e-02,7.452532406721616709e-02
8.236441987879219995e-03,8.236441987879219995e-03
9.630476938311316459e-03,9.630476938311316459e-03
1.108365738282332535e-02,1.108365738282332535e-02
-6.359162282728175741e-02,-6.359162282728175741e-02
-3.597751848278755993e-02,-3.597751848278755993e-02
-2.964035007399709598e-03,-2.964035007399709598e-03
-3.146239614553200670e-02,-3.146239614553200670e-02
1.162485316175866645e-02,1.162485316175866645e-02
-8.622428326960895895e-02,-8.622428326960895895e-02
1.446203415770015988e-01,1.446203415770015988e-01
-2.557251835843984966e-02,-2.557251835843984966e-02
-4.959420898137512079e-02,-4.959420898137512079e-02
8.036616040844156428e-02,8.036616040844156428e-02
4.007082852121660044e-03,4.007082852121660044e-03
-3.843411122404270797e-02,-3.843411122404270797e-02
7.094277511805940906e-03,7.094277511805940906e-03
1.591280230707120547e-03,1.591280230707120547e-03
-4.073581828873304445e-02,-4.073581828873304445e-02
-6.582634778851860491e-02,-6.582634778851860491e-02
2.059667315162541645e-02,2.059667315162541645e-02
-1.051496261080187011e-02,-1.051496261080187011e-02
-5.225644323523048751e-02,-5.225644323523048751e-02
1.658330503460724026e-02,1.658330503460724026e-02
1.057502631829233680e-01,1.057502631829233680e-01
-2.257240196590033776e-02,-2.257240196590033776e-02
-5.646191546802124817e-02,-5.646191546802124817e-02
6.852318514391310400e-02,6.852318514391310400e-02
2.883349591915736199e-02,2.883349591915736199e-02
-2.523846977559593419e-02,-2.523846977559593419e-02
6.912930130449991550e-02,6.912930130449991550e-02
3.448826115064390629e-03,3.448826115064390629e-03
2.805809112373465475e-02,2.805809112373465475e-02
-2.780648428488852186e-02,-2.780648428488852186e-02
-1.189738810468868313e-03,-1.189738810468868313e-03
-1.070507503427252372e-02,-1.070507503427252372e-02
-1.757448381101184287e-02,-1.757448381101184287e-02
-1.203114524578871303e-01,-1.203114524578871303e-01
2.457911076962127073e-02,2.457911076962127073e-02
7.829817611206268957e-03,7.829817611206268957e-03
-4.485603486805582463e-02,-4.485603486805582463e-02
1.364554418453303719e-02,1.364554418453303719e-02
3.499286719419206215e-02,3.499286719419206215e-02
1.806164890857597793e-02,1.806164890857597793e-02
1.061285672711755751e-01,1.061285672711755751e-01
9.845187832060901811e-02,9.845187832060901811e-02
6.047756044537190567e-02,6.047756044537190567e-02
1.590633711712971521e-02,1.590633711712971521e-02
-1.489785002575427786e-02,-1.489785002575427786e-02
2.365785020127553206e-02,2.365785020127553206e-02
1.561884915214101222e-02,1.561884915214101222e-02
8.754836896298359705e-02,8.754836896298359705e-02
4.737078715880346791e-02,4.737078715880346791e-02
5.416759199532562852e-02,5.416759199532562852e-02
-5.853346743649845418e-03,-5.853346743649845418e-03
-1.992989283068512252e-02,-1.992989283068512252e-02
1.262129930714905868e-02,1.262129930714905868e-02
5.549792866277283854e-03,5.549792866277283854e-03
-1.461388997655130306e-02,-1.461388997655130306e-02
9.290875564448800028e-02,9.290875564448800028e-02
-5.467908954278397071e-02,-5.467908954278397071e-02
-7.517180805899788265e-02,-7.517180805899788265e-02
-2.936793700074324942e-02,-2.936793700074324942e-02
-5.769338045632690926e-03,-5.769338045632690926e-03
1.458530860815114572e-02,1.458530860815114572e-02
-4.471942955273107423e-02,-4.471942955273107423e-02
2.523800223147126820e-02,2.523800223147126820e-02
3.467525989501810124e-02,3.467525989501810124e-02
7.166902386484097498e-02,7.166902386484097498e-02
1.765516835130800932e-02,1.765516835130800932e-02
2.992490164048197676e-02,2.992490164048197676e-02
3.853449025127692051e-02,3.853449025127692051e-02
-1.901920665364170704e-02,-1.901920665364170704e-02
9.198516211378454654e-02,9.198516211378454654e-02
-3.444017971410417989e-03,-3.444017971410417989e-03
4.207515214572470075e-02,4.207515214572470075e-02
3.118402789621936566e-02,3.118402789621936566e-02
7.617862375303265099e-02,7.617862375303265099e-02
4.969964447994318357e-02,4.969964447994318357e-02
2.384345406746112006e-02,2.384345406746112006e-02
-2.084535790964191226e-02,-2.084535790964191226e-02
-5.163535980787092861e-02,-5.163535980787092861e-02
-2.674681467639929144e-02,-2.674681467639929144e-02
4.272237300444253760e-02,4.272237300444253760e-02
-3.634052561395900716e-03,-3.634052561395900716e-03
-3.580439962365594697e-02,-3.580439962365594697e-02
-5.800238955657398277e-02,-5.800238955657398277e-02
-2.455994346656933947e-02,-2.455994346656933947e-02
5.880379968337719199e-02,5.880379968337719199e-02
-2.533721785176133723e-02,-2.533721785176133723e-02
2.094422539835491537e-02,2.094422539835491537e-02
1.131419767824810851e-02,1.131419767824810851e-02
4.327222498065101675e-02,4.327222498065101675e-02
5.435620697267262713e-02,5.435620697267262713e-02
3.803455271128923509e-02,3.803455271128923509e-02
1.750774073638433626e-02,1.750774073638433626e-02
-2.415881989509542638e-02,-2.415881989509542638e-02
-2.527877302847116037e-02,-2.527877302847116037e-02
4.518634087239113695e-02,4.518634087239113695e-02
-1.519628334475442433e-03,-1.519628334475442433e-03
8.173228517237174362e-03,8.173228517237174362e-03
4.879625070287940680e-02,4.879625070287940680e-02
-3.592710491559522601e-02,-3.592710491559522601e-02
-3.001140272841677781e-02,-3.001140272841677781e-02
2.331460324895252845e-02,2.331460324895252845e-02
-1.875478061348906378e-02,-1.875478061348906378e-02
-4.241685115073307033e-03,-4.241685115073307033e-03
-5.385655611168722878e-02,-5.385655611168722878e-02
-3.629514484547394226e-02,-3.629514484547394226e-02
2.502893950980383808e-03,2.502893950980383808e-03
-2.457302990845829094e-02,-2.457302990845829094e-02
3.232312490024508156e-04,3.232312490024508156e-04
-3.409519613804280758e-02,-3.409519613804280758e-02
-5.449035492192405572e-02,-5.449035492192405572e-02
4.448784732360516747e-02,4.448784732360516747e-02
2.581566730250903219e-02,2.581566730250903219e-02
5.225501460273168641e-02,5.225501460273168641e-02
8.466180806460051056e-02,8.466180806460051056e-02
3.093085699761081997e-02,3.093085699761081997e-02
2.932801517759218990e-02,2.932801517759218990e-02
4.969744299707457014e-02,4.969744299707457014e-02
6.121485335872557665e-02,6.121485335872557665e-02
8.254600094996836224e-02,8.254600094996836224e-02
-2.154925722699736756e-02,-2.154925722699736756e-02
-3.492819091563048595e-02,-3.492819091563048595e-02
-3.211509185069072458e-03,-3.211509185069072458e-03
3.647658695038802357e-03,3.647658695038802357e-03
-1.020612765754325135e-02,-1.020612765754325135e-02
-1.563669545899953883e-02,-1.563669545899953883e-02
2.994260895964825919e-02,2.994260895964825919e-02
2.599398286948650938e-02,2.599398286948650938e-02
-5.390608382571841772e-02,-5.390608382571841772e-02
1.726805517560950354e-03,1.726805517560950354e-03
-1.519610128174117558e-02,-1.519610128174117558e-02
3.362403106508635164e-02,3.362403106508635164e-02
6.630110207275040357e-02,6.630110207275040357e-02
-2.382052989065990001e-02,-2.382052989065990001e-02
1.947569539215035506e-02,1.947569539215035506e-02
7.441347151641328206e-02,7.441347151641328206e-02
8.933466439785757440e-02,8.933466439785757440e-02
1.933569423620742911e-02,1.933569423620742911e-02
3.537621387860317990e-04,3.537621387860317990e-04
4.695530243255779945e-02,4.695530243255779945e-02
5.214629662139610988e-02,5.214629662139610988e-02
3.444632858361643124e-02,3.444632858361643124e-02
-6.678152071544284085e-02,-6.678152071544284085e-02
1.966172896147841409e-02,1.966172896147841409e-02
6.885543961362172727e-02,6.885543961362172727e-02
-4.350558209210986238e-03,-4.350558209210986238e-03
-3.647793230568836809e-02,-3.647793230568836809e-02
1.062161481396245721e-01,1.062161481396245721e-01
1.718840150423604496e-01,1.718840150423604496e-01
1.943285885678082414e-02,1.943285885678082414e-02
4.127974311944707098e-02,4.127974311944707098e-02
-7.351788994692942669e-02,-7.351788994692942669e-02
9.503486301696011107e-02,9.503486301696011107e-02
-1.982340378889602128e-02,-1.982340378889602128e-02
2.968286450414171773e-02,2.968286450414171773e-02
9.230533937815976753e-03,9.230533937815976753e-03
-4.971369280485579689e-02,-4.971369280485579689e-02
6.203623617785797295e-02,6.203623617785797295e-02
9.031919253870998587e-02,9.031919253870998587e-02
-5.340850166569936774e-02,-5.340850166569936774e-02
-5.157177366173237854e-02,-5.157177366173237854e-02
9.348274595645393592e-02,9.348274595645393592e-02
3.752684086042613887e-02,3.752684086042613887e-02
1.553274856965679296e-02,1.553274856965679296e-02
3.736557466780449088e-03,3.736557466780449088e-03
6.785254777228894030e-02,6.785254777228894030e-02
-1.004109599769141548e-02,-1.004109599769141548e-02
-1.354223289653484763e-02,-1.354223289653484763e-02
-7.680152584652814862e-02,-7.680152584652814862e-02
5.569123342971867008e-02,5.569123342971867008e-02
-3.436080319783182957e-02,-3.436080319783182957e-02
-2.691877120501207088e-02,-2.691877120501207088e-02
7.505601308525768067e-02,7.505601308525768067e-02
-1.257642560021970946e-02,-1.257642560021970946e-02
1.300844540719527098e-02,1.300844540719527098e-02
7.528679662705332898e-02,7.528679662705332898e-02
-2.255011327484446326e-02,-2.255011327484446326e-02
-5.684178624402871915e-02,-5.684178624402871915e-02
4.003903968245403622e-03,4.003903968245403622e-03
-2.953666608286673045e-02,-2.953666608286673045e-02
6.681856118802363687e-02,6.681856118802363687e-02
-4.740997231700376513e-02,-4.740997231700376513e-02
-6.313640307049571410e-02,-6.313640307049571410e-02
3.824431669788415367e-02,3.824431669788415367e-02
-2.476831217763068860e-02,-2.476831217763068860e-02
-1.139847392390382214e-01,-1.139847392390382214e-01
-5.933793234542732165e-02,-5.933793234542732165e-02
4.695575077813986253e-02,4.695575077813986253e-02
-1.719334933667802934e-02,-1.719334933667802934e-02
-2.327882247968690588e-02,-2.327882247968690588e-02
