-1.061401367187500000e-01,-1.061401367187500000e-01
-7.113647460937500000e-02,-7.113647460937500000e-02
-3.485107421875000000e-02,-3.485107421875000000e-02
3.326416015625000000e-03,3.326416015625000000e-03
2.536010742187500000e-02,2.536010742187500000e-02
-1.327514648437500000e-02,-1.327514648437500000e-02
-5.017089843750000000e-02,-5.017089843750000000e-02
-4.299926757812500000e-02,-4.299926757812500000e-02
-3.622436523437500000e-02,-3.622436523437500000e-02
-8.117675781250000000e-03,-8.117675781250000000e-03
5.358886718750000000e-02,5.358886718750000000e-02
4.992675781250000000e-02,4.992675781250000000e-02
-3.314208984375000000e-02,-3.314208984375000000e-02
-5.850219726562500000e-02,-5.850219726562500000e-02
6.347656250000000000e-03,6.347656250000000000e-03
3.723144531250000000e-02,3.723144531250000000e-02
1.675415039062500000e-02,1.675415039062500000e-02
1.403808593750000000e-02,1.403808593750000000e-02
1.251220703125000000e-02,1.251220703125000000e-02
-1.495361328125000000e-03,-1.495361328125000000e-03
-2.407836914062500000e-02,-2.407836914062500000e-02
-5.130004882812500000e-02,-5.130004882812500000e-02
-3.756713867187500000e-02,-3.756713867187500000e-02
1.049804687500000000e-02,1.049804687500000000e-02
3.704833984375000000e-02,3.704833984375000000e-02
1.303100585937500000e-02,1.303100585937500000e-02
-2.569580078125000000e-02,-2.569580078125000000e-02
3.356933593750000000e-04,3.356933593750000000e-04
4.809570312500000000e-02,4.809570312500000000e-02
2.151489257812500000e-02,2.151489257812500000e-02
-3.665161132812500000e-02,-3.665161132812500000e-02
-6.518554687500000000e-02,-6.518554687500000000e-02
-7.135009765625000000e-02,-7.135009765625000000e-02
-3.915405273437500000e-02,-3.915405273437500000e-02
4.263305664062500000e-02,4.263305664062500000e-02
9.347534179687500000e-02,9.347534179687500000e-02
6.698608398437500000e-02,6.698608398437500000e-02
3.259277343750000000e-02,3.259277343750000000e-02
-9.307861328125000000e-03,-9.307861328125000000e-03
-6.945800781250000000e-02,-6.945800781250000000e-02
-6.207275390625000000e-02,-6.207275390625000000e-02
-3.326416015625000000e-03,-3.326416015625000000e-03
3.369140625000000000e-02,3.369140625000000000e-02
5.923461914062500000e-02,5.923461914062500000e-02
5.764770507812500000e-02,5.764770507812500000e-02
3.143310546875000000e-03,3.143310546875000000e-03
-2.932739257812500000e-02,-2.932739257812500000e-02
1.000976562500000000e-02,1.000976562500000000e-02
4.388427734375000000e-02,4.388427734375000000e-02
3.356933593750000000e-02,3.356933593750000000e-02
1.312255859375000000e-03,1.312255859375000000e-03
-5.398559570312500000e-02,-5.398559570312500000e-02
-7.498168945312500000e-02,-7.498168945312500000e-02
-2.291870117187500000e-02,-2.291870117187500000e-02
1.004028320312500000e-02,1.004028320312500000e-02
-8.850097656250000000e-04,-8.850097656250000000e-04
4.620361328125000000e-02,4.620361328125000000e-02
9.725952148437500000e-02,9.725952148437500000e-02
2.886962890625000000e-02,2.886962890625000000e-02
-5.081176757812500000e-02,-5.081176757812500000e-02
-5.105590820312500000e-02,-5.105590820312500000e-02
-4.403686523437500000e-02,-4.403686523437500000e-02
-1.296997070312500000e-02,-1.296997070312500000e-02
5.493164062500000000e-02,5.493164062500000000e-02
6.942749023437500000e-02,6.942749023437500000e-02
5.426025390625000000e-02,5.426025390625000000e-02
8.453369140625000000e-02,8.453369140625000000e-02
7.095336914062500000e-02,7.095336914062500000e-02
-3.955078125000000000e-02,-3.955078125000000000e-02
-9.237670898437500000e-02,-9.237670898437500000e-02
-2.648925781250000000e-02,-2.648925781250000000e-02
2.154541015625000000e-02,2.154541015625000000e-02
-4.394531250000000000e-03,-4.394531250000000000e-03
-3.628540039062500000e-02,-3.628540039062500000e-02
-3.219604492187500000e-02,-3.219604492187500000e-02
3.051757812500000000e-05,3.051757812500000000e-05
2.902221679687500000e-02,2.902221679687500000e-02
1.327514648437500000e-02,1.327514648437500000e-02
-3.829956054687500000e-02,-3.829956054687500000e-02
-5.828857421875000000e-02,-5.828857421875000000e-02
-2.209472656250000000e-02,-2.209472656250000000e-02
2.633666992187500000e-02,2.633666992187500000e-02
5.108642578125000000e-02,5.108642578125000000e-02
6.283569335937500000e-02,6.283569335937500000e-02
6.735229492187500000e-02,6.735229492187500000e-02
4.318237304687500000e-02,4.318237304687500000e-02
1.242065429687500000e-02,1.242065429687500000e-02
8.758544921875000000e-03,8.758544921875000000e-03
1.522827148437500000e-02,1.522827148437500000e-02
3.967285156250000000e-03,3.967285156250000000e-03
-3.552246093750000000e-02,-3.552246093750000000e-02
-5.459594726562500000e-02,-5.459594726562500000e-02
-1.040649414062500000e-02,-1.040649414062500000e-02
2.825927734375000000e-02,2.825927734375000000e-02
2.307128906250000000e-02,2.307128906250000000e-02
1.980590820312500000e-02,1.980590820312500000e-02
-1.300048828125000000e-02,-1.300048828125000000e-02
-8.752441406250000000e-02,-8.752441406250000000e-02
-8.041381835937500000e-02,-8.041381835937500000e-02
1.550292968750000000e-02,1.550292968750000000e-02
5.905151367187500000e-02,5.905151367187500000e-02
3.704833984375000000e-02,3.704833984375000000e-02
1.531982421875000000e-02,1.531982421875000000e-02
1.867675781250000000e-02,1.867675781250000000e-02
5.664062500000000000e-02,5.664062500000000000e-02
6.250000000000000000e-02,6.250000000000000000e-02
-1.065063476562500000e-02,-1.065063476562500000e-02
-6.216430664062500000e-02,-6.216430664062500000e-02
-2.078247070312500000e-02,-2.078247070312500000e-02
2.694702148437500000e-02,2.694702148437500000e-02
2.011108398437500000e-02,2.011108398437500000e-02
1.876831054687500000e-02,1.876831054687500000e-02
3.741455078125000000e-02,3.741455078125000000e-02
2.978515625000000000e-02,2.978515625000000000e-02
1.617431640625000000e-03,1.617431640625000000e-03
-4.037475585937500000e-02,-4.037475585937500000e-02
-1.051940917968750000e-01,-1.051940917968750000e-01
-1.299438476562500000e-01,-1.299438476562500000e-01
-4.992675781250000000e-02,-4.992675781250000000e-02
5.328369140625000000e-02,5.328369140625000000e-02
8.874511718750000000e-02,8.874511718750000000e-02
9.973144531250000000e-02,9.973144531250000000e-02
9.109497070312500000e-02,9.109497070312500000e-02
3.335571289062500000e-02,3.335571289062500000e-02
-2.093505859375000000e-02,-2.093505859375000000e-02
-6.454467773437500000e-02,-6.454467773437500000e-02
-1.095886230468750000e-01,-1.095886230468750000e-01
-9.899902343750000000e-02,-9.899902343750000000e-02
-2.511596679687500000e-02,-2.511596679687500000e-02
4.153442382812500000e-02,4.153442382812500000e-02
4.956054687500000000e-02,4.956054687500000000e-02
4.080200195312500000e-02,4.080200195312500000e-02
5.841064453125000000e-02,5.841064453125000000e-02
4.016113281250000000e-02,4.016113281250000000e-02
-1.763916015625000000e-02,-1.763916015625000000e-02
-4.583740234375000000e-02,-4.583740234375000000e-02
-7.312011718750000000e-02,-7.312011718750000000e-02
-9.326171875000000000e-02,-9.326171875000000000e-02
-2.557373046875000000e-02,-2.557373046875000000e-02
6.475830078125000000e-02,6.475830078125000000e-02
6.896972656250000000e-02,6.896972656250000000e-02
3.710937500000000000e-02,3.710937500000000000e-02
4.830932617187500000e-02,4.830932617187500000e-02
6.045532226562500000e-02,6.045532226562500000e-02
-5.004882812500000000e-03,-5.004882812500000000e-03
-9.640502929687500000e-02,-9.640502929687500000e-02
-1.189270019531250000e-01,-1.189270019531250000e-01
-9.616088867187500000e-02,-9.616088867187500000e-02
-4.348754882812500000e-02,-4.348754882812500000e-02
3.344726562500000000e-02,3.344726562500000000e-02
5.926513671875000000e-02,5.926513671875000000e-02
5.450439453125000000e-02,5.450439453125000000e-02
7.189941406250000000e-02,7.189941406250000000e-02
4.577636718750000000e-02,4.577636718750000000e-02
-2.862548828125000000e-02,-2.862548828125000000e-02
-5.911254882812500000e-02,-5.911254882812500000e-02
-3.500366210937500000e-02,-3.500366210937500000e-02
4.882812500000000000e-04,4.882812500000000000e-04
2.502441406250000000e-02,2.502441406250000000e-02
2.359008789062500000e-02,2.359008789062500000e-02
1.693725585937500000e-02,1.693725585937500000e-02
6.042480468750000000e-03,6.042480468750000000e-03
-3.836059570312500000e-02,-3.836059570312500000e-02
-6.420898437500000000e-02,-6.420898437500000000e-02
-3.912353515625000000e-02,-3.912353515625000000e-02
-2.835083007812500000e-02,-2.835083007812500000e-02
-3.994750976562500000e-02,-3.994750976562500000e-02
-4.016113281250000000e-02,-4.016113281250000000e-02
-5.126953125000000000e-02,-5.126953125000000000e-02
-5.526733398437500000e-02,-5.526733398437500000e-02
-8.941650390625000000e-03,-8.941650390625000000e-03
1.083374023437500000e-02,1.083374023437500000e-02
-2.700805664062500000e-02,-2.700805664062500000e-02
1.190185546875000000e-02,1.190185546875000000e-02
1.028137207031250000e-01,1.028137207031250000e-01
9.597778320312500000e-02,9.597778320312500000e-02
5.404663085937500000e-02,5.404663085937500000e-02
3.958129882812500000e-02,3.958129882812500000e-02
-1.550292968750000000e-02,-1.550292968750000000e-02
-7.308959960937500000e-02,-7.308959960937500000e-02
-6.793212890625000000e-02,-6.793212890625000000e-02
-1.541137695312500000e-02,-1.541137695312500000e-02
3.689575195312500000e-02,3.689575195312500000e-02
7.385253906250000000e-03,7.385253906250000000e-03
-8.471679687500000000e-02,-8.471679687500000000e-02
-9.786987304687500000e-02,-9.786987304687500000e-02
-1.013183593750000000e-02,-1.013183593750000000e-02
4.849243164062500000e-02,4.849243164062500000e-02
2.111816406250000000e-02,2.111816406250000000e-02
-2.728271484375000000e-02,-2.728271484375000000e-02
-5.145263671875000000e-02,-5.145263671875000000e-02
-2.230834960937500000e-02,-2.230834960937500000e-02
6.353759765625000000e-02,6.353759765625000000e-02
9.854125976562500000e-02,9.854125976562500000e-02
5.767822265625000000e-02,5.767822265625000000e-02
4.943847656250000000e-02,4.943847656250000000e-02
5.130004882812500000e-02,5.130004882812500000e-02
-1.239013671875000000e-02,-1.239013671875000000e-02
-9.094238281250000000e-02,-9.094238281250000000e-02
-1.030273437500000000e-01,-1.030273437500000000e-01
-3.137207031250000000e-02,-3.137207031250000000e-02
4.833984375000000000e-02,4.833984375000000000e-02
5.584716796875000000e-02,5.584716796875000000e-02
-4.028320312500000000e-03,-4.028320312500000000e-03
-7.357788085937500000e-02,-7.357788085937500000e-02
-7.980346679687500000e-02,-7.980346679687500000e-02
-3.775024414062500000e-02,-3.775024414062500000e-02
-5.981445312500000000e-03,-5.981445312500000000e-03
4.385375976562500000e-02,4.385375976562500000e-02
6.903076171875000000e-02,6.903076171875000000e-02
-1.275634765625000000e-02,-1.275634765625000000e-02
-7.693481445312500000e-02,-7.693481445312500000e-02
-5.584716796875000000e-03,-5.584716796875000000e-03
8.630371093750000000e-02,8.630371093750000000e-02
1.116027832031250000e-01,1.116027832031250000e-01
1.011657714843750000e-01,1.011657714843750000e-01
3.308105468750000000e-02,3.308105468750000000e-02
-5.889892578125000000e-02,-5.889892578125000000e-02
-6.344604492187500000e-02,-6.344604492187500000e-02
-1.473999023437500000e-02,-1.473999023437500000e-02
-9.948730468750000000e-03,-9.948730468750000000e-03
-3.234863281250000000e-02,-3.234863281250000000e-02
-4.107666015625000000e-02,-4.107666015625000000e-02
-5.407714843750000000e-02,-5.407714843750000000e-02
-6.555175781250000000e-02,-6.555175781250000000e-02
-2.987670898437500000e-02,-2.987670898437500000e-02
2.056884765625000000e-02,2.056884765625000000e-02
3.680419921875000000e-02,3.680419921875000000e-02
4.556274414062500000e-02,4.556274414062500000e-02
3.720092773437500000e-02,3.720092773437500000e-02
-1.098632812500000000e-02,-1.098632812500000000e-02
-4.217529296875000000e-02,-4.217529296875000000e-02
-6.103515625000000000e-03,-6.103515625000000000e-03
5.169677734375000000e-02,5.169677734375000000e-02
5.407714843750000000e-02,5.407714843750000000e-02
2.517700195312500000e-02,2.517700195312500000e-02
2.136230468750000000e-02,2.136230468750000000e-02
2.593994140625000000e-03,2.593994140625000000e-03
-4.327392578125000000e-02,-4.327392578125000000e-02
-5.990600585937500000e-02,-5.990600585937500000e-02
-6.579589843750000000e-02,-6.579589843750000000e-02
-7.672119140625000000e-02,-7.672119140625000000e-02
-4.220581054687500000e-02,-4.220581054687500000e-02
6.744384765625000000e-03,6.744384765625000000e-03
1.660156250000000000e-02,1.660156250000000000e-02
1.242065429687500000e-02,1.242065429687500000e-02
-1.953125000000000000e-03,-1.953125000000000000e-03
-2.407836914062500000e-02,-2.407836914062500000e-02
-1.626586914062500000e-02,-1.626586914062500000e-02
1.614379882812500000e-02,1.614379882812500000e-02
3.842163085937500000e-02,3.842163085937500000e-02
3.259277343750000000e-02,3.259277343750000000e-02
1.452636718750000000e-02,1.452636718750000000e-02
1.409912109375000000e-02,1.409912109375000000e-02
3.689575195312500000e-02,3.689575195312500000e-02
7.971191406250000000e-02,7.971191406250000000e-02
9.667968750000000000e-02,9.667968750000000000e-02
4.052734375000000000e-02,4.052734375000000000e-02
-2.819824218750000000e-02,-2.819824218750000000e-02
-5.075073242187500000e-02,-5.075073242187500000e-02
-6.134033203125000000e-02,-6.134033203125000000e-02
-9.066772460937500000e-02,-9.066772460937500000e-02
-1.046447753906250000e-01,-1.046447753906250000e-01
-6.375122070312500000e-02,-6.375122070312500000e-02
1.190185546875000000e-03,1.190185546875000000e-03
5.749511718750000000e-02,5.749511718750000000e-02
1.023254394531250000e-01,1.023254394531250000e-01
8.673095703125000000e-02,8.673095703125000000e-02
4.302978515625000000e-03,4.302978515625000000e-03
-5.654907226562500000e-02,-5.654907226562500000e-02
-4.028320312500000000e-02,-4.028320312500000000e-02
2.609252929687500000e-02,2.609252929687500000e-02
6.835937500000000000e-02,6.835937500000000000e-02
5.703735351562500000e-02,5.703735351562500000e-02
3.387451171875000000e-02,3.387451171875000000e-02
1.232910156250000000e-02,1.232910156250000000e-02
-1.556396484375000000e-02,-1.556396484375000000e-02
-4.302978515625000000e-02,-4.302978515625000000e-02
-4.949951171875000000e-02,-4.949951171875000000e-02
-1.596069335937500000e-02,-1.596069335937500000e-02
7.904052734375000000e-03,7.904052734375000000e-03
-6.439208984375000000e-03,-6.439208984375000000e-03
-2.239990234375000000e-02,-2.239990234375000000e-02
-5.120849609375000000e-02,-5.120849609375000000e-02
-6.091308593750000000e-02,-6.091308593750000000e-02
9.918212890625000000e-03,9.918212890625000000e-03
6.979370117187500000e-02,6.979370117187500000e-02
5.264282226562500000e-02,5.264282226562500000e-02
3.842163085937500000e-02,3.842163085937500000e-02
3.027343750000000000e-02,3.027343750000000000e-02
-1.599121093750000000e-02,-1.599121093750000000e-02
-6.399536132812500000e-02,-6.399536132812500000e-02
-8.612060546875000000e-02,-8.612060546875000000e-02
-6.478881835937500000e-02,-6.478881835937500000e-02
1.092529296875000000e-02,1.092529296875000000e-02
7.745361328125000000e-02,7.745361328125000000e-02
8.023071289062500000e-02,8.023071289062500000e-02
3.668212890625000000e-02,3.668212890625000000e-02
-1.614379882812500000e-02,-1.614379882812500000e-02
-3.076171875000000000e-02,-3.076171875000000000e-02
-6.347656250000000000e-03,-6.347656250000000000e-03
-1.556396484375000000e-03,-1.556396484375000000e-03
6.591796875000000000e-03,6.591796875000000000e-03
5.889892578125000000e-02,5.889892578125000000e-02
7.202148437500000000e-02,7.202148437500000000e-02
8.941650390625000000e-03,8.941650390625000000e-03
-3.085327148437500000e-02,-3.085327148437500000e-02
-7.843017578125000000e-03,-7.843017578125000000e-03
1.174926757812500000e-02,1.174926757812500000e-02
6.927490234375000000e-03,6.927490234375000000e-03
4.150390625000000000e-03,4.150390625000000000e-03
-1.574707031250000000e-02,-1.574707031250000000e-02
-4.708862304687500000e-02,-4.708862304687500000e-02
-2.651977539062500000e-02,-2.651977539062500000e-02
2.923583984375000000e-02,2.923583984375000000e-02
3.912353515625000000e-02,3.912353515625000000e-02
-3.326416015625000000e-03,-3.326416015625000000e-03
-4.049682617187500000e-02,-4.049682617187500000e-02
-3.662109375000000000e-02,-3.662109375000000000e-02
-1.141357421875000000e-02,-1.141357421875000000e-02
-7.354736328125000000e-03,-7.354736328125000000e-03
-3.598022460937500000e-02,-3.598022460937500000e-02
-5.581665039062500000e-02,-5.581665039062500000e-02
-8.178710937500000000e-03,-8.178710937500000000e-03
7.656860351562500000e-02,7.656860351562500000e-02
1.000061035156250000e-01,1.000061035156250000e-01
7.006835937500000000e-02,7.006835937500000000e-02
6.509399414062500000e-02,6.509399414062500000e-02
6.192016601562500000e-02,6.192016601562500000e-02
-7.324218750000000000e-04,-7.324218750000000000e-04
-7.659912109375000000e-02,-7.659912109375000000e-02
-8.203125000000000000e-02,-8.203125000000000000e-02
-2.700805664062500000e-02,-2.700805664062500000e-02
2.468872070312500000e-02,2.468872070312500000e-02
3.622436523437500000e-02,3.622436523437500000e-02
8.819580078125000000e-03,8.819580078125000000e-03
-2.236938476562500000e-02,-2.236938476562500000e-02
-2.914428710937500000e-02,-2.914428710937500000e-02
-1.977539062500000000e-02,-1.977539062500000000e-02
-1.400756835937500000e-02,-1.400756835937500000e-02
-2.709960937500000000e-02,-2.709960937500000000e-02
-4.217529296875000000e-02,-4.217529296875000000e-02
-1.483154296875000000e-02,-1.483154296875000000e-02
2.844238281250000000e-02,2.844238281250000000e-02
2.130126953125000000e-02,2.130126953125000000e-02
1.007080078125000000e-02,1.007080078125000000e-02
4.238891601562500000e-02,4.238891601562500000e-02
5.209350585937500000e-02,5.209350585937500000e-02
4.559326171875000000e-02,4.559326171875000000e-02
7.400512695312500000e-02,7.400512695312500000e-02
6.182861328125000000e-02,6.182861328125000000e-02
-2.426147460937500000e-02,-2.426147460937500000e-02
-7.803344726562500000e-02,-7.803344726562500000e-02
-4.867553710937500000e-02,-4.867553710937500000e-02
1.354980468750000000e-02,1.354980468750000000e-02
5.212402343750000000e-02,5.212402343750000000e-02
3.512573242187500000e-02,3.512573242187500000e-02
-1.220703125000000000e-02,-1.220703125000000000e-02
-4.833984375000000000e-02,-4.833984375000000000e-02
-6.384277343750000000e-02,-6.384277343750000000e-02
-4.223632812500000000e-02,-4.223632812500000000e-02
-1.278686523437500000e-02,-1.278686523437500000e-02
-1.934814453125000000e-02,-1.934814453125000000e-02
-1.132202148437500000e-02,-1.132202148437500000e-02
2.590942382812500000e-02,2.590942382812500000e-02
3.588867187500000000e-02,3.588867187500000000e-02
2.850341796875000000e-02,2.850341796875000000e-02
1.455688476562500000e-02,1.455688476562500000e-02
-1.116943359375000000e-02,-1.116943359375000000e-02
2.136230468750000000e-03,2.136230468750000000e-03
3.872680664062500000e-02,3.872680664062500000e-02
2.615356445312500000e-02,2.615356445312500000e-02
-1.770019531250000000e-03,-1.770019531250000000e-03
8.758544921875000000e-03,8.758544921875000000e-03
1.828002929687500000e-02,1.828002929687500000e-02
-1.498413085937500000e-02,-1.498413085937500000e-02
-6.292724609375000000e-02,-6.292724609375000000e-02
-8.526611328125000000e-02,-8.526611328125000000e-02
-7.550048828125000000e-02,-7.550048828125000000e-02
-2.487182617187500000e-02,-2.487182617187500000e-02
4.486083984375000000e-02,4.486083984375000000e-02
5.926513671875000000e-02,5.926513671875000000e-02
1.861572265625000000e-02,1.861572265625000000e-02
1.831054687500000000e-03,1.831054687500000000e-03
9.613037109375000000e-03,9.613037109375000000e-03
-9.613037109375000000e-03,-9.613037109375000000e-03
-2.462768554687500000e-02,-2.462768554687500000e-02
6.103515625000000000e-03,6.103515625000000000e-03
2.056884765625000000e-02,2.056884765625000000e-02
-2.496337890625000000e-02,-2.496337890625000000e-02
-6.109619140625000000e-02,-6.109619140625000000e-02
-5.737304687500000000e-02,-5.737304687500000000e-02
-4.214477539062500000e-02,-4.214477539062500000e-02
1.385498046875000000e-02,1.385498046875000000e-02
7.269287109375000000e-02,7.269287109375000000e-02
4.660034179687500000e-02,4.660034179687500000e-02
-4.211425781250000000e-03,-4.211425781250000000e-03
-2.252197265625000000e-02,-2.252197265625000000e-02
-5.892944335937500000e-02,-5.892944335937500000e-02
-6.918334960937500000e-02,-6.918334960937500000e-02
2.810668945312500000e-02,2.810668945312500000e-02
1.116027832031250000e-01,1.116027832031250000e-01
5.902099609375000000e-02,5.902099609375000000e-02
-8.026123046875000000e-03,-8.026123046875000000e-03
-9.948730468750000000e-03,-9.948730468750000000e-03
-2.163696289062500000e-02,-2.163696289062500000e-02
-3.927612304687500000e-02,-3.927612304687500000e-02
-4.183959960937500000e-02,-4.183959960937500000e-02
-6.329345703125000000e-02,-6.329345703125000000e-02
-7.553100585937500000e-02,-7.553100585937500000e-02
-4.855346679687500000e-02,-4.855346679687500000e-02
-2.792358398437500000e-02,-2.792358398437500000e-02
-3.195190429687500000e-02,-3.195190429687500000e-02
-3.698730468750000000e-02,-3.698730468750000000e-02
-3.875732421875000000e-02,-3.875732421875000000e-02
-6.195068359375000000e-03,-6.195068359375000000e-03
6.930541992187500000e-02,6.930541992187500000e-02
9.542846679687500000e-02,9.542846679687500000e-02
2.737426757812500000e-02,2.737426757812500000e-02
-3.692626953125000000e-02,-3.692626953125000000e-02
-4.486083984375000000e-03,-4.486083984375000000e-03
6.820678710937500000e-02,6.820678710937500000e-02
6.475830078125000000e-02,6.475830078125000000e-02
1.574707031250000000e-02,1.574707031250000000e-02
1.489257812500000000e-02,1.489257812500000000e-02
1.690673828125000000e-02,1.690673828125000000e-02
-2.481079101562500000e-02,-2.481079101562500000e-02
-3.793334960937500000e-02,-3.793334960937500000e-02
2.441406250000000000e-03,2.441406250000000000e-03
3.665161132812500000e-02,3.665161132812500000e-02
2.569580078125000000e-02,2.569580078125000000e-02
-3.665161132812500000e-02,-3.665161132812500000e-02
-7.754516601562500000e-02,-7.754516601562500000e-02
-1.248168945312500000e-02,-1.248168945312500000e-02
5.218505859375000000e-02,5.218505859375000000e-02
2.114868164062500000e-02,2.114868164062500000e-02
2.960205078125000000e-03,2.960205078125000000e-03
1.693725585937500000e-02,1.693725585937500000e-02
1.190185546875000000e-03,1.190185546875000000e-03
8.270263671875000000e-03,8.270263671875000000e-03
4.574584960937500000e-02,4.574584960937500000e-02
5.151367187500000000e-02,5.151367187500000000e-02
1.065063476562500000e-02,1.065063476562500000e-02
-4.263305664062500000e-02,-4.263305664062500000e-02
-4.977416992187500000e-02,-4.977416992187500000e-02
3.082275390625000000e-03,3.082275390625000000e-03
6.866455078125000000e-02,6.866455078125000000e-02
7.485961914062500000e-02,7.485961914062500000e-02
-1.019287109375000000e-02,-1.019287109375000000e-02
-1.055297851562500000e-01,-1.055297851562500000e-01
-1.005249023437500000e-01,-1.005249023437500000e-01
-1.525878906250000000e-04,-1.525878906250000000e-04
9.332275390625000000e-02,9.332275390625000000e-02
1.405944824218750000e-01,1.405944824218750000e-01
1.567077636718750000e-01,1.567077636718750000e-01
8.990478515625000000e-02,8.990478515625000000e-02
-4.525756835937500000e-02,-4.525756835937500000e-02
-1.243286132812500000e-01,-1.243286132812500000e-01
-1.192016601562500000e-01,-1.192016601562500000e-01
-7.040405273437500000e-02,-7.040405273437500000e-02
4.302978515625000000e-03,4.302978515625000000e-03
4.092407226562500000e-02,4.092407226562500000e-02
1.895141601562500000e-02,1.895141601562500000e-02
1.434326171875000000e-02,1.434326171875000000e-02
2.465820312500000000e-02,2.465820312500000000e-02
1.037597656250000000e-02,1.037597656250000000e-02
2.426147460937500000e-02,2.426147460937500000e-02
6.967163085937500000e-02,6.967163085937500000e-02
6.716918945312500000e-02,6.716918945312500000e-02
1.312255859375000000e-02,1.312255859375000000e-02
-3.143310546875000000e-02,-3.143310546875000000e-02
-4.565429687500000000e-02,-4.565429687500000000e-02
-1.141357421875000000e-02,-1.141357421875000000e-02
9.313964843750000000e-02,9.313964843750000000e-02
1.510925292968750000e-01,1.510925292968750000e-01
6.253051757812500000e-02,6.253051757812500000e-02
-3.500366210937500000e-02,-3.500366210937500000e-02
-6.823730468750000000e-02,-6.823730468750000000e-02
-1.072998046875000000e-01,-1.072998046875000000e-01
-9.365844726562500000e-02,-9.365844726562500000e-02
-1.400756835937500000e-02,-1.400756835937500000e-02
2.597045898437500000e-02,2.597045898437500000e-02
3.295898437500000000e-02,3.295898437500000000e-02
2.868652343750000000e-02,2.868652343750000000e-02
-1.812744140625000000e-02,-1.812744140625000000e-02
-5.929565429687500000e-02,-5.929565429687500000e-02
-2.688598632812500000e-02,-2.688598632812500000e-02
4.574584960937500000e-02,4.574584960937500000e-02
8.071899414062500000e-02,8.071899414062500000e-02
7.855224609375000000e-02,7.855224609375000000e-02
3.869628906250000000e-02,3.869628906250000000e-02
-7.855224609375000000e-02,-7.855224609375000000e-02
-1.517944335937500000e-01,-1.517944335937500000e-01
-4.852294921875000000e-02,-4.852294921875000000e-02
1.016235351562500000e-01,1.016235351562500000e-01
1.332397460937500000e-01,1.332397460937500000e-01
6.167602539062500000e-02,6.167602539062500000e-02
-3.161621093750000000e-02,-3.161621093750000000e-02
-1.082763671875000000e-01,-1.082763671875000000e-01
-1.103210449218750000e-01,-1.103210449218750000e-01
1.449584960937500000e-02,1.449584960937500000e-02
1.283264160156250000e-01,1.283264160156250000e-01
9.774780273437500000e-02,9.774780273437500000e-02
9.979248046875000000e-03,9.979248046875000000e-03
-6.701660156250000000e-02,-6.701660156250000000e-02
-8.129882812500000000e-02,-8.129882812500000000e-02
2.148437500000000000e-02,2.148437500000000000e-02
8.560180664062500000e-02,8.560180664062500000e-02
8.789062500000000000e-03,8.789062500000000000e-03
-7.205200195312500000e-02,-7.205200195312500000e-02
-7.263183593750000000e-02,-7.263183593750000000e-02
-2.658081054687500000e-02,-2.658081054687500000e-02
2.996826171875000000e-02,2.996826171875000000e-02
6.539916992187500000e-02,6.539916992187500000e-02
6.076049804687500000e-02,6.076049804687500000e-02
2.539062500000000000e-02,2.539062500000000000e-02
-2.935791015625000000e-02,-2.935791015625000000e-02
-6.979370117187500000e-02,-6.979370117187500000e-02
-4.418945312500000000e-02,-4.418945312500000000e-02
-7.324218750000000000e-04,-7.324218750000000000e-04
1.312255859375000000e-03,1.312255859375000000e-03
7.293701171875000000e-03,7.293701171875000000e-03
3.698730468750000000e-02,3.698730468750000000e-02
8.056640625000000000e-02,8.056640625000000000e-02
9.826660156250000000e-02,9.826660156250000000e-02
2.270507812500000000e-02,2.270507812500000000e-02
-8.090209960937500000e-02,-8.090209960937500000e-02
-1.299743652343750000e-01,-1.299743652343750000e-01
-1.314392089843750000e-01,-1.314392089843750000e-01
-5.902099609375000000e-02,-5.902099609375000000e-02
5.438232421875000000e-02,5.438232421875000000e-02
8.935546875000000000e-02,8.935546875000000000e-02
3.775024414062500000e-02,3.775024414062500000e-02
-5.035400390625000000e-03,-5.035400390625000000e-03
-1.217651367187500000e-02,-1.217651367187500000e-02
-1.434326171875000000e-02,-1.434326171875000000e-02
-1.739501953125000000e-02,-1.739501953125000000e-02
-5.111694335937500000e-02,-5.111694335937500000e-02
-8.999633789062500000e-02,-8.999633789062500000e-02
-3.363037109375000000e-02,-3.363037109375000000e-02
5.624389648437500000e-02,5.624389648437500000e-02
4.467773437500000000e-02,4.467773437500000000e-02
-1.324462890625000000e-02,-1.324462890625000000e-02
-4.486083984375000000e-03,-4.486083984375000000e-03
3.240966796875000000e-02,3.240966796875000000e-02
1.290893554687500000e-02,1.290893554687500000e-02
-2.600097656250000000e-02,-2.600097656250000000e-02
-4.449462890625000000e-02,-4.449462890625000000e-02
-6.466674804687500000e-02,-6.466674804687500000e-02
-3.201293945312500000e-02,-3.201293945312500000e-02
6.503295898437500000e-02,6.503295898437500000e-02
1.014709472656250000e-01,1.014709472656250000e-01
4.824829101562500000e-02,4.824829101562500000e-02
3.265380859375000000e-03,3.265380859375000000e-03
-1.913452148437500000e-02,-1.913452148437500000e-02
-6.793212890625000000e-02,-6.793212890625000000e-02
-1.013183593750000000e-01,-1.013183593750000000e-01
-6.814575195312500000e-02,-6.814575195312500000e-02
-1.235961914062500000e-02,-1.235961914062500000e-02
3.668212890625000000e-02,3.668212890625000000e-02
8.663940429687500000e-02,8.663940429687500000e-02
7.550048828125000000e-02,7.550048828125000000e-02
-4.092407226562500000e-02,-4.092407226562500000e-02
-1.229553222656250000e-01,-1.229553222656250000e-01
-4.827880859375000000e-02,-4.827880859375000000e-02
4.638671875000000000e-02,4.638671875000000000e-02
4.354858398437500000e-02,4.354858398437500000e-02
2.917480468750000000e-02,2.917480468750000000e-02
1.828002929687500000e-02,1.828002929687500000e-02
-4.681396484375000000e-02,-4.681396484375000000e-02
-8.728027343750000000e-02,-8.728027343750000000e-02
-5.117797851562500000e-02,-5.117797851562500000e-02
-1.947021484375000000e-02,-1.947021484375000000e-02
-6.896972656250000000e-03,-6.896972656250000000e-03
1.171875000000000000e-02,1.171875000000000000e-02
1.156616210937500000e-02,1.156616210937500000e-02
1.174926757812500000e-02,1.174926757812500000e-02
3.442382812500000000e-02,3.442382812500000000e-02
5.429077148437500000e-02,5.429077148437500000e-02
3.860473632812500000e-02,3.860473632812500000e-02
-2.288818359375000000e-02,-2.288818359375000000e-02
-6.570434570312500000e-02,-6.570434570312500000e-02
-3.701782226562500000e-02,-3.701782226562500000e-02
3.527832031250000000e-02,3.527832031250000000e-02
1.203918457031250000e-01,1.203918457031250000e-01
1.491394042968750000e-01,1.491394042968750000e-01
4.776000976562500000e-02,4.776000976562500000e-02
-9.490966796875000000e-02,-9.490966796875000000e-02
-1.329345703125000000e-01,-1.329345703125000000e-01
-9.500122070312500000e-02,-9.500122070312500000e-02
-8.050537109375000000e-02,-8.050537109375000000e-02
-5.734252929687500000e-02,-5.734252929687500000e-02
1.147460937500000000e-02,1.147460937500000000e-02
5.142211914062500000e-02,5.142211914062500000e-02
4.101562500000000000e-02,4.101562500000000000e-02
4.165649414062500000e-02,4.165649414062500000e-02
5.905151367187500000e-02,5.905151367187500000e-02
5.374145507812500000e-02,5.374145507812500000e-02
2.426147460937500000e-02,2.426147460937500000e-02
-1.831054687500000000e-04,-1.831054687500000000e-04
2.685546875000000000e-03,2.685546875000000000e-03
5.578613281250000000e-02,5.578613281250000000e-02
1.186218261718750000e-01,1.186218261718750000e-01
7.382202148437500000e-02,7.382202148437500000e-02
-5.200195312500000000e-02,-5.200195312500000000e-02
-9.921264648437500000e-02,-9.921264648437500000e-02
-5.682373046875000000e-02,-5.682373046875000000e-02
-2.185058593750000000e-02,-2.185058593750000000e-02
5.187988281250000000e-04,5.187988281250000000e-04
4.190063476562500000e-02,4.190063476562500000e-02
4.357910156250000000e-02,4.357910156250000000e-02
-3.811645507812500000e-02,-3.811645507812500000e-02
-1.044616699218750000e-01,-1.044616699218750000e-01
-7.458496093750000000e-02,-7.458496093750000000e-02
1.623535156250000000e-02,1.623535156250000000e-02
1.145019531250000000e-01,1.145019531250000000e-01
1.373901367187500000e-01,1.373901367187500000e-01
4.165649414062500000e-02,4.165649414062500000e-02
-4.467773437500000000e-02,-4.467773437500000000e-02
-1.116943359375000000e-02,-1.116943359375000000e-02
4.220581054687500000e-02,4.220581054687500000e-02
1.800537109375000000e-02,1.800537109375000000e-02
-1.010131835937500000e-02,-1.010131835937500000e-02
1.358032226562500000e-02,1.358032226562500000e-02
3.945922851562500000e-02,3.945922851562500000e-02
2.511596679687500000e-02,2.511596679687500000e-02
-1.254272460937500000e-02,-1.254272460937500000e-02
-1.879882812500000000e-02,-1.879882812500000000e-02
-1.037597656250000000e-03,-1.037597656250000000e-03
-7.385253906250000000e-03,-7.385253906250000000e-03
-3.970336914062500000e-02,-3.970336914062500000e-02
-9.558105468750000000e-02,-9.558105468750000000e-02
-1.137695312500000000e-01,-1.137695312500000000e-01
-3.085327148437500000e-02,-3.085327148437500000e-02
5.191040039062500000e-02,5.191040039062500000e-02
3.442382812500000000e-02,3.442382812500000000e-02
-3.594970703125000000e-02,-3.594970703125000000e-02
-7.214355468750000000e-02,-7.214355468750000000e-02
-2.975463867187500000e-02,-2.975463867187500000e-02
5.273437500000000000e-02,5.273437500000000000e-02
7.785034179687500000e-02,7.785034179687500000e-02
1.831054687500000000e-03,1.831054687500000000e-03
-8.334350585937500000e-02,-8.334350585937500000e-02
-6.118774414062500000e-02,-6.118774414062500000e-02
2.770996093750000000e-02,2.770996093750000000e-02
7.397460937500000000e-02,7.397460937500000000e-02
3.796386718750000000e-02,3.796386718750000000e-02
-5.502319335937500000e-02,-5.502319335937500000e-02
-1.035766601562500000e-01,-1.035766601562500000e-01
-5.328369140625000000e-02,-5.328369140625000000e-02
1.721191406250000000e-02,1.721191406250000000e-02
5.267333984375000000e-02,5.267333984375000000e-02
6.564331054687500000e-02,6.564331054687500000e-02
5.999755859375000000e-02,5.999755859375000000e-02
4.187011718750000000e-02,4.187011718750000000e-02
2.270507812500000000e-02,2.270507812500000000e-02
-9.124755859375000000e-03,-9.124755859375000000e-03
-5.459594726562500000e-02,-5.459594726562500000e-02
-8.297729492187500000e-02,-8.297729492187500000e-02
-7.354736328125000000e-02,-7.354736328125000000e-02
-2.120971679687500000e-02,-2.120971679687500000e-02
4.949951171875000000e-02,4.949951171875000000e-02
8.135986328125000000e-02,8.135986328125000000e-02
6.704711914062500000e-02,6.704711914062500000e-02
3.042602539062500000e-02,3.042602539062500000e-02
-4.205322265625000000e-02,-4.205322265625000000e-02
-1.113586425781250000e-01,-1.113586425781250000e-01
-9.072875976562500000e-02,-9.072875976562500000e-02
-1.943969726562500000e-02,-1.943969726562500000e-02
-2.532958984375000000e-03,-2.532958984375000000e-03
-2.835083007812500000e-02,-2.835083007812500000e-02
-3.149414062500000000e-02,-3.149414062500000000e-02
1.617431640625000000e-03,1.617431640625000000e-03
5.572509765625000000e-02,5.572509765625000000e-02
1.007385253906250000e-01,1.007385253906250000e-01
1.051025390625000000e-01,1.051025390625000000e-01
7.415771484375000000e-02,7.415771484375000000e-02
1.171875000000000000e-02,1.171875000000000000e-02
-8.859252929687500000e-02,-8.859252929687500000e-02
-1.410827636718750000e-01,-1.410827636718750000e-01
-6.387329101562500000e-02,-6.387329101562500000e-02
4.721069335937500000e-02,4.721069335937500000e-02
7.226562500000000000e-02,7.226562500000000000e-02
3.695678710937500000e-02,3.695678710937500000e-02
2.310180664062500000e-02,2.310180664062500000e-02
5.303955078125000000e-02,5.303955078125000000e-02
5.889892578125000000e-02,5.889892578125000000e-02
-3.790283203125000000e-02,-3.790283203125000000e-02
-1.626892089843750000e-01,-1.626892089843750000e-01
-1.551208496093750000e-01,-1.551208496093750000e-01
-4.681396484375000000e-02,-4.681396484375000000e-02
2.584838867187500000e-02,2.584838867187500000e-02
7.733154296875000000e-02,7.733154296875000000e-02
1.339111328125000000e-01,1.339111328125000000e-01
1.311035156250000000e-01,1.311035156250000000e-01
5.892944335937500000e-02,5.892944335937500000e-02
-2.185058593750000000e-02,-2.185058593750000000e-02
-5.105590820312500000e-02,-5.105590820312500000e-02
-2.404785156250000000e-02,-2.404785156250000000e-02
3.234863281250000000e-03,3.234863281250000000e-03
-9.490966796875000000e-03,-9.490966796875000000e-03
-4.211425781250000000e-02,-4.211425781250000000e-02
-2.810668945312500000e-02,-2.810668945312500000e-02
5.322265625000000000e-02,5.322265625000000000e-02
1.053466796875000000e-01,1.053466796875000000e-01
6.109619140625000000e-02,6.109619140625000000e-02
-1.434326171875000000e-02,-1.434326171875000000e-02
-5.731201171875000000e-02,-5.731201171875000000e-02
-5.670166015625000000e-02,-5.670166015625000000e-02
-1.232910156250000000e-02,-1.232910156250000000e-02
3.573608398437500000e-02,3.573608398437500000e-02
3.594970703125000000e-02,3.594970703125000000e-02
2.044677734375000000e-03,2.044677734375000000e-03
-8.850097656250000000e-04,-8.850097656250000000e-04
4.644775390625000000e-02,4.644775390625000000e-02
6.964111328125000000e-02,6.964111328125000000e-02
2.172851562500000000e-02,2.172851562500000000e-02
-1.913452148437500000e-02,-1.913452148437500000e-02
-1.974487304687500000e-02,-1.974487304687500000e-02
-5.017089843750000000e-02,-5.017089843750000000e-02
-6.060791015625000000e-02,-6.060791015625000000e-02
1.708984375000000000e-03,1.708984375000000000e-03
2.935791015625000000e-02,2.935791015625000000e-02
3.887939453125000000e-02,3.887939453125000000e-02
1.014099121093750000e-01,1.014099121093750000e-01
7.418823242187500000e-02,7.418823242187500000e-02
-5.447387695312500000e-02,-5.447387695312500000e-02
-7.025146484375000000e-02,-7.025146484375000000e-02
1.052856445312500000e-02,1.052856445312500000e-02
3.448486328125000000e-02,3.448486328125000000e-02
4.763793945312500000e-02,4.763793945312500000e-02
8.071899414062500000e-02,8.071899414062500000e-02
2.914428710937500000e-02,2.914428710937500000e-02
-7.843017578125000000e-02,-7.843017578125000000e-02
-1.053161621093750000e-01,-1.053161621093750000e-01
-6.658935546875000000e-02,-6.658935546875000000e-02
-2.908325195312500000e-02,-2.908325195312500000e-02
3.469848632812500000e-02,3.469848632812500000e-02
5.917358398437500000e-02,5.917358398437500000e-02
-1.898193359375000000e-02,-1.898193359375000000e-02
-7.064819335937500000e-02,-7.064819335937500000e-02
-9.194946289062500000e-02,-9.194946289062500000e-02
-1.368713378906250000e-01,-1.368713378906250000e-01
-4.132080078125000000e-02,-4.132080078125000000e-02
1.332092285156250000e-01,1.332092285156250000e-01
1.055603027343750000e-01,1.055603027343750000e-01
-6.289672851562500000e-02,-6.289672851562500000e-02
-1.431274414062500000e-01,-1.431274414062500000e-01
-8.789062500000000000e-02,-8.789062500000000000e-02
4.586791992187500000e-02,4.586791992187500000e-02
1.522827148437500000e-01,1.522827148437500000e-01
1.226196289062500000e-01,1.226196289062500000e-01
1.147460937500000000e-02,1.147460937500000000e-02
-3.002929687500000000e-02,-3.002929687500000000e-02
-2.679443359375000000e-02,-2.679443359375000000e-02
-6.939697265625000000e-02,-6.939697265625000000e-02
-8.230590820312500000e-02,-8.230590820312500000e-02
-5.371093750000000000e-03,-5.371093750000000000e-03
6.369018554687500000e-02,6.369018554687500000e-02
5.865478515625000000e-02,5.865478515625000000e-02
2.368164062500000000e-02,2.368164062500000000e-02
-4.428100585937500000e-02,-4.428100585937500000e-02
-1.226501464843750000e-01,-1.226501464843750000e-01
-7.672119140625000000e-02,-7.672119140625000000e-02
4.617309570312500000e-02,4.617309570312500000e-02
5.792236328125000000e-02,5.792236328125000000e-02
-1.892089843750000000e-03,-1.892089843750000000e-03
-1.696777343750000000e-02,-1.696777343750000000e-02
-3.521728515625000000e-02,-3.521728515625000000e-02
-4.840087890625000000e-02,-4.840087890625000000e-02
4.647827148437500000e-02,4.647827148437500000e-02
1.506347656250000000e-01,1.506347656250000000e-01
1.029663085937500000e-01,1.029663085937500000e-01
-2.102661132812500000e-02,-2.102661132812500000e-02
-1.147155761718750000e-01,-1.147155761718750000e-01
-1.470947265625000000e-01,-1.470947265625000000e-01
-5.249023437500000000e-02,-5.249023437500000000e-02
9.472656250000000000e-02,9.472656250000000000e-02
1.257934570312500000e-01,1.257934570312500000e-01
5.203247070312500000e-02,5.203247070312500000e-02
-2.932739257812500000e-02,-2.932739257812500000e-02
-7.415771484375000000e-02,-7.415771484375000000e-02
-5.612182617187500000e-02,-5.612182617187500000e-02
1.739501953125000000e-02,1.739501953125000000e-02
7.940673828125000000e-02,7.940673828125000000e-02
5.752563476562500000e-02,5.752563476562500000e-02
-2.111816406250000000e-02,-2.111816406250000000e-02
-6.390380859375000000e-02,-6.390380859375000000e-02
-4.995727539062500000e-02,-4.995727539062500000e-02
-2.502441406250000000e-03,-2.502441406250000000e-03
7.254028320312500000e-02,7.254028320312500000e-02
1.156616210937500000e-01,1.156616210937500000e-01
4.568481445312500000e-02,4.568481445312500000e-02
-8.798217773437500000e-02,-8.798217773437500000e-02
-1.593322753906250000e-01,-1.593322753906250000e-01
-1.186523437500000000e-01,-1.186523437500000000e-01
-1.129150390625000000e-03,-1.129150390625000000e-03
9.304809570312500000e-02,9.304809570312500000e-02
8.447265625000000000e-02,8.447265625000000000e-02
-4.302978515625000000e-03,-4.302978515625000000e-03
-1.030883789062500000e-01,-1.030883789062500000e-01
-1.182861328125000000e-01,-1.182861328125000000e-01
-3.274536132812500000e-02,-3.274536132812500000e-02
6.427001953125000000e-02,6.427001953125000000e-02
1.495971679687500000e-01,1.495971679687500000e-01
1.733093261718750000e-01,1.733093261718750000e-01
3.939819335937500000e-02,3.939819335937500000e-02
-1.384582519531250000e-01,-1.384582519531250000e-01
-1.899108886718750000e-01,-1.899108886718750000e-01
-1.116027832031250000e-01,-1.116027832031250000e-01
4.470825195312500000e-02,4.470825195312500000e-02
1.889343261718750000e-01,1.889343261718750000e-01
1.948852539062500000e-01,1.948852539062500000e-01
4.699707031250000000e-02,4.699707031250000000e-02
-1.171264648437500000e-01,-1.171264648437500000e-01
-1.603698730468750000e-01,-1.603698730468750000e-01
-8.645629882812500000e-02,-8.645629882812500000e-02
2.313232421875000000e-02,2.313232421875000000e-02
8.163452148437500000e-02,8.163452148437500000e-02
4.852294921875000000e-02,4.852294921875000000e-02
-9.002685546875000000e-03,-9.002685546875000000e-03
-3.289794921875000000e-02,-3.289794921875000000e-02
-3.009033203125000000e-02,-3.009033203125000000e-02
1.770019531250000000e-03,1.770019531250000000e-03
5.545043945312500000e-02,5.545043945312500000e-02
8.489990234375000000e-02,8.489990234375000000e-02
1.641845703125000000e-02,1.641845703125000000e-02
-1.433715820312500000e-01,-1.433715820312500000e-01
-2.475891113281250000e-01,-2.475891113281250000e-01
-1.729431152343750000e-01,-1.729431152343750000e-01
5.316162109375000000e-02,5.316162109375000000e-02
2.756042480468750000e-01,2.756042480468750000e-01
3.160705566406250000e-01,3.160705566406250000e-01
1.526184082031250000e-01,1.526184082031250000e-01
-3.350830078125000000e-02,-3.350830078125000000e-02
-1.029663085937500000e-01,-1.029663085937500000e-01
-1.131286621093750000e-01,-1.131286621093750000e-01
-1.064758300781250000e-01,-1.064758300781250000e-01
-3.637695312500000000e-02,-3.637695312500000000e-02
3.402709960937500000e-02,3.402709960937500000e-02
1.025390625000000000e-02,1.025390625000000000e-02
-4.916381835937500000e-02,-4.916381835937500000e-02
-6.982421875000000000e-02,-6.982421875000000000e-02
-4.568481445312500000e-02,-4.568481445312500000e-02
1.986694335937500000e-02,1.986694335937500000e-02
6.411743164062500000e-02,6.411743164062500000e-02
2.627563476562500000e-02,2.627563476562500000e-02
-3.762817382812500000e-02,-3.762817382812500000e-02
-4.367065429687500000e-02,-4.367065429687500000e-02
-4.150390625000000000e-03,-4.150390625000000000e-03
1.473999023437500000e-02,1.473999023437500000e-02
1.452636718750000000e-02,1.452636718750000000e-02
2.621459960937500000e-02,2.621459960937500000e-02
3.692626953125000000e-02,3.692626953125000000e-02
4.760742187500000000e-02,4.760742187500000000e-02
6.323242187500000000e-02,6.323242187500000000e-02
7.052612304687500000e-02,7.052612304687500000e-02
5.825805664062500000e-02,5.825805664062500000e-02
1.916503906250000000e-02,1.916503906250000000e-02
-2.084350585937500000e-02,-2.084350585937500000e-02
-5.923461914062500000e-02,-5.923461914062500000e-02
-1.012878417968750000e-01,-1.012878417968750000e-01
-8.999633789062500000e-02,-8.999633789062500000e-02
-2.148437500000000000e-02,-2.148437500000000000e-02
7.119750976562500000e-02,7.119750976562500000e-02
1.662597656250000000e-01,1.662597656250000000e-01
1.670227050781250000e-01,1.670227050781250000e-01
3.308105468750000000e-02,3.308105468750000000e-02
-1.217041015625000000e-01,-1.217041015625000000e-01
-1.714477539062500000e-01,-1.714477539062500000e-01
-1.075134277343750000e-01,-1.075134277343750000e-01
-3.726196289062500000e-02,-3.726196289062500000e-02
-2.114868164062500000e-02,-2.114868164062500000e-02
-6.317138671875000000e-03,-6.317138671875000000e-03
4.171752929687500000e-02,4.171752929687500000e-02
8.233642578125000000e-02,8.233642578125000000e-02
7.946777343750000000e-02,7.946777343750000000e-02
6.469726562500000000e-02,6.469726562500000000e-02
5.804443359375000000e-02,5.804443359375000000e-02
1.876831054687500000e-02,1.876831054687500000e-02
-4.220581054687500000e-02,-4.220581054687500000e-02
-4.449462890625000000e-02,-4.449462890625000000e-02
2.508544921875000000e-02,2.508544921875000000e-02
8.117675781250000000e-02,8.117675781250000000e-02
6.774902343750000000e-02,6.774902343750000000e-02
1.144409179687500000e-02,1.144409179687500000e-02
-3.424072265625000000e-02,-3.424072265625000000e-02
-3.430175781250000000e-02,-3.430175781250000000e-02
-2.346801757812500000e-02,-2.346801757812500000e-02
-6.286621093750000000e-02,-6.286621093750000000e-02
-1.077270507812500000e-01,-1.077270507812500000e-01
-6.341552734375000000e-02,-6.341552734375000000e-02
2.044677734375000000e-02,2.044677734375000000e-02
2.169799804687500000e-02,2.169799804687500000e-02
-3.631591796875000000e-02,-3.631591796875000000e-02
-6.814575195312500000e-02,-6.814575195312500000e-02
-5.651855468750000000e-02,-5.651855468750000000e-02
1.336669921875000000e-02,1.336669921875000000e-02
1.176147460937500000e-01,1.176147460937500000e-01
1.516418457031250000e-01,1.516418457031250000e-01
8.154296875000000000e-02,8.154296875000000000e-02
-1.071166992187500000e-02,-1.071166992187500000e-02
-8.071899414062500000e-02,-8.071899414062500000e-02
-1.189270019531250000e-01,-1.189270019531250000e-01
-5.792236328125000000e-02,-5.792236328125000000e-02
7.192993164062500000e-02,7.192993164062500000e-02
9.588623046875000000e-02,9.588623046875000000e-02
-1.306152343750000000e-02,-1.306152343750000000e-02
-9.384155273437500000e-02,-9.384155273437500000e-02
-8.496093750000000000e-02,-8.496093750000000000e-02
-5.203247070312500000e-02,-5.203247070312500000e-02
-7.659912109375000000e-03,-7.659912109375000000e-03
3.530883789062500000e-02,3.530883789062500000e-02
-5.676269531250000000e-03,-5.676269531250000000e-03
-9.835815429687500000e-02,-9.835815429687500000e-02
-1.033020019531250000e-01,-1.033020019531250000e-01
-2.880859375000000000e-02,-2.880859375000000000e-02
4.095458984375000000e-02,4.095458984375000000e-02
1.084594726562500000e-01,1.084594726562500000e-01
1.257934570312500000e-01,1.257934570312500000e-01
2.856445312500000000e-02,2.856445312500000000e-02
-1.000976562500000000e-01,-1.000976562500000000e-01
-1.641540527343750000e-01,-1.641540527343750000e-01
-1.519165039062500000e-01,-1.519165039062500000e-01
-6.735229492187500000e-02,-6.735229492187500000e-02
3.695678710937500000e-02,3.695678710937500000e-02
7.315063476562500000e-02,7.315063476562500000e-02
2.487182617187500000e-02,2.487182617187500000e-02
-4.373168945312500000e-02,-4.373168945312500000e-02
-6.472778320312500000e-02,-6.472778320312500000e-02
-4.177856445312500000e-02,-4.177856445312500000e-02
-2.429199218750000000e-02,-2.429199218750000000e-02
-2.600097656250000000e-02,-2.600097656250000000e-02
-3.408813476562500000e-02,-3.408813476562500000e-02
-3.643798828125000000e-02,-3.643798828125000000e-02
-2.740478515625000000e-02,-2.740478515625000000e-02
-8.911132812500000000e-03,-8.911132812500000000e-03
2.291870117187500000e-02,2.291870117187500000e-02
5.828857421875000000e-02,5.828857421875000000e-02
7.861328125000000000e-02,7.861328125000000000e-02
5.911254882812500000e-02,5.911254882812500000e-02
-1.181030273437500000e-02,-1.181030273437500000e-02
-7.797241210937500000e-02,-7.797241210937500000e-02
-9.735107421875000000e-02,-9.735107421875000000e-02
-7.559204101562500000e-02,-7.559204101562500000e-02
-2.133178710937500000e-02,-2.133178710937500000e-02
6.378173828125000000e-03,6.378173828125000000e-03
-1.358032226562500000e-02,-1.358032226562500000e-02
-2.667236328125000000e-02,-2.667236328125000000e-02
-4.010009765625000000e-02,-4.010009765625000000e-02
-5.300903320312500000e-02,-5.300903320312500000e-02
-1.458740234375000000e-02,-1.458740234375000000e-02
3.869628906250000000e-02,3.869628906250000000e-02
4.965209960937500000e-02,4.965209960937500000e-02
3.515625000000000000e-02,3.515625000000000000e-02
1.690673828125000000e-02,1.690673828125000000e-02
1.498413085937500000e-02,1.498413085937500000e-02
5.068969726562500000e-02,5.068969726562500000e-02
8.901977539062500000e-02,8.901977539062500000e-02
5.187988281250000000e-02,5.187988281250000000e-02
-5.169677734375000000e-02,-5.169677734375000000e-02
-7.681274414062500000e-02,-7.681274414062500000e-02
2.221679687500000000e-02,2.221679687500000000e-02
9.762573242187500000e-02,9.762573242187500000e-02
8.105468750000000000e-02,8.105468750000000000e-02
2.441406250000000000e-02,2.441406250000000000e-02
-6.494140625000000000e-02,-6.494140625000000000e-02
-1.417236328125000000e-01,-1.417236328125000000e-01
-1.154479980468750000e-01,-1.154479980468750000e-01
-4.254150390625000000e-02,-4.254150390625000000e-02
-3.274536132812500000e-02,-3.274536132812500000e-02
-1.129150390625000000e-02,-1.129150390625000000e-02
6.838989257812500000e-02,6.838989257812500000e-02
7.254028320312500000e-02,7.254028320312500000e-02
2.346801757812500000e-02,2.346801757812500000e-02
1.715087890625000000e-02,1.715087890625000000e-02
-1.449584960937500000e-02,-1.449584960937500000e-02
-1.626586914062500000e-02,-1.626586914062500000e-02
1.122436523437500000e-01,1.122436523437500000e-01
1.963806152343750000e-01,1.963806152343750000e-01
8.074951171875000000e-02,8.074951171875000000e-02
-8.532714843750000000e-02,-8.532714843750000000e-02
-1.253967285156250000e-01,-1.253967285156250000e-01
-5.218505859375000000e-02,-5.218505859375000000e-02
8.712768554687500000e-02,8.712768554687500000e-02
1.926879882812500000e-01,1.926879882812500000e-01
1.030578613281250000e-01,1.030578613281250000e-01
-8.331298828125000000e-02,-8.331298828125000000e-02
-1.479187011718750000e-01,-1.479187011718750000e-01
-1.093750000000000000e-01,-1.093750000000000000e-01
-3.317260742187500000e-02,-3.317260742187500000e-02
5.346679687500000000e-02,5.346679687500000000e-02
6.350708007812500000e-02,6.350708007812500000e-02
-3.723144531250000000e-03,-3.723144531250000000e-03
-4.916381835937500000e-02,-4.916381835937500000e-02
-2.529907226562500000e-02,-2.529907226562500000e-02
2.352905273437500000e-02,2.352905273437500000e-02
6.533813476562500000e-02,6.533813476562500000e-02
1.257324218750000000e-01,1.257324218750000000e-01
1.473083496093750000e-01,1.473083496093750000e-01
5.255126953125000000e-02,5.255126953125000000e-02
-7.489013671875000000e-02,-7.489013671875000000e-02
-1.260375976562500000e-01,-1.260375976562500000e-01
-9.066772460937500000e-02,-9.066772460937500000e-02
1.272583007812500000e-02,1.272583007812500000e-02
1.194152832031250000e-01,1.194152832031250000e-01
1.187133789062500000e-01,1.187133789062500000e-01
1.440429687500000000e-02,1.440429687500000000e-02
-4.794311523437500000e-02,-4.794311523437500000e-02
-3.152465820312500000e-02,-3.152465820312500000e-02
-3.039550781250000000e-02,-3.039550781250000000e-02
-2.160644531250000000e-02,-2.160644531250000000e-02
3.234863281250000000e-02,3.234863281250000000e-02
4.876708984375000000e-02,4.876708984375000000e-02
2.203369140625000000e-02,2.203369140625000000e-02
1.052856445312500000e-02,1.052856445312500000e-02
-2.084350585937500000e-02,-2.084350585937500000e-02
-8.871459960937500000e-02,-8.871459960937500000e-02
-1.003723144531250000e-01,-1.003723144531250000e-01
-7.019042968750000000e-03,-7.019042968750000000e-03
1.062622070312500000e-01,1.062622070312500000e-01
1.329956054687500000e-01,1.329956054687500000e-01
5.450439453125000000e-02,5.450439453125000000e-02
-5.136108398437500000e-02,-5.136108398437500000e-02
-1.042480468750000000e-01,-1.042480468750000000e-01
-8.163452148437500000e-02,-8.163452148437500000e-02
2.157592773437500000e-02,2.157592773437500000e-02
1.260681152343750000e-01,1.260681152343750000e-01
1.026306152343750000e-01,1.026306152343750000e-01
-6.408691406250000000e-03,-6.408691406250000000e-03
-8.206176757812500000e-02,-8.206176757812500000e-02
-1.221618652343750000e-01,-1.221618652343750000e-01
-1.186828613281250000e-01,-1.186828613281250000e-01
-4.425048828125000000e-02,-4.425048828125000000e-02
2.163696289062500000e-02,2.163696289062500000e-02
3.250122070312500000e-02,3.250122070312500000e-02
6.262207031250000000e-02,6.262207031250000000e-02
9.082031250000000000e-02,9.082031250000000000e-02
1.477050781250000000e-02,1.477050781250000000e-02
-7.897949218750000000e-02,-7.897949218750000000e-02
-5.712890625000000000e-02,-5.712890625000000000e-02
1.678466796875000000e-02,1.678466796875000000e-02
7.809448242187500000e-02,7.809448242187500000e-02
9.365844726562500000e-02,9.365844726562500000e-02
-3.417968750000000000e-03,-3.417968750000000000e-03
-7.803344726562500000e-02,-7.803344726562500000e-02
-1.373291015625000000e-03,-1.373291015625000000e-03
6.024169921875000000e-02,6.024169921875000000e-02
2.783203125000000000e-02,2.783203125000000000e-02
1.168823242187500000e-02,1.168823242187500000e-02
-9.399414062500000000e-03,-9.399414062500000000e-03
-9.103393554687500000e-02,-9.103393554687500000e-02
-1.332702636718750000e-01,-1.332702636718750000e-01
-6.478881835937500000e-02,-6.478881835937500000e-02
2.505493164062500000e-02,2.505493164062500000e-02
6.661987304687500000e-02,6.661987304687500000e-02
7.077026367187500000e-02,7.077026367187500000e-02
2.078247070312500000e-02,2.078247070312500000e-02
-4.217529296875000000e-02,-4.217529296875000000e-02
-4.882812500000000000e-04,-4.882812500000000000e-04
9.848022460937500000e-02,9.848022460937500000e-02
8.935546875000000000e-02,8.935546875000000000e-02
2.362060546875000000e-02,2.362060546875000000e-02
3.710937500000000000e-02,3.710937500000000000e-02
5.606079101562500000e-02,5.606079101562500000e-02
8.422851562500000000e-03,8.422851562500000000e-03
-3.619384765625000000e-02,-3.619384765625000000e-02
-3.042602539062500000e-02,-3.042602539062500000e-02
1.516723632812500000e-02,1.516723632812500000e-02
6.713867187500000000e-02,6.713867187500000000e-02
8.184814453125000000e-02,8.184814453125000000e-02
2.212524414062500000e-02,2.212524414062500000e-02
-6.362915039062500000e-02,-6.362915039062500000e-02
-6.042480468750000000e-02,-6.042480468750000000e-02
-1.290893554687500000e-02,-1.290893554687500000e-02
-3.225708007812500000e-02,-3.225708007812500000e-02
-6.341552734375000000e-02,-6.341552734375000000e-02
-6.277465820312500000e-02,-6.277465820312500000e-02
-5.847167968750000000e-02,-5.847167968750000000e-02
1.708984375000000000e-03,1.708984375000000000e-03
9.167480468750000000e-02,9.167480468750000000e-02
5.905151367187500000e-02,5.905151367187500000e-02
-4.101562500000000000e-02,-4.101562500000000000e-02
-5.401611328125000000e-03,-5.401611328125000000e-03
1.092224121093750000e-01,1.092224121093750000e-01
1.121215820312500000e-01,1.121215820312500000e-01
5.828857421875000000e-03,5.828857421875000000e-03
-9.454345703125000000e-02,-9.454345703125000000e-02
-8.386230468750000000e-02,-8.386230468750000000e-02
4.769897460937500000e-02,4.769897460937500000e-02
1.316528320312500000e-01,1.316528320312500000e-01
6.668090820312500000e-02,6.668090820312500000e-02
-2.157592773437500000e-02,-2.157592773437500000e-02
-5.075073242187500000e-02,-5.075073242187500000e-02
-5.923461914062500000e-02,-5.923461914062500000e-02
-5.221557617187500000e-02,-5.221557617187500000e-02
-4.095458984375000000e-02,-4.095458984375000000e-02
-5.413818359375000000e-02,-5.413818359375000000e-02
-7.336425781250000000e-02,-7.336425781250000000e-02
-6.799316406250000000e-02,-6.799316406250000000e-02
-3.326416015625000000e-02,-3.326416015625000000e-02
8.758544921875000000e-03,8.758544921875000000e-03
3.021240234375000000e-02,3.021240234375000000e-02
1.782226562500000000e-02,1.782226562500000000e-02
1.437377929687500000e-02,1.437377929687500000e-02
9.371948242187500000e-02,9.371948242187500000e-02
1.894531250000000000e-01,1.894531250000000000e-01
1.397399902343750000e-01,1.397399902343750000e-01
-4.010009765625000000e-02,-4.010009765625000000e-02
-1.612548828125000000e-01,-1.612548828125000000e-01
-1.264343261718750000e-01,-1.264343261718750000e-01
-1.705932617187500000e-02,-1.705932617187500000e-02
8.242797851562500000e-02,8.242797851562500000e-02
1.483459472656250000e-01,1.483459472656250000e-01
1.194458007812500000e-01,1.194458007812500000e-01
-1.379394531250000000e-02,-1.379394531250000000e-02
-1.272888183593750000e-01,-1.272888183593750000e-01
-1.312561035156250000e-01,-1.312561035156250000e-01
-5.419921875000000000e-02,-5.419921875000000000e-02
2.011108398437500000e-02,2.011108398437500000e-02
3.375244140625000000e-02,3.375244140625000000e-02
2.087402343750000000e-02,2.087402343750000000e-02
3.967285156250000000e-03,3.967285156250000000e-03
-3.317260742187500000e-02,-3.317260742187500000e-02
-3.735351562500000000e-02,-3.735351562500000000e-02
-8.666992187500000000e-03,-8.666992187500000000e-03
-2.661132812500000000e-02,-2.661132812500000000e-02
-4.052734375000000000e-02,-4.052734375000000000e-02
3.744506835937500000e-02,3.744506835937500000e-02
1.198425292968750000e-01,1.198425292968750000e-01
9.930419921875000000e-02,9.930419921875000000e-02
2.160644531250000000e-02,2.160644531250000000e-02
-4.281616210937500000e-02,-4.281616210937500000e-02
-6.384277343750000000e-02,-6.384277343750000000e-02
-1.681518554687500000e-02,-1.681518554687500000e-02
4.342651367187500000e-02,4.342651367187500000e-02
3.512573242187500000e-02,3.512573242187500000e-02
-9.124755859375000000e-03,-9.124755859375000000e-03
-1.177978515625000000e-02,-1.177978515625000000e-02
1.074218750000000000e-02,1.074218750000000000e-02
3.479003906250000000e-03,3.479003906250000000e-03
-8.453369140625000000e-03,-8.453369140625000000e-03
-6.469726562500000000e-03,-6.469726562500000000e-03
-5.380249023437500000e-02,-5.380249023437500000e-02
-1.294555664062500000e-01,-1.294555664062500000e-01
-1.144409179687500000e-01,-1.144409179687500000e-01
-2.447509765625000000e-02,-2.447509765625000000e-02
2.090454101562500000e-02,2.090454101562500000e-02
3.131103515625000000e-02,3.131103515625000000e-02
7.141113281250000000e-02,7.141113281250000000e-02
9.033203125000000000e-02,9.033203125000000000e-02
5.255126953125000000e-02,5.255126953125000000e-02
2.789306640625000000e-02,2.789306640625000000e-02
2.703857421875000000e-02,2.703857421875000000e-02
-2.255249023437500000e-02,-2.255249023437500000e-02
-9.103393554687500000e-02,-9.103393554687500000e-02
-8.804321289062500000e-02,-8.804321289062500000e-02
-5.581665039062500000e-02,-5.581665039062500000e-02
-2.856445312500000000e-02,-2.856445312500000000e-02
5.410766601562500000e-02,5.410766601562500000e-02
1.164550781250000000e-01,1.164550781250000000e-01
7.901000976562500000e-02,7.901000976562500000e-02
5.728149414062500000e-02,5.728149414062500000e-02
4.922485351562500000e-02,4.922485351562500000e-02
-5.322265625000000000e-02,-5.322265625000000000e-02
-1.258239746093750000e-01,-1.258239746093750000e-01
-8.999633789062500000e-02,-8.999633789062500000e-02
-6.716918945312500000e-02,-6.716918945312500000e-02
7.019042968750000000e-04,7.019042968750000000e-04
1.701354980468750000e-01,1.701354980468750000e-01
2.327575683593750000e-01,2.327575683593750000e-01
1.164550781250000000e-01,1.164550781250000000e-01
-4.257202148437500000e-02,-4.257202148437500000e-02
-1.820678710937500000e-01,-1.820678710937500000e-01
-2.081604003906250000e-01,-2.081604003906250000e-01
-4.165649414062500000e-02,-4.165649414062500000e-02
1.117858886718750000e-01,1.117858886718750000e-01
6.274414062500000000e-02,6.274414062500000000e-02
-1.065063476562500000e-02,-1.065063476562500000e-02
3.613281250000000000e-02,3.613281250000000000e-02
5.407714843750000000e-02,5.407714843750000000e-02
-4.516601562500000000e-03,-4.516601562500000000e-03
-2.719116210937500000e-02,-2.719116210937500000e-02
-1.608276367187500000e-02,-1.608276367187500000e-02
-3.112792968750000000e-03,-3.112792968750000000e-03
1.412963867187500000e-02,1.412963867187500000e-02
-2.337646484375000000e-02,-2.337646484375000000e-02
-8.377075195312500000e-02,-8.377075195312500000e-02
-3.421020507812500000e-02,-3.421020507812500000e-02
4.553222656250000000e-02,4.553222656250000000e-02
-5.004882812500000000e-03,-5.004882812500000000e-03
-7.598876953125000000e-02,-7.598876953125000000e-02
-2.438354492187500000e-02,-2.438354492187500000e-02
6.735229492187500000e-02,6.735229492187500000e-02
8.056640625000000000e-02,8.056640625000000000e-02
1.708984375000000000e-02,1.708984375000000000e-02
-3.067016601562500000e-02,-3.067016601562500000e-02
4.608154296875000000e-03,4.608154296875000000e-03
6.503295898437500000e-02,6.503295898437500000e-02
4.470825195312500000e-02,4.470825195312500000e-02
-5.270385742187500000e-02,-5.270385742187500000e-02
-1.241760253906250000e-01,-1.241760253906250000e-01
-1.054992675781250000e-01,-1.054992675781250000e-01
-2.062988281250000000e-02,-2.062988281250000000e-02
5.276489257812500000e-02,5.276489257812500000e-02
7.711791992187500000e-02,7.711791992187500000e-02
6.823730468750000000e-02,6.823730468750000000e-02
2.655029296875000000e-03,2.655029296875000000e-03
-6.771850585937500000e-02,-6.771850585937500000e-02
-4.043579101562500000e-02,-4.043579101562500000e-02
1.715087890625000000e-02,1.715087890625000000e-02
3.680419921875000000e-02,3.680419921875000000e-02
4.409790039062500000e-02,4.409790039062500000e-02
-7.934570312500000000e-04,-7.934570312500000000e-04
-7.559204101562500000e-02,-7.559204101562500000e-02
-6.781005859375000000e-02,-6.781005859375000000e-02
-2.807617187500000000e-03,-2.807617187500000000e-03
2.935791015625000000e-02,2.935791015625000000e-02
6.155395507812500000e-02,6.155395507812500000e-02
1.136169433593750000e-01,1.136169433593750000e-01
9.646606445312500000e-02,9.646606445312500000e-02
-8.880615234375000000e-03,-8.880615234375000000e-03
-1.192932128906250000e-01,-1.192932128906250000e-01
-1.679077148437500000e-01,-1.679077148437500000e-01
-1.363830566406250000e-01,-1.363830566406250000e-01
-5.773925781250000000e-02,-5.773925781250000000e-02
4.702758789062500000e-02,4.702758789062500000e-02
1.536254882812500000e-01,1.536254882812500000e-01
1.904296875000000000e-01,1.904296875000000000e-01
1.695556640625000000e-01,1.695556640625000000e-01
1.038513183593750000e-01,1.038513183593750000e-01
-7.843017578125000000e-02,-7.843017578125000000e-02
-2.487487792968750000e-01,-2.487487792968750000e-01
-2.069396972656250000e-01,-2.069396972656250000e-01
-5.468750000000000000e-02,-5.468750000000000000e-02
7.037353515625000000e-02,7.037353515625000000e-02
1.605529785156250000e-01,1.605529785156250000e-01
1.324157714843750000e-01,1.324157714843750000e-01
2.261352539062500000e-02,2.261352539062500000e-02
1.071166992187500000e-02,1.071166992187500000e-02
4.580688476562500000e-02,4.580688476562500000e-02
-3.692626953125000000e-03,-3.692626953125000000e-03
-6.481933593750000000e-02,-6.481933593750000000e-02
-6.588745117187500000e-02,-6.588745117187500000e-02
-4.876708984375000000e-02,-4.876708984375000000e-02
-2.172851562500000000e-02,-2.172851562500000000e-02
4.229736328125000000e-02,4.229736328125000000e-02
1.164855957031250000e-01,1.164855957031250000e-01
1.085205078125000000e-01,1.085205078125000000e-01
-6.500244140625000000e-03,-6.500244140625000000e-03
-7.571411132812500000e-02,-7.571411132812500000e-02
-2.844238281250000000e-02,-2.844238281250000000e-02
-4.211425781250000000e-03,-4.211425781250000000e-03
-4.608154296875000000e-03,-4.608154296875000000e-03
5.700683593750000000e-02,5.700683593750000000e-02
6.677246093750000000e-02,6.677246093750000000e-02
-2.648925781250000000e-02,-2.648925781250000000e-02
-9.646606445312500000e-02,-9.646606445312500000e-02
-9.567260742187500000e-02,-9.567260742187500000e-02
-8.026123046875000000e-03,-8.026123046875000000e-03
1.429138183593750000e-01,1.429138183593750000e-01
1.537475585937500000e-01,1.537475585937500000e-01
-2.548217773437500000e-02,-2.548217773437500000e-02
-1.347045898437500000e-01,-1.347045898437500000e-01
-8.786010742187500000e-02,-8.786010742187500000e-02
-5.316162109375000000e-02,-5.316162109375000000e-02
-3.842163085937500000e-02,-3.842163085937500000e-02
6.164550781250000000e-02,6.164550781250000000e-02
1.700439453125000000e-01,1.700439453125000000e-01
1.336364746093750000e-01,1.336364746093750000e-01
-3.991699218750000000e-02,-3.991699218750000000e-02
-1.943969726562500000e-01,-1.943969726562500000e-01
-1.851501464843750000e-01,-1.851501464843750000e-01
-7.873535156250000000e-03,-7.873535156250000000e-03
1.828308105468750000e-01,1.828308105468750000e-01
1.820068359375000000e-01,1.820068359375000000e-01
4.943847656250000000e-03,4.943847656250000000e-03
-1.053466796875000000e-01,-1.053466796875000000e-01
-1.049804687500000000e-01,-1.049804687500000000e-01
-8.685302734375000000e-02,-8.685302734375000000e-02
1.007080078125000000e-03,1.007080078125000000e-03
7.354736328125000000e-02,7.354736328125000000e-02
7.110595703125000000e-03,7.110595703125000000e-03
-2.862548828125000000e-02,-2.862548828125000000e-02
4.788208007812500000e-02,4.788208007812500000e-02
7.101440429687500000e-02,7.101440429687500000e-02
9.002685546875000000e-03,9.002685546875000000e-03
-4.968261718750000000e-02,-4.968261718750000000e-02
-8.535766601562500000e-02,-8.535766601562500000e-02
-5.603027343750000000e-02,-5.603027343750000000e-02
4.882812500000000000e-02,4.882812500000000000e-02
9.344482421875000000e-02,9.344482421875000000e-02
3.445434570312500000e-02,3.445434570312500000e-02
-2.136230468750000000e-04,-2.136230468750000000e-04
1.376342773437500000e-02,1.376342773437500000e-02
7.781982421875000000e-03,7.781982421875000000e-03
-2.035522460937500000e-02,-2.035522460937500000e-02
-5.059814453125000000e-02,-5.059814453125000000e-02
-4.147338867187500000e-02,-4.147338867187500000e-02
2.490234375000000000e-02,2.490234375000000000e-02
5.010986328125000000e-02,5.010986328125000000e-02
-4.406738281250000000e-02,-4.406738281250000000e-02
-1.550903320312500000e-01,-1.550903320312500000e-01
-1.198730468750000000e-01,-1.198730468750000000e-01
2.090454101562500000e-02,2.090454101562500000e-02
9.634399414062500000e-02,9.634399414062500000e-02
6.692504882812500000e-02,6.692504882812500000e-02
-1.843261718750000000e-02,-1.843261718750000000e-02
-7.028198242187500000e-02,-7.028198242187500000e-02
-3.442382812500000000e-02,-3.442382812500000000e-02
-2.563476562500000000e-03,-2.563476562500000000e-03
2.807617187500000000e-03,2.807617187500000000e-03
4.296875000000000000e-02,4.296875000000000000e-02
8.499145507812500000e-02,8.499145507812500000e-02
7.803344726562500000e-02,7.803344726562500000e-02
2.700805664062500000e-02,2.700805664062500000e-02
-5.859375000000000000e-03,-5.859375000000000000e-03
-1.461791992187500000e-02,-1.461791992187500000e-02
-8.123779296875000000e-02,-8.123779296875000000e-02
-1.770629882812500000e-01,-1.770629882812500000e-01
-1.837768554687500000e-01,-1.837768554687500000e-01
-6.945800781250000000e-02,-6.945800781250000000e-02
7.720947265625000000e-02,7.720947265625000000e-02
1.536865234375000000e-01,1.536865234375000000e-01
1.385803222656250000e-01,1.385803222656250000e-01
1.654052734375000000e-02,1.654052734375000000e-02
-1.624755859375000000e-01,-1.624755859375000000e-01
-2.046508789062500000e-01,-2.046508789062500000e-01
-3.521728515625000000e-02,-3.521728515625000000e-02
1.765441894531250000e-01,1.765441894531250000e-01
2.528686523437500000e-01,2.528686523437500000e-01
1.822509765625000000e-01,1.822509765625000000e-01
4.122924804687500000e-02,4.122924804687500000e-02
-1.178588867187500000e-01,-1.178588867187500000e-01
-2.075805664062500000e-01,-2.075805664062500000e-01
-1.474609375000000000e-01,-1.474609375000000000e-01
2.288818359375000000e-03,2.288818359375000000e-03
1.390686035156250000e-01,1.390686035156250000e-01
1.878967285156250000e-01,1.878967285156250000e-01
8.422851562500000000e-02,8.422851562500000000e-02
-1.129455566406250000e-01,-1.129455566406250000e-01
-2.177124023437500000e-01,-2.177124023437500000e-01
-1.364440917968750000e-01,-1.364440917968750000e-01
-2.136230468750000000e-03,-2.136230468750000000e-03
6.637573242187500000e-02,6.637573242187500000e-02
1.249084472656250000e-01,1.249084472656250000e-01
1.236267089843750000e-01,1.236267089843750000e-01
-1.773071289062500000e-02,-1.773071289062500000e-02
-1.295776367187500000e-01,-1.295776367187500000e-01
-8.984375000000000000e-02,-8.984375000000000000e-02
1.974487304687500000e-02,1.974487304687500000e-02
1.280822753906250000e-01,1.280822753906250000e-01
1.500854492187500000e-01,1.500854492187500000e-01
1.925659179687500000e-02,1.925659179687500000e-02
-1.469116210937500000e-01,-1.469116210937500000e-01
-1.840515136718750000e-01,-1.840515136718750000e-01
-9.930419921875000000e-02,-9.930419921875000000e-02
8.544921875000000000e-03,8.544921875000000000e-03
9.436035156250000000e-02,9.436035156250000000e-02
1.307067871093750000e-01,1.307067871093750000e-01
8.840942382812500000e-02,8.840942382812500000e-02
-3.051757812500000000e-03,-3.051757812500000000e-03
-6.747436523437500000e-02,-6.747436523437500000e-02
-7.003784179687500000e-02,-7.003784179687500000e-02
-4.193115234375000000e-02,-4.193115234375000000e-02
-4.913330078125000000e-03,-4.913330078125000000e-03
1.504516601562500000e-02,1.504516601562500000e-02
1.437377929687500000e-02,1.437377929687500000e-02
7.629394531250000000e-02,7.629394531250000000e-02
1.433715820312500000e-01,1.433715820312500000e-01
5.767822265625000000e-02,5.767822265625000000e-02
-8.197021484375000000e-02,-8.197021484375000000e-02
-1.225585937500000000e-01,-1.225585937500000000e-01
-9.503173828125000000e-02,-9.503173828125000000e-02
-1.757812500000000000e-02,-1.757812500000000000e-02
7.116699218750000000e-02,7.116699218750000000e-02
5.416870117187500000e-02,5.416870117187500000e-02
-4.098510742187500000e-02,-4.098510742187500000e-02
-5.587768554687500000e-02,-5.587768554687500000e-02
2.792358398437500000e-02,2.792358398437500000e-02
7.925415039062500000e-02,7.925415039062500000e-02
4.611206054687500000e-02,4.611206054687500000e-02
-1.525878906250000000e-02,-1.525878906250000000e-02
-4.937744140625000000e-02,-4.937744140625000000e-02
-4.620361328125000000e-02,-4.620361328125000000e-02
-3.869628906250000000e-02,-3.869628906250000000e-02
-6.500244140625000000e-03,-6.500244140625000000e-03
8.352661132812500000e-02,8.352661132812500000e-02
1.636657714843750000e-01,1.636657714843750000e-01
1.612548828125000000e-01,1.612548828125000000e-01
4.031372070312500000e-02,4.031372070312500000e-02
-1.310119628906250000e-01,-1.310119628906250000e-01
-1.511840820312500000e-01,-1.511840820312500000e-01
-2.960205078125000000e-03,-2.960205078125000000e-03
1.265258789062500000e-01,1.265258789062500000e-01
1.267395019531250000e-01,1.267395019531250000e-01
-2.490234375000000000e-02,-2.490234375000000000e-02
-2.111816406250000000e-01,-2.111816406250000000e-01
-2.136535644531250000e-01,-2.136535644531250000e-01
-8.758544921875000000e-03,-8.758544921875000000e-03
1.945495605468750000e-01,1.945495605468750000e-01
1.995544433593750000e-01,1.995544433593750000e-01
4.440307617187500000e-02,4.440307617187500000e-02
-9.454345703125000000e-02,-9.454345703125000000e-02
-1.748962402343750000e-01,-1.748962402343750000e-01
-1.937561035156250000e-01,-1.937561035156250000e-01
-8.941650390625000000e-02,-8.941650390625000000e-02
6.356811523437500000e-02,6.356811523437500000e-02
1.263427734375000000e-01,1.263427734375000000e-01
1.275024414062500000e-01,1.275024414062500000e-01
1.370239257812500000e-01,1.370239257812500000e-01
7.897949218750000000e-02,7.897949218750000000e-02
-5.587768554687500000e-02,-5.587768554687500000e-02
-1.131591796875000000e-01,-1.131591796875000000e-01
-9.356689453125000000e-02,-9.356689453125000000e-02
-7.531738281250000000e-02,-7.531738281250000000e-02
1.800537109375000000e-03,1.800537109375000000e-03
7.745361328125000000e-02,7.745361328125000000e-02
3.369140625000000000e-02,3.369140625000000000e-02
-3.491210937500000000e-02,-3.491210937500000000e-02
-3.372192382812500000e-02,-3.372192382812500000e-02
-3.021240234375000000e-03,-3.021240234375000000e-03
2.862548828125000000e-02,2.862548828125000000e-02
4.003906250000000000e-02,4.003906250000000000e-02
-3.372192382812500000e-02,-3.372192382812500000e-02
-1.311340332031250000e-01,-1.311340332031250000e-01
-6.918334960937500000e-02,-6.918334960937500000e-02
7.608032226562500000e-02,7.608032226562500000e-02
9.271240234375000000e-02,9.271240234375000000e-02
5.310058593750000000e-02,5.310058593750000000e-02
5.429077148437500000e-02,5.429077148437500000e-02
1.992797851562500000e-02,1.992797851562500000e-02
-4.791259765625000000e-02,-4.791259765625000000e-02
-7.812500000000000000e-02,-7.812500000000000000e-02
-8.337402343750000000e-02,-8.337402343750000000e-02
-9.295654296875000000e-02,-9.295654296875000000e-02
-3.811645507812500000e-02,-3.811645507812500000e-02
7.742309570312500000e-02,7.742309570312500000e-02
1.014404296875000000e-01,1.014404296875000000e-01
5.813598632812500000e-02,5.813598632812500000e-02
5.038452148437500000e-02,5.038452148437500000e-02
-1.449584960937500000e-02,-1.449584960937500000e-02
-1.154174804687500000e-01,-1.154174804687500000e-01
-9.451293945312500000e-02,-9.451293945312500000e-02
8.575439453125000000e-03,8.575439453125000000e-03
8.908081054687500000e-02,8.908081054687500000e-02
1.240844726562500000e-01,1.240844726562500000e-01
6.094360351562500000e-02,6.094360351562500000e-02
-1.044921875000000000e-01,-1.044921875000000000e-01
-2.049560546875000000e-01,-2.049560546875000000e-01
-1.191101074218750000e-01,-1.191101074218750000e-01
4.104614257812500000e-02,4.104614257812500000e-02
1.356506347656250000e-01,1.356506347656250000e-01
1.123657226562500000e-01,1.123657226562500000e-01
-2.987670898437500000e-02,-2.987670898437500000e-02
-1.630554199218750000e-01,-1.630554199218750000e-01
-1.293334960937500000e-01,-1.293334960937500000e-01
4.818725585937500000e-02,4.818725585937500000e-02
1.535034179687500000e-01,1.535034179687500000e-01
6.570434570312500000e-02,6.570434570312500000e-02
-3.018188476562500000e-02,-3.018188476562500000e-02
-2.890014648437500000e-02,-2.890014648437500000e-02
-4.385375976562500000e-02,-4.385375976562500000e-02
-3.558349609375000000e-02,-3.558349609375000000e-02
4.779052734375000000e-02,4.779052734375000000e-02
1.146545410156250000e-01,1.146545410156250000e-01
1.491088867187500000e-01,1.491088867187500000e-01
1.237487792968750000e-01,1.237487792968750000e-01
-2.642822265625000000e-02,-2.642822265625000000e-02
-1.664733886718750000e-01,-1.664733886718750000e-01
-1.411437988281250000e-01,-1.411437988281250000e-01
-5.288696289062500000e-02,-5.288696289062500000e-02
1.208496093750000000e-02,1.208496093750000000e-02
9.274291992187500000e-02,9.274291992187500000e-02
1.049804687500000000e-01,1.049804687500000000e-01
2.597045898437500000e-02,2.597045898437500000e-02
-2.508544921875000000e-02,-2.508544921875000000e-02
-4.058837890625000000e-02,-4.058837890625000000e-02
-1.397705078125000000e-02,-1.397705078125000000e-02
6.890869140625000000e-02,6.890869140625000000e-02
6.213378906250000000e-02,6.213378906250000000e-02
-6.774902343750000000e-02,-6.774902343750000000e-02
-1.236267089843750000e-01,-1.236267089843750000e-01
-5.911254882812500000e-02,-5.911254882812500000e-02
-4.913330078125000000e-03,-4.913330078125000000e-03
7.177734375000000000e-02,7.177734375000000000e-02
2.001037597656250000e-01,2.001037597656250000e-01
1.818237304687500000e-01,1.818237304687500000e-01
1.129150390625000000e-03,1.129150390625000000e-03
-1.056213378906250000e-01,-1.056213378906250000e-01
-1.116027832031250000e-01,-1.116027832031250000e-01
-1.033325195312500000e-01,-1.033325195312500000e-01
-2.270507812500000000e-02,-2.270507812500000000e-02
9.735107421875000000e-02,9.735107421875000000e-02
1.304016113281250000e-01,1.304016113281250000e-01
9.750366210937500000e-02,9.750366210937500000e-02
4.702758789062500000e-02,4.702758789062500000e-02
-1.000976562500000000e-02,-1.000976562500000000e-02
-1.419067382812500000e-02,-1.419067382812500000e-02
3.408813476562500000e-02,3.408813476562500000e-02
5.252075195312500000e-02,5.252075195312500000e-02
1.162719726562500000e-02,1.162719726562500000e-02
-2.310180664062500000e-02,-2.310180664062500000e-02
-6.256103515625000000e-03,-6.256103515625000000e-03
-3.723144531250000000e-03,-3.723144531250000000e-03
-5.154418945312500000e-02,-5.154418945312500000e-02
-6.256103515625000000e-02,-6.256103515625000000e-02
2.441406250000000000e-04,2.441406250000000000e-04
6.045532226562500000e-02,6.045532226562500000e-02
8.914184570312500000e-02,8.914184570312500000e-02
7.632446289062500000e-02,7.632446289062500000e-02
-3.967285156250000000e-02,-3.967285156250000000e-02
-1.695861816406250000e-01,-1.695861816406250000e-01
-1.448669433593750000e-01,-1.448669433593750000e-01
-1.800537109375000000e-02,-1.800537109375000000e-02
8.447265625000000000e-02,8.447265625000000000e-02
1.312255859375000000e-01,1.312255859375000000e-01
8.877563476562500000e-02,8.877563476562500000e-02
-2.380371093750000000e-03,-2.380371093750000000e-03
-3.936767578125000000e-02,-3.936767578125000000e-02
-3.488159179687500000e-02,-3.488159179687500000e-02
-3.323364257812500000e-02,-3.323364257812500000e-02
-3.216552734375000000e-02,-3.216552734375000000e-02
-1.843261718750000000e-02,-1.843261718750000000e-02
5.364990234375000000e-02,5.364990234375000000e-02
1.234436035156250000e-01,1.234436035156250000e-01
6.781005859375000000e-02,6.781005859375000000e-02
-2.304077148437500000e-02,-2.304077148437500000e-02
-4.394531250000000000e-02,-4.394531250000000000e-02
-5.541992187500000000e-02,-5.541992187500000000e-02
-3.024291992187500000e-02,-3.024291992187500000e-02
5.181884765625000000e-02,5.181884765625000000e-02
4.663085937500000000e-02,4.663085937500000000e-02
-4.397583007812500000e-02,-4.397583007812500000e-02
-6.536865234375000000e-02,-6.536865234375000000e-02
-5.270385742187500000e-02,-5.270385742187500000e-02
-8.261108398437500000e-02,-8.261108398437500000e-02
-5.514526367187500000e-02,-5.514526367187500000e-02
2.859497070312500000e-02,2.859497070312500000e-02
5.938720703125000000e-02,5.938720703125000000e-02
5.856323242187500000e-02,5.856323242187500000e-02
3.222656250000000000e-02,3.222656250000000000e-02
-1.705932617187500000e-02,-1.705932617187500000e-02
1.962280273437500000e-02,1.962280273437500000e-02
9.237670898437500000e-02,9.237670898437500000e-02
3.475952148437500000e-02,3.475952148437500000e-02
-9.399414062500000000e-02,-9.399414062500000000e-02
-1.206359863281250000e-01,-1.206359863281250000e-01
-2.423095703125000000e-02,-2.423095703125000000e-02
1.147155761718750000e-01,1.147155761718750000e-01
2.055358886718750000e-01,2.055358886718750000e-01
1.553344726562500000e-01,1.553344726562500000e-01
-2.459716796875000000e-02,-2.459716796875000000e-02
-1.812744140625000000e-01,-1.812744140625000000e-01
-1.782531738281250000e-01,-1.782531738281250000e-01
-4.983520507812500000e-02,-4.983520507812500000e-02
3.909301757812500000e-02,3.909301757812500000e-02
1.663208007812500000e-02,1.663208007812500000e-02
-4.888916015625000000e-02,-4.888916015625000000e-02
-1.007080078125000000e-01,-1.007080078125000000e-01
-8.724975585937500000e-02,-8.724975585937500000e-02
1.559448242187500000e-02,1.559448242187500000e-02
7.666015625000000000e-02,7.666015625000000000e-02
-1.345825195312500000e-02,-1.345825195312500000e-02
-1.206054687500000000e-01,-1.206054687500000000e-01
-9.631347656250000000e-02,-9.631347656250000000e-02
3.845214843750000000e-03,3.845214843750000000e-03
8.535766601562500000e-02,8.535766601562500000e-02
1.221618652343750000e-01,1.221618652343750000e-01
9.143066406250000000e-02,9.143066406250000000e-02
8.575439453125000000e-03,8.575439453125000000e-03
-5.072021484375000000e-02,-5.072021484375000000e-02
-4.571533203125000000e-02,-4.571533203125000000e-02
8.270263671875000000e-03,8.270263671875000000e-03
5.926513671875000000e-02,5.926513671875000000e-02
3.857421875000000000e-02,3.857421875000000000e-02
-3.134155273437500000e-02,-3.134155273437500000e-02
-5.245971679687500000e-02,-5.245971679687500000e-02
-9.338378906250000000e-03,-9.338378906250000000e-03
1.281738281250000000e-02,1.281738281250000000e-02
-3.128051757812500000e-02,-3.128051757812500000e-02
-4.504394531250000000e-02,-4.504394531250000000e-02
4.794311523437500000e-02,4.794311523437500000e-02
1.058349609375000000e-01,1.058349609375000000e-01
6.011962890625000000e-03,6.011962890625000000e-03
-9.710693359375000000e-02,-9.710693359375000000e-02
-6.820678710937500000e-02,-6.820678710937500000e-02
-9.368896484375000000e-03,-9.368896484375000000e-03
2.261352539062500000e-02,2.261352539062500000e-02
5.914306640625000000e-02,5.914306640625000000e-02
5.413818359375000000e-02,5.413818359375000000e-02
4.028320312500000000e-03,4.028320312500000000e-03
-5.328369140625000000e-02,-5.328369140625000000e-02
-1.026306152343750000e-01,-1.026306152343750000e-01
-5.755615234375000000e-02,-5.755615234375000000e-02
1.099243164062500000e-01,1.099243164062500000e-01
2.372131347656250000e-01,2.372131347656250000e-01
1.733703613281250000e-01,1.733703613281250000e-01
-1.586914062500000000e-03,-1.586914062500000000e-03
-1.052246093750000000e-01,-1.052246093750000000e-01
-9.857177734375000000e-02,-9.857177734375000000e-02
-3.942871093750000000e-02,-3.942871093750000000e-02
2.685546875000000000e-03,2.685546875000000000e-03
-9.552001953125000000e-03,-9.552001953125000000e-03
9.399414062500000000e-03,9.399414062500000000e-03
9.936523437500000000e-02,9.936523437500000000e-02
1.567382812500000000e-01,1.567382812500000000e-01
1.114196777343750000e-01,1.114196777343750000e-01
-2.047729492187500000e-02,-2.047729492187500000e-02
-1.410522460937500000e-01,-1.410522460937500000e-01
-1.709594726562500000e-01,-1.709594726562500000e-01
-1.435546875000000000e-01,-1.435546875000000000e-01
-4.479980468750000000e-02,-4.479980468750000000e-02
1.070861816406250000e-01,1.070861816406250000e-01
1.216125488281250000e-01,1.216125488281250000e-01
-2.865600585937500000e-02,-2.865600585937500000e-02
-1.148376464843750000e-01,-1.148376464843750000e-01
-3.347778320312500000e-02,-3.347778320312500000e-02
1.186523437500000000e-01,1.186523437500000000e-01
2.115783691406250000e-01,2.115783691406250000e-01
1.227416992187500000e-01,1.227416992187500000e-01
-1.001892089843750000e-01,-1.001892089843750000e-01
-1.986999511718750000e-01,-1.986999511718750000e-01
-9.613037109375000000e-02,-9.613037109375000000e-02
2.395629882812500000e-02,2.395629882812500000e-02
8.013916015625000000e-02,8.013916015625000000e-02
8.224487304687500000e-02,8.224487304687500000e-02
2.825927734375000000e-02,2.825927734375000000e-02
1.925659179687500000e-02,1.925659179687500000e-02
7.424926757812500000e-02,7.424926757812500000e-02
5.844116210937500000e-02,5.844116210937500000e-02
-3.692626953125000000e-03,-3.692626953125000000e-03
-1.312255859375000000e-02,-1.312255859375000000e-02
-3.189086914062500000e-02,-3.189086914062500000e-02
-7.211303710937500000e-02,-7.211303710937500000e-02
-3.533935546875000000e-02,-3.533935546875000000e-02
5.426025390625000000e-02,5.426025390625000000e-02
9.341430664062500000e-02,9.341430664062500000e-02
4.495239257812500000e-02,4.495239257812500000e-02
-5.886840820312500000e-02,-5.886840820312500000e-02
-1.246643066406250000e-01,-1.246643066406250000e-01
-9.518432617187500000e-02,-9.518432617187500000e-02
-5.798339843750000000e-03,-5.798339843750000000e-03
8.886718750000000000e-02,8.886718750000000000e-02
1.171569824218750000e-01,1.171569824218750000e-01
4.696655273437500000e-02,4.696655273437500000e-02
-3.454589843750000000e-02,-3.454589843750000000e-02
-7.641601562500000000e-02,-7.641601562500000000e-02
-1.109619140625000000e-01,-1.109619140625000000e-01
-9.173583984375000000e-02,-9.173583984375000000e-02
2.136230468750000000e-03,2.136230468750000000e-03
8.181762695312500000e-02,8.181762695312500000e-02
1.191406250000000000e-01,1.191406250000000000e-01
1.221008300781250000e-01,1.221008300781250000e-01
8.642578125000000000e-02,8.642578125000000000e-02
5.361938476562500000e-02,5.361938476562500000e-02
2.044677734375000000e-02,2.044677734375000000e-02
-4.647827148437500000e-02,-4.647827148437500000e-02
-8.151245117187500000e-02,-8.151245117187500000e-02
-3.787231445312500000e-02,-3.787231445312500000e-02
-7.781982421875000000e-03,-7.781982421875000000e-03
-3.253173828125000000e-02,-3.253173828125000000e-02
-2.465820312500000000e-02,-2.465820312500000000e-02
2.966308593750000000e-02,2.966308593750000000e-02
3.964233398437500000e-02,3.964233398437500000e-02
-5.075073242187500000e-02,-5.075073242187500000e-02
-1.616516113281250000e-01,-1.616516113281250000e-01
-1.398010253906250000e-01,-1.398010253906250000e-01
-2.346801757812500000e-02,-2.346801757812500000e-02
4.544067382812500000e-02,4.544067382812500000e-02
8.627319335937500000e-02,8.627319335937500000e-02
7.516479492187500000e-02,7.516479492187500000e-02
-5.084228515625000000e-02,-5.084228515625000000e-02
-1.400146484375000000e-01,-1.400146484375000000e-01
-8.236694335937500000e-02,-8.236694335937500000e-02
4.525756835937500000e-02,4.525756835937500000e-02
1.976928710937500000e-01,1.976928710937500000e-01
2.956848144531250000e-01,2.956848144531250000e-01
1.951904296875000000e-01,1.951904296875000000e-01
-5.105590820312500000e-02,-5.105590820312500000e-02
-2.211914062500000000e-01,-2.211914062500000000e-01
-2.250366210937500000e-01,-2.250366210937500000e-01
-9.616088867187500000e-02,-9.616088867187500000e-02
1.143493652343750000e-01,1.143493652343750000e-01
2.177124023437500000e-01,2.177124023437500000e-01
8.554077148437500000e-02,8.554077148437500000e-02
-7.055664062500000000e-02,-7.055664062500000000e-02
-9.088134765625000000e-02,-9.088134765625000000e-02
-1.108703613281250000e-01,-1.108703613281250000e-01
-1.617126464843750000e-01,-1.617126464843750000e-01
-1.030883789062500000e-01,-1.030883789062500000e-01
3.479003906250000000e-02,3.479003906250000000e-02
7.659912109375000000e-02,7.659912109375000000e-02
8.422851562500000000e-03,8.422851562500000000e-03
-4.272460937500000000e-02,-4.272460937500000000e-02
-1.260375976562500000e-02,-1.260375976562500000e-02
1.073303222656250000e-01,1.073303222656250000e-01
2.169189453125000000e-01,2.169189453125000000e-01
1.096801757812500000e-01,1.096801757812500000e-01
-1.594848632812500000e-01,-1.594848632812500000e-01
-2.544860839843750000e-01,-2.544860839843750000e-01
-1.290893554687500000e-01,-1.290893554687500000e-01
-4.937744140625000000e-02,-4.937744140625000000e-02
-6.805419921875000000e-03,-6.805419921875000000e-03
1.203918457031250000e-01,1.203918457031250000e-01
1.398925781250000000e-01,1.398925781250000000e-01
1.791381835937500000e-02,1.791381835937500000e-02
1.504516601562500000e-02,1.504516601562500000e-02
8.062744140625000000e-02,8.062744140625000000e-02
4.333496093750000000e-03,4.333496093750000000e-03
-1.011962890625000000e-01,-1.011962890625000000e-01
-1.061401367187500000e-01,-1.061401367187500000e-01
-9.921264648437500000e-02,-9.921264648437500000e-02
-5.786132812500000000e-02,-5.786132812500000000e-02
7.690429687500000000e-02,7.690429687500000000e-02
1.444702148437500000e-01,1.444702148437500000e-01
8.932495117187500000e-02,8.932495117187500000e-02
3.109741210937500000e-02,3.109741210937500000e-02
-5.380249023437500000e-02,-5.380249023437500000e-02
-1.630859375000000000e-01,-1.630859375000000000e-01
