-3.611960534589890581e-02,-3.611960534589890581e-02
-5.466906803623576561e-02,-5.466906803623576561e-02
1.742973598514357264e-02,1.742973598514357264e-02
-2.105640622183652111e-02,-2.105640622183652111e-02
5.136308634192900124e-02,5.136308634192900124e-02
-4.424282458369069304e-02,-4.424282458369069304e-02
1.991617985636828791e-02,1.991617985636828791e-02
-5.128220213669598682e-04,-5.128220213669598682e-04
9.384917182304136629e-03,9.384917182304136629e-03
-1.900706808672339432e-02,-1.900706808672339432e-02
1.007142077680139858e-02,1.007142077680139858e-02
1.105896537309673799e-02,1.105896537309673799e-02
1.817587836782486033e-03,1.817587836782486033e-03
1.108536928356029794e-02,1.108536928356029794e-02
3.149619161628519626e-02,3.149619161628519626e-02
-1.833340036123663752e-02,-1.833340036123663752e-02
-2.079095471455752464e-02,-2.079095471455752464e-02
-3.250977900769574935e-02,-3.250977900769574935e-02
4.888624686692571997e-03,4.888624686692571997e-03
2.442608971353024683e-03,2.442608971353024683e-03
-2.772691905789315125e-02,-2.772691905789315125e-02
7.016704780411553433e-03,7.016704780411553433e-03
-7.391125195850195562e-03,-7.391125195850195562e-03
3.680185125316721290e-02,3.680185125316721290e-02
3.514506843443129108e-02,3.514506843443129108e-02
5.207192417946038265e-03,5.207192417946038265e-03
4.400454166475137319e-03,4.400454166475137319e-03
-3.857426899709179291e-03,-3.857426899709179291e-03
-1.399965699819905041e-02,-1.399965699819905041e-02
2.036617602487734990e-02,2.036617602487734990e-02
-2.648281320725638655e-02,-2.648281320725638655e-02
-4.185567610215380763e-02,-4.185567610215380763e-02
-2.609577336851254259e-02,-2.609577336851254259e-02
-1.334323810161686108e-03,-1.334323810161686108e-03
-3.105520538133392516e-02,-3.105520538133392516e-02
4.084616201538424085e-03,4.084616201538424085e-03
-5.072325973572813784e-02,-5.072325973572813784e-02
-9.214754753737730564e-03,-9.214754753737730564e-03
1.148093035965458419e-02,1.148093035965458419e-02
-3.199983330433696371e-02,-3.199983330433696371e-02
-3.756594487713024733e-03,-3.756594487713024733e-03
1.322988935224395091e-04,1.322988935224395091e-04
6.496748985218438188e-02,6.496748985218438188e-02
3.800007161100321662e-02,3.800007161100321662e-02
2.165863801752679341e-02,2.165863801752679341e-02
7.232586621991998754e-02,7.232586621991998754e-02
-9.938917060673212178e-02,-9.938917060673212178e-02
3.472898329086358815e-02,3.472898329086358815e-02
-1.622521923210121231e-03,-1.622521923210121231e-03
6.229304509680298751e-02,6.229304509680298751e-02
-4.217732531579078403e-02,-4.217732531579078403e-02
-1.775846833000982450e-02,-1.775846833000982450e-02
1.395725548296775087e-02,1.395725548296775087e-02
-2.145281200720886017e-02,-2.145281200720886017e-02
2.823679166367165649e-03,2.823679166367165649e-03
-6.057240414639686321e-02,-6.057240414639686321e-02
-2.143006159529751986e-02,-2.143006159529751986e-02
-2.765717572207479491e-02,-2.765717572207479491e-02
1.677280333524837352e-02,1.677280333524837352e-02
-4.041612113896322911e-03,-4.041612113896322911e-03
3.293237564420720825e-02,3.293237564420720825e-02
-1.740767258051565541e-02,-1.740767258051565541e-02
-1.000747452228654966e-01,-1.000747452228654966e-01
-3.000918891523929322e-04,-3.000918891523929322e-04
-1.751914944508956018e-02,-1.751914944508956018e-02
9.258664642312092186e-03,9.258664642312092186e-03
-3.905140425396480541e-02,-3.905140425396480541e-02
-1.065626005145856037e-02,-1.065626005145856037e-02
-2.863020873236073183e-02,-2.863020873236073183e-02
3.056798194607317221e-02,3.056798194607317221e-02
2.786631722925646260e-02,2.786631722925646260e-02
-7.524086922177194992e-03,-7.524086922177194992e-03
-8.260419612264063849e-03,-8.260419612264063849e-03
-1.106833873049382910e-02,-1.106833873049382910e-02
-2.324755040553785901e-02,-2.324755040553785901e-02
-2.518933225890171435e-02,-2.518933225890171435e-02
2.344378164188497260e-02,2.344378164188497260e-02
-1.407134781157252934e-02,-1.407134781157252934e-02
3.405025847753873069e-05,3.405025847753873069e-05
2.020827370652653054e-02,2.020827370652653054e-02
1.576221776072748992e-02,1.576221776072748992e-02
7.594028752237276525e-02,7.594028752237276525e-02
4.782128914166600131e-03,4.782128914166600131e-03
5.921700452961743688e-02,5.921700452961743688e-02
-1.481612781363476905e-02,-1.481612781363476905e-02
1.568235195796977011e-03,1.568235195796977011e-03
5.420382057722079178e-02,5.420382057722079178e-02
-4.597721143494954560e-02,-4.597721143494954560e-02
3.150339075642764886e-02,3.150339075642764886e-02
-1.649831337571391887e-03,-1.649831337571391887e-03
4.585679340835140116e-03,4.585679340835140116e-03
-4.643352765280538141e-02,-4.643352765280538141e-02
-3.637163069191689385e-02,-3.637163069191689385e-02
-1.231077675536013105e-02,-1.231077675536013105e-02
-5.574211739163431600e-02,-5.574211739163431600e-02
-5.099543167824349688e-03,-5.099543167824349688e-03
-9.143879268467935972e-03,-9.143879268467935972e-03
9.973604165659982757e-03,9.973604165659982757e-03
-6.837539015117705121e-02,-6.837539015117705121e-02
-5.888342861453121913e-04,-5.888342861453121913e-04
-4.840187615785751518e-03,-4.840187615785751518e-03
2.524556007216842424e-02,2.524556007216842424e-02
-8.258528062789113888e-02,-8.258528062789113888e-02
-5.111074702473496212e-02,-5.111074702473496212e-02
1.361940439307204875e-02,1.361940439307204875e-02
-4.538967606959977419e-02,-4.538967606959977419e-02
4.755792204069943241e-02,4.755792204069943241e-02
5.941205332479382317e-03,5.941205332479382317e-03
-1.302677039875729248e-01,-1.302677039875729248e-01
-2.568347334060970544e-02,-2.568347334060970544e-02
1.565095864373161616e-02,1.565095864373161616e-02
-4.283735570377780744e-02,-4.283735570377780744e-02
-8.161320432659852075e-03,-8.161320432659852075e-03
-3.313768532330327310e-03,-3.313768532330327310e-03
-6.407529326900106292e-02,-6.407529326900106292e-02
-8.089304370827471447e-03,-8.089304370827471447e-03
-2.204515716969027150e-02,-2.204515716969027150e-02
2.534655130525484412e-02,2.534655130525484412e-02
6.397796493788081296e-02,6.397796493788081296e-02
1.358580889804129888e-02,1.358580889804129888e-02
1.796018883238052755e-02,1.796018883238052755e-02
5.303973446197038366e-02,5.303973446197038366e-02
4.623410480708819298e-02,4.623410480708819298e-02
2.571290632170750157e-02,2.571290632170750157e-02
2.331360216640321337e-03,2.331360216640321337e-03
-1.063728114284819004e-02,-1.063728114284819004e-02
-4.383618053632604150e-03,-4.383618053632604150e-03
2.654910663220090561e-02,2.654910663220090561e-02
-3.456398238363886377e-02,-3.456398238363886377e-02
-3.305598487687418097e-02,-3.305598487687418097e-02
-4.435494170303737327e-02,-4.435494170303737327e-02
-2.644543540382875146e-02,-2.644543540382875146e-02
-5.218643324625975299e-02,-5.218643324625975299e-02
1.066989972352778981e-02,1.066989972352778981e-02
-2.998141998062403557e-02,-2.998141998062403557e-02
5.387253873531214210e-03,5.387253873531214210e-03
-6.510760279258911987e-03,-6.510760279258911987e-03
3.716435389897244923e-02,3.716435389897244923e-02
1.857306073661907364e-02,1.857306073661907364e-02
3.315949416489777368e-02,3.315949416489777368e-02
3.910772016578581423e-02,3.910772016578581423e-02
-4.285465110234495945e-02,-4.285465110234495945e-02
-1.143855760293301105e-02,-1.143855760293301105e-02
-4.282931075644942631e-02,-4.282931075644942631e-02
-9.630855558167672470e-03,-9.630855558167672470e-03
2.427045196342990374e-02,2.427045196342990374e-02
-1.150393624255485747e-02,-1.150393624255485747e-02
2.602941030368999265e-02,2.602941030368999265e-02
5.436642710968289660e-02,5.436642710968289660e-02
-3.425685303575486118e-02,-3.425685303575486118e-02
1.510740511226266181e-02,1.510740511226266181e-02
1.393970508569337963e-02,1.393970508569337963e-02
-3.947252073246426685e-02,-3.947252073246426685e-02
-6.081018597914186752e-02,-6.081018597914186752e-02
-1.025668221017313197e-02,-1.025668221017313197e-02
1.614854205322882597e-02,1.614854205322882597e-02
-1.549879735755463339e-02,-1.549879735755463339e-02
3.574436828695945478e-03,3.574436828695945478e-03
6.859401418772258230e-02,6.859401418772258230e-02
-6.245840735530485549e-02,-6.245840735530485549e-02
7.517452148258318978e-02,7.517452148258318978e-02
7.395201734150452788e-02,7.395201734150452788e-02
4.211183362140810682e-02,4.211183362140810682e-02
2.989463760045228680e-02,2.989463760045228680e-02
-5.669497328655270785e-02,-5.669497328655270785e-02
2.634605864740544034e-02,2.634605864740544034e-02
3.601312538488650461e-02,3.601312538488650461e-02
-8.156736790587829078e-03,-8.156736790587829078e-03
4.159394874248657781e-02,4.159394874248657781e-02
-2.211883719781709140e-02,-2.211883719781709140e-02
3.972829620685902619e-02,3.972829620685902619e-02
-1.831429598630016087e-02,-1.831429598630016087e-02
1.264370433400088811e-02,1.264370433400088811e-02
7.287782995691008403e-03,7.287782995691008403e-03
-1.688968325124905190e-02,-1.688968325124905190e-02
3.059242005277959531e-02,3.059242005277959531e-02
-7.997504228257623637e-03,-7.997504228257623637e-03
1.162895721006142191e-02,1.162895721006142191e-02
-5.792605941787173918e-02,-5.792605941787173918e-02
1.346418359816081711e-03,1.346418359816081711e-03
-2.293253616070937972e-02,-2.293253616070937972e-02
2.757938668270283611e-02,2.757938668270283611e-02
-6.839282431099338866e-03,-6.839282431099338866e-03
1.303001975486951791e-02,1.303001975486951791e-02
4.746964897072108308e-02,4.746964897072108308e-02
-1.607381365477492108e-02,-1.607381365477492108e-02
-5.566613326863202593e-02,-5.566613326863202593e-02
-7.388154867426824368e-02,-7.388154867426824368e-02
-7.800112888740828865e-03,-7.800112888740828865e-03
-2.374143587605045957e-02,-2.374143587605045957e-02
6.666945614047282975e-02,6.666945614047282975e-02
-1.335457429808802055e-02,-1.335457429808802055e-02
-3.025754468022352761e-02,-3.025754468022352761e-02
-2.361470134030457801e-02,-2.361470134030457801e-02
-2.140737571473506906e-02,-2.140737571473506906e-02
-2.800096268733001659e-02,-2.800096268733001659e-02
-5.178638657099538661e-02,-5.178638657099538661e-02
2.050677553350725713e-02,2.050677553350725713e-02
5.296973205732566359e-03,5.296973205732566359e-03
6.682185916600344444e-03,6.682185916600344444e-03
-2.892947268260774585e-02,-2.892947268260774585e-02
-1.283356143987710030e-03,-1.283356143987710030e-03
-6.970978202460034745e-02,-6.970978202460034745e-02
-2.514491948557857903e-02,-2.514491948557857903e-02
1.137439952971859569e-02,1.137439952971859569e-02
-3.432504966330726659e-02,-3.432504966330726659e-02
-2.186562381404581062e-02,-2.186562381404581062e-02
6.535250082262024363e-02,6.535250082262024363e-02
1.322512934541100749e-02,1.322512934541100749e-02
-3.813865748831801739e-04,-3.813865748831801739e-04
-4.638361831062361162e-02,-4.638361831062361162e-02
1.999605541924807939e-02,1.999605541924807939e-02
-6.362357206789459596e-04,-6.362357206789459596e-04
-2.215015908042321235e-02,-2.215015908042321235e-02
1.142790220294867543e-02,1.142790220294867543e-02
-3.599104385420051622e-02,-3.599104385420051622e-02
-5.399602463225136595e-02,-5.399602463225136595e-02
3.107355425954458350e-03,3.107355425954458350e-03
3.090986001348611234e-02,3.090986001348611234e-02
2.211708218964739125e-02,2.211708218964739125e-02
-2.185413175598156788e-02,-2.185413175598156788e-02
-4.222648117160019560e-02,-4.222648117160019560e-02
-5.852932170835223324e-02,-5.852932170835223324e-02
-1.871388452239095002e-02,-1.871388452239095002e-02
2.287237225725201328e-02,2.287237225725201328e-02
3.765964876180661475e-02,3.765964876180661475e-02
3.052639013559621528e-03,3.052639013559621528e-03
-1.308674439220190722e-02,-1.308674439220190722e-02
2.262972149826088242e-02,2.262972149826088242e-02
4.758447698194064046e-03,4.758447698194064046e-03
3.125407162694202046e-03,3.125407162694202046e-03
-3.206707955155439771e-02,-3.206707955155439771e-02
7.568953194848765387e-04,7.568953194848765387e-04
-5.454961325957569107e-02,-5.454961325957569107e-02
1.317409872182015440e-02,1.317409872182015440e-02
8.754221398191805448e-03,8.754221398191805448e-03
-5.040462671468412537e-02,-5.040462671468412537e-02
1.174261888594832492e-03,1.174261888594832492e-03
4.383396976666519007e-02,4.383396976666519007e-02
-4.892417037449464656e-02,-4.892417037449464656e-02
3.978317110649695620e-02,3.978317110649695620e-02
-1.126952628845379750e-02,-1.126952628845379750e-02
5.396409394320339503e-02,5.396409394320339503e-02
1.190842227528615682e-02,1.190842227528615682e-02
-1.331666620317217831e-02,-1.331666620317217831e-02
-6.244967690458708143e-04,-6.244967690458708143e-04
-3.689891425750159437e-02,-3.689891425750159437e-02
-8.767823743422553662e-03,-8.767823743422553662e-03
-6.133980836482134935e-02,-6.133980836482134935e-02
2.952161831846684958e-02,2.952161831846684958e-02
-4.112865656962341049e-02,-4.112865656962341049e-02
4.497195887853976115e-02,4.497195887853976115e-02
3.471163064592225345e-02,3.471163064592225345e-02
-5.479687087236576049e-03,-5.479687087236576049e-03
-2.369604408978877308e-02,-2.369604408978877308e-02
7.107893661009306863e-04,7.107893661009306863e-04
2.961628667598339981e-02,2.961628667598339981e-02
-1.858903738655037774e-02,-1.858903738655037774e-02
-1.852820635887629519e-02,-1.852820635887629519e-02
1.985155019358789130e-02,1.985155019358789130e-02
2.743149677511350082e-02,2.743149677511350082e-02
-2.746763377377253734e-02,-2.746763377377253734e-02
-2.152162928106826634e-02,-2.152162928106826634e-02
5.122998399083274201e-02,5.122998399083274201e-02
-3.488466951685678663e-02,-3.488466951685678663e-02
-3.354480984074037497e-03,-3.354480984074037497e-03
4.172053292008925940e-04,4.172053292008925940e-04
1.446802978157542274e-02,1.446802978157542274e-02
-1.376615121823103471e-02,-1.376615121823103471e-02
3.393739833176996623e-02,3.393739833176996623e-02
4.968525530222413222e-02,4.968525530222413222e-02
-1.774255363813537212e-02,-1.774255363813537212e-02
9.488203195704134063e-03,9.488203195704134063e-03
1.782508572759755605e-02,1.782508572759755605e-02
5.320662315399966869e-02,5.320662315399966869e-02
6.355710617584545141e-02,6.355710617584545141e-02
-3.920593072652604760e-02,-3.920593072652604760e-02
9.905699429956879576e-03,9.905699429956879576e-03
3.272986215231699081e-03,3.272986215231699081e-03
3.601003806785552791e-02,3.601003806785552791e-02
3.101883562571094988e-02,3.101883562571094988e-02
-4.819240105840648380e-02,-4.819240105840648380e-02
-2.340645037618126201e-02,-2.340645037618126201e-02
-5.616626053180424905e-02,-5.616626053180424905e-02
-4.081662762074615702e-02,-4.081662762074615702e-02
-5.837174534366773582e-03,-5.837174534366773582e-03
1.564104241939634488e-02,1.564104241939634488e-02
2.870977582139021267e-02,2.870977582139021267e-02
2.889166571757786905e-02,2.889166571757786905e-02
-5.125045721268743637e-02,-5.125045721268743637e-02
6.062719558190111935e-02,6.062719558190111935e-02
-1.975540458319895165e-02,-1.975540458319895165e-02
2.276229879005645107e-02,2.276229879005645107e-02
-3.718750367495855802e-02,-3.718750367495855802e-02
-4.860132485908273681e-02,-4.860132485908273681e-02
4.811925086331200752e-02,4.811925086331200752e-02
-3.656606301177896257e-02,-3.656606301177896257e-02
-4.140602345564543818e-02,-4.140602345564543818e-02
1.012567911194686698e-02,1.012567911194686698e-02
-3.146199241805337776e-02,-3.146199241805337776e-02
1.465139720894584330e-03,1.465139720894584330e-03
-1.162062835192526067e-02,-1.162062835192526067e-02
-5.813344729327152294e-03,-5.813344729327152294e-03
-2.522813301310743161e-02,-2.522813301310743161e-02
-4.341513405278786542e-02,-4.341513405278786542e-02
-8.339416267511573500e-02,-8.339416267511573500e-02
1.016175116609467632e-02,1.016175116609467632e-02
-1.554047514927842100e-02,-1.554047514927842100e-02
9.772129192926734542e-03,9.772129192926734542e-03
5.934294814943753132e-02,5.934294814943753132e-02
-2.998982654313545049e-03,-2.998982654313545049e-03
-2.286785565696881906e-02,-2.286785565696881906e-02
-2.600519879663198974e-03,-2.600519879663198974e-03
-6.982123053998062767e-04,-6.982123053998062767e-04
2.570136189560812134e-03,2.570136189560812134e-03
-1.602423179845212375e-02,-1.602423179845212375e-02
-6.380878234250528247e-03,-6.380878234250528247e-03
-4.583999865005754237e-02,-4.583999865005754237e-02
1.158808081197240658e-02,1.158808081197240658e-02
6.685477599504441315e-03,6.685477599504441315e-03
-3.431474181326345241e-02,-3.431474181326345241e-02
-7.163745361050133376e-04,-7.163745361050133376e-04
2.676898326305897358e-02,2.676898326305897358e-02
3.761477429282011897e-03,3.761477429282011897e-03
2.613154172571384437e-02,2.613154172571384437e-02
-3.201398467757385347e-02,-3.201398467757385347e-02
9.943846634568709320e-03,9.943846634568709320e-03
2.694574789178490193e-02,2.694574789178490193e-02
-2.003418195800267532e-02,-2.003418195800267532e-02
1.960453256851860115e-03,1.960453256851860115e-03
1.368729268784660280e-02,1.368729268784660280e-02
3.337153564777117776e-02,3.337153564777117776e-02
-2.785495722024518284e-02,-2.785495722024518284e-02
1.087012578097540372e-03,1.087012578097540372e-03
-1.655560299397139390e-02,-1.655560299397139390e-02
-5.247633500107588833e-03,-5.247633500107588833e-03
-8.554373340590767927e-03,-8.554373340590767927e-03
-3.709178457383131844e-02,-3.709178457383131844e-02
3.746687067034359941e-02,3.746687067034359941e-02
-1.776840445796244033e-02,-1.776840445796244033e-02
8.393699153293567028e-02,8.393699153293567028e-02
-2.874783275186812426e-02,-2.874783275186812426e-02
-3.123935698622234969e-02,-3.123935698622234969e-02
4.047572242907072904e-02,4.047572242907072904e-02
-1.473782492775817243e-02,-1.473782492775817243e-02
-2.331744664229651320e-02,-2.331744664229651320e-02
3.844162692848704377e-02,3.844162692848704377e-02
-4.816786163180327568e-02,-4.816786163180327568e-02
-1.453986268477321098e-02,-1.453986268477321098e-02
-1.714408635603459352e-02,-1.714408635603459352e-02
7.858240001710299627e-02,7.858240001710299627e-02
1.151737724909462912e-02,1.151737724909462912e-02
1.305104170680306680e-02,1.305104170680306680e-02
7.051676970608512784e-02,7.051676970608512784e-02
4.616835476092115420e-02,4.616835476092115420e-02
1.318431014769355647e-02,1.318431014769355647e-02
3.055823839468761738e-02,3.055823839468761738e-02
1.572272169227428851e-02,1.572272169227428851e-02
-2.950813631358777112e-02,-2.950813631358777112e-02
-7.986714723515628278e-03,-7.986714723515628278e-03
-2.554553686255039979e-03,-2.554553686255039979e-03
6.061887455996964325e-03,6.061887455996964325e-03
4.373099518246589823e-02,4.373099518246589823e-02
-7.012088240194369604e-02,-7.012088240194369604e-02
-1.215973082557071649e-02,-1.215973082557071649e-02
-2.129428611437296504e-02,-2.129428611437296504e-02
2.119787960824573436e-02,2.119787960824573436e-02
-1.559366226452064963e-02,-1.559366226452064963e-02
3.618737937018268180e-02,3.618737937018268180e-02
-2.767409002335710633e-02,-2.767409002335710633e-02
-4.504873220078600693e-03,-4.504873220078600693e-03
-3.926856813025454696e-02,-3.926856813025454696e-02
4.202582277658903354e-02,4.202582277658903354e-02
-3.075917926117724410e-02,-3.075917926117724410e-02
4.402546861536918432e-03,4.402546861536918432e-03
5.296839140505626986e-02,5.296839140505626986e-02
-7.485327789546622479e-03,-7.485327789546622479e-03
2.934032739462689998e-02,2.934032739462689998e-02
-1.832180015527427874e-02,-1.832180015527427874e-02
-6.229121654972905042e-02,-6.229121654972905042e-02
-4.001516543042012847e-02,-4.001516543042012847e-02
2.045946727869375759e-02,2.045946727869375759e-02
-3.454619023384014609e-02,-3.454619023384014609e-02
-3.680722691505551591e-03,-3.680722691505551591e-03
4.210939972242808138e-02,4.210939972242808138e-02
-3.786920606585753024e-03,-3.786920606585753024e-03
-3.356851005234112728e-03,-3.356851005234112728e-03
1.231324368090552790e-02,1.231324368090552790e-02
3.033160279977616114e-02,3.033160279977616114e-02
8.398215526448996049e-03,8.398215526448996049e-03
-6.254382668313902827e-02,-6.254382668313902827e-02
-3.354981355354565153e-02,-3.354981355354565153e-02
-3.159547138024638296e-02,-3.159547138024638296e-02
-5.534511451208770638e-03,-5.534511451208770638e-03
1.775929530200179296e-02,1.775929530200179296e-02
-3.486363074897150249e-02,-3.486363074897150249e-02
2.149933115786063775e-02,2.149933115786063775e-02
-8.447632306815376635e-02,-8.447632306815376635e-02
-7.084827786551156636e-02,-7.084827786551156636e-02
-2.025201979944872555e-02,-2.025201979944872555e-02
-2.141451868821871163e-02,-2.141451868821871163e-02
4.491357342546434261e-02,4.491357342546434261e-02
-2.558444272588392132e-02,-2.558444272588392132e-02
-5.599826638006913382e-03,-5.599826638006913382e-03
-1.158617872194070419e-02,-1.158617872194070419e-02
3.563383579563567105e-03,3.563383579563567105e-03
-2.034898063516057259e-02,-2.034898063516057259e-02
-2.629881001315474698e-02,-2.629881001315474698e-02
3.621349195019164108e-02,3.621349195019164108e-02
4.943485244971468351e-02,4.943485244971468351e-02
-4.987242899042783340e-02,-4.987242899042783340e-02
2.591425348078607582e-02,2.591425348078607582e-02
1.668308654045226602e-02,1.668308654045226602e-02
-1.442126096076355724e-02,-1.442126096076355724e-02
-3.276356379469338997e-02,-3.276356379469338997e-02
-1.211556551833636586e-01,-1.211556551833636586e-01
4.512446657852109411e-02,4.512446657852109411e-02
-2.580941063716288286e-02,-2.580941063716288286e-02
-1.701622603999752847e-03,-1.701622603999752847e-03
-2.073924614456070653e-02,-2.073924614456070653e-02
-5.305145308231599965e-02,-5.305145308231599965e-02
2.539820440498381793e-02,2.539820440498381793e-02
-1.423468716835912806e-02,-1.423468716835912806e-02
3.647998735110874469e-02,3.647998735110874469e-02
-2.777414888407410409e-02,-2.777414888407410409e-02
-8.236261878887102261e-02,-8.236261878887102261e-02
-2.411735242046596228e-02,-2.411735242046596228e-02
-5.016663883823171965e-03,-5.016663883823171965e-03
-6.118309478610287067e-02,-6.118309478610287067e-02
1.284921471732754228e-02,1.284921471732754228e-02
-3.032792197275387125e-02,-3.032792197275387125e-02
-4.318825162696059150e-02,-4.318825162696059150e-02
1.077406170110349615e-02,1.077406170110349615e-02
-1.628857508597092441e-03,-1.628857508597092441e-03
-1.247366788152477757e-02,-1.247366788152477757e-02
-7.111119321223657863e-05,-7.111119321223657863e-05
3.265963285196959998e-04,3.265963285196959998e-04
6.811311440070422218e-02,6.811311440070422218e-02
-5.548220765212041883e-02,-5.548220765212041883e-02
-4.890507522447298805e-02,-4.890507522447298805e-02
1.791865287767148429e-02,1.791865287767148429e-02
-1.589599486210828416e-02,-1.589599486210828416e-02
9.434997108895878948e-03,9.434997108895878948e-03
-4.519984468173071646e-02,-4.519984468173071646e-02
2.844387047169372879e-02,2.844387047169372879e-02
2.741445624600158393e-02,2.741445624600158393e-02
1.430327275647125251e-02,1.430327275647125251e-02
5.090937965347498706e-02,5.090937965347498706e-02
-4.094730391893117161e-02,-4.094730391893117161e-02
-1.444290326009733949e-02,-1.444290326009733949e-02
-5.587793881872860080e-03,-5.587793881872860080e-03
2.355909345535298072e-03,2.355909345535298072e-03
4.054935811050565386e-02,4.054935811050565386e-02
-1.144071572610165510e-02,-1.144071572610165510e-02
-6.858433860532281434e-03,-6.858433860532281434e-03
2.102114444220547218e-02,2.102114444220547218e-02
-4.722305079472179090e-02,-4.722305079472179090e-02
-2.352809429018927478e-02,-2.352809429018927478e-02
5.015526129269975986e-03,5.015526129269975986e-03
-6.020346261398400178e-02,-6.020346261398400178e-02
1.696511058134256289e-02,1.696511058134256289e-02
3.124394495457825938e-02,3.124394495457825938e-02
-2.258451537475089643e-02,-2.258451537475089643e-02
-5.888381068056841583e-02,-5.888381068056841583e-02
-1.850179106716406952e-03,-1.850179106716406952e-03
-2.072988684061362330e-02,-2.072988684061362330e-02
6.729340143834805499e-03,6.729340143834805499e-03
-1.335906847715527535e-02,-1.335906847715527535e-02
2.456349302761084291e-02,2.456349302761084291e-02
6.495392801132206240e-02,6.495392801132206240e-02
-7.271225293844593707e-03,-7.271225293844593707e-03
-1.794665124234741393e-02,-1.794665124234741393e-02
1.357922036532177579e-03,1.357922036532177579e-03
6.914947727525087851e-02,6.914947727525087851e-02
4.410124340737044124e-02,4.410124340737044124e-02
-1.852844476246509609e-02,-1.852844476246509609e-02
-1.391818938360813579e-02,-1.391818938360813579e-02
1.623391720141573180e-03,1.623391720141573180e-03
-4.499698909715005302e-02,-4.499698909715005302e-02
8.546208578779634912e-03,8.546208578779634912e-03
2.515864457981366320e-02,2.515864457981366320e-02
1.588595949674598273e-02,1.588595949674598273e-02
-5.079849658347281027e-02,-5.079849658347281027e-02
-1.594325764790958944e-02,-1.594325764790958944e-02
-6.454415148864177387e-02,-6.454415148864177387e-02
1.091095035153837045e-02,1.091095035153837045e-02
5.243449403052763413e-02,5.243449403052763413e-02
-3.065214986387920781e-02,-3.065214986387920781e-02
-6.666409440488435534e-03,-6.666409440488435534e-03
-5.164856630714977082e-02,-5.164856630714977082e-02
4.080486236877879647e-02,4.080486236877879647e-02
9.044256853769716553e-02,9.044256853769716553e-02
4.143909172719215106e-03,4.143909172719215106e-03
-3.352073604300527532e-02,-3.352073604300527532e-02
3.898526403456849948e-02,3.898526403456849948e-02
3.053514013488334289e-02,3.053514013488334289e-02
-5.921010744025018147e-02,-5.921010744025018147e-02
-5.024346831231275151e-02,-5.024346831231275151e-02
-1.488539465263116757e-03,-1.488539465263116757e-03
7.820469157868825683e-03,7.820469157868825683e-03
-4.236035538120765109e-02,-4.236035538120765109e-02
-2.893910432193257110e-02,-2.893910432193257110e-02
1.630690010870199103e-02,1.630690010870199103e-02
3.468141272572139444e-03,3.468141272572139444e-03
2.500581264531832881e-02,2.500581264531832881e-02
2.099161679262503966e-02,2.099161679262503966e-02
2.168145786370431760e-02,2.168145786370431760e-02
-3.788965340973790563e-02,-3.788965340973790563e-02
6.097771070089991197e-03,6.097771070089991197e-03
-1.014423565687748441e-02,-1.014423565687748441e-02
-6.182475993984439672e-02,-6.182475993984439672e-02
3.464050211757534192e-02,3.464050211757534192e-02
2.597785845025707419e-02,2.597785845025707419e-02
1.235830162633734519e-02,1.235830162633734519e-02
-3.086906231256822397e-02,-3.086906231256822397e-02
5.925757722491500901e-02,5.925757722491500901e-02
-2.486845531280394705e-02,-2.486845531280394705e-02
3.118007588156390675e-03,3.118007588156390675e-03
1.928174856742119470e-02,1.928174856742119470e-02
2.316194068754731661e-03,2.316194068754731661e-03
9.264249369950156021e-03,9.264249369950156021e-03
-2.893505819380512434e-03,-2.893505819380512434e-03
7.364804293831864190e-03,7.364804293831864190e-03
-5.084902658250198271e-02,-5.084902658250198271e-02
-1.647571226238127989e-02,-1.647571226238127989e-02
-1.391479342901219551e-02,-1.391479342901219551e-02
3.012703837650274052e-03,3.012703837650274052e-03
-4.954644920818641191e-02,-4.954644920818641191e-02
-3.611890816693737183e-02,-3.611890816693737183e-02
4.891978719561456551e-02,4.891978719561456551e-02
-4.850310458204730446e-02,-4.850310458204730446e-02
-6.987679001813312807e-02,-6.987679001813312807e-02
-1.226408802123533925e-02,-1.226408802123533925e-02
-2.551827357719445993e-02,-2.551827357719445993e-02
3.930942759517312701e-02,3.930942759517312701e-02
1.320922878074171081e-04,1.320922878074171081e-04
7.076904322702887162e-03,7.076904322702887162e-03
1.144227756851798339e-02,1.144227756851798339e-02
-3.271857402159949330e-02,-3.271857402159949330e-02
3.968651262757745546e-02,3.968651262757745546e-02
1.363453617657495176e-03,1.363453617657495176e-03
-4.882866144949946779e-02,-4.882866144949946779e-02
8.409445263184317509e-02,8.409445263184317509e-02
-5.063565727150248774e-03,-5.063565727150248774e-03
1.471337478982080726e-02,1.471337478982080726e-02
-3.428307898819861477e-02,-3.428307898819861477e-02
3.905101956659481899e-03,3.905101956659481899e-03
-9.578255856530090706e-03,-9.578255856530090706e-03
6.825691352884410978e-03,6.825691352884410978e-03
2.457005737622361408e-02,2.457005737622361408e-02
-2.016701728500168433e-02,-2.016701728500168433e-02
-1.124998607393319638e-02,-1.124998607393319638e-02
-6.523839100080856823e-02,-6.523839100080856823e-02
1.395359006244413502e-02,1.395359006244413502e-02
2.433995224567207794e-02,2.433995224567207794e-02
1.041097349533849636e-02,1.041097349533849636e-02
-5.549722975589296836e-02,-5.549722975589296836e-02
-9.285442588796558039e-03,-9.285442588796558039e-03
-2.704543912572518471e-02,-2.704543912572518471e-02
-2.339105710941022376e-02,-2.339105710941022376e-02
2.959232713491490030e-02,2.959232713491490030e-02
1.403010536641480233e-02,1.403010536641480233e-02
4.984103993711581915e-02,4.984103993711581915e-02
6.294164348509823093e-03,6.294164348509823093e-03
-1.961663374203705124e-02,-1.961663374203705124e-02
-3.422110843480617726e-02,-3.422110843480617726e-02
-1.729613259352399957e-02,-1.729613259352399957e-02
-2.731300857553221884e-02,-2.731300857553221884e-02
1.780289652489887298e-02,1.780289652489887298e-02
-9.910589689949983461e-04,-9.910589689949983461e-04
-6.643498080652515680e-02,-6.643498080652515680e-02
-5.063340559220058656e-02,-5.063340559220058656e-02
4.154121895915807716e-02,4.154121895915807716e-02
-4.593804707472246007e-02,-4.593804707472246007e-02
-5.567873437785966079e-02,-5.567873437785966079e-02
-1.248215639560822099e-02,-1.248215639560822099e-02
-1.727947372545381166e-02,-1.727947372545381166e-02
-8.324260345753106694e-03,-8.324260345753106694e-03
-1.481560451013516633e-02,-1.481560451013516633e-02
4.846164572007302662e-03,4.846164572007302662e-03
1.192065698682785724e-02,1.192065698682785724e-02
-1.163504324585039329e-02,-1.163504324585039329e-02
-2.212480826511707688e-02,-2.212480826511707688e-02
4.578885473965741554e-02,4.578885473965741554e-02
2.427019198308752457e-02,2.427019198308752457e-02
-3.013355841787287992e-03,-3.013355841787287992e-03
-2.749139242887396750e-02,-2.749139242887396750e-02
7.885506921199243735e-02,7.885506921199243735e-02
5.754148415826601526e-02,5.754148415826601526e-02
-2.179231165262209002e-02,-2.179231165262209002e-02
3.138829876174534239e-02,3.138829876174534239e-02
1.935654341609537032e-02,1.935654341609537032e-02
4.218270087053585526e-02,4.218270087053585526e-02
-9.984327482722751834e-03,-9.984327482722751834e-03
-2.355307333799994129e-02,-2.355307333799994129e-02
-4.587863538447148337e-02,-4.587863538447148337e-02
2.407484876943377650e-02,2.407484876943377650e-02
5.976823640935600979e-02,5.976823640935600979e-02
-5.772575163029189382e-03,-5.772575163029189382e-03
3.712904049324119993e-02,3.712904049324119993e-02
2.662979430007415826e-02,2.662979430007415826e-02
1.885096420108020587e-02,1.885096420108020587e-02
-2.182588854647737886e-02,-2.182588854647737886e-02
-1.781020064877551767e-02,-1.781020064877551767e-02
-2.214826656216251077e-03,-2.214826656216251077e-03
2.502668243894447253e-02,2.502668243894447253e-02
-2.831848729956293331e-02,-2.831848729956293331e-02
6.100707874504673889e-02,6.100707874504673889e-02
-4.690546380905956381e-02,-4.690546380905956381e-02
5.332869158075792537e-02,5.332869158075792537e-02
-2.120182315332684586e-02,-2.120182315332684586e-02
-5.312736176517340869e-03,-5.312736176517340869e-03
-7.183553691075775238e-03,-7.183553691075775238e-03
-6.577353126446056075e-03,-6.577353126446056075e-03
-2.419100856459889537e-02,-2.419100856459889537e-02
5.531557701459367815e-02,5.531557701459367815e-02
2.513166516244072501e-02,2.513166516244072501e-02
-6.523449767277061939e-03,-6.523449767277061939e-03
-3.203022325444490614e-03,-3.203022325444490614e-03
-7.593781812846041313e-02,-7.593781812846041313e-02
6.216777492398892213e-03,6.216777492398892213e-03
-3.169957093171897611e-02,-3.169957093171897611e-02
1.124052912114124891e-02,1.124052912114124891e-02
-5.036981568195519204e-02,-5.036981568195519204e-02
-6.599440991518004673e-03,-6.599440991518004673e-03
-6.573316136932598475e-02,-6.573316136932598475e-02
-4.888050886726034300e-02,-4.888050886726034300e-02
1.414634766521051523e-02,1.414634766521051523e-02
-1.303821709894070063e-02,-1.303821709894070063e-02
3.429306458468890650e-02,3.429306458468890650e-02
-2.446418552082738063e-02,-2.446418552082738063e-02
-2.038935969552620187e-02,-2.038935969552620187e-02
5.490211269698064278e-03,5.490211269698064278e-03
6.520447776648964633e-02,6.520447776648964633e-02
1.144126327825720213e-03,1.144126327825720213e-03
5.154340483195524181e-02,5.154340483195524181e-02
8.508331836459284703e-03,8.508331836459284703e-03
1.343484006074846526e-02,1.343484006074846526e-02
-2.626266982175015641e-02,-2.626266982175015641e-02
-2.900812545482969740e-02,-2.900812545482969740e-02
1.547382797589715031e-02,1.547382797589715031e-02
-1.967360218112358672e-02,-1.967360218112358672e-02
-6.207072593856249876e-03,-6.207072593856249876e-03
9.379317965967109982e-03,9.379317965967109982e-03
-2.138436669016245684e-02,-2.138436669016245684e-02
-3.596371894312219708e-02,-3.596371894312219708e-02
-4.291615711516351406e-02,-4.291615711516351406e-02
5.792321135215980354e-02,5.792321135215980354e-02
4.263607459700829994e-02,4.263607459700829994e-02
-1.651727568881294905e-03,-1.651727568881294905e-03
-1.109673583447347289e-02,-1.109673583447347289e-02
-1.031794123806839547e-02,-1.031794123806839547e-02
-4.799155254222675637e-02,-4.799155254222675637e-02
3.219796359062487845e-02,3.219796359062487845e-02
-8.257331074262269643e-03,-8.257331074262269643e-03
3.424351889179624853e-03,3.424351889179624853e-03
5.148731403581811167e-02,5.148731403581811167e-02
-5.281405219361483272e-02,-5.281405219361483272e-02
-5.630320556026892354e-02,-5.630320556026892354e-02
2.941257253649520731e-02,2.941257253649520731e-02
-1.322582870227519136e-02,-1.322582870227519136e-02
3.342143729299781874e-02,3.342143729299781874e-02
-2.552119087612778059e-02,-2.552119087612778059e-02
2.967086426229854912e-02,2.967086426229854912e-02
-4.527191909848489459e-02,-4.527191909848489459e-02
-5.096829618061690659e-02,-5.096829618061690659e-02
2.921631524243262223e-02,2.921631524243262223e-02
3.601145907138383895e-02,3.601145907138383895e-02
7.960654537954914289e-03,7.960654537954914289e-03
8.552953745360317162e-03,8.552953745360317162e-03
6.738924755718661563e-03,6.738924755718661563e-03
5.158876907338495743e-02,5.158876907338495743e-02
5.490368096215947347e-03,5.490368096215947347e-03
2.900668860983507402e-02,2.900668860983507402e-02
-7.663251724085652639e-02,-7.663251724085652639e-02
2.724774749869128543e-02,2.724774749869128543e-02
7.133635861245740672e-02,7.133635861245740672e-02
-3.020019035208292013e-02,-3.020019035208292013e-02
-1.035731097054516658e-02,-1.035731097054516658e-02
6.393306589289823871e-02,6.393306589289823871e-02
-2.171251376161674462e-02,-2.171251376161674462e-02
-3.071074749855623454e-02,-3.071074749855623454e-02
9.247712989068665457e-02,9.247712989068665457e-02
-8.111670081518904118e-03,-8.111670081518904118e-03
-3.986167671866144846e-03,-3.986167671866144846e-03
-1.187082803019490207e-02,-1.187082803019490207e-02
-2.075555545060350782e-02,-2.075555545060350782e-02
-3.545746791501182271e-02,-3.545746791501182271e-02
-1.227403831445751659e-02,-1.227403831445751659e-02
-2.747514388881547309e-02,-2.747514388881547309e-02
-2.332806178375119999e-02,-2.332806178375119999e-02
1.625984259259537212e-02,1.625984259259537212e-02
-5.112655920769166445e-02,-5.112655920769166445e-02
-9.013101429437342382e-03,-9.013101429437342382e-03
-1.168357982328896427e-02,-1.168357982328896427e-02
6.113546257216997959e-02,6.113546257216997959e-02
-3.708516939215314445e-02,-3.708516939215314445e-02
-7.186915004368882309e-03,-7.186915004368882309e-03
-1.263536325894196177e-03,-1.263536325894196177e-03
1.437376947787551151e-02,1.437376947787551151e-02
-1.959003336820085150e-02,-1.959003336820085150e-02
4.005825963024595149e-03,4.005825963024595149e-03
1.123320877485071978e-02,1.123320877485071978e-02
4.053859530896179730e-02,4.053859530896179730e-02
-3.020254471361591420e-02,-3.020254471361591420e-02
3.033881440470394264e-02,3.033881440470394264e-02
-1.883643167301694843e-02,-1.883643167301694843e-02
1.077541666392661801e-02,1.077541666392661801e-02
-2.039061910491135610e-03,-2.039061910491135610e-03
5.471893589315517115e-02,5.471893589315517115e-02
5.913828947104973754e-03,5.913828947104973754e-03
-1.719463104694962663e-02,-1.719463104694962663e-02
-5.573235866721469589e-02,-5.573235866721469589e-02
-2.189737225293136857e-02,-2.189737225293136857e-02
-3.433146169566324291e-02,-3.433146169566324291e-02
3.806497350950009684e-02,3.806497350950009684e-02
-1.257057868152838820e-02,-1.257057868152838820e-02
-2.530409550606189939e-02,-2.530409550606189939e-02
4.084251362575286315e-02,4.084251362575286315e-02
-5.380164442674960357e-02,-5.380164442674960357e-02
-2.621134827293014613e-02,-2.621134827293014613e-02
1.714968479950382263e-03,1.714968479950382263e-03
-1.460033473869037923e-02,-1.460033473869037923e-02
-8.263130433747392645e-03,-8.263130433747392645e-03
1.192204061877728816e-02,1.192204061877728816e-02
3.536881096215868658e-02,3.536881096215868658e-02
-3.487411081222843712e-03,-3.487411081222843712e-03
1.651665611848403270e-02,1.651665611848403270e-02
-4.038005943361368255e-02,-4.038005943361368255e-02
-3.919329994829106462e-02,-3.919329994829106462e-02
1.282170805332133456e-03,1.282170805332133456e-03
3.731076982924079466e-02,3.731076982924079466e-02
2.455769789524385460e-02,2.455769789524385460e-02
-4.150847394716215832e-02,-4.150847394716215832e-02
-2.760552135353740166e-02,-2.760552135353740166e-02
-9.657053399303963670e-03,-9.657053399303963670e-03
-9.844423117068512585e-03,-9.844423117068512585e-03
1.704014274650138272e-02,1.704014274650138272e-02
-5.437303737425060179e-02,-5.437303737425060179e-02
2.031796460330166643e-02,2.031796460330166643e-02
-8.329729043180861270e-02,-8.329729043180861270e-02
2.090996630857962224e-02,2.090996630857962224e-02
-8.269713125691441347e-03,-8.269713125691441347e-03
2.884195796658196864e-02,2.884195796658196864e-02
-3.132984345231876189e-02,-3.132984345231876189e-02
3.880222314219070046e-03,3.880222314219070046e-03
3.209512361292039817e-02,3.209512361292039817e-02
-5.168020287976169552e-02,-5.168020287976169552e-02
2.349211658233348043e-02,2.349211658233348043e-02
-2.928547312138611580e-02,-2.928547312138611580e-02
-3.549920071568381241e-02,-3.549920071568381241e-02
2.062487230603734373e-02,2.062487230603734373e-02
2.741237008663602315e-02,2.741237008663602315e-02
1.857668796629423358e-02,1.857668796629423358e-02
-2.216142577083329845e-03,-2.216142577083329845e-03
-4.875109947624226003e-02,-4.875109947624226003e-02
7.454463982520172227e-02,7.454463982520172227e-02
3.732506010121275364e-02,3.732506010121275364e-02
-1.007164957283991635e-02,-1.007164957283991635e-02
-6.251362732351176121e-03,-6.251362732351176121e-03
-5.004573018989821875e-03,-5.004573018989821875e-03
2.271502042791755105e-02,2.271502042791755105e-02
2.504808392239697701e-02,2.504808392239697701e-02
-4.675024599943744530e-02,-4.675024599943744530e-02
1.022877583652639921e-02,1.022877583652639921e-02
-5.723360609051822423e-02,-5.723360609051822423e-02
-4.054428598562753727e-03,-4.054428598562753727e-03
1.375776112338671087e-02,1.375776112338671087e-02
8.064069052504632684e-03,8.064069052504632684e-03
-2.236655844846075630e-02,-2.236655844846075630e-02
-2.632330704464808102e-03,-2.632330704464808102e-03
-6.031164225347226959e-02,-6.031164225347226959e-02
-1.560197559964481007e-02,-1.560197559964481007e-02
-4.347107047756902654e-02,-4.347107047756902654e-02
3.834178853917996621e-02,3.834178853917996621e-02
7.907774713459572724e-02,7.907774713459572724e-02
2.109533236949401314e-03,2.109533236949401314e-03
2.516883714070980438e-02,2.516883714070980438e-02
4.360227652253882702e-02,4.360227652253882702e-02
-2.379461327243987540e-02,-2.379461327243987540e-02
-5.900838768460585360e-02,-5.900838768460585360e-02
2.924465729838948702e-02,2.924465729838948702e-02
-4.102397591706390817e-02,-4.102397591706390817e-02
-3.273484124525771755e-04,-3.273484124525771755e-04
6.426671527276342499e-03,6.426671527276342499e-03
4.341223890327028379e-02,4.341223890327028379e-02
-4.681379116272217644e-02,-4.681379116272217644e-02
5.131232319704515099e-02,5.131232319704515099e-02
1.066468203948996163e-02,1.066468203948996163e-02
8.825037254141063214e-03,8.825037254141063214e-03
-1.150085510791529209e-02,-1.150085510791529209e-02
1.437736648289357488e-02,1.437736648289357488e-02
-2.001676781010744421e-02,-2.001676781010744421e-02
3.294265866138243459e-02,3.294265866138243459e-02
-3.368321275189733316e-02,-3.368321275189733316e-02
1.365717730471865954e-03,1.365717730471865954e-03
-1.770478041074281805e-02,-1.770478041074281805e-02
-3.142586898412493002e-02,-3.142586898412493002e-02
-3.197665167917810441e-02,-3.197665167917810441e-02
1.583605846904609371e-02,1.583605846904609371e-02
1.602231751982055585e-03,1.602231751982055585e-03
-1.576760540593322157e-02,-1.576760540593322157e-02
-4.693371338589218122e-02,-4.693371338589218122e-02
2.040290911876353752e-02,2.040290911876353752e-02
3.262398673461361365e-02,3.262398673461361365e-02
-8.319235444230008159e-03,-8.319235444230008159e-03
-1.118242877226556520e-02,-1.118242877226556520e-02
1.722793791427341958e-02,1.722793791427341958e-02
-5.992348739909947319e-03,-5.992348739909947319e-03
8.513904568853074284e-02,8.513904568853074284e-02
4.200127936246177141e-02,4.200127936246177141e-02
-3.453285859644947275e-02,-3.453285859644947275e-02
-4.318837537722100550e-02,-4.318837537722100550e-02
-7.443596460234638834e-03,-7.443596460234638834e-03
-4.552771308927644478e-02,-4.552771308927644478e-02
3.181693484948405759e-02,3.181693484948405759e-02
-2.409473097802185271e-02,-2.409473097802185271e-02
4.223953840307827223e-02,4.223953840307827223e-02
-4.129110239722570685e-02,-4.129110239722570685e-02
2.410209281205133447e-02,2.410209281205133447e-02
2.362323004184296860e-02,2.362323004184296860e-02
-4.331017775935164932e-02,-4.331017775935164932e-02
5.737286386758028156e-02,5.737286386758028156e-02
-3.528755597487069628e-02,-3.528755597487069628e-02
9.348257647935107051e-03,9.348257647935107051e-03
2.585410220235367929e-02,2.585410220235367929e-02
-1.668733641611198915e-02,-1.668733641611198915e-02
4.892681087232562953e-02,4.892681087232562953e-02
9.018198887890432891e-03,9.018198887890432891e-03
2.672441110491197147e-02,2.672441110491197147e-02
7.328718263433453561e-03,7.328718263433453561e-03
2.635046072143246848e-02,2.635046072143246848e-02
4.410784988010549301e-03,4.410784988010549301e-03
1.492535448035695045e-03,1.492535448035695045e-03
4.706786881677114259e-02,4.706786881677114259e-02
-7.934490039443964360e-03,-7.934490039443964360e-03
-6.034464208876968994e-02,-6.034464208876968994e-02
4.780310031187454123e-02,4.780310031187454123e-02
-3.673555391955674737e-02,-3.673555391955674737e-02
-4.681344830198905238e-02,-4.681344830198905238e-02
-2.008365493486981984e-02,-2.008365493486981984e-02
4.610234755522820554e-02,4.610234755522820554e-02
1.363824053199086395e-02,1.363824053199086395e-02
1.373891443876722879e-02,1.373891443876722879e-02
-4.190341875654030046e-02,-4.190341875654030046e-02
4.639419223659420333e-02,4.639419223659420333e-02
2.193545004104319185e-02,2.193545004104319185e-02
-1.869361997070634329e-03,-1.869361997070634329e-03
5.791718474167574515e-02,5.791718474167574515e-02
-1.756658374149722146e-02,-1.756658374149722146e-02
-5.864445858716635374e-03,-5.864445858716635374e-03
4.413371833936069466e-02,4.413371833936069466e-02
-2.277456158324729640e-02,-2.277456158324729640e-02
-2.239496606414162483e-03,-2.239496606414162483e-03
-2.291923034021120520e-04,-2.291923034021120520e-04
-1.977427429692404925e-02,-1.977427429692404925e-02
3.203763241703827536e-02,3.203763241703827536e-02
3.551358075146517773e-02,3.551358075146517773e-02
-9.637330949925276835e-03,-9.637330949925276835e-03
-1.741857623798592769e-02,-1.741857623798592769e-02
4.494589331872936300e-02,4.494589331872936300e-02
-3.940981984318928100e-03,-3.940981984318928100e-03
1.087932371873197301e-02,1.087932371873197301e-02
-2.315005891008646566e-02,-2.315005891008646566e-02
-5.407182475448726877e-02,-5.407182475448726877e-02
2.252738483800900693e-02,2.252738483800900693e-02
1.209249459402449156e-02,1.209249459402449156e-02
1.099650270941841118e-02,1.099650270941841118e-02
-4.965618513715242682e-02,-4.965618513715242682e-02
1.568504536181607179e-02,1.568504536181607179e-02
-5.821071836485060963e-02,-5.821071836485060963e-02
1.038682682268847468e-02,1.038682682268847468e-02
-6.058225206706471799e-03,-6.058225206706471799e-03
-1.578871553813088191e-02,-1.578871553813088191e-02
-3.604753360805670881e-02,-3.604753360805670881e-02
2.941364902115213564e-02,2.941364902115213564e-02
-4.962360520038013034e-02,-4.962360520038013034e-02
5.352419428665350365e-03,5.352419428665350365e-03
1.644256652679673691e-02,1.644256652679673691e-02
-2.686768320071605820e-02,-2.686768320071605820e-02
-2.321886524837973864e-02,-2.321886524837973864e-02
4.424247580829178406e-02,4.424247580829178406e-02
6.758954359692148639e-04,6.758954359692148639e-04
1.691775078137583432e-02,1.691775078137583432e-02
5.225994789752455572e-02,5.225994789752455572e-02
1.601047372487325593e-02,1.601047372487325593e-02
8.275220008411604544e-03,8.275220008411604544e-03
2.867180311705565254e-02,2.867180311705565254e-02
1.900907892726699799e-02,1.900907892726699799e-02
-2.924381138267329039e-02,-2.924381138267329039e-02
3.791528666291150984e-02,3.791528666291150984e-02
-4.590729541843367734e-02,-4.590729541843367734e-02
-3.453710167783297091e-02,-3.453710167783297091e-02
-2.298923711664677128e-02,-2.298923711664677128e-02
6.216080028709505823e-03,6.216080028709505823e-03
5.465839490212198032e-02,5.465839490212198032e-02
-1.618273836009459510e-02,-1.618273836009459510e-02
-4.429242644238413906e-02,-4.429242644238413906e-02
2.939488586107842638e-02,2.939488586107842638e-02
-1.000252518414339320e-02,-1.000252518414339320e-02
-5.829130333193460745e-02,-5.829130333193460745e-02
-1.441150192540387176e-02,-1.441150192540387176e-02
3.007444275931125260e-02,3.007444275931125260e-02
-7.130017316533288074e-03,-7.130017316533288074e-03
-6.143017646093403006e-02,-6.143017646093403006e-02
4.539681052028283342e-02,4.539681052028283342e-02
1.059349382721028188e-02,1.059349382721028188e-02
1.076878757160960876e-02,1.076878757160960876e-02
1.238400217113477808e-02,1.238400217113477808e-02
-2.435913334161261823e-02,-2.435913334161261823e-02
1.872462630989922550e-02,1.872462630989922550e-02
-1.361238109083931502e-02,-1.361238109083931502e-02
-7.459593831375607720e-03,-7.459593831375607720e-03
2.277960862224259753e-02,2.277960862224259753e-02
-3.410345071315970533e-02,-3.410345071315970533e-02
6.088336614519643253e-03,6.088336614519643253e-03
-3.993882831656746235e-02,-3.993882831656746235e-02
-3.073364820498017402e-02,-3.073364820498017402e-02
-2.682263120313269078e-02,-2.682263120313269078e-02
2.410546157552909130e-02,2.410546157552909130e-02
4.457633158905043025e-02,4.457633158905043025e-02
3.468281688726367051e-02,3.468281688726367051e-02
5.381538980609315570e-02,5.381538980609315570e-02
1.395902195440898441e-02,1.395902195440898441e-02
-1.982971468306811424e-02,-1.982971468306811424e-02
-2.028191811250223964e-02,-2.028191811250223964e-02
1.599956340482010242e-02,1.599956340482010242e-02
1.575815606917490425e-02,1.575815606917490425e-02
-1.600430675721603579e-03,-1.600430675721603579e-03
-1.546546036862270213e-02,-1.546546036862270213e-02
-4.534147066462165809e-02,-4.534147066462165809e-02
2.253021356338469339e-02,2.253021356338469339e-02
-9.760147635900114083e-03,-9.760147635900114083e-03
2.627563385050905864e-02,2.627563385050905864e-02
2.097140729868621212e-02,2.097140729868621212e-02
-3.986295961581254321e-02,-3.986295961581254321e-02
4.307266083284633229e-03,4.307266083284633229e-03
-7.759876868590837029e-03,-7.759876868590837029e-03
-4.381113739780972960e-02,-4.381113739780972960e-02
1.293867003814615224e-02,1.293867003814615224e-02
-4.418960375224777193e-02,-4.418960375224777193e-02
5.372400358690208877e-02,5.372400358690208877e-02
-2.084342674232290971e-02,-2.084342674232290971e-02
-5.296031533608673569e-02,-5.296031533608673569e-02
-1.536292311480975947e-02,-1.536292311480975947e-02
-5.133827110442364117e-03,-5.133827110442364117e-03
2.387450827983639279e-03,2.387450827983639279e-03
-5.127692165718099326e-02,-5.127692165718099326e-02
5.016080856832944024e-04,5.016080856832944024e-04
-3.036370147679079423e-02,-3.036370147679079423e-02
1.902277767136272002e-02,1.902277767136272002e-02
1.506869087040831057e-02,1.506869087040831057e-02
4.644333655078357326e-02,4.644333655078357326e-02
-1.117698838043257314e-02,-1.117698838043257314e-02
-2.244209550245773732e-02,-2.244209550245773732e-02
-4.881364294215262412e-02,-4.881364294215262412e-02
2.455659074398509889e-02,2.455659074398509889e-02
3.811424936652878237e-02,3.811424936652878237e-02
-4.416010656240598048e-02,-4.416010656240598048e-02
-4.857813554856588167e-02,-4.857813554856588167e-02
3.029001969556692486e-02,3.029001969556692486e-02
-3.489776660068906466e-02,-3.489776660068906466e-02
2.204807577148741593e-02,2.204807577148741593e-02
-1.142729134602284841e-02,-1.142729134602284841e-02
8.914843447975731583e-03,8.914843447975731583e-03
-2.340195410004097809e-02,-2.340195410004097809e-02
3.516083223702221039e-02,3.516083223702221039e-02
1.336505074716386188e-02,1.336505074716386188e-02
-5.927223213250898404e-02,-5.927223213250898404e-02
2.154167991415674444e-02,2.154167991415674444e-02
-1.561838114483432571e-03,-1.561838114483432571e-03
-3.088962567388971181e-02,-3.088962567388971181e-02
-8.077757524087078589e-02,-8.077757524087078589e-02
-2.482949898551714552e-02,-2.482949898551714552e-02
3.103496169037746333e-02,3.103496169037746333e-02
4.634001902938371387e-02,4.634001902938371387e-02
-6.669539261566687083e-03,-6.669539261566687083e-03
2.277980314629318714e-02,2.277980314629318714e-02
2.631575638037935566e-02,2.631575638037935566e-02
2.009622708360939147e-02,2.009622708360939147e-02
-1.322499332689476559e-02,-1.322499332689476559e-02
2.785175718442112203e-03,2.785175718442112203e-03
-3.045966010694620141e-02,-3.045966010694620141e-02
-3.639197013461951957e-02,-3.639197013461951957e-02
1.636260709466114127e-02,1.636260709466114127e-02
-2.463274989867232645e-02,-2.463274989867232645e-02
9.690904889730489469e-02,9.690904889730489469e-02
4.684424549701678153e-02,4.684424549701678153e-02
-5.974898382832971588e-02,-5.974898382832971588e-02
-2.808394491296377360e-02,-2.808394491296377360e-02
4.103364649064102088e-02,4.103364649064102088e-02
2.118047248089723056e-02,2.118047248089723056e-02
8.448534946508093335e-02,8.448534946508093335e-02
4.818362329121691351e-02,4.818362329121691351e-02
7.229959837137547862e-03,7.229959837137547862e-03
1.342124283937703999e-02,1.342124283937703999e-02
9.909259888305960162e-03,9.909259888305960162e-03
-8.030895804183038611e-02,-8.030895804183038611e-02
1.657435385457221855e-02,1.657435385457221855e-02
1.854075484855749467e-02,1.854075484855749467e-02
-2.251025936707934383e-02,-2.251025936707934383e-02
-4.516552381098742908e-03,-4.516552381098742908e-03
-4.884934276183396096e-03,-4.884934276183396096e-03
-1.979433261083533846e-02,-1.979433261083533846e-02
7.997999692041499187e-03,7.997999692041499187e-03
8.621471946885880810e-03,8.621471946885880810e-03
-4.446301974011829250e-03,-4.446301974011829250e-03
1.554776737199328740e-02,1.554776737199328740e-02
7.837028832844511461e-03,7.837028832844511461e-03
-5.162950601542719287e-02,-5.162950601542719287e-02
-4.728842766325073999e-02,-4.728842766325073999e-02
-2.105309980019186289e-02,-2.105309980019186289e-02
2.549896092730617736e-02,2.549896092730617736e-02
-6.835489143529978329e-02,-6.835489143529978329e-02
4.251457065482631970e-02,4.251457065482631970e-02
6.479431794583684345e-03,6.479431794583684345e-03
-4.198199202198826807e-02,-4.198199202198826807e-02
1.156692184890142916e-02,1.156692184890142916e-02
4.955431653355515942e-02,4.955431653355515942e-02
5.676909249802211677e-02,5.676909249802211677e-02
-2.792126107147875624e-02,-2.792126107147875624e-02
-3.067819364715117236e-02,-3.067819364715117236e-02
5.185582201094247889e-02,5.185582201094247889e-02
-2.309851475870100534e-02,-2.309851475870100534e-02
4.737691120401173184e-02,4.737691120401173184e-02
-1.224141552802862631e-02,-1.224141552802862631e-02
-8.028821516252906965e-03,-8.028821516252906965e-03
3.634869368110238419e-02,3.634869368110238419e-02
-4.596976199859244966e-02,-4.596976199859244966e-02
1.121917807015099244e-02,1.121917807015099244e-02
-1.492249878433704602e-02,-1.492249878433704602e-02
-1.048876832976752826e-02,-1.048876832976752826e-02
-8.689753656840097651e-02,-8.689753656840097651e-02
3.249129132977410239e-02,3.249129132977410239e-02
1.286993867388169788e-02,1.286993867388169788e-02
7.553947042718528460e-03,7.553947042718528460e-03
1.661998871833603175e-03,1.661998871833603175e-03
-3.239191650986195103e-02,-3.239191650986195103e-02
3.517823574512900231e-02,3.517823574512900231e-02
1.865386197823717257e-02,1.865386197823717257e-02
-2.483275223495905182e-02,-2.483275223495905182e-02
-5.268117293806219570e-02,-5.268117293806219570e-02
-1.270166090331478759e-02,-1.270166090331478759e-02
-6.534387589729857837e-02,-6.534387589729857837e-02
-9.876555616957966022e-03,-9.876555616957966022e-03
-3.179707566244394101e-02,-3.179707566244394101e-02
-1.106703975207760926e-02,-1.106703975207760926e-02
-1.735804341318430977e-02,-1.735804341318430977e-02
1.584709137086710851e-02,1.584709137086710851e-02
-2.039848869034299739e-03,-2.039848869034299739e-03
1.159423648009590135e-02,1.159423648009590135e-02
-3.773574499533388638e-03,-3.773574499533388638e-03
-2.993380300514067449e-02,-2.993380300514067449e-02
2.491059218324642721e-02,2.491059218324642721e-02
2.522345085582231028e-03,2.522345085582231028e-03
-2.818336676159395593e-02,-2.818336676159395593e-02
-2.578678876194130665e-02,-2.578678876194130665e-02
-4.814100904960793431e-02,-4.814100904960793431e-02
9.857303972904477019e-03,9.857303972904477019e-03
-2.128482463268770858e-02,-2.128482463268770858e-02
-9.684008846353288347e-02,-9.684008846353288347e-02
3.033989620453967501e-02,3.033989620453967501e-02
7.078555760575677702e-02,7.078555760575677702e-02
-8.763272704420635439e-03,-8.763272704420635439e-03
-3.594951311385438664e-02,-3.594951311385438664e-02
-4.995818316866948439e-02,-4.995818316866948439e-02
-2.426458010017852607e-02,-2.426458010017852607e-02
-6.642677642806038563e-02,-6.642677642806038563e-02
-3.258951395739631551e-03,-3.258951395739631551e-03
-3.704721152971754417e-03,-3.704721152971754417e-03
1.007594654717124116e-02,1.007594654717124116e-02
-5.177679994487982551e-03,-5.177679994487982551e-03
-7.932899429479473019e-03,-7.932899429479473019e-03
3.437783428129799479e-02,3.437783428129799479e-02
-3.811253169463880985e-02,-3.811253169463880985e-02
1.965526977636346956e-02,1.965526977636346956e-02
-3.527910781172229754e-02,-3.527910781172229754e-02
6.147058334650207234e-03,6.147058334650207234e-03
1.735256174079446989e-02,1.735256174079446989e-02
-6.115097425787512087e-02,-6.115097425787512087e-02
3.087829398018326899e-03,3.087829398018326899e-03
1.478337517097805254e-03,1.478337517097805254e-03
6.193270898883634912e-03,6.193270898883634912e-03
9.305631022873267488e-03,9.305631022873267488e-03
-7.575175978335027538e-03,-7.575175978335027538e-03
-1.492203375037704643e-02,-1.492203375037704643e-02
-1.158874968123553562e-02,-1.158874968123553562e-02
4.922364633451997706e-02,4.922364633451997706e-02
4.846268000792101904e-02,4.846268000792101904e-02
6.045880581566034917e-03,6.045880581566034917e-03
-6.494477334301096416e-02,-6.494477334301096416e-02
5.803434277523208951e-03,5.803434277523208951e-03
-1.523106573923997675e-02,-1.523106573923997675e-02
-8.450851837025624702e-03,-8.450851837025624702e-03
4.965655570562563237e-02,4.965655570562563237e-02
-6.706296865452293643e-03,-6.706296865452293643e-03
-1.818810565080944408e-02,-1.818810565080944408e-02
-4.243868136354871090e-02,-4.243868136354871090e-02
-2.844758733458828404e-02,-2.844758733458828404e-02
-1.873238113947466033e-02,-1.873238113947466033e-02
2.693249166056399524e-04,2.693249166056399524e-04
-1.149176185101935532e-04,-1.149176185101935532e-04
-6.864916834206800933e-02,-6.864916834206800933e-02
3.824611052139301193e-02,3.824611052139301193e-02
1.061058882451437757e-02,1.061058882451437757e-02
2.911467762328745490e-02,2.911467762328745490e-02
-2.067537593631700588e-02,-2.067537593631700588e-02
5.220676213773797758e-03,5.220676213773797758e-03
-4.543492135799663545e-02,-4.543492135799663545e-02
-1.306461118188170789e-02,-1.306461118188170789e-02
1.646058073254999532e-02,1.646058073254999532e-02
-1.046110363166123519e-01,-1.046110363166123519e-01
-3.127768798778048087e-02,-3.127768798778048087e-02
-4.514402135242461672e-02,-4.514402135242461672e-02
-2.726963707331749032e-02,-2.726963707331749032e-02
-1.561135351416831352e-03,-1.561135351416831352e-03
2.782612216769116131e-02,2.782612216769116131e-02
-2.839771849179772295e-02,-2.839771849179772295e-02
1.605052054950957541e-02,1.605052054950957541e-02
4.732538476957467988e-02,4.732538476957467988e-02
-8.900862446231588843e-03,-8.900862446231588843e-03
1.810766341533304180e-02,1.810766341533304180e-02
-7.602071377904590088e-02,-7.602071377904590088e-02
3.559415426150025485e-02,3.559415426150025485e-02
-2.906834985663866999e-02,-2.906834985663866999e-02
3.204989688530626712e-03,3.204989688530626712e-03
1.291777589983887642e-02,1.291777589983887642e-02
-5.434344606277327627e-02,-5.434344606277327627e-02
1.659201269332818973e-03,1.659201269332818973e-03
-3.541445128779338591e-03,-3.541445128779338591e-03
2.795165672623237119e-03,2.795165672623237119e-03
4.150597330523141115e-02,4.150597330523141115e-02
3.708915958053167483e-02,3.708915958053167483e-02
1.872382317747675606e-02,1.872382317747675606e-02
5.038773464628833187e-02,5.038773464628833187e-02
8.933221063044421983e-03,8.933221063044421983e-03
9.061924312999972142e-03,9.061924312999972142e-03
-2.968496500673237226e-02,-2.968496500673237226e-02
-4.267668794102138369e-02,-4.267668794102138369e-02
8.491913289265394515e-02,8.491913289265394515e-02
4.716361087586126710e-02,4.716361087586126710e-02
2.899603532127734140e-02,2.899603532127734140e-02
-2.002408698082581984e-02,-2.002408698082581984e-02
-4.196408845453072911e-02,-4.196408845453072911e-02
3.288937321060357577e-02,3.288937321060357577e-02
-1.176773182198526113e-02,-1.176773182198526113e-02
-2.519866355078780040e-02,-2.519866355078780040e-02
7.140715204776951208e-03,7.140715204776951208e-03
2.698526145572394119e-04,2.698526145572394119e-04
1.654929500824367516e-02,1.654929500824367516e-02
9.760501199444771014e-04,9.760501199444771014e-04
2.298515181346727498e-02,2.298515181346727498e-02
2.978061410061390302e-02,2.978061410061390302e-02
5.615521609759061006e-03,5.615521609759061006e-03
-7.380830372312933985e-02,-7.380830372312933985e-02
-2.871981527476137608e-02,-2.871981527476137608e-02
2.030908682855932235e-02,2.030908682855932235e-02
-2.560937859444684800e-02,-2.560937859444684800e-02
-5.167964069151320672e-02,-5.167964069151320672e-02
-1.389547153816693414e-02,-1.389547153816693414e-02
-4.448027006564184149e-02,-4.448027006564184149e-02
3.920886289388447743e-02,3.920886289388447743e-02
-2.299179728852271398e-02,-2.299179728852271398e-02
2.967124338935840655e-02,2.967124338935840655e-02
-1.731050484559814445e-02,-1.731050484559814445e-02
2.076048874135927313e-03,2.076048874135927313e-03
5.141729888629761880e-02,5.141729888629761880e-02
-8.323388965022007757e-03,-8.323388965022007757e-03
-1.920171012466732885e-02,-1.920171012466732885e-02
2.384407716054430526e-02,2.384407716054430526e-02
1.878585336357792290e-02,1.878585336357792290e-02
3.630210120166538212e-02,3.630210120166538212e-02
5.736134505895940094e-04,5.736134505895940094e-04
3.137199248633939369e-02,3.137199248633939369e-02
-4.038782783075953176e-02,-4.038782783075953176e-02
-2.711512389170718518e-02,-2.711512389170718518e-02
2.709462130333958885e-02,2.709462130333958885e-02
-4.121011943908884506e-02,-4.121011943908884506e-02
-2.610334696802456278e-02,-2.610334696802456278e-02
4.975272668609252713e-02,4.975272668609252713e-02
-4.503249059063793580e-02,-4.503249059063793580e-02
-2.615488132701279667e-02,-2.615488132701279667e-02
3.931801534923923258e-03,3.931801534923923258e-03
1.254988337132428855e-02,1.254988337132428855e-02
4.038178493054031537e-03,4.038178493054031537e-03
9.456145201172744263e-03,9.456145201172744263e-03
-1.241190318138789273e-02,-1.241190318138789273e-02
4.414178323924627945e-02,4.414178323924627945e-02
-4.113137626425275584e-03,-4.113137626425275584e-03
4.044001650037265527e-03,4.044001650037265527e-03
-1.228598024681282208e-02,-1.228598024681282208e-02
2.329522763761868176e-02,2.329522763761868176e-02
-6.330662206110115875e-03,-6.330662206110115875e-03
-9.102285822538955240e-03,-9.102285822538955240e-03
6.098818058622057503e-03,6.098818058622057503e-03
5.988908519763221083e-02,5.988908519763221083e-02
-9.264063537459316100e-03,-9.264063537459316100e-03
-1.211076553091054719e-02,-1.211076553091054719e-02
-5.532556086646807370e-02,-5.532556086646807370e-02
-5.765853569915727062e-03,-5.765853569915727062e-03
-9.314943620808258107e-03,-9.314943620808258107e-03
1.857206806630991303e-02,1.857206806630991303e-02
1.131150221593321681e-02,1.131150221593321681e-02
4.957818135094289869e-02,4.957818135094289869e-02
-6.012517578600731771e-03,-6.012517578600731771e-03
-3.294221741957464866e-02,-3.294221741957464866e-02
-2.649772122658893003e-02,-2.649772122658893003e-02
-6.186642766321998055e-02,-6.186642766321998055e-02
5.675086698876272151e-03,5.675086698876272151e-03
-5.016915975496749613e-04,-5.016915975496749613e-04
1.574181950134945218e-02,1.574181950134945218e-02
5.671297205098102534e-02,5.671297205098102534e-02
-1.342003730402274719e-03,-1.342003730402274719e-03
-1.547019463521773219e-02,-1.547019463521773219e-02
-1.768971753324688478e-03,-1.768971753324688478e-03
-2.779794436590703188e-02,-2.779794436590703188e-02
-1.762228633137644107e-03,-1.762228633137644107e-03
-2.852098324069780866e-02,-2.852098324069780866e-02
-4.517563068092803058e-02,-4.517563068092803058e-02
-9.300680072417702449e-03,-9.300680072417702449e-03
-3.223527780325935455e-02,-3.223527780325935455e-02
5.286759227071179124e-02,5.286759227071179124e-02
-2.527751153983773258e-02,-2.527751153983773258e-02
-2.716938498430909732e-03,-2.716938498430909732e-03
1.086188302965457320e-02,1.086188302965457320e-02
-4.036005601746592286e-03,-4.036005601746592286e-03
-2.748163369559228353e-03,-2.748163369559228353e-03
-2.147842534969537920e-02,-2.147842534969537920e-02
9.230822703397825735e-03,9.230822703397825735e-03
-3.932980113281325796e-02,-3.932980113281325796e-02
3.073208473035854427e-02,3.073208473035854427e-02
-4.078263396736558910e-03,-4.078263396736558910e-03
1.478893750251784878e-02,1.478893750251784878e-02
5.530188659696079478e-02,5.530188659696079478e-02
1.512303153783306486e-02,1.512303153783306486e-02
-2.027421808501600475e-03,-2.027421808501600475e-03
-2.634179370003245785e-02,-2.634179370003245785e-02
1.523179998096269028e-02,1.523179998096269028e-02
5.473017137297947476e-02,5.473017137297947476e-02
-8.964248666964866330e-03,-8.964248666964866330e-03
-4.501489376756602490e-02,-4.501489376756602490e-02
-1.619049167130923172e-02,-1.619049167130923172e-02
-3.950563913778089298e-02,-3.950563913778089298e-02
2.923572242340423399e-02,2.923572242340423399e-02
-4.333817763598887818e-02,-4.333817763598887818e-02
-3.455778169945343536e-02,-3.455778169945343536e-02
1.578727503736859772e-02,1.578727503736859772e-02
-6.751001379748013120e-02,-6.751001379748013120e-02
4.252961874515626128e-03,4.252961874515626128e-03
-1.423365530868817008e-02,-1.423365530868817008e-02
-2.953488818228078294e-02,-2.953488818228078294e-02
-1.458974517216264644e-02,-1.458974517216264644e-02
2.452328082204813242e-02,2.452328082204813242e-02
-2.780178382862349973e-02,-2.780178382862349973e-02
-1.516480152427629458e-02,-1.516480152427629458e-02
4.097041595623023003e-02,4.097041595623023003e-02
-8.469719942031078697e-03,-8.469719942031078697e-03
-3.182307489605741557e-02,-3.182307489605741557e-02
3.967091500197938991e-02,3.967091500197938991e-02
-3.275996861939897697e-03,-3.275996861939897697e-03
-1.648346604274800176e-02,-1.648346604274800176e-02
5.903715684846153056e-02,5.903715684846153056e-02
-1.719055805229760536e-02,-1.719055805229760536e-02
1.140077671201367854e-01,1.140077671201367854e-01
-5.294623415335486527e-03,-5.294623415335486527e-03
-5.811068355525044610e-02,-5.811068355525044610e-02
-6.363948074395900378e-03,-6.363948074395900378e-03
-3.181706624819685691e-02,-3.181706624819685691e-02
-1.770595857427742503e-02,-1.770595857427742503e-02
-2.293997647070593338e-02,-2.293997647070593338e-02
-2.761849828961007725e-03,-2.761849828961007725e-03
-3.982798034885896843e-02,-3.982798034885896843e-02
-3.246956970596528991e-03,-3.246956970596528991e-03
2.060853757458183666e-02,2.060853757458183666e-02
-1.375907208746929983e-02,-1.375907208746929983e-02
-6.087384475856454091e-02,-6.087384475856454091e-02
-4.633578738719666690e-02,-4.633578738719666690e-02
-6.846850110403694678e-02,-6.846850110403694678e-02
-3.096701243940813697e-02,-3.096701243940813697e-02
2.139263278556575998e-02,2.139263278556575998e-02
5.150562879257218618e-02,5.150562879257218618e-02
-7.141110630787678160e-03,-7.141110630787678160e-03
-9.029800498148624066e-03,-9.029800498148624066e-03
1.686395506563345692e-02,1.686395506563345692e-02
-3.475213964882890860e-02,-3.475213964882890860e-02
7.610992102320218722e-03,7.610992102320218722e-03
4.740249720496733654e-03,4.740249720496733654e-03
3.052675437937070468e-02,3.052675437937070468e-02
2.736906504528137385e-02,2.736906504528137385e-02
-2.803829075655008690e-02,-2.803829075655008690e-02
-9.263865181291880413e-03,-9.263865181291880413e-03
1.019847005724160149e-02,1.019847005724160149e-02
-5.664206993172174465e-03,-5.664206993172174465e-03
-3.703746472032738712e-02,-3.703746472032738712e-02
2.752293098479086098e-02,2.752293098479086098e-02
3.478802994730971487e-02,3.478802994730971487e-02
3.193840623547294921e-02,3.193840623547294921e-02
4.667395847940374043e-02,4.667395847940374043e-02
-2.432188686209918460e-02,-2.432188686209918460e-02
3.907642982950865207e-02,3.907642982950865207e-02
4.109668624096507461e-02,4.109668624096507461e-02
-3.120006262496223537e-02,-3.120006262496223537e-02
1.111179117408576250e-01,1.111179117408576250e-01
2.165168269235130671e-02,2.165168269235130671e-02
7.784770000442989279e-03,7.784770000442989279e-03
5.314806533475990857e-04,5.314806533475990857e-04
1.741862380457517151e-02,1.741862380457517151e-02
-4.235923133557552289e-02,-4.235923133557552289e-02
-4.572406171566346239e-02,-4.572406171566346239e-02
-2.703187575073136284e-02,-2.703187575073136284e-02
-4.912749242830902197e-03,-4.912749242830902197e-03
-2.448393366853254816e-02,-2.448393366853254816e-02
-2.010097653736449275e-02,-2.010097653736449275e-02
-2.210331531810591499e-03,-2.210331531810591499e-03
6.362597345329956688e-03,6.362597345329956688e-03
2.660565918971639909e-02,2.660565918971639909e-02
4.193295932090204681e-02,4.193295932090204681e-02
-7.002068935713770537e-03,-7.002068935713770537e-03
-7.912667488412532257e-02,-7.912667488412532257e-02
2.462297558202852787e-02,2.462297558202852787e-02
1.015049182138730299e-02,1.015049182138730299e-02
-3.064503508472671278e-02,-3.064503508472671278e-02
2.688255061659523826e-02,2.688255061659523826e-02
1.696844545887857270e-02,1.696844545887857270e-02
-4.551628616312093645e-02,-4.551628616312093645e-02
-3.812662758535645402e-03,-3.812662758535645402e-03
-6.473136057546609312e-02,-6.473136057546609312e-02
4.421918247626548115e-02,4.421918247626548115e-02
-3.065623327470187731e-02,-3.065623327470187731e-02
-2.645862114177763291e-02,-2.645862114177763291e-02
-6.810700683751479134e-02,-6.810700683751479134e-02
2.160952413269102979e-02,2.160952413269102979e-02
4.650382102928096728e-02,4.650382102928096728e-02
-5.235379431429097730e-02,-5.235379431429097730e-02
1.359607227647219307e-02,1.359607227647219307e-02
-3.482386744241901255e-02,-3.482386744241901255e-02
-2.209221705481738407e-02,-2.209221705481738407e-02
3.004291439950147746e-02,3.004291439950147746e-02
1.931016707619109818e-03,1.931016707619109818e-03
-5.177850009118917934e-02,-5.177850009118917934e-02
-1.814535507122513186e-02,-1.814535507122513186e-02
3.029114759142260971e-02,3.029114759142260971e-02
-4.090745273807122606e-02,-4.090745273807122606e-02
-2.007895009512392082e-02,-2.007895009512392082e-02
-2.199860875908150881e-02,-2.199860875908150881e-02
-4.395242395694205773e-02,-4.395242395694205773e-02
-6.902530762114639229e-03,-6.902530762114639229e-03
-1.699382536636888374e-02,-1.699382536636888374e-02
-3.597879567967129932e-03,-3.597879567967129932e-03
-2.676421507877282946e-02,-2.676421507877282946e-02
-8.350977543669452219e-03,-8.350977543669452219e-03
-5.110159055914673121e-02,-5.110159055914673121e-02
1.525115229024413821e-02,1.525115229024413821e-02
3.908018987696312840e-02,3.908018987696312840e-02
6.960284020157220253e-03,6.960284020157220253e-03
1.462462079790208258e-02,1.462462079790208258e-02
-4.761654236620406488e-02,-4.761654236620406488e-02
-3.177863888391206648e-02,-3.177863888391206648e-02
3.646095824101455718e-03,3.646095824101455718e-03
-2.665618432720100184e-02,-2.665618432720100184e-02
5.079129051677275242e-03,5.079129051677275242e-03
2.661357861116288304e-02,2.661357861116288304e-02
7.726667542087109486e-02,7.726667542087109486e-02
-2.636517427312171091e-02,-2.636517427312171091e-02
2.206507668299825808e-02,2.206507668299825808e-02
-8.660366065068333952e-02,-8.660366065068333952e-02
2.174843433450894536e-02,2.174843433450894536e-02
2.524109829883920686e-02,2.524109829883920686e-02
-2.289564273052017984e-02,-2.289564273052017984e-02
-2.571666003322778393e-02,-2.571666003322778393e-02
-9.727177430052830198e-03,-9.727177430052830198e-03
-4.843205278005510706e-02,-4.843205278005510706e-02
1.396056518579233408e-02,1.396056518579233408e-02
-4.844276287499123257e-02,-4.844276287499123257e-02
6.051694202433571812e-02,6.051694202433571812e-02
-1.891212283724484633e-02,-1.891212283724484633e-02
2.979479873291113190e-03,2.979479873291113190e-03
2.235842180895074305e-02,2.235842180895074305e-02
-4.369255152540457710e-02,-4.369255152540457710e-02
2.134147018256526973e-02,2.134147018256526973e-02
-1.560841236501497864e-02,-1.560841236501497864e-02
3.427662756617927409e-02,3.427662756617927409e-02
-8.616259201380371824e-03,-8.616259201380371824e-03
-1.938077302859216033e-02,-1.938077302859216033e-02
1.778148154088028676e-02,1.778148154088028676e-02
4.600535469130417887e-03,4.600535469130417887e-03
-4.197291041892235730e-02,-4.197291041892235730e-02
-3.562869195705253844e-02,-3.562869195705253844e-02
-1.835754588835916690e-02,-1.835754588835916690e-02
-9.733623869320515154e-03,-9.733623869320515154e-03
3.806266194780023870e-02,3.806266194780023870e-02
-4.412538989621567209e-02,-4.412538989621567209e-02
4.839552723213685903e-02,4.839552723213685903e-02
-3.428960523091939550e-02,-3.428960523091939550e-02
6.882947537228070733e-02,6.882947537228070733e-02
-1.725659358872574239e-02,-1.725659358872574239e-02
4.538478875447855831e-02,4.538478875447855831e-02
-2.217379816517758839e-02,-2.217379816517758839e-02
1.592117659068133240e-02,1.592117659068133240e-02
-1.409391640688623104e-04,-1.409391640688623104e-04
-2.275385452978798129e-02,-2.275385452978798129e-02
-1.514247558098152924e-02,-1.514247558098152924e-02
-6.521515735245758671e-03,-6.521515735245758671e-03
-5.126011159780193005e-02,-5.126011159780193005e-02
2.153622977273215999e-02,2.153622977273215999e-02
-1.248538596868392636e-02,-1.248538596868392636e-02
-4.458962349434922312e-03,-4.458962349434922312e-03
2.598770609028851208e-02,2.598770609028851208e-02
3.192958939059516166e-02,3.192958939059516166e-02
1.006782958953311713e-02,1.006782958953311713e-02
-3.286583872605025602e-02,-3.286583872605025602e-02
1.434382174063005000e-02,1.434382174063005000e-02
-1.790001728911586043e-02,-1.790001728911586043e-02
3.051962968474111748e-03,3.051962968474111748e-03
9.476829197887087775e-03,9.476829197887087775e-03
2.641967493786088333e-02,2.641967493786088333e-02
-3.430632496813537657e-02,-3.430632496813537657e-02
1.394898721074025461e-02,1.394898721074025461e-02
3.429624599130393081e-02,3.429624599130393081e-02
4.476573484041901363e-02,4.476573484041901363e-02
1.604147903510233508e-02,1.604147903510233508e-02
-9.496643364333076653e-03,-9.496643364333076653e-03
-2.380773532444135920e-02,-2.380773532444135920e-02
1.269193361507756079e-02,1.269193361507756079e-02
4.694071875674490912e-02,4.694071875674490912e-02
-3.523788720836103228e-02,-3.523788720836103228e-02
2.129052543011308862e-03,2.129052543011308862e-03
-1.468598150106972117e-02,-1.468598150106972117e-02
-1.464405445473299094e-02,-1.464405445473299094e-02
5.812611368101378018e-03,5.812611368101378018e-03
1.096914766485183879e-02,1.096914766485183879e-02
-2.584126216290795475e-02,-2.584126216290795475e-02
1.422734932264260732e-03,1.422734932264260732e-03
1.614678873842734230e-02,1.614678873842734230e-02
2.213581080568144399e-02,2.213581080568144399e-02
2.576491556101304092e-03,2.576491556101304092e-03
1.909793518885093133e-02,1.909793518885093133e-02
-3.908944775072144273e-02,-3.908944775072144273e-02
-6.096196216427454684e-02,-6.096196216427454684e-02
-1.067722226716436018e-02,-1.067722226716436018e-02
2.181579871632798040e-02,2.181579871632798040e-02
-2.260561125520840764e-02,-2.260561125520840764e-02
-4.921880109870703512e-02,-4.921880109870703512e-02
3.291354740818205893e-02,3.291354740818205893e-02
-3.398348902742493599e-02,-3.398348902742493599e-02
2.187072888798766157e-02,2.187072888798766157e-02
2.171721708283699120e-02,2.171721708283699120e-02
-7.877641306090754636e-05,-7.877641306090754636e-05
4.277988979479244169e-03,4.277988979479244169e-03
2.122913797892025944e-02,2.122913797892025944e-02
1.139673212108018030e-02,1.139673212108018030e-02
-3.842803751315594651e-02,-3.842803751315594651e-02
-1.466817632161464269e-02,-1.466817632161464269e-02
7.746562369312287588e-03,7.746562369312287588e-03
6.758970515865186934e-03,6.758970515865186934e-03
4.637931051934625348e-02,4.637931051934625348e-02
-1.829188331351400132e-02,-1.829188331351400132e-02
-2.599314762884337437e-02,-2.599314762884337437e-02
2.964332233332256372e-03,2.964332233332256372e-03
2.105417528980882413e-02,2.105417528980882413e-02
-4.314945444480837444e-02,-4.314945444480837444e-02
5.260309298548600243e-02,5.260309298548600243e-02
-2.563326678280732074e-02,-2.563326678280732074e-02
-1.496538764087317064e-02,-1.496538764087317064e-02
5.665671316319884077e-03,5.665671316319884077e-03
-4.275329353854422088e-02,-4.275329353854422088e-02
6.966139052729886094e-03,6.966139052729886094e-03
-4.908899547974407418e-02,-4.908899547974407418e-02
-2.866356189461032045e-02,-2.866356189461032045e-02
3.514465348216222473e-02,3.514465348216222473e-02
-1.462958007932982363e-02,-1.462958007932982363e-02
-3.818059641931548231e-03,-3.818059641931548231e-03
-1.055725299064366740e-02,-1.055725299064366740e-02
1.675805208672538626e-02,1.675805208672538626e-02
-3.794683789681885244e-02,-3.794683789681885244e-02
3.248882244011867815e-02,3.248882244011867815e-02
7.451704120764540695e-03,7.451704120764540695e-03
2.065458523022221937e-02,2.065458523022221937e-02
1.163358271050254911e-02,1.163358271050254911e-02
1.673993744151840157e-02,1.673993744151840157e-02
5.136818294625435100e-02,5.136818294625435100e-02
-7.068947080919929515e-03,-7.068947080919929515e-03
1.965195161434019067e-02,1.965195161434019067e-02
-6.653846888277534233e-02,-6.653846888277534233e-02
-4.200355078904952078e-02,-4.200355078904952078e-02
2.780476172234569443e-02,2.780476172234569443e-02
8.273274849440639955e-03,8.273274849440639955e-03
-1.166281803252837423e-03,-1.166281803252837423e-03
2.028290807859152445e-02,2.028290807859152445e-02
4.291681199973799293e-02,4.291681199973799293e-02
-5.565877770544805370e-03,-5.565877770544805370e-03
6.179138284068769194e-03,6.179138284068769194e-03
-3.902717046097070597e-03,-3.902717046097070597e-03
5.413308913716813331e-02,5.413308913716813331e-02
-1.951969932678343511e-02,-1.951969932678343511e-02
6.798283338537797205e-03,6.798283338537797205e-03
6.106175810683459049e-02,6.106175810683459049e-02
1.778898597802672232e-02,1.778898597802672232e-02
6.729672132684688668e-04,6.729672132684688668e-04
5.675128121212430488e-03,5.675128121212430488e-03
-3.247087035793337628e-02,-3.247087035793337628e-02
2.904372684258731130e-02,2.904372684258731130e-02
-2.870817887531293411e-02,-2.870817887531293411e-02
1.133140222208046943e-01,1.133140222208046943e-01
1.859987287791216304e-02,1.859987287791216304e-02
-2.512773084143088420e-02,-2.512773084143088420e-02
-2.071301240782723319e-02,-2.071301240782723319e-02
-3.420284166812481708e-02,-3.420284166812481708e-02
-1.520343891299545669e-02,-1.520343891299545669e-02
2.930897335494661582e-02,2.930897335494661582e-02
3.986949926495667040e-02,3.986949926495667040e-02
-2.289175794005970932e-02,-2.289175794005970932e-02
-1.446626773844984781e-02,-1.446626773844984781e-02
-3.326834468556745528e-02,-3.326834468556745528e-02
-3.225713817926274818e-02,-3.225713817926274818e-02
3.895740675748814164e-02,3.895740675748814164e-02
-1.396060099590877568e-02,-1.396060099590877568e-02
-4.142998003498241100e-02,-4.142998003498241100e-02
-4.094874821164842804e-02,-4.094874821164842804e-02
-1.349589784934251968e-02,-1.349589784934251968e-02
3.438230618151874585e-02,3.438230618151874585e-02
4.281658012591216256e-02,4.281658012591216256e-02
2.825373099336971061e-02,2.825373099336971061e-02
5.048293104715786961e-03,5.048293104715786961e-03
2.855064574041994707e-02,2.855064574041994707e-02
-1.012292869924087679e-02,-1.012292869924087679e-02
-3.043364291918559950e-02,-3.043364291918559950e-02
2.062778734176930195e-02,2.062778734176930195e-02
9.165078227006684397e-05,9.165078227006684397e-05
2.596131602879533234e-02,2.596131602879533234e-02
7.158549050978670059e-02,7.158549050978670059e-02
-6.084195121849098054e-02,-6.084195121849098054e-02
-8.147107645332180015e-02,-8.147107645332180015e-02
-1.689493424383359255e-02,-1.689493424383359255e-02
-1.904169973551727429e-02,-1.904169973551727429e-02
-5.965946522848911832e-02,-5.965946522848911832e-02
9.775834384653292464e-03,9.775834384653292464e-03
-2.875359031999344395e-02,-2.875359031999344395e-02
-3.581614817271704110e-02,-3.581614817271704110e-02
-4.045997432894535284e-02,-4.045997432894535284e-02
1.916226403129901723e-02,1.916226403129901723e-02
-3.312314953355998542e-02,-3.312314953355998542e-02
1.493034492000624991e-02,1.493034492000624991e-02
3.254749119385691447e-02,3.254749119385691447e-02
-3.733886393586947905e-02,-3.733886393586947905e-02
-3.360713151152175393e-03,-3.360713151152175393e-03
-5.330179742542601184e-03,-5.330179742542601184e-03
-1.208889752742452195e-02,-1.208889752742452195e-02
9.166765480022397161e-03,9.166765480022397161e-03
-1.869239445984767489e-02,-1.869239445984767489e-02
-8.608899663224603427e-03,-8.608899663224603427e-03
-2.070602303465766958e-02,-2.070602303465766958e-02
1.086445515182690724e-02,1.086445515182690724e-02
-2.539563504251832193e-02,-2.539563504251832193e-02
-1.424774202753011088e-02,-1.424774202753011088e-02
-1.598425575941488097e-02,-1.598425575941488097e-02
-5.947258007321751250e-03,-5.947258007321751250e-03
-3.205593623497587225e-02,-3.205593623497587225e-02
1.115773704523037591e-03,1.115773704523037591e-03
2.042402670240101026e-02,2.042402670240101026e-02
1.870623942240308424e-02,1.870623942240308424e-02
-1.720966907459978157e-02,-1.720966907459978157e-02
-2.286516834017586486e-02,-2.286516834017586486e-02
-1.859084339982301076e-02,-1.859084339982301076e-02
-5.042063125065346374e-02,-5.042063125065346374e-02
-1.186542663889021687e-02,-1.186542663889021687e-02
5.056697533949222612e-02,5.056697533949222612e-02
-3.047382911905016645e-02,-3.047382911905016645e-02
-4.846822731780039972e-03,-4.846822731780039972e-03
3.676643031508113058e-02,3.676643031508113058e-02
-2.424923508838960906e-02,-2.424923508838960906e-02
2.117849400118190784e-02,2.117849400118190784e-02
-3.321822667902957216e-03,-3.321822667902957216e-03
1.914710460587967789e-02,1.914710460587967789e-02
8.403384166708688374e-03,8.403384166708688374e-03
3.745311650588500907e-03,3.745311650588500907e-03
-3.469514462343233074e-02,-3.469514462343233074e-02
5.234380320181732105e-02,5.234380320181732105e-02
-3.170984856372705690e-02,-3.170984856372705690e-02
-5.040629528743505172e-02,-5.040629528743505172e-02
2.643466393077456567e-02,2.643466393077456567e-02
-1.260754569185817270e-02,-1.260754569185817270e-02
1.294369736243849295e-02,1.294369736243849295e-02
-3.598902613663906153e-02,-3.598902613663906153e-02
-5.921792590467822581e-04,-5.921792590467822581e-04
-1.530895305915722093e-02,-1.530895305915722093e-02
-3.273704131335179734e-02,-3.273704131335179734e-02
-9.456274953516238813e-03,-9.456274953516238813e-03
-3.011419606785230296e-02,-3.011419606785230296e-02
-1.243062958314493371e-02,-1.243062958314493371e-02
-5.040578453603491993e-03,-5.040578453603491993e-03
-7.767177558097561330e-03,-7.767177558097561330e-03
-2.630151078645726059e-03,-2.630151078645726059e-03
-4.409876055443380516e-02,-4.409876055443380516e-02
-1.340297102063714441e-02,-1.340297102063714441e-02
1.707755730168819541e-03,1.707755730168819541e-03
6.221252836267343600e-03,6.221252836267343600e-03
-3.962457232747801372e-02,-3.962457232747801372e-02
-1.387358015907664416e-02,-1.387358015907664416e-02
9.917654343053070032e-03,9.917654343053070032e-03
2.539106632694194954e-02,2.539106632694194954e-02
1.633357292184209331e-03,1.633357292184209331e-03
4.985915632334995962e-02,4.985915632334995962e-02
5.048147913438766343e-02,5.048147913438766343e-02
-4.492872428632974785e-02,-4.492872428632974785e-02
-1.108629119491782999e-02,-1.108629119491782999e-02
-4.671039730311506155e-02,-4.671039730311506155e-02
-5.361038855926962554e-02,-5.361038855926962554e-02
-1.388716688170200941e-02,-1.388716688170200941e-02
1.072487187319727531e-02,1.072487187319727531e-02
-4.256061568731206446e-03,-4.256061568731206446e-03
3.961004213184184108e-02,3.961004213184184108e-02
-2.063303646248570988e-03,-2.063303646248570988e-03
3.500568681110256819e-02,3.500568681110256819e-02
-3.656801390613695357e-03,-3.656801390613695357e-03
-2.372300154394420268e-02,-2.372300154394420268e-02
-1.737166167181390664e-02,-1.737166167181390664e-02
-2.760450007496334512e-02,-2.760450007496334512e-02
-2.226973068738047346e-02,-2.226973068738047346e-02
1.000763140164846743e-02,1.000763140164846743e-02
1.488940479094132130e-02,1.488940479094132130e-02
-1.556722360329348964e-02,-1.556722360329348964e-02
-3.964756996379696641e-02,-3.964756996379696641e-02
-1.426125873935878141e-02,-1.426125873935878141e-02
-3.958702136309402708e-03,-3.958702136309402708e-03
3.555553016603443806e-03,3.555553016603443806e-03
-7.573996689002585048e-02,-7.573996689002585048e-02
8.944130831395780135e-03,8.944130831395780135e-03
4.141102740174464059e-02,4.141102740174464059e-02
7.339529282981857583e-03,7.339529282981857583e-03
1.177330918116642478e-03,1.177330918116642478e-03
4.174370988209929328e-02,4.174370988209929328e-02
3.620878073537729669e-02,3.620878073537729669e-02
-3.259965522345725786e-04,-3.259965522345725786e-04
-1.831626323730523032e-02,-1.831626323730523032e-02
9.443398233793878771e-03,9.443398233793878771e-03
-2.026723340386489547e-02,-2.026723340386489547e-02
1.758659619978139577e-02,1.758659619978139577e-02
-7.138411962471646888e-02,-7.138411962471646888e-02
1.696859875527872985e-02,1.696859875527872985e-02
-1.973009674225714716e-03,-1.973009674225714716e-03
-4.711766103471191902e-02,-4.711766103471191902e-02
3.377445181168098332e-02,3.377445181168098332e-02
-2.330269364582478187e-02,-2.330269364582478187e-02
4.075183699330339748e-03,4.075183699330339748e-03
-1.943640283619278708e-02,-1.943640283619278708e-02
1.967032547241862050e-02,1.967032547241862050e-02
-2.867125196180179969e-02,-2.867125196180179969e-02
1.577523855065696146e-03,1.577523855065696146e-03
8.549795963523343367e-03,8.549795963523343367e-03
-2.910510674913990847e-03,-2.910510674913990847e-03
4.465959583723819182e-02,4.465959583723819182e-02
-1.420161564807971566e-02,-1.420161564807971566e-02
3.394373996488892625e-02,3.394373996488892625e-02
-1.938003716503949869e-02,-1.938003716503949869e-02
1.256628803049751608e-02,1.256628803049751608e-02
8.724454177661197796e-03,8.724454177661197796e-03
-1.037068848903034690e-02,-1.037068848903034690e-02
7.535981561379467841e-03,7.535981561379467841e-03
1.798284548968316632e-02,1.798284548968316632e-02
-1.119786364558847391e-02,-1.119786364558847391e-02
9.160457218562270687e-02,9.160457218562270687e-02
-7.977591040906518993e-02,-7.977591040906518993e-02
-1.677600916578123047e-02,-1.677600916578123047e-02
3.112359140834536353e-02,3.112359140834536353e-02
-1.035662404946993687e-02,-1.035662404946993687e-02
-3.625895420823045667e-02,-3.625895420823045667e-02
4.892153761545459112e-02,4.892153761545459112e-02
1.574569878421314129e-02,1.574569878421314129e-02
-5.330896808677043630e-03,-5.330896808677043630e-03
-1.766565163649636006e-02,-1.766565163649636006e-02
-4.252997386971579807e-02,-4.252997386971579807e-02
4.118488448251222955e-02,4.118488448251222955e-02
-1.390586540268369531e-02,-1.390586540268369531e-02
-1.780210573542641284e-02,-1.780210573542641284e-02
-3.723080791291449865e-02,-3.723080791291449865e-02
1.568190799761022547e-02,1.568190799761022547e-02
4.566917283936119953e-02,4.566917283936119953e-02
-1.419628856833335395e-02,-1.419628856833335395e-02
-1.703642668594458620e-02,-1.703642668594458620e-02
-1.031746146015380394e-03,-1.031746146015380394e-03
-5.588296510072358891e-02,-5.588296510072358891e-02
-3.259872387270712490e-03,-3.259872387270712490e-03
2.927373086221359000e-02,2.927373086221359000e-02
2.752483663989159501e-02,2.752483663989159501e-02
-1.948834519868500315e-02,-1.948834519868500315e-02
2.007157949760171589e-02,2.007157949760171589e-02
3.710575249623651595e-02,3.710575249623651595e-02
7.721953146787141620e-03,7.721953146787141620e-03
2.573330314951204068e-02,2.573330314951204068e-02
4.845154500851860113e-02,4.845154500851860113e-02
-1.763659027514560829e-03,-1.763659027514560829e-03
-1.570825561798205872e-02,-1.570825561798205872e-02
-5.644934617310573555e-02,-5.644934617310573555e-02
1.703354259173618657e-02,1.703354259173618657e-02
2.777971565650572128e-02,2.777971565650572128e-02
-1.400049533753784659e-02,-1.400049533753784659e-02
-3.746771359897828335e-02,-3.746771359897828335e-02
4.818790124527524976e-02,4.818790124527524976e-02
-8.155310146155780870e-03,-8.155310146155780870e-03
3.228749091935569082e-02,3.228749091935569082e-02
4.022738392509966898e-04,4.022738392509966898e-04
-2.862053632999542185e-02,-2.862053632999542185e-02
1.411193481333716804e-02,1.411193481333716804e-02
7.205775537027095390e-02,7.205775537027095390e-02
-1.080309198402853998e-02,-1.080309198402853998e-02
2.085260972026535542e-02,2.085260972026535542e-02
-5.144546731543805929e-02,-5.144546731543805929e-02
-7.797664513175733836e-03,-7.797664513175733836e-03
-9.603115974534878752e-03,-9.603115974534878752e-03
-3.051415935661571516e-02,-3.051415935661571516e-02
-2.246260778609178443e-02,-2.246260778609178443e-02
2.684084213056579793e-02,2.684084213056579793e-02
7.304094615682182878e-03,7.304094615682182878e-03
4.068424943209401901e-02,4.068424943209401901e-02
-8.900196608159272049e-03,-8.900196608159272049e-03
2.641796628498120636e-02,2.641796628498120636e-02
-7.566454157502035260e-02,-7.566454157502035260e-02
5.162119239969967244e-03,5.162119239969967244e-03
6.163228593358080487e-02,6.163228593358080487e-02
