-2.888416525331372942e+00,-2.888416525331372942e+00
5.164028130603742106e+00,5.164028130603742106e+00
-1.037973153457230513e+00,-1.037973153457230513e+00
-1.714078023012123309e-01,-1.714078023012123309e-01
9.019207643402482599e-01,9.019207643402482599e-01
4.897714033318538718e+00,4.897714033318538718e+00
8.342688944319746724e+00,8.342688944319746724e+00
7.121113681832802467e-02,7.121113681832802467e-02
2.345285679374752963e+00,2.345285679374752963e+00
5.593093569292091338e+00,5.593093569292091338e+00
-1.088713929725673824e+00,-1.088713929725673824e+00
1.694901466709570759e+00,1.694901466709570759e+00
-2.403207195010330643e-01,-2.403207195010330643e-01
3.714871271708163114e+00,3.714871271708163114e+00
8.489607018989529408e+00,8.489607018989529408e+00
-2.120439972596889433e+00,-2.120439972596889433e+00
5.519087431595100846e+00,5.519087431595100846e+00
2.452161367234404921e+00,2.452161367234404921e+00
5.456242720644799427e+00,5.456242720644799427e+00
1.730702617376425057e+00,1.730702617376425057e+00
4.552566535893456390e-01,4.552566535893456390e-01
-3.127746946427222063e+00,-3.127746946427222063e+00
-2.957530072969438706e-01,-2.957530072969438706e-01
2.290702234571591944e+00,2.290702234571591944e+00
3.731532743321912093e+00,3.731532743321912093e+00
-1.655208711824088574e+00,-1.655208711824088574e+00
4.659384078899980963e+00,4.659384078899980963e+00
-1.685155471493427815e+00,-1.685155471493427815e+00
-9.851415142956359006e-01,-9.851415142956359006e-01
1.988879434720761896e+00,1.988879434720761896e+00
1.839359585596227920e+00,1.839359585596227920e+00
3.085112352722605866e+00,3.085112352722605866e+00
4.012625910167971099e+00,4.012625910167971099e+00
5.001879118486548315e+00,5.001879118486548315e+00
3.142386283001382896e+00,3.142386283001382896e+00
2.384233208796244341e+00,2.384233208796244341e+00
2.098933906669616878e+00,2.098933906669616878e+00
9.041412777013377866e-01,9.041412777013377866e-01
-1.558899311574815094e-01,-1.558899311574815094e-01
4.512206667163155771e+00,4.512206667163155771e+00
4.733967321845494070e+00,4.733967321845494070e+00
2.148296370108975673e+00,2.148296370108975673e+00
3.207693140641753260e+00,3.207693140641753260e+00
5.396869908399573035e+00,5.396869908399573035e+00
1.137645433884106883e-01,1.137645433884106883e-01
2.506957316401181135e+00,2.506957316401181135e+00
3.175076178413562378e+00,3.175076178413562378e+00
2.664567738985948786e+00,2.664567738985948786e+00
3.453234921636897603e+00,3.453234921636897603e+00
5.520419704178846310e+00,5.520419704178846310e+00
3.031302175792556675e+00,3.031302175792556675e+00
4.237267634783582260e+00,4.237267634783582260e+00
9.825473053981856886e-01,9.825473053981856886e-01
3.439428859287905205e+00,3.439428859287905205e+00
-3.536848435491292353e+00,-3.536848435491292353e+00
7.718059820177758379e-01,7.718059820177758379e-01
-6.757940408997005211e-01,-6.757940408997005211e-01
-1.570720124116496752e+00,-1.570720124116496752e+00
3.979787086832765386e+00,3.979787086832765386e+00
1.029697141171912467e-01,1.029697141171912467e-01
2.209243383278433726e+00,2.209243383278433726e+00
-3.995683373452886045e+00,-3.995683373452886045e+00
-4.768950398235229926e-01,-4.768950398235229926e-01
2.161693945582180199e+00,2.161693945582180199e+00
2.515914596293021610e+00,2.515914596293021610e+00
7.048069689888454725e+00,7.048069689888454725e+00
4.927634537778394552e+00,4.927634537778394552e+00
2.992818487259089721e+00,2.992818487259089721e+00
1.799560212251772207e+00,1.799560212251772207e+00
3.797215170505477744e+00,3.797215170505477744e+00
1.533157932965917514e+00,1.533157932965917514e+00
5.250232194397226770e+00,5.250232194397226770e+00
4.564111280663432524e+00,4.564111280663432524e+00
3.555150424587155911e+00,3.555150424587155911e+00
-1.685541246558553974e+00,-1.685541246558553974e+00
9.736256249225437642e+00,9.736256249225437642e+00
4.804527211802456677e+00,4.804527211802456677e+00
6.338135148259353535e+00,6.338135148259353535e+00
5.600387459673495272e+00,5.600387459673495272e+00
-4.194648822907208086e+00,-4.194648822907208086e+00
5.702033743864766357e+00,5.702033743864766357e+00
5.515366594420432200e+00,5.515366594420432200e+00
8.049480168297655780e+00,8.049480168297655780e+00
4.913915366381038652e+00,4.913915366381038652e+00
7.954541417869973596e-01,7.954541417869973596e-01
3.893366884400573102e+00,3.893366884400573102e+00
1.147751202865544107e+00,1.147751202865544107e+00
6.006674629877526428e+00,6.006674629877526428e+00
5.364611212382465411e+00,5.364611212382465411e+00
6.587167642818745339e-01,6.587167642818745339e-01
6.241625048029936451e+00,6.241625048029936451e+00
2.178756319890203574e+00,2.178756319890203574e+00
-1.207632339891704598e+00,-1.207632339891704598e+00
3.321421100378798563e+00,3.321421100378798563e+00
7.130978102132692342e+00,7.130978102132692342e+00
5.518372083199818423e-02,5.518372083199818423e-02
2.674504343775449655e+00,2.674504343775449655e+00
2.902000170781983357e+00,2.902000170781983357e+00
6.148526969410545107e+00,6.148526969410545107e+00
1.152395623163661398e+00,1.152395623163661398e+00
6.750902997721770937e+00,6.750902997721770937e+00
1.090351556869318728e+00,1.090351556869318728e+00
2.385710433040263645e+00,2.385710433040263645e+00
6.399051285144816248e+00,6.399051285144816248e+00
6.469412321700808377e+00,6.469412321700808377e+00
-7.314690409347290867e-03,-7.314690409347290867e-03
5.380083093435267472e+00,5.380083093435267472e+00
3.173329039227254178e+00,3.173329039227254178e+00
4.334908063320218830e+00,4.334908063320218830e+00
2.129891681094431277e+00,2.129891681094431277e+00
6.919984066782516763e+00,6.919984066782516763e+00
5.728551087494434313e+00,5.728551087494434313e+00
4.541003828572047318e+00,4.541003828572047318e+00
3.180301278878181925e+00,3.180301278878181925e+00
-2.707564351038953099e+00,-2.707564351038953099e+00
7.214534443743008119e+00,7.214534443743008119e+00
9.335776914231128654e-01,9.335776914231128654e-01
3.054566022793778313e+00,3.054566022793778313e+00
5.824158434562901832e+00,5.824158434562901832e+00
3.738424494350446103e+00,3.738424494350446103e+00
1.021383158522941237e+01,1.021383158522941237e+01
8.860255519727779916e-01,8.860255519727779916e-01
7.991698076250568050e+00,7.991698076250568050e+00
3.237738219680607266e+00,3.237738219680607266e+00
4.445886337629745277e+00,4.445886337629745277e+00
9.455392182728419304e-01,9.455392182728419304e-01
5.244009503360961943e+00,5.244009503360961943e+00
3.650345541409372174e+00,3.650345541409372174e+00
1.070524238734221889e+01,1.070524238734221889e+01
5.511519205933376853e+00,5.511519205933376853e+00
7.101784587020507189e+00,7.101784587020507189e+00
2.331246254167324672e+00,2.331246254167324672e+00
2.523500784332753710e+00,2.523500784332753710e+00
3.629608147913108596e+00,3.629608147913108596e+00
5.105250149540505600e-01,5.105250149540505600e-01
8.783338594987358805e-01,8.783338594987358805e-01
-7.419710128808116867e-01,-7.419710128808116867e-01
4.013185348050993362e+00,4.013185348050993362e+00
6.531686757997466231e+00,6.531686757997466231e+00
2.290687878878266970e-01,2.290687878878266970e-01
8.637428248648210127e-01,8.637428248648210127e-01
7.465388522139829730e-01,7.465388522139829730e-01
7.536616255750326232e+00,7.536616255750326232e+00
-2.799206358400715189e+00,-2.799206358400715189e+00
-1.419448640216318114e-01,-1.419448640216318114e-01
1.872502138032311469e+00,1.872502138032311469e+00
4.847401780881670952e+00,4.847401780881670952e+00
6.864610038896263866e+00,6.864610038896263866e+00
3.280330393451677651e+00,3.280330393451677651e+00
2.359145426621150676e+00,2.359145426621150676e+00
1.923319289499915374e+00,1.923319289499915374e+00
9.133832098103480845e+00,9.133832098103480845e+00
-3.479970293214572408e+00,-3.479970293214572408e+00
-5.047524753235176576e+00,-5.047524753235176576e+00
2.823572119709095940e+00,2.823572119709095940e+00
4.352333290601404059e+00,4.352333290601404059e+00
9.290698871280071103e+00,9.290698871280071103e+00
4.822212438698969095e+00,4.822212438698969095e+00
3.684652077810169679e+00,3.684652077810169679e+00
2.666540335625921188e+00,2.666540335625921188e+00
3.371743620284456178e+00,3.371743620284456178e+00
3.648759527746592735e+00,3.648759527746592735e+00
3.238287702799965917e+00,3.238287702799965917e+00
4.539272047445529701e+00,4.539272047445529701e+00
8.006976719875607884e+00,8.006976719875607884e+00
3.183572214537562228e+00,3.183572214537562228e+00
1.475296804719269605e+00,1.475296804719269605e+00
4.131168014641055208e+00,4.131168014641055208e+00
1.464550741777680409e+00,1.464550741777680409e+00
3.232872651334520953e+00,3.232872651334520953e+00
5.701727316041608873e+00,5.701727316041608873e+00
3.946002531816087178e+00,3.946002531816087178e+00
2.614492487461848036e-01,2.614492487461848036e-01
1.389735355278519879e+00,1.389735355278519879e+00
3.990444670590369114e+00,3.990444670590369114e+00
2.252174918803694137e+00,2.252174918803694137e+00
4.523954528795310348e-01,4.523954528795310348e-01
4.723262826375131951e+00,4.723262826375131951e+00
2.234520196079666121e+00,2.234520196079666121e+00
1.693979865391320949e+00,1.693979865391320949e+00
2.318509757838405072e+00,2.318509757838405072e+00
2.107479080836932361e+00,2.107479080836932361e+00
1.071286802879608313e+00,1.071286802879608313e+00
1.043323924167718797e+00,1.043323924167718797e+00
3.652215185413553389e+00,3.652215185413553389e+00
7.217711546323133387e-01,7.217711546323133387e-01
5.950102656049050864e+00,5.950102656049050864e+00
2.972266597593603565e-01,2.972266597593603565e-01
4.208955589021377008e+00,4.208955589021377008e+00
4.202126618352109766e+00,4.202126618352109766e+00
7.463945791574917443e+00,7.463945791574917443e+00
7.049617290685461501e-02,7.049617290685461501e-02
5.649278229498965409e+00,5.649278229498965409e+00
6.099653755219679452e-01,6.099653755219679452e-01
6.814141659602025669e+00,6.814141659602025669e+00
4.180658302747885635e+00,4.180658302747885635e+00
4.888086788360972434e-01,4.888086788360972434e-01
4.650105793956017308e+00,4.650105793956017308e+00
-7.992562625557944056e-01,-7.992562625557944056e-01
4.623704769660540670e+00,4.623704769660540670e+00
7.989891590728864124e+00,7.989891590728864124e+00
3.664439344768652518e+00,3.664439344768652518e+00
2.667456557316867372e-01,2.667456557316867372e-01
6.531132306447428704e+00,6.531132306447428704e+00
1.122426189847716360e+00,1.122426189847716360e+00
3.829528834746596111e-01,3.829528834746596111e-01
6.256302601715080236e-02,6.256302601715080236e-02
5.758190979851272928e+00,5.758190979851272928e+00
3.566269473373454346e+00,3.566269473373454346e+00
-2.237819486685079795e-01,-2.237819486685079795e-01
3.874904968384503157e+00,3.874904968384503157e+00
-4.138876207387932382e+00,-4.138876207387932382e+00
6.915105118446008836e-01,6.915105118446008836e-01
8.060137769555877796e+00,8.060137769555877796e+00
2.432335922439710529e+00,2.432335922439710529e+00
-1.520137134015103308e+00,-1.520137134015103308e+00
-2.670895226150509227e-01,-2.670895226150509227e-01
2.076494962245028220e-01,2.076494962245028220e-01
3.926518878397091239e+00,3.926518878397091239e+00
2.280082817542613771e+00,2.280082817542613771e+00
3.611074914256473978e+00,3.611074914256473978e+00
3.450422851088159604e+00,3.450422851088159604e+00
3.411912498029790797e+00,3.411912498029790797e+00
6.926052122742694550e+00,6.926052122742694550e+00
7.706212184415179856e+00,7.706212184415179856e+00
6.775881420187241488e+00,6.775881420187241488e+00
1.321831604196751719e+00,1.321831604196751719e+00
6.274446373450278003e+00,6.274446373450278003e+00
-1.022251391289925593e+00,-1.022251391289925593e+00
6.325592677918257856e+00,6.325592677918257856e+00
4.906085398395614305e+00,4.906085398395614305e+00
1.984373115608506044e+00,1.984373115608506044e+00
2.456317243888999080e+00,2.456317243888999080e+00
1.175257070515640434e+00,1.175257070515640434e+00
3.857188287602038912e+00,3.857188287602038912e+00
3.345355318447722492e+00,3.345355318447722492e+00
-3.210558762670392419e+00,-3.210558762670392419e+00
2.336672208026002728e+00,2.336672208026002728e+00
-2.472761167547830041e-01,-2.472761167547830041e-01
2.323383565136725615e+00,2.323383565136725615e+00
2.557742927190229665e+00,2.557742927190229665e+00
7.701978157175745743e+00,7.701978157175745743e+00
5.544803130088249432e-01,5.544803130088249432e-01
5.292975421103276901e+00,5.292975421103276901e+00
-3.550497332259598959e-01,-3.550497332259598959e-01
3.842463088958783857e+00,3.842463088958783857e+00
4.763774544064466987e+00,4.763774544064466987e+00
-2.820348789838139414e+00,-2.820348789838139414e+00
1.326335090968504105e+00,1.326335090968504105e+00
3.490842974915447261e+00,3.490842974915447261e+00
6.182950035262124722e+00,6.182950035262124722e+00
3.814093307514313747e+00,3.814093307514313747e+00
2.580146988374063532e-01,2.580146988374063532e-01
8.460408709315598852e-01,8.460408709315598852e-01
-6.208444878884636919e-01,-6.208444878884636919e-01
6.600590572473392648e+00,6.600590572473392648e+00
2.049571054605381804e+00,2.049571054605381804e+00
5.120870659158819116e+00,5.120870659158819116e+00
4.643606878114319159e+00,4.643606878114319159e+00
4.577326405141266541e+00,4.577326405141266541e+00
5.749823038413947707e+00,5.749823038413947707e+00
1.563163677438546673e+00,1.563163677438546673e+00
7.809026720752525463e+00,7.809026720752525463e+00
6.357525198382570686e+00,6.357525198382570686e+00
7.629372153696296621e+00,7.629372153696296621e+00
6.493025490606168404e+00,6.493025490606168404e+00
3.479171023925353268e+00,3.479171023925353268e+00
4.846931673132007568e+00,4.846931673132007568e+00
6.788933823908120946e-01,6.788933823908120946e-01
7.878768707563010842e-01,7.878768707563010842e-01
7.219675490525871098e+00,7.219675490525871098e+00
-1.010563000250636057e-01,-1.010563000250636057e-01
4.612537932191585810e+00,4.612537932191585810e+00
8.020246129825864045e+00,8.020246129825864045e+00
4.342164504684285831e+00,4.342164504684285831e+00
9.978210576458947934e-01,9.978210576458947934e-01
2.695402250492554330e+00,2.695402250492554330e+00
-4.549836312304187835e+00,-4.549836312304187835e+00
4.203406285370660633e+00,4.203406285370660633e+00
3.960435781578842018e+00,3.960435781578842018e+00
3.463310529879652488e+00,3.463310529879652488e+00
6.154080952388092385e+00,6.154080952388092385e+00
6.193773650164719591e+00,6.193773650164719591e+00
-3.388446334000208005e-01,-3.388446334000208005e-01
4.548237150454323974e+00,4.548237150454323974e+00
1.515235535085922347e+00,1.515235535085922347e+00
6.419688196642264977e+00,6.419688196642264977e+00
6.407362348621685744e-01,6.407362348621685744e-01
2.866893832890751170e+00,2.866893832890751170e+00
-1.098012788269607798e+00,-1.098012788269607798e+00
4.102420434883823575e+00,4.102420434883823575e+00
-6.849439224542187565e-01,-6.849439224542187565e-01
9.115094254697240217e+00,9.115094254697240217e+00
6.251851527783586882e+00,6.251851527783586882e+00
-9.047575369186265926e-01,-9.047575369186265926e-01
4.676952517830106792e+00,4.676952517830106792e+00
-1.099101949706742465e+00,-1.099101949706742465e+00
5.154261681139439943e+00,5.154261681139439943e+00
4.751682737833771153e-01,4.751682737833771153e-01
-2.924435648100748852e-01,-2.924435648100748852e-01
-1.780386036207343814e+00,-1.780386036207343814e+00
-3.910053094529061246e-01,-3.910053094529061246e-01
5.503820743884659805e+00,5.503820743884659805e+00
-5.692128927080875034e-03,-5.692128927080875034e-03
1.439271877788469212e+00,1.439271877788469212e+00
2.858210132906595646e+00,2.858210132906595646e+00
4.433472756680092886e+00,4.433472756680092886e+00
2.624222382870226022e-01,2.624222382870226022e-01
3.897065456731570343e+00,3.897065456731570343e+00
4.454566313969813507e+00,4.454566313969813507e+00
4.123548587774277685e+00,4.123548587774277685e+00
3.247554893434803081e+00,3.247554893434803081e+00
3.174872407131360319e+00,3.174872407131360319e+00
3.672712381980755558e-02,3.672712381980755558e-02
6.853948881656816816e+00,6.853948881656816816e+00
-1.254131496843693405e-01,-1.254131496843693405e-01
-7.244894448084120420e-01,-7.244894448084120420e-01
-1.759378382587021949e+00,-1.759378382587021949e+00
1.794601793295846459e+00,1.794601793295846459e+00
9.516805671795233179e-01,9.516805671795233179e-01
5.665554315350429526e+00,5.665554315350429526e+00
-1.534256504757441908e+00,-1.534256504757441908e+00
5.937925633889818755e+00,5.937925633889818755e+00
3.429807615104773610e+00,3.429807615104773610e+00
5.141277680629009694e+00,5.141277680629009694e+00
1.972913016414975074e+00,1.972913016414975074e+00
-1.746184471336822419e+00,-1.746184471336822419e+00
3.117512224880144345e+00,3.117512224880144345e+00
1.298610002366570093e+00,1.298610002366570093e+00
4.143172633467687938e+00,4.143172633467687938e+00
1.682949421368839626e+00,1.682949421368839626e+00
3.232880602232750533e-01,3.232880602232750533e-01
-9.711029016252268331e-01,-9.711029016252268331e-01
1.083073410857563701e+01,1.083073410857563701e+01
5.887568012595153277e+00,5.887568012595153277e+00
2.000136682295567070e+00,2.000136682295567070e+00
5.719312586792558051e+00,5.719312586792558051e+00
6.273517668882774956e+00,6.273517668882774956e+00
2.105293418421898988e+00,2.105293418421898988e+00
1.214167740221088199e-01,1.214167740221088199e-01
9.434494006756604101e-01,9.434494006756604101e-01
4.294513491869535571e+00,4.294513491869535571e+00
7.327667266685320868e+00,7.327667266685320868e+00
3.630706765354001497e+00,3.630706765354001497e+00
8.746795731637183380e+00,8.746795731637183380e+00
1.462445268474966475e+00,1.462445268474966475e+00
2.335886137845260002e+00,2.335886137845260002e+00
5.013047675506400402e+00,5.013047675506400402e+00
-1.558371277149590339e+00,-1.558371277149590339e+00
3.465130671518372729e+00,3.465130671518372729e+00
4.934423900440433997e+00,4.934423900440433997e+00
-5.636159921725074629e-01,-5.636159921725074629e-01
4.275394807872475944e+00,4.275394807872475944e+00
5.151362438821676548e+00,5.151362438821676548e+00
3.541615581123626733e+00,3.541615581123626733e+00
2.447690390312492692e+00,2.447690390312492692e+00
1.038448698934282044e+00,1.038448698934282044e+00
3.370446831303402391e+00,3.370446831303402391e+00
3.226647767379111631e-01,3.226647767379111631e-01
4.427833268986412385e+00,4.427833268986412385e+00
2.057345688385702864e+00,2.057345688385702864e+00
7.841871373420921110e+00,7.841871373420921110e+00
1.597205020890855476e+00,1.597205020890855476e+00
-5.179844036315963685e+00,-5.179844036315963685e+00
-6.982160077036516643e-01,-6.982160077036516643e-01
3.775960123792928780e+00,3.775960123792928780e+00
2.454722027269848894e+00,2.454722027269848894e+00
1.222150672908965507e+00,1.222150672908965507e+00
-4.398380857496185792e-01,-4.398380857496185792e-01
-1.044799965615413218e+00,-1.044799965615413218e+00
6.240562418380390497e+00,6.240562418380390497e+00
1.296649596375031965e+00,1.296649596375031965e+00
-1.726237029570946158e+00,-1.726237029570946158e+00
5.491263995403343756e+00,5.491263995403343756e+00
4.631719169714960671e+00,4.631719169714960671e+00
5.741139111278377172e+00,5.741139111278377172e+00
3.071252195255131934e+00,3.071252195255131934e+00
2.535998679130186062e+00,2.535998679130186062e+00
5.330345301996290530e+00,5.330345301996290530e+00
2.164241256041371297e+00,2.164241256041371297e+00
2.742373485712338521e+00,2.742373485712338521e+00
3.480780052421602377e+00,3.480780052421602377e+00
7.856269707004110980e-01,7.856269707004110980e-01
3.834608794474753779e+00,3.834608794474753779e+00
2.763546256407237500e+00,2.763546256407237500e+00
3.610860842212582078e+00,3.610860842212582078e+00
5.240777632126110142e-01,5.240777632126110142e-01
3.567027251136191346e+00,3.567027251136191346e+00
3.299674441542784997e+00,3.299674441542784997e+00
3.626327446229898221e+00,3.626327446229898221e+00
2.466790629297339610e+00,2.466790629297339610e+00
5.438988634118611998e+00,5.438988634118611998e+00
4.212587817557563952e+00,4.212587817557563952e+00
1.990055598385222835e+00,1.990055598385222835e+00
6.626225356965129265e+00,6.626225356965129265e+00
3.976462918080061915e+00,3.976462918080061915e+00
2.972303315727707673e+00,2.972303315727707673e+00
5.780647227715699721e+00,5.780647227715699721e+00
4.217302573108685948e+00,4.217302573108685948e+00
1.301514971756961403e+00,1.301514971756961403e+00
2.845368106325317559e+00,2.845368106325317559e+00
4.538228770781615573e+00,4.538228770781615573e+00
2.820631569838032426e+00,2.820631569838032426e+00
-7.600859816990945816e-01,-7.600859816990945816e-01
3.159889762263074608e+00,3.159889762263074608e+00
1.937875696534995251e+00,1.937875696534995251e+00
2.406482462305707948e+00,2.406482462305707948e+00
2.973676686757572796e+00,2.973676686757572796e+00
1.888692523853863214e-01,1.888692523853863214e-01
4.939215869860538177e+00,4.939215869860538177e+00
5.458827400165034760e+00,5.458827400165034760e+00
3.721977113000467963e+00,3.721977113000467963e+00
3.181218895060878182e+00,3.181218895060878182e+00
2.205011060013446489e+00,2.205011060013446489e+00
5.609509074716097388e+00,5.609509074716097388e+00
7.364710835159539171e-01,7.364710835159539171e-01
3.976408325759629214e+00,3.976408325759629214e+00
6.984033846534951628e+00,6.984033846534951628e+00
1.001701943148820551e+00,1.001701943148820551e+00
3.328997108204339916e+00,3.328997108204339916e+00
-2.819484267797699228e+00,-2.819484267797699228e+00
1.381896678164938441e+00,1.381896678164938441e+00
4.133042595345217229e+00,4.133042595345217229e+00
3.595719752233537125e+00,3.595719752233537125e+00
1.756529182148154788e+00,1.756529182148154788e+00
-9.095545349733376028e-01,-9.095545349733376028e-01
5.933558270135146806e+00,5.933558270135146806e+00
4.640230538567990060e+00,4.640230538567990060e+00
1.808686490641249200e+00,1.808686490641249200e+00
1.401096701777842624e+00,1.401096701777842624e+00
2.794624930227938453e+00,2.794624930227938453e+00
8.814923371683780928e+00,8.814923371683780928e+00
-2.309598176209604059e+00,-2.309598176209604059e+00
4.076572175707340762e+00,4.076572175707340762e+00
-2.765569901429403288e-01,-2.765569901429403288e-01
-2.169654167260024469e-01,-2.169654167260024469e-01
4.272494288122576478e+00,4.272494288122576478e+00
5.746297051924083910e+00,5.746297051924083910e+00
-3.027752601561407353e+00,-3.027752601561407353e+00
6.694289316894903585e+00,6.694289316894903585e+00
6.145271451591483469e+00,6.145271451591483469e+00
4.965972493912699015e+00,4.965972493912699015e+00
4.241971166482230160e+00,4.241971166482230160e+00
-1.855812793622405366e+00,-1.855812793622405366e+00
6.364604873325913736e+00,6.364604873325913736e+00
2.804436505500089716e+00,2.804436505500089716e+00
-2.780130305845386118e+00,-2.780130305845386118e+00
3.615632840995847808e+00,3.615632840995847808e+00
3.446657408902268571e+00,3.446657408902268571e+00
7.846811942747481616e+00,7.846811942747481616e+00
3.796413519619572963e+00,3.796413519619572963e+00
7.983111692335580045e+00,7.983111692335580045e+00
2.914694336374507699e+00,2.914694336374507699e+00
5.294154727910505898e+00,5.294154727910505898e+00
6.838835178647027391e+00,6.838835178647027391e+00
4.062265063738600190e+00,4.062265063738600190e+00
8.184499946027656847e+00,8.184499946027656847e+00
1.861884369334649181e+00,1.861884369334649181e+00
1.051154848742725001e+01,1.051154848742725001e+01
1.744958492661105032e+00,1.744958492661105032e+00
7.779783022138175852e+00,7.779783022138175852e+00
2.334181595026958433e+00,2.334181595026958433e+00
-1.875204742551590753e+00,-1.875204742551590753e+00
1.117171372851958289e+01,1.117171372851958289e+01
3.597396347176472275e+00,3.597396347176472275e+00
5.343260505649993775e+00,5.343260505649993775e+00
1.700237576037397336e+00,1.700237576037397336e+00
1.539330191061528019e+00,1.539330191061528019e+00
3.624458450456998992e+00,3.624458450456998992e+00
5.116879700094836281e+00,5.116879700094836281e+00
2.554737193525935979e+00,2.554737193525935979e+00
-2.031422370656047249e+00,-2.031422370656047249e+00
3.292498608851958775e+00,3.292498608851958775e+00
6.519185943788390780e+00,6.519185943788390780e+00
-1.407108303777512504e+00,-1.407108303777512504e+00
2.820238064926423149e+00,2.820238064926423149e+00
1.760177532073428530e+00,1.760177532073428530e+00
1.497655631264190879e-01,1.497655631264190879e-01
3.046607255264239811e+00,3.046607255264239811e+00
-1.245637369513242110e+00,-1.245637369513242110e+00
6.960497299764424994e+00,6.960497299764424994e+00
-1.031923368334443536e+00,-1.031923368334443536e+00
5.173977616209744390e+00,5.173977616209744390e+00
-2.305738215550404036e+00,-2.305738215550404036e+00
2.995023594360277208e+00,2.995023594360277208e+00
1.609237557397565022e+00,1.609237557397565022e+00
5.367201389569236980e+00,5.367201389569236980e+00
3.206840143108798724e+00,3.206840143108798724e+00
1.430690199152040876e+00,1.430690199152040876e+00
6.400530294030108536e+00,6.400530294030108536e+00
7.806624524159080813e+00,7.806624524159080813e+00
7.244355357750688285e+00,7.244355357750688285e+00
3.378256880869531908e+00,3.378256880869531908e+00
6.490154080647036139e+00,6.490154080647036139e+00
7.870809646913765611e-01,7.870809646913765611e-01
2.612191338632166460e+00,2.612191338632166460e+00
3.361406291822711445e+00,3.361406291822711445e+00
1.444738104554361247e+00,1.444738104554361247e+00
2.814328893274839150e+00,2.814328893274839150e+00
6.961500749459359483e+00,6.961500749459359483e+00
-3.472292235815638284e-01,-3.472292235815638284e-01
4.512168825282087958e+00,4.512168825282087958e+00
-3.064353024902548128e+00,-3.064353024902548128e+00
3.808580905482984225e+00,3.808580905482984225e+00
7.427134902471735911e-01,7.427134902471735911e-01
5.913739426806788657e+00,5.913739426806788657e+00
4.902077107499473563e+00,4.902077107499473563e+00
2.425958494337346671e+00,2.425958494337346671e+00
4.933935036630112236e+00,4.933935036630112236e+00
-3.391859865874234714e+00,-3.391859865874234714e+00
-6.396623003867263346e-01,-6.396623003867263346e-01
3.903727084839811567e+00,3.903727084839811567e+00
-1.184577742673143863e+00,-1.184577742673143863e+00
4.215554599814628212e+00,4.215554599814628212e+00
1.653351265092917854e+00,1.653351265092917854e+00
7.616374735312270161e-01,7.616374735312270161e-01
-1.807303594267197555e+00,-1.807303594267197555e+00
5.971675563068075121e+00,5.971675563068075121e+00
3.567171958465957804e+00,3.567171958465957804e+00
1.947894252643884050e+00,1.947894252643884050e+00
6.123531104411770176e-01,6.123531104411770176e-01
-2.485157125180026405e-01,-2.485157125180026405e-01
2.485522985853887423e+00,2.485522985853887423e+00
4.767198081267065568e-01,4.767198081267065568e-01
1.560965083763043548e+00,1.560965083763043548e+00
4.440890090079669505e+00,4.440890090079669505e+00
2.462168986712829799e+00,2.462168986712829799e+00
5.282584491675201832e+00,5.282584491675201832e+00
-4.630311838932137380e-01,-4.630311838932137380e-01
5.834347744437375916e+00,5.834347744437375916e+00
5.090809030245444511e+00,5.090809030245444511e+00
1.029880934435112749e+00,1.029880934435112749e+00
4.743946163561803431e+00,4.743946163561803431e+00
-1.448443506878907439e+00,-1.448443506878907439e+00
5.443002077927233451e+00,5.443002077927233451e+00
7.746273718175482159e+00,7.746273718175482159e+00
2.203373207628841257e+00,2.203373207628841257e+00
-1.585940734250488759e+00,-1.585940734250488759e+00
5.442592047381639375e+00,5.442592047381639375e+00
1.590120622475673873e+00,1.590120622475673873e+00
2.793907069377656427e+00,2.793907069377656427e+00
6.491561199176601349e+00,6.491561199176601349e+00
7.176297887657812069e+00,7.176297887657812069e+00
5.873346162853443353e+00,5.873346162853443353e+00
1.179471357703930412e+00,1.179471357703930412e+00
3.023741998523057806e+00,3.023741998523057806e+00
3.560359202246577759e+00,3.560359202246577759e+00
4.251323423860546846e+00,4.251323423860546846e+00
3.199145612430512209e+00,3.199145612430512209e+00
4.688375788946608225e+00,4.688375788946608225e+00
2.548899030686754941e+00,2.548899030686754941e+00
9.539627963802809196e-01,9.539627963802809196e-01
7.614756185338983130e+00,7.614756185338983130e+00
8.276049919201200922e+00,8.276049919201200922e+00
1.494078236192253994e+00,1.494078236192253994e+00
2.453700854988978275e+00,2.453700854988978275e+00
3.011050018270502893e+00,3.011050018270502893e+00
4.957471935629755855e+00,4.957471935629755855e+00
7.756212864743639024e-01,7.756212864743639024e-01
5.044362982801689377e+00,5.044362982801689377e+00
2.232305407893489413e+00,2.232305407893489413e+00
4.718531935150172885e+00,4.718531935150172885e+00
4.891491547727619071e+00,4.891491547727619071e+00
1.947890455482788941e+00,1.947890455482788941e+00
2.334017904748814765e+00,2.334017904748814765e+00
-5.656046775569772977e-02,-5.656046775569772977e-02
2.314153802247486791e+00,2.314153802247486791e+00
3.098032044212144065e+00,3.098032044212144065e+00
2.454250152453673728e+00,2.454250152453673728e+00
-1.222469834728697746e+00,-1.222469834728697746e+00
-1.731696593243715832e+00,-1.731696593243715832e+00
-2.761886796215609063e-01,-2.761886796215609063e-01
3.036600040511160614e+00,3.036600040511160614e+00
1.996077409936210856e+00,1.996077409936210856e+00
6.138725586992102912e+00,6.138725586992102912e+00
6.464408725689343882e+00,6.464408725689343882e+00
-8.494009390266042958e-01,-8.494009390266042958e-01
3.907135189632998440e+00,3.907135189632998440e+00
2.316144958349994010e+00,2.316144958349994010e+00
8.960361877784023932e+00,8.960361877784023932e+00
-4.600221327739006383e-01,-4.600221327739006383e-01
4.799100909025263206e+00,4.799100909025263206e+00
5.403958267622206435e+00,5.403958267622206435e+00
9.757082188565837200e+00,9.757082188565837200e+00
4.232458861233620695e+00,4.232458861233620695e+00
4.701321897984702680e+00,4.701321897984702680e+00
8.754464605713614844e+00,8.754464605713614844e+00
8.335701546806584261e+00,8.335701546806584261e+00
3.072161042299152101e+00,3.072161042299152101e+00
5.333047459087420172e+00,5.333047459087420172e+00
5.395003192993116592e+00,5.395003192993116592e+00
-3.099602243236775578e+00,-3.099602243236775578e+00
3.704877382197707014e+00,3.704877382197707014e+00
2.629283236391215528e+00,2.629283236391215528e+00
-7.444456051722476708e-01,-7.444456051722476708e-01
1.960672886415148142e+00,1.960672886415148142e+00
3.079623203749364269e-01,3.079623203749364269e-01
2.661833247774455735e+00,2.661833247774455735e+00
5.450929434559027342e+00,5.450929434559027342e+00
5.013768140939202311e+00,5.013768140939202311e+00
4.222342851947439080e+00,4.222342851947439080e+00
3.598105778025930679e+00,3.598105778025930679e+00
3.600800168072034069e+00,3.600800168072034069e+00
1.983542100675352193e+00,1.983542100675352193e+00
1.295276195155805388e+00,1.295276195155805388e+00
2.048559824482122593e+00,2.048559824482122593e+00
5.876529912374514053e-01,5.876529912374514053e-01
7.224442935959481282e+00,7.224442935959481282e+00
2.562057082924065643e+00,2.562057082924065643e+00
5.997541207788414042e+00,5.997541207788414042e+00
4.173020562018612267e+00,4.173020562018612267e+00
4.484395776506831410e+00,4.484395776506831410e+00
-6.818216062017484758e-01,-6.818216062017484758e-01
4.385771416456729632e-01,4.385771416456729632e-01
9.422595117432955858e-01,9.422595117432955858e-01
4.565398717701973474e+00,4.565398717701973474e+00
2.876639601371048016e+00,2.876639601371048016e+00
-4.657901005607123501e-01,-4.657901005607123501e-01
6.345406648474264166e+00,6.345406648474264166e+00
-2.231495868808361038e+00,-2.231495868808361038e+00
2.981559762143642267e+00,2.981559762143642267e+00
-3.090436284919019894e+00,-3.090436284919019894e+00
3.600553620283892364e+00,3.600553620283892364e+00
4.204451369075076883e+00,4.204451369075076883e+00
-1.439662797121606497e+00,-1.439662797121606497e+00
-7.806708199110817814e-02,-7.806708199110817814e-02
6.786019118553993756e+00,6.786019118553993756e+00
5.950629237417729200e+00,5.950629237417729200e+00
5.231230599452111107e+00,5.231230599452111107e+00
5.118657335014573206e+00,5.118657335014573206e+00
3.335334293600401789e+00,3.335334293600401789e+00
2.508288573999650772e+00,2.508288573999650772e+00
2.536574700253282355e+00,2.536574700253282355e+00
-3.694670966646580457e-01,-3.694670966646580457e-01
8.102164828244141859e+00,8.102164828244141859e+00
-7.429975650298388246e-01,-7.429975650298388246e-01
8.244825538602313486e+00,8.244825538602313486e+00
5.830694560822895944e+00,5.830694560822895944e+00
-1.023670801886474857e-01,-1.023670801886474857e-01
5.745988981505576909e+00,5.745988981505576909e+00
1.698634251527141981e+00,1.698634251527141981e+00
4.862451133192250197e+00,4.862451133192250197e+00
4.893292436015040714e+00,4.893292436015040714e+00
-1.397780499688246802e+00,-1.397780499688246802e+00
1.881484322320280622e+00,1.881484322320280622e+00
5.162657223507091331e+00,5.162657223507091331e+00
1.969875698923374330e+00,1.969875698923374330e+00
8.074943914922824817e+00,8.074943914922824817e+00
2.010730362943967009e+00,2.010730362943967009e+00
3.589798429755134968e-01,3.589798429755134968e-01
3.642930508133866763e+00,3.642930508133866763e+00
1.800788496902848923e+00,1.800788496902848923e+00
5.672761339891383869e+00,5.672761339891383869e+00
-5.673791076475680484e-01,-5.673791076475680484e-01
2.737227984463063812e+00,2.737227984463063812e+00
-3.860681342506531610e+00,-3.860681342506531610e+00
8.519615446861612540e-01,8.519615446861612540e-01
3.501647453959607859e+00,3.501647453959607859e+00
6.024287446181509686e+00,6.024287446181509686e+00
3.829832241612819210e+00,3.829832241612819210e+00
3.049712119843548397e-01,3.049712119843548397e-01
5.658098112226964460e+00,5.658098112226964460e+00
-2.349724890755381379e-01,-2.349724890755381379e-01
4.752555781741079954e+00,4.752555781741079954e+00
2.988536227270978785e+00,2.988536227270978785e+00
1.718403463802712361e+00,1.718403463802712361e+00
5.163286830904945113e+00,5.163286830904945113e+00
5.389013638511460869e+00,5.389013638511460869e+00
2.302021353908193291e+00,2.302021353908193291e+00
1.674556582612748201e+00,1.674556582612748201e+00
-1.000922956149687959e+00,-1.000922956149687959e+00
1.032895283949821330e+00,1.032895283949821330e+00
3.340042523045792411e+00,3.340042523045792411e+00
-2.391335826174512125e-01,-2.391335826174512125e-01
1.864195999577745511e+00,1.864195999577745511e+00
7.042636869933234234e-01,7.042636869933234234e-01
1.903249158495236237e+00,1.903249158495236237e+00
5.205310671628875951e+00,5.205310671628875951e+00
2.432540534384208808e+00,2.432540534384208808e+00
2.797843530582769134e+00,2.797843530582769134e+00
4.434077932561007351e+00,4.434077932561007351e+00
1.310894254734088493e+00,1.310894254734088493e+00
6.569156717973175796e-01,6.569156717973175796e-01
2.264899116021303005e+00,2.264899116021303005e+00
2.533351884389923647e+00,2.533351884389923647e+00
7.527759732938454906e-01,7.527759732938454906e-01
3.276870414554880817e+00,3.276870414554880817e+00
4.039346209864633330e+00,4.039346209864633330e+00
1.123875825405949991e+00,1.123875825405949991e+00
5.169835557676143445e+00,5.169835557676143445e+00
9.485996383738829474e-01,9.485996383738829474e-01
3.320667589509501916e+00,3.320667589509501916e+00
2.119175182220956355e+00,2.119175182220956355e+00
3.093573711580232199e+00,3.093573711580232199e+00
2.541157707428972401e+00,2.541157707428972401e+00
-7.596553239006471614e-01,-7.596553239006471614e-01
3.544872624605737599e+00,3.544872624605737599e+00
4.315782771782123994e+00,4.315782771782123994e+00
4.238406456515042109e+00,4.238406456515042109e+00
6.313198675815043792e-01,6.313198675815043792e-01
9.540720176452881063e+00,9.540720176452881063e+00
6.064369170750416593e-01,6.064369170750416593e-01
6.715873937284694506e+00,6.715873937284694506e+00
1.104830909892403845e+01,1.104830909892403845e+01
1.310086581756659374e+00,1.310086581756659374e+00
-1.711348989856455782e+00,-1.711348989856455782e+00
1.109987462323729801e+00,1.109987462323729801e+00
2.252375495256158988e+00,2.252375495256158988e+00
-9.242271876042043033e-01,-9.242271876042043033e-01
3.888533724111452816e+00,3.888533724111452816e+00
1.072056578716188824e+01,1.072056578716188824e+01
4.885915417871746769e+00,4.885915417871746769e+00
-8.582972715307113365e-01,-8.582972715307113365e-01
1.024357961978018094e+00,1.024357961978018094e+00
2.673103639114830621e+00,2.673103639114830621e+00
2.187678992102620512e+00,2.187678992102620512e+00
1.760663740023805213e+00,1.760663740023805213e+00
2.132799730957061879e+00,2.132799730957061879e+00
7.881534413959085938e+00,7.881534413959085938e+00
4.988148259637798176e+00,4.988148259637798176e+00
2.937908843830502548e+00,2.937908843830502548e+00
5.783600593300410875e-01,5.783600593300410875e-01
4.023571653869536746e+00,4.023571653869536746e+00
6.082111408397832264e+00,6.082111408397832264e+00
-1.756696422444181671e-02,-1.756696422444181671e-02
6.000510330535368198e+00,6.000510330535368198e+00
-3.600338900380045004e+00,-3.600338900380045004e+00
6.368045126519573884e+00,6.368045126519573884e+00
1.061570731879934337e+00,1.061570731879934337e+00
2.229818125066779899e+00,2.229818125066779899e+00
1.067463393143450734e+00,1.067463393143450734e+00
5.536945100152338206e+00,5.536945100152338206e+00
1.630299237929823786e+00,1.630299237929823786e+00
1.575407079490151130e+00,1.575407079490151130e+00
6.881072626724693109e+00,6.881072626724693109e+00
2.859869781867152572e+00,2.859869781867152572e+00
-3.454015390047844303e-01,-3.454015390047844303e-01
1.891572730533286339e-02,1.891572730533286339e-02
1.246018376584443033e+00,1.246018376584443033e+00
-3.237817659382817848e-01,-3.237817659382817848e-01
6.491585370434298063e+00,6.491585370434298063e+00
2.940012671463447802e-01,2.940012671463447802e-01
2.355921461663500249e+00,2.355921461663500249e+00
4.285827402114696927e-01,4.285827402114696927e-01
4.497506501541528756e+00,4.497506501541528756e+00
6.974795966714340878e+00,6.974795966714340878e+00
1.963786822051759806e+00,1.963786822051759806e+00
2.967773960655835985e+00,2.967773960655835985e+00
2.091580658991357033e+00,2.091580658991357033e+00
-1.058801323407679851e+00,-1.058801323407679851e+00
1.184525993671270427e-01,1.184525993671270427e-01
3.021933314113199653e+00,3.021933314113199653e+00
4.308648991652801463e+00,4.308648991652801463e+00
3.077297318413768856e+00,3.077297318413768856e+00
7.366814881153416206e-01,7.366814881153416206e-01
1.787720832831042106e+00,1.787720832831042106e+00
3.981531445678248904e+00,3.981531445678248904e+00
2.944101978789557705e+00,2.944101978789557705e+00
-1.248080515644749866e+00,-1.248080515644749866e+00
5.311264795314188936e-01,5.311264795314188936e-01
5.802424426141176150e-01,5.802424426141176150e-01
2.566572000751468963e+00,2.566572000751468963e+00
4.634808765211328563e+00,4.634808765211328563e+00
4.581978694483730408e+00,4.581978694483730408e+00
4.706696815328938577e+00,4.706696815328938577e+00
3.791596961076448835e+00,3.791596961076448835e+00
2.872664644883010876e+00,2.872664644883010876e+00
-4.375168609906288086e-01,-4.375168609906288086e-01
-1.786148208488121503e+00,-1.786148208488121503e+00
2.871815425257054244e+00,2.871815425257054244e+00
-4.879910899003128688e-01,-4.879910899003128688e-01
2.288596739986715978e+00,2.288596739986715978e+00
7.805675379895788524e+00,7.805675379895788524e+00
3.735348647903168562e+00,3.735348647903168562e+00
3.559517004460206469e+00,3.559517004460206469e+00
-1.556241607083874157e-01,-1.556241607083874157e-01
-1.316177396142074851e+00,-1.316177396142074851e+00
1.286161627191319212e+00,1.286161627191319212e+00
5.589794025226415553e-01,5.589794025226415553e-01
3.646341583607243475e+00,3.646341583607243475e+00
6.962404908441328644e+00,6.962404908441328644e+00
2.819633281507682998e+00,2.819633281507682998e+00
-1.371147906695494134e+00,-1.371147906695494134e+00
6.146519224540767823e+00,6.146519224540767823e+00
-3.127516576661035330e+00,-3.127516576661035330e+00
2.468005612198029830e+00,2.468005612198029830e+00
3.626153464013780692e+00,3.626153464013780692e+00
-7.009439282422078588e-01,-7.009439282422078588e-01
5.151146394904362324e+00,5.151146394904362324e+00
-2.848027989655189662e-01,-2.848027989655189662e-01
-8.495338657164563934e-01,-8.495338657164563934e-01
2.097892570559944048e+00,2.097892570559944048e+00
-1.377482680921582325e+00,-1.377482680921582325e+00
3.128656011870406317e+00,3.128656011870406317e+00
2.573352749679205242e-01,2.573352749679205242e-01
2.283388051270323515e+00,2.283388051270323515e+00
3.809116318977408877e+00,3.809116318977408877e+00
2.441990708355694650e+00,2.441990708355694650e+00
3.755169139364083364e+00,3.755169139364083364e+00
2.490133781634690902e+00,2.490133781634690902e+00
2.980436508365361004e+00,2.980436508365361004e+00
5.242769093984056550e-01,5.242769093984056550e-01
2.331285934693438477e+00,2.331285934693438477e+00
6.280258621186214363e-01,6.280258621186214363e-01
-5.028192227188995611e-01,-5.028192227188995611e-01
-2.179404845788196710e+00,-2.179404845788196710e+00
1.094993227253571888e+01,1.094993227253571888e+01
3.366731091591220748e-01,3.366731091591220748e-01
2.900946242619485194e+00,2.900946242619485194e+00
-5.020432198901036980e-01,-5.020432198901036980e-01
1.612169084867702828e+00,1.612169084867702828e+00
3.731586986351441482e+00,3.731586986351441482e+00
2.824682374276012986e-01,2.824682374276012986e-01
2.729290776058180601e+00,2.729290776058180601e+00
2.807531244925710823e+00,2.807531244925710823e+00
4.558837865586134797e+00,4.558837865586134797e+00
3.298962280601933639e+00,3.298962280601933639e+00
-3.597379091906945270e+00,-3.597379091906945270e+00
1.154442497844779369e+00,1.154442497844779369e+00
6.701627617273015147e+00,6.701627617273015147e+00
1.169535171226166348e+00,1.169535171226166348e+00
3.796056512111921855e+00,3.796056512111921855e+00
4.862474812416433423e+00,4.862474812416433423e+00
4.686330489168165414e+00,4.686330489168165414e+00
3.937961949767900816e+00,3.937961949767900816e+00
4.332470674564685709e+00,4.332470674564685709e+00
7.773256554508598537e-01,7.773256554508598537e-01
-6.191925032090761505e-01,-6.191925032090761505e-01
1.533392347646992171e+00,1.533392347646992171e+00
2.980460039683149098e+00,2.980460039683149098e+00
2.419792727875368143e+00,2.419792727875368143e+00
-8.246592514807331575e-01,-8.246592514807331575e-01
7.487493193538485858e-01,7.487493193538485858e-01
5.814987529891560314e+00,5.814987529891560314e+00
7.787582999745684909e+00,7.787582999745684909e+00
8.401355525966168747e-01,8.401355525966168747e-01
5.801970058192521762e+00,5.801970058192521762e+00
3.581683904547985353e+00,3.581683904547985353e+00
6.005053190632629878e+00,6.005053190632629878e+00
3.512386309378357385e+00,3.512386309378357385e+00
4.951825524099910503e+00,4.951825524099910503e+00
4.753321870385097903e+00,4.753321870385097903e+00
1.266674785301045603e+00,1.266674785301045603e+00
4.611564308281179692e+00,4.611564308281179692e+00
4.295343939941148825e+00,4.295343939941148825e+00
2.067100624385776353e+00,2.067100624385776353e+00
5.479825765031597129e+00,5.479825765031597129e+00
8.890129877092207700e-01,8.890129877092207700e-01
4.659789234683375803e+00,4.659789234683375803e+00
2.369693260190474327e+00,2.369693260190474327e+00
2.914269727542432076e+00,2.914269727542432076e+00
3.227998552064462068e+00,3.227998552064462068e+00
4.568339402550813944e+00,4.568339402550813944e+00
6.459741198012304508e+00,6.459741198012304508e+00
2.152402081088661934e+00,2.152402081088661934e+00
3.486428075239527136e+00,3.486428075239527136e+00
3.796677039171333590e+00,3.796677039171333590e+00
2.902609903757231269e+00,2.902609903757231269e+00
3.537831926989203346e+00,3.537831926989203346e+00
4.001654318043979863e+00,4.001654318043979863e+00
1.739282554932460423e+00,1.739282554932460423e+00
5.115842454173828102e+00,5.115842454173828102e+00
5.535715509902326303e+00,5.535715509902326303e+00
2.695873779052432084e+00,2.695873779052432084e+00
3.314836326293248980e+00,3.314836326293248980e+00
-3.578253803985907755e+00,-3.578253803985907755e+00
6.057288930686104411e-01,6.057288930686104411e-01
2.692040717392893967e+00,2.692040717392893967e+00
2.823942611712476403e+00,2.823942611712476403e+00
9.804800235054131008e+00,9.804800235054131008e+00
-2.177774652248946285e+00,-2.177774652248946285e+00
6.622805591504579148e+00,6.622805591504579148e+00
5.498791473991587075e+00,5.498791473991587075e+00
3.735764267940630545e-01,3.735764267940630545e-01
-1.256092865723523522e+00,-1.256092865723523522e+00
1.044700469066075943e+00,1.044700469066075943e+00
1.692907522511585938e+00,1.692907522511585938e+00
3.302382158073642326e+00,3.302382158073642326e+00
3.632003797517233679e+00,3.632003797517233679e+00
1.958952244671099630e+00,1.958952244671099630e+00
1.092768803152474488e+00,1.092768803152474488e+00
1.651815051769859322e+00,1.651815051769859322e+00
1.528130664539281813e+00,1.528130664539281813e+00
4.721607734977837367e+00,4.721607734977837367e+00
1.307325767923258830e+00,1.307325767923258830e+00
8.454578440198862177e-01,8.454578440198862177e-01
1.830727711719750683e+00,1.830727711719750683e+00
-5.570872263039838845e-02,-5.570872263039838845e-02
4.164656887566411392e+00,4.164656887566411392e+00
2.080771793460120644e+00,2.080771793460120644e+00
6.564441561123255831e+00,6.564441561123255831e+00
9.240108203567842793e+00,9.240108203567842793e+00
2.443372256322868807e+00,2.443372256322868807e+00
2.141119926360018244e+00,2.141119926360018244e+00
9.500614407671593042e+00,9.500614407671593042e+00
7.301633183105230351e+00,7.301633183105230351e+00
2.806006727025914582e+00,2.806006727025914582e+00
1.928271895666104241e+00,1.928271895666104241e+00
7.589888374425568518e-01,7.589888374425568518e-01
4.817389737953816642e+00,4.817389737953816642e+00
7.036085451297746651e+00,7.036085451297746651e+00
1.015330502663841061e+00,1.015330502663841061e+00
5.220602553435271354e+00,5.220602553435271354e+00
-1.034321450433548506e+00,-1.034321450433548506e+00
-2.244534390080002773e+00,-2.244534390080002773e+00
-5.013724667118727218e+00,-5.013724667118727218e+00
1.227021885799113976e+00,1.227021885799113976e+00
1.229780684585962902e+00,1.229780684585962902e+00
6.873703491039361069e+00,6.873703491039361069e+00
4.575270607877710560e+00,4.575270607877710560e+00
7.347279062595008625e+00,7.347279062595008625e+00
3.208111621925075596e+00,3.208111621925075596e+00
5.324547664607757191e+00,5.324547664607757191e+00
4.411251185044198664e+00,4.411251185044198664e+00
-9.007243903937586227e-01,-9.007243903937586227e-01
3.652315685946682766e+00,3.652315685946682766e+00
-6.438280736522390413e-01,-6.438280736522390413e-01
6.335008729133959626e-01,6.335008729133959626e-01
1.744606421739031132e+00,1.744606421739031132e+00
1.673700593698529859e+00,1.673700593698529859e+00
6.798226655402928031e+00,6.798226655402928031e+00
2.305610094713056224e+00,2.305610094713056224e+00
1.713445032569024917e+00,1.713445032569024917e+00
-3.942172505914691705e-01,-3.942172505914691705e-01
2.701463759339642223e+00,2.701463759339642223e+00
-2.476325068979454258e+00,-2.476325068979454258e+00
1.897281674014896780e+00,1.897281674014896780e+00
3.385576481835006035e+00,3.385576481835006035e+00
4.480441562381839660e+00,4.480441562381839660e+00
1.681717897489277913e+00,1.681717897489277913e+00
-4.301176813013361411e+00,-4.301176813013361411e+00
3.005894274990415838e+00,3.005894274990415838e+00
4.417649744085204944e+00,4.417649744085204944e+00
2.977769563903604144e+00,2.977769563903604144e+00
3.865941262570086412e+00,3.865941262570086412e+00
9.782303185742282636e-01,9.782303185742282636e-01
4.183840592904440214e+00,4.183840592904440214e+00
-2.261767953885229332e+00,-2.261767953885229332e+00
3.098804167860750081e+00,3.098804167860750081e+00
4.445811809464084163e-02,4.445811809464084163e-02
6.119077297135062210e+00,6.119077297135062210e+00
5.260527275354959009e+00,5.260527275354959009e+00
2.928693061511504325e+00,2.928693061511504325e+00
3.171680823248023806e+00,3.171680823248023806e+00
6.343665669264381357e+00,6.343665669264381357e+00
1.445735439935333932e+00,1.445735439935333932e+00
4.954318149321856879e+00,4.954318149321856879e+00
5.438851342396077371e+00,5.438851342396077371e+00
3.163525380482333116e+00,3.163525380482333116e+00
-2.732811494822482867e+00,-2.732811494822482867e+00
2.196039791268451502e+00,2.196039791268451502e+00
2.979221522705586267e+00,2.979221522705586267e+00
4.684869811987609545e+00,4.684869811987609545e+00
-6.485363963123770281e-01,-6.485363963123770281e-01
4.692519952547462125e+00,4.692519952547462125e+00
-4.457555933616412780e-01,-4.457555933616412780e-01
5.128380864279570517e+00,5.128380864279570517e+00
-1.397606339163639522e+00,-1.397606339163639522e+00
4.395067525293702815e+00,4.395067525293702815e+00
-8.684209974739194315e-01,-8.684209974739194315e-01
3.698985305332124440e+00,3.698985305332124440e+00
8.605630757468063052e+00,8.605630757468063052e+00
-1.975290619123896141e-01,-1.975290619123896141e-01
2.910462139817221239e+00,2.910462139817221239e+00
2.186894058609504476e+00,2.186894058609504476e+00
4.559821205811996236e+00,4.559821205811996236e+00
4.042645186759083131e+00,4.042645186759083131e+00
-4.745548355530953000e-01,-4.745548355530953000e-01
1.538470109045438239e+00,1.538470109045438239e+00
1.213155716838762777e+00,1.213155716838762777e+00
1.420090519509297877e+00,1.420090519509297877e+00
8.910584950853264630e+00,8.910584950853264630e+00
-1.251383116230681214e+00,-1.251383116230681214e+00
6.174415543790440219e-01,6.174415543790440219e-01
5.010851993184657793e+00,5.010851993184657793e+00
1.162286997448902515e-02,1.162286997448902515e-02
6.125759214162660449e+00,6.125759214162660449e+00
-1.922854762582715260e-02,-1.922854762582715260e-02
1.064743809154490961e+01,1.064743809154490961e+01
-4.156945485226091197e-01,-4.156945485226091197e-01
1.159775635143572403e+00,1.159775635143572403e+00
2.935774500583146374e+00,2.935774500583146374e+00
6.759732755037749286e+00,6.759732755037749286e+00
5.028359751493010954e+00,5.028359751493010954e+00
8.641525117491498653e-01,8.641525117491498653e-01
4.198866862867197014e+00,4.198866862867197014e+00
5.112122191423758011e+00,5.112122191423758011e+00
-1.261650538509745401e+00,-1.261650538509745401e+00
5.410383223013918830e+00,5.410383223013918830e+00
-1.126044684086867864e+00,-1.126044684086867864e+00
2.287471169401551929e+00,2.287471169401551929e+00
1.585596108214220923e+00,1.585596108214220923e+00
1.269627793488698142e+00,1.269627793488698142e+00
-3.269784537138995084e+00,-3.269784537138995084e+00
5.134282931993269905e+00,5.134282931993269905e+00
7.538074913443768565e-01,7.538074913443768565e-01
3.614628687422678066e+00,3.614628687422678066e+00
-2.139422666153376618e+00,-2.139422666153376618e+00
3.581016607660920670e-01,3.581016607660920670e-01
3.482326031928815624e+00,3.482326031928815624e+00
4.102874181279345223e+00,4.102874181279345223e+00
2.850894319143892908e+00,2.850894319143892908e+00
-1.582531020670849387e+00,-1.582531020670849387e+00
-1.798026774137462258e+00,-1.798026774137462258e+00
3.585265547287029175e+00,3.585265547287029175e+00
1.851238670933295305e+00,1.851238670933295305e+00
6.141952092651567163e+00,6.141952092651567163e+00
3.850370014292106902e+00,3.850370014292106902e+00
3.825922323088231103e+00,3.825922323088231103e+00
1.511154617065809003e+00,1.511154617065809003e+00
6.100934707901932263e+00,6.100934707901932263e+00
-5.979146220945175116e-02,-5.979146220945175116e-02
7.395501449488223855e+00,7.395501449488223855e+00
3.211350482530370698e+00,3.211350482530370698e+00
1.552822016549837425e-02,1.552822016549837425e-02
7.608713201857011832e+00,7.608713201857011832e+00
3.566851756610837754e+00,3.566851756610837754e+00
5.549537928823073507e+00,5.549537928823073507e+00
3.571579895206808963e+00,3.571579895206808963e+00
3.080024784641631097e+00,3.080024784641631097e+00
-1.235428097385280255e+00,-1.235428097385280255e+00
3.823591646509314490e+00,3.823591646509314490e+00
1.954447804206355332e+00,1.954447804206355332e+00
-2.314742059256668760e+00,-2.314742059256668760e+00
5.440823971080228638e+00,5.440823971080228638e+00
-2.643466604665337449e+00,-2.643466604665337449e+00
2.448818661738046965e-01,2.448818661738046965e-01
7.383752367013607376e+00,7.383752367013607376e+00
4.199070040139661231e+00,4.199070040139661231e+00
2.532769486712576512e+00,2.532769486712576512e+00
3.277974003911019896e+00,3.277974003911019896e+00
1.222056625482031755e+00,1.222056625482031755e+00
6.812577462975287546e+00,6.812577462975287546e+00
6.456972036594691433e-01,6.456972036594691433e-01
-1.791254724018185307e+00,-1.791254724018185307e+00
-1.564048541273932447e+00,-1.564048541273932447e+00
4.509086612228896840e+00,4.509086612228896840e+00
1.432378494614796161e+00,1.432378494614796161e+00
4.743869476307883915e+00,4.743869476307883915e+00
6.118792695225344858e+00,6.118792695225344858e+00
3.531357765253741565e+00,3.531357765253741565e+00
5.282834029608078907e+00,5.282834029608078907e+00
4.634573565168633280e+00,4.634573565168633280e+00
5.708583852490321853e+00,5.708583852490321853e+00
6.862197149707371935e+00,6.862197149707371935e+00
7.671518242931157694e+00,7.671518242931157694e+00
-8.748113744113712453e-01,-8.748113744113712453e-01
2.455513893547540683e+00,2.455513893547540683e+00
9.330942570914398715e+00,9.330942570914398715e+00
9.997354606933065435e-01,9.997354606933065435e-01
1.527037875840835834e+00,1.527037875840835834e+00
5.982333490201664716e+00,5.982333490201664716e+00
-7.630587830631034851e-01,-7.630587830631034851e-01
2.716642318149335544e+00,2.716642318149335544e+00
3.625882276224709155e+00,3.625882276224709155e+00
2.365230258933521235e+00,2.365230258933521235e+00
4.683376934175092821e+00,4.683376934175092821e+00
3.537005660463065082e-01,3.537005660463065082e-01
-8.621877474948811404e-01,-8.621877474948811404e-01
4.076113471912968800e-01,4.076113471912968800e-01
2.913259888557671040e+00,2.913259888557671040e+00
3.636100796302517146e+00,3.636100796302517146e+00
2.532113890833937564e+00,2.532113890833937564e+00
3.319336187742976119e+00,3.319336187742976119e+00
5.067338151914693611e+00,5.067338151914693611e+00
-5.654165719441669458e-01,-5.654165719441669458e-01
3.618550782120620646e+00,3.618550782120620646e+00
4.860968806032239797e+00,4.860968806032239797e+00
2.882088954774476797e+00,2.882088954774476797e+00
2.123572935801133266e+00,2.123572935801133266e+00
5.819108446781923405e+00,5.819108446781923405e+00
1.890644240664676623e+00,1.890644240664676623e+00
4.211641498206084577e+00,4.211641498206084577e+00
3.340218452344596134e+00,3.340218452344596134e+00
-2.535445248157453868e+00,-2.535445248157453868e+00
2.863506177233562155e+00,2.863506177233562155e+00
1.333409912699541344e+00,1.333409912699541344e+00
8.813578786198328352e-01,8.813578786198328352e-01
2.119533939020850521e+00,2.119533939020850521e+00
9.132509965683510700e+00,9.132509965683510700e+00
5.778273212894236011e-02,5.778273212894236011e-02
4.012240212920138438e-01,4.012240212920138438e-01
5.160546244617504996e+00,5.160546244617504996e+00
4.174992988394436111e+00,4.174992988394436111e+00
5.304778179958455020e+00,5.304778179958455020e+00
9.602249315252161521e-01,9.602249315252161521e-01
-2.197496304542749801e+00,-2.197496304542749801e+00
4.642148308596678596e+00,4.642148308596678596e+00
5.404735616645927720e+00,5.404735616645927720e+00
3.839590432709031553e+00,3.839590432709031553e+00
8.301091126384688934e+00,8.301091126384688934e+00
-8.511766625386016916e-01,-8.511766625386016916e-01
6.806103649709204229e-01,6.806103649709204229e-01
5.397415486428756459e+00,5.397415486428756459e+00
6.486353005878642719e+00,6.486353005878642719e+00
2.413468533342756572e+00,2.413468533342756572e+00
-1.788105361786464176e+00,-1.788105361786464176e+00
-1.307833836650046377e+00,-1.307833836650046377e+00
4.764696671886552437e+00,4.764696671886552437e+00
2.641863346895080511e+00,2.641863346895080511e+00
3.790889767035124702e+00,3.790889767035124702e+00
7.932547731185188411e+00,7.932547731185188411e+00
5.089025264677824900e+00,5.089025264677824900e+00
5.860073633272173232e+00,5.860073633272173232e+00
1.372406056277742703e+00,1.372406056277742703e+00
3.120784320937620926e+00,3.120784320937620926e+00
4.931252300255348331e+00,4.931252300255348331e+00
7.806684699612633338e+00,7.806684699612633338e+00
-2.677582235251458442e+00,-2.677582235251458442e+00
7.190314736758572245e+00,7.190314736758572245e+00
6.057805614252462334e+00,6.057805614252462334e+00
4.866770553237833585e-01,4.866770553237833585e-01
-1.904448169220244180e-01,-1.904448169220244180e-01
4.604306496574444907e+00,4.604306496574444907e+00
6.190244290045180620e+00,6.190244290045180620e+00
3.447046297970028927e-01,3.447046297970028927e-01
4.704556814269447607e+00,4.704556814269447607e+00
3.616209651648086165e+00,3.616209651648086165e+00
4.039115723568531102e+00,4.039115723568531102e+00
4.434891354322251011e+00,4.434891354322251011e+00
7.205451511978854029e+00,7.205451511978854029e+00
7.513342791193363013e+00,7.513342791193363013e+00
-4.668093435852240347e+00,-4.668093435852240347e+00
3.172821322823181855e+00,3.172821322823181855e+00
2.184072461058148562e+00,2.184072461058148562e+00
-9.522293191855406569e-01,-9.522293191855406569e-01
2.227445035814906937e+00,2.227445035814906937e+00
3.358121124077608766e+00,3.358121124077608766e+00
2.820533477935259103e+00,2.820533477935259103e+00
2.287477147813557821e+00,2.287477147813557821e+00
6.087791307196686041e+00,6.087791307196686041e+00
-2.403371086851517902e+00,-2.403371086851517902e+00
5.942123206319985584e+00,5.942123206319985584e+00
7.831790278942750705e-01,7.831790278942750705e-01
1.002107515125124415e+01,1.002107515125124415e+01
8.744703912171051030e+00,8.744703912171051030e+00
-2.249492645646225419e+00,-2.249492645646225419e+00
3.374762073489331105e+00,3.374762073489331105e+00
6.894853386738211576e+00,6.894853386738211576e+00
-1.254283806119560474e-01,-1.254283806119560474e-01
7.843213653048636047e+00,7.843213653048636047e+00
5.641022379037743839e+00,5.641022379037743839e+00
2.947627159896097027e+00,2.947627159896097027e+00
-1.028203045249517222e+00,-1.028203045249517222e+00
2.699042556986615438e+00,2.699042556986615438e+00
4.578915976604398530e+00,4.578915976604398530e+00
2.462422875073730921e+00,2.462422875073730921e+00
3.062857796112301578e+00,3.062857796112301578e+00
3.311070283653486435e+00,3.311070283653486435e+00
-3.862590577447949869e+00,-3.862590577447949869e+00
-2.131342038999760824e+00,-2.131342038999760824e+00
5.013400851032740135e+00,5.013400851032740135e+00
1.792947615049842236e+00,1.792947615049842236e+00
3.779733197247557186e+00,3.779733197247557186e+00
-1.740197346420068847e+00,-1.740197346420068847e+00
5.348434413124276698e-01,5.348434413124276698e-01
6.573594526757066347e+00,6.573594526757066347e+00
-4.177703157968939429e+00,-4.177703157968939429e+00
2.065971756393043535e+00,2.065971756393043535e+00
7.377038820817625187e-01,7.377038820817625187e-01
1.209035476892794891e+00,1.209035476892794891e+00
4.938928285377930827e+00,4.938928285377930827e+00
7.440492802141682738e+00,7.440492802141682738e+00
1.895701838046712773e+00,1.895701838046712773e+00
3.579729129384380926e+00,3.579729129384380926e+00
-8.634017116286969440e-01,-8.634017116286969440e-01
5.900088625944121645e+00,5.900088625944121645e+00
1.170071377601471951e+00,1.170071377601471951e+00
6.019641861110554437e+00,6.019641861110554437e+00
3.526085617735209343e+00,3.526085617735209343e+00
6.033800687316517752e+00,6.033800687316517752e+00
5.424594244759746609e+00,5.424594244759746609e+00
6.591525694363459031e+00,6.591525694363459031e+00
5.008871119364384228e-01,5.008871119364384228e-01
-4.540180772716531088e-01,-4.540180772716531088e-01
5.764189488685230955e+00,5.764189488685230955e+00
6.599458453127526880e+00,6.599458453127526880e+00
-1.115271694124218005e-01,-1.115271694124218005e-01
2.986057642258518108e+00,2.986057642258518108e+00
-2.390499067819350509e-01,-2.390499067819350509e-01
3.487262834710687986e+00,3.487262834710687986e+00
-5.458524936334900879e-01,-5.458524936334900879e-01
4.198667439419130787e+00,4.198667439419130787e+00
3.517404308450358119e+00,3.517404308450358119e+00
6.238973820452416996e-01,6.238973820452416996e-01
2.531840847596835253e+00,2.531840847596835253e+00
2.988546004648376275e+00,2.988546004648376275e+00
8.924410700937823293e+00,8.924410700937823293e+00
8.575643856530222209e+00,8.575643856530222209e+00
-4.552766991002636932e-01,-4.552766991002636932e-01
-5.172784148263762649e-01,-5.172784148263762649e-01
-2.690260592743364931e+00,-2.690260592743364931e+00
7.465197146821781260e+00,7.465197146821781260e+00
2.740449622530172213e-02,2.740449622530172213e-02
-2.110351481039223209e+00,-2.110351481039223209e+00
5.798636475544284963e+00,5.798636475544284963e+00
-3.372016027612070310e+00,-3.372016027612070310e+00
1.093992272284003420e+00,1.093992272284003420e+00
1.743953167177348051e+00,1.743953167177348051e+00
-3.556820530688897808e-02,-3.556820530688897808e-02
3.793555430325100453e+00,3.793555430325100453e+00
6.153877726811670001e+00,6.153877726811670001e+00
5.091575116647149457e+00,5.091575116647149457e+00
5.802289191979430605e+00,5.802289191979430605e+00
8.871507161505474137e-01,8.871507161505474137e-01
4.414663119266786673e+00,4.414663119266786673e+00
3.223974293799741542e+00,3.223974293799741542e+00
3.245731385435701721e-02,3.245731385435701721e-02
-4.873110159440404709e-01,-4.873110159440404709e-01
3.034570137699039716e+00,3.034570137699039716e+00
1.680108271064376657e+00,1.680108271064376657e+00
7.231704484163523627e-01,7.231704484163523627e-01
3.976441863590222781e+00,3.976441863590222781e+00
1.861813431585023437e+00,1.861813431585023437e+00
5.996434844232716443e+00,5.996434844232716443e+00
2.430098920558867892e+00,2.430098920558867892e+00
-1.821186870200071084e-01,-1.821186870200071084e-01
-4.971511471776762781e-01,-4.971511471776762781e-01
4.440808690644421297e+00,4.440808690644421297e+00
3.512940131422415568e+00,3.512940131422415568e+00
-1.635435070001363123e-01,-1.635435070001363123e-01
5.775874489098459463e+00,5.775874489098459463e+00
-4.205365739829405869e-02,-4.205365739829405869e-02
6.544625865629786432e+00,6.544625865629786432e+00
3.032063595317456617e+00,3.032063595317456617e+00
3.756048718740494508e-01,3.756048718740494508e-01
-2.461736008526652419e+00,-2.461736008526652419e+00
-3.144501125785931217e-01,-3.144501125785931217e-01
-2.966336507340626483e+00,-2.966336507340626483e+00
-2.785274691775686762e+00,-2.785274691775686762e+00
5.843157551837740549e+00,5.843157551837740549e+00
3.218627258534923818e+00,3.218627258534923818e+00
4.142587903806839833e+00,4.142587903806839833e+00
4.550340185610194155e+00,4.550340185610194155e+00
2.597485903339605606e+00,2.597485903339605606e+00
6.754808734229342804e-01,6.754808734229342804e-01
2.508719580801825000e+00,2.508719580801825000e+00
1.628170812005171886e-01,1.628170812005171886e-01
4.468678453748970991e-01,4.468678453748970991e-01
2.011528687891149580e+00,2.011528687891149580e+00
5.571441260625441316e+00,5.571441260625441316e+00
2.677528493630194184e+00,2.677528493630194184e+00
2.009529082237995645e+00,2.009529082237995645e+00
3.254214884912767225e+00,3.254214884912767225e+00
5.386293722493126879e+00,5.386293722493126879e+00
7.201194630682694608e-02,7.201194630682694608e-02
5.116650067078988506e+00,5.116650067078988506e+00
3.011693353380290983e+00,3.011693353380290983e+00
4.211194161609062903e+00,4.211194161609062903e+00
5.849915525918917281e-01,5.849915525918917281e-01
3.160887855121174095e+00,3.160887855121174095e+00
1.245880523498043013e+00,1.245880523498043013e+00
1.678810823671704533e+00,1.678810823671704533e+00
5.313566829461069396e+00,5.313566829461069396e+00
5.841185606409777797e+00,5.841185606409777797e+00
1.016778068452484529e+00,1.016778068452484529e+00
7.418044220158824809e-01,7.418044220158824809e-01
3.856844445950275091e+00,3.856844445950275091e+00
8.353562764265126006e+00,8.353562764265126006e+00
5.237695303069587638e+00,5.237695303069587638e+00
2.741808270257168889e+00,2.741808270257168889e+00
2.580356422261474325e+00,2.580356422261474325e+00
-6.337939936271275165e-01,-6.337939936271275165e-01
1.763506336392278717e-01,1.763506336392278717e-01
2.434799899641521215e+00,2.434799899641521215e+00
3.859323019136398525e+00,3.859323019136398525e+00
2.271887807374955770e+00,2.271887807374955770e+00
-5.631928418141525228e+00,-5.631928418141525228e+00
3.401996938610714061e+00,3.401996938610714061e+00
3.758684790780073559e+00,3.758684790780073559e+00
3.186586639625311079e+00,3.186586639625311079e+00
1.902768890758656184e+00,1.902768890758656184e+00
5.173855212051049257e+00,5.173855212051049257e+00
2.649934723916598678e+00,2.649934723916598678e+00
3.077439409551124605e+00,3.077439409551124605e+00
2.337208421575798223e-02,2.337208421575798223e-02
1.759354590937876939e+00,1.759354590937876939e+00
6.028063309612258891e+00,6.028063309612258891e+00
1.246144522041751523e+00,1.246144522041751523e+00
2.815902035058803765e-01,2.815902035058803765e-01
2.195240967174576951e+00,2.195240967174576951e+00
2.086640158981255766e+00,2.086640158981255766e+00
3.699205099266422714e-02,3.699205099266422714e-02
4.092612692704874711e+00,4.092612692704874711e+00
6.812390689552594303e+00,6.812390689552594303e+00
5.732694362465151627e+00,5.732694362465151627e+00
1.258305620137740721e+00,1.258305620137740721e+00
3.495752068372367516e-01,3.495752068372367516e-01
-3.349814913017602702e+00,-3.349814913017602702e+00
2.187612761625775892e+00,2.187612761625775892e+00
1.375623142402420118e-01,1.375623142402420118e-01
1.689283758859726037e+00,1.689283758859726037e+00
2.688937414184461971e+00,2.688937414184461971e+00
3.044298053045952024e+00,3.044298053045952024e+00
2.124911772104082219e-01,2.124911772104082219e-01
1.816535090419447940e+00,1.816535090419447940e+00
2.666508480798226000e+00,2.666508480798226000e+00
5.270604603265525157e+00,5.270604603265525157e+00
2.366699853822845645e-01,2.366699853822845645e-01
3.490961835247178513e+00,3.490961835247178513e+00
2.330671897341618948e+00,2.330671897341618948e+00
1.542007787730612423e+00,1.542007787730612423e+00
3.062656221136714318e+00,3.062656221136714318e+00
6.065222489389973326e+00,6.065222489389973326e+00
1.367151324577372318e+00,1.367151324577372318e+00
1.426744273057463097e+00,1.426744273057463097e+00
6.749247471059332426e+00,6.749247471059332426e+00
1.641633371825320431e+00,1.641633371825320431e+00
1.138433217004115150e+01,1.138433217004115150e+01
3.774703886137455555e+00,3.774703886137455555e+00
9.823881885534820890e-01,9.823881885534820890e-01
5.001374850030510189e+00,5.001374850030510189e+00
2.433220705927448435e+00,2.433220705927448435e+00
6.604976110462355443e+00,6.604976110462355443e+00
2.754294278315635669e+00,2.754294278315635669e+00
2.354554754585300724e+00,2.354554754585300724e+00
-3.273107890047612489e+00,-3.273107890047612489e+00
7.465983741237693927e+00,7.465983741237693927e+00
-3.368189901595075142e+00,-3.368189901595075142e+00
5.215892280014181814e+00,5.215892280014181814e+00
1.736068563170616974e+00,1.736068563170616974e+00
-7.907913644880157911e-01,-7.907913644880157911e-01
1.910679635013626365e+00,1.910679635013626365e+00
2.411110956221963697e+00,2.411110956221963697e+00
-6.140566303740195853e-01,-6.140566303740195853e-01
4.753811641296755042e+00,4.753811641296755042e+00
-1.099935866376078319e+00,-1.099935866376078319e+00
8.053453485416508517e-01,8.053453485416508517e-01
5.272918864347500012e-01,5.272918864347500012e-01
-1.766284904233926811e-01,-1.766284904233926811e-01
3.756221736663088784e+00,3.756221736663088784e+00
2.531351812135309576e+00,2.531351812135309576e+00
7.294708657085046788e+00,7.294708657085046788e+00
-1.050276560570553519e+00,-1.050276560570553519e+00
5.626634397322244574e+00,5.626634397322244574e+00
-1.051500389505952149e-01,-1.051500389505952149e-01
6.775173707311505034e+00,6.775173707311505034e+00
7.654291882096288191e+00,7.654291882096288191e+00
6.061298520959215175e+00,6.061298520959215175e+00
6.383540611455709168e+00,6.383540611455709168e+00
-9.037905774167844797e-01,-9.037905774167844797e-01
2.557808711468273710e+00,2.557808711468273710e+00
-4.599378273834563657e+00,-4.599378273834563657e+00
1.571937413597420674e+00,1.571937413597420674e+00
7.314943062032323695e+00,7.314943062032323695e+00
2.094836053048394930e+00,2.094836053048394930e+00
-2.700918744394024795e+00,-2.700918744394024795e+00
4.694437132393042944e+00,4.694437132393042944e+00
9.421799465574840493e-01,9.421799465574840493e-01
3.869372767524186241e+00,3.869372767524186241e+00
3.690713622038010122e+00,3.690713622038010122e+00
1.602384606668113110e+00,1.602384606668113110e+00
2.642164213673524831e+00,2.642164213673524831e+00
4.918040550442313474e+00,4.918040550442313474e+00
5.864159094983326881e+00,5.864159094983326881e+00
-2.734883964181476834e+00,-2.734883964181476834e+00
2.439631875007886030e+00,2.439631875007886030e+00
-3.171486318136569782e+00,-3.171486318136569782e+00
7.985422231615169064e-01,7.985422231615169064e-01
7.099089655945589605e+00,7.099089655945589605e+00
3.279015475069103402e+00,3.279015475069103402e+00
6.633762631866133574e+00,6.633762631866133574e+00
-2.718145118476178013e+00,-2.718145118476178013e+00
-5.807813120378635396e-02,-5.807813120378635396e-02
3.238033959977820508e+00,3.238033959977820508e+00
5.154093958220495875e-01,5.154093958220495875e-01
3.560617259040601112e+00,3.560617259040601112e+00
-1.352376360502804964e-02,-1.352376360502804964e-02
5.098756609782650884e+00,5.098756609782650884e+00
6.437064876496828347e+00,6.437064876496828347e+00
1.627705973937095152e+00,1.627705973937095152e+00
5.416303353858579861e+00,5.416303353858579861e+00
5.313521448656569390e+00,5.313521448656569390e+00
2.465779216547808517e+00,2.465779216547808517e+00
6.140436220369947407e+00,6.140436220369947407e+00
9.411241170175784765e-01,9.411241170175784765e-01
2.022520249143660021e+00,2.022520249143660021e+00
2.099548156929409437e+00,2.099548156929409437e+00
2.095667351944597634e+00,2.095667351944597634e+00
5.014865538771049458e-01,5.014865538771049458e-01
5.874669992724732559e+00,5.874669992724732559e+00
8.825685522046669007e-01,8.825685522046669007e-01
6.108519441547073825e+00,6.108519441547073825e+00
5.337474543558734297e+00,5.337474543558734297e+00
3.126590249340637229e+00,3.126590249340637229e+00
-3.813348201490974976e+00,-3.813348201490974976e+00
6.734422776591016735e+00,6.734422776591016735e+00
6.136621598657938215e+00,6.136621598657938215e+00
-2.270136502017516267e-01,-2.270136502017516267e-01
-2.177156954753908913e+00,-2.177156954753908913e+00
1.853757828137802655e+00,1.853757828137802655e+00
1.702386439871624191e+00,1.702386439871624191e+00
7.593930490124662924e-01,7.593930490124662924e-01
-1.747237250873578951e-01,-1.747237250873578951e-01
6.501259756748201113e-04,6.501259756748201113e-04
2.180923305229699238e+00,2.180923305229699238e+00
9.566500542091677772e+00,9.566500542091677772e+00
2.389678462724192265e+00,2.389678462724192265e+00
4.703639947917665154e+00,4.703639947917665154e+00
-1.678687234200416212e+00,-1.678687234200416212e+00
9.195421792967768404e-01,9.195421792967768404e-01
2.091178183361520837e+00,2.091178183361520837e+00
4.784528275641367401e+00,4.784528275641367401e+00
2.715954050820838184e+00,2.715954050820838184e+00
1.215356887655992590e+00,1.215356887655992590e+00
-3.479184290568956284e-01,-3.479184290568956284e-01
2.040742557973378002e+00,2.040742557973378002e+00
6.262616395591455998e-01,6.262616395591455998e-01
-4.863449036041625484e-01,-4.863449036041625484e-01
5.040201252687731781e+00,5.040201252687731781e+00
2.688437627190617629e+00,2.688437627190617629e+00
2.583801433433169592e+00,2.583801433433169592e+00
5.652366146368548172e+00,5.652366146368548172e+00
8.307548928899054275e+00,8.307548928899054275e+00
2.764339629179260793e+00,2.764339629179260793e+00
-1.906398145040996139e-01,-1.906398145040996139e-01
1.457632633383475262e+00,1.457632633383475262e+00
-1.098261430608160616e-02,-1.098261430608160616e-02
5.708796510335037766e+00,5.708796510335037766e+00
4.526106956815016957e+00,4.526106956815016957e+00
3.967602906262910345e+00,3.967602906262910345e+00
-2.499441296711503391e+00,-2.499441296711503391e+00
-2.309837652409514774e+00,-2.309837652409514774e+00
3.083539294472375403e+00,3.083539294472375403e+00
8.144819661586575776e+00,8.144819661586575776e+00
4.439102710654025952e-01,4.439102710654025952e-01
4.195020359702262169e+00,4.195020359702262169e+00
4.371015883718504469e+00,4.371015883718504469e+00
1.345802750652349333e+00,1.345802750652349333e+00
5.621810711135119654e+00,5.621810711135119654e+00
6.431625208059793763e+00,6.431625208059793763e+00
4.065799702315449515e+00,4.065799702315449515e+00
-1.719875960959066141e+00,-1.719875960959066141e+00
2.872137554587955499e+00,2.872137554587955499e+00
1.238276736170466741e+00,1.238276736170466741e+00
4.975055626325387337e+00,4.975055626325387337e+00
6.519205264789862397e+00,6.519205264789862397e+00
7.093341603946424101e+00,7.093341603946424101e+00
3.782537467405226561e+00,3.782537467405226561e+00
-1.127585817344771701e+00,-1.127585817344771701e+00
5.349056570326516713e+00,5.349056570326516713e+00
-2.012338495857658671e+00,-2.012338495857658671e+00
5.345095990270484876e+00,5.345095990270484876e+00
8.216570704526478863e+00,8.216570704526478863e+00
5.588106814378121179e+00,5.588106814378121179e+00
3.371960524792265268e+00,3.371960524792265268e+00
4.429005756205995681e+00,4.429005756205995681e+00
1.845638250564842320e+00,1.845638250564842320e+00
3.285997953236857505e+00,3.285997953236857505e+00
3.110909842964466598e+00,3.110909842964466598e+00
4.945038969841840881e+00,4.945038969841840881e+00
5.852821244383290988e+00,5.852821244383290988e+00
4.288335464297307276e+00,4.288335464297307276e+00
6.446392150742697780e+00,6.446392150742697780e+00
-5.300893213677055904e-01,-5.300893213677055904e-01
5.079415475045560235e+00,5.079415475045560235e+00
3.562337295097337098e+00,3.562337295097337098e+00
9.564160434311215209e-01,9.564160434311215209e-01
-4.655823970417937829e+00,-4.655823970417937829e+00
4.808459953600759285e+00,4.808459953600759285e+00
6.256145011505449105e+00,6.256145011505449105e+00
6.659319175899150345e+00,6.659319175899150345e+00
1.606425300797385880e+00,1.606425300797385880e+00
-2.183072304086766113e-01,-2.183072304086766113e-01
9.458547820154217245e-02,9.458547820154217245e-02
9.389612708884447212e-01,9.389612708884447212e-01
-4.134427626632097841e-02,-4.134427626632097841e-02
-7.408264264729327309e-01,-7.408264264729327309e-01
1.953780726301933335e+00,1.953780726301933335e+00
-2.623350994700579530e-01,-2.623350994700579530e-01
8.394444918955946022e+00,8.394444918955946022e+00
3.520634501699995589e+00,3.520634501699995589e+00
3.182810825119269271e+00,3.182810825119269271e+00
2.633497534640959259e+00,2.633497534640959259e+00
5.011593432240188051e+00,5.011593432240188051e+00
3.975690008848236090e+00,3.975690008848236090e+00
6.591888032038077938e+00,6.591888032038077938e+00
2.381260012855211716e+00,2.381260012855211716e+00
7.229044549030099631e+00,7.229044549030099631e+00
6.295470563661269559e+00,6.295470563661269559e+00
3.973855383894016491e+00,3.973855383894016491e+00
-5.355318395223518380e-01,-5.355318395223518380e-01
2.906164282107714047e+00,2.906164282107714047e+00
4.054094561274173891e+00,4.054094561274173891e+00
1.327548059376881584e+00,1.327548059376881584e+00
-4.594634148199473467e-01,-4.594634148199473467e-01
1.778122557990518215e+00,1.778122557990518215e+00
7.280092261616231131e-01,7.280092261616231131e-01
2.491883479066431928e+00,2.491883479066431928e+00
4.542379737308862353e+00,4.542379737308862353e+00
2.652864515250457522e+00,2.652864515250457522e+00
3.811963161563972413e+00,3.811963161563972413e+00
1.187142897658219454e+00,1.187142897658219454e+00
4.659632085044170147e+00,4.659632085044170147e+00
-1.273118917126214278e+00,-1.273118917126214278e+00
1.178290904966091013e+00,1.178290904966091013e+00
9.154964826543069423e-01,9.154964826543069423e-01
8.678162778399715060e-01,8.678162778399715060e-01
3.205670451932513654e+00,3.205670451932513654e+00
6.019398274907243440e+00,6.019398274907243440e+00
1.320229343783070330e-01,1.320229343783070330e-01
-1.983225368295757463e+00,-1.983225368295757463e+00
-1.064874441000274397e+00,-1.064874441000274397e+00
5.860906653541087863e+00,5.860906653541087863e+00
5.443787362680405195e+00,5.443787362680405195e+00
4.193890046729975563e-01,4.193890046729975563e-01
3.709125200196754513e+00,3.709125200196754513e+00
3.481327139697563577e+00,3.481327139697563577e+00
4.532174600777953977e+00,4.532174600777953977e+00
9.104083332328594125e+00,9.104083332328594125e+00
5.285086857842455466e+00,5.285086857842455466e+00
7.812192957497458679e+00,7.812192957497458679e+00
-1.884728349431897598e+00,-1.884728349431897598e+00
6.095705556146767456e+00,6.095705556146767456e+00
4.865260817924609071e+00,4.865260817924609071e+00
3.857367719925011151e+00,3.857367719925011151e+00
1.329719029407410824e+00,1.329719029407410824e+00
3.258785145615323398e+00,3.258785145615323398e+00
3.909545212903032585e+00,3.909545212903032585e+00
1.246195809770593854e+00,1.246195809770593854e+00
7.234484233609733472e+00,7.234484233609733472e+00
2.998480898611665335e+00,2.998480898611665335e+00
3.898968215170575569e+00,3.898968215170575569e+00
2.259248501043326307e+00,2.259248501043326307e+00
-9.024231417236816544e-02,-9.024231417236816544e-02
6.784294708659975193e+00,6.784294708659975193e+00
5.846423821083971184e+00,5.846423821083971184e+00
4.492289311507094429e-01,4.492289311507094429e-01
6.265217096705056221e+00,6.265217096705056221e+00
1.582890679731152883e-01,1.582890679731152883e-01
-1.023172093839677554e+00,-1.023172093839677554e+00
3.092091564640596424e+00,3.092091564640596424e+00
-1.772323696562443374e-01,-1.772323696562443374e-01
-9.571921283531459324e-02,-9.571921283531459324e-02
7.915549427263673721e+00,7.915549427263673721e+00
2.790678722657772504e+00,2.790678722657772504e+00
-1.752013450528008276e-01,-1.752013450528008276e-01
-8.844080182435023474e-01,-8.844080182435023474e-01
9.766727938301357881e+00,9.766727938301357881e+00
3.739426510728619313e+00,3.739426510728619313e+00
6.807739662779885847e+00,6.807739662779885847e+00
4.337931613151239318e+00,4.337931613151239318e+00
7.708871154078378307e-01,7.708871154078378307e-01
2.494863872436483110e+00,2.494863872436483110e+00
5.094836663963057122e-01,5.094836663963057122e-01
3.307397603853175383e+00,3.307397603853175383e+00
2.708571510912306746e+00,2.708571510912306746e+00
4.543004595220557107e+00,4.543004595220557107e+00
-3.245289292341163367e+00,-3.245289292341163367e+00
2.291193915347618848e+00,2.291193915347618848e+00
1.774838407275248775e+00,1.774838407275248775e+00
2.622849652560618416e+00,2.622849652560618416e+00
7.642614277728613459e+00,7.642614277728613459e+00
6.356898157969979479e+00,6.356898157969979479e+00
3.007960061792033901e+00,3.007960061792033901e+00
3.602102656991190699e+00,3.602102656991190699e+00
3.119175520335030427e+00,3.119175520335030427e+00
4.253941260874083419e+00,4.253941260874083419e+00
5.026758049118211780e+00,5.026758049118211780e+00
2.714809128607470479e-01,2.714809128607470479e-01
4.983343636253311004e+00,4.983343636253311004e+00
2.799337834989629847e+00,2.799337834989629847e+00
1.691755535285694334e+00,1.691755535285694334e+00
3.265361333700465885e+00,3.265361333700465885e+00
3.331743928123547249e+00,3.331743928123547249e+00
3.837401423977333526e+00,3.837401423977333526e+00
6.790033756682319677e+00,6.790033756682319677e+00
1.979877906810609822e+00,1.979877906810609822e+00
1.189726638252700219e+01,1.189726638252700219e+01
7.364962713223606627e+00,7.364962713223606627e+00
5.022191602985055958e+00,5.022191602985055958e+00
5.771150243718357942e+00,5.771150243718357942e+00
4.578408890462673853e+00,4.578408890462673853e+00
4.727203359289918971e+00,4.727203359289918971e+00
6.829910640317171655e+00,6.829910640317171655e+00
5.474131771572009697e+00,5.474131771572009697e+00
5.322663634400376154e+00,5.322663634400376154e+00
1.101097046276534597e+00,1.101097046276534597e+00
3.329761816545995234e-01,3.329761816545995234e-01
8.614568688569832489e-01,8.614568688569832489e-01
5.112087040653625181e+00,5.112087040653625181e+00
-1.490983078307435816e+00,-1.490983078307435816e+00
4.887823823246061572e+00,4.887823823246061572e+00
7.966482369864211766e-01,7.966482369864211766e-01
-5.733833407118252845e-01,-5.733833407118252845e-01
2.729519981844674703e+00,2.729519981844674703e+00
4.425564983945152520e+00,4.425564983945152520e+00
3.934736567814504316e+00,3.934736567814504316e+00
2.802541749683547856e+00,2.802541749683547856e+00
6.613936774107487260e-02,6.613936774107487260e-02
9.100322885539199325e-01,9.100322885539199325e-01
2.490111501057201693e+00,2.490111501057201693e+00
-4.199842604156816539e-01,-4.199842604156816539e-01
6.529254271300933610e+00,6.529254271300933610e+00
5.742141703360353233e+00,5.742141703360353233e+00
2.003360574676513295e+00,2.003360574676513295e+00
-2.464024568763563128e-01,-2.464024568763563128e-01
2.979158539087876534e+00,2.979158539087876534e+00
1.773519193842313380e+00,1.773519193842313380e+00
6.606734242711830518e+00,6.606734242711830518e+00
1.515735276619128324e+00,1.515735276619128324e+00
3.198894895610409517e+00,3.198894895610409517e+00
-6.859710627637601865e-01,-6.859710627637601865e-01
2.019493153030835320e+00,2.019493153030835320e+00
9.032256368305886518e-01,9.032256368305886518e-01
-2.474541350957661479e+00,-2.474541350957661479e+00
3.579514101465779419e+00,3.579514101465779419e+00
5.604055391341903558e+00,5.604055391341903558e+00
7.694538832153695829e+00,7.694538832153695829e+00
1.183520811836493269e+00,1.183520811836493269e+00
-2.454830654232957876e-01,-2.454830654232957876e-01
4.684682893098754519e+00,4.684682893098754519e+00
5.535965124592660658e+00,5.535965124592660658e+00
1.969388729797211024e+00,1.969388729797211024e+00
4.459358678227409278e+00,4.459358678227409278e+00
6.509036860807400071e-01,6.509036860807400071e-01
2.563097750398642738e+00,2.563097750398642738e+00
3.941101838137266000e+00,3.941101838137266000e+00
-2.266172846810808217e+00,-2.266172846810808217e+00
3.725071394692041515e+00,3.725071394692041515e+00
1.618757179524878298e+00,1.618757179524878298e+00
2.894974146126003234e+00,2.894974146126003234e+00
4.550630990193399228e+00,4.550630990193399228e+00
7.468693035785268997e+00,7.468693035785268997e+00
5.620362650135929394e-01,5.620362650135929394e-01
3.694279958058570568e+00,3.694279958058570568e+00
2.288861921049731851e+00,2.288861921049731851e+00
7.269472264177150755e+00,7.269472264177150755e+00
1.969699275642967651e-01,1.969699275642967651e-01
5.298021792630268401e+00,5.298021792630268401e+00
5.216573781391851128e+00,5.216573781391851128e+00
2.779436580730281658e+00,2.779436580730281658e+00
-1.813910276310894965e-01,-1.813910276310894965e-01
4.129929669497563793e+00,4.129929669497563793e+00
4.746492761805390259e+00,4.746492761805390259e+00
2.094062599224088661e+00,2.094062599224088661e+00
3.301870319816460508e+00,3.301870319816460508e+00
3.480958511242985054e+00,3.480958511242985054e+00
1.872485024188268454e+00,1.872485024188268454e+00
3.368448572538353059e+00,3.368448572538353059e+00
8.123868630888024356e+00,8.123868630888024356e+00
3.053908923404817788e+00,3.053908923404817788e+00
4.361936148892040066e+00,4.361936148892040066e+00
5.460382570560531335e+00,5.460382570560531335e+00
4.540435205911943495e-01,4.540435205911943495e-01
1.867022321010700869e+00,1.867022321010700869e+00
1.727781866447867909e+00,1.727781866447867909e+00
5.810223856244042251e-01,5.810223856244042251e-01
3.092684754280304205e+00,3.092684754280304205e+00
4.575598842242042941e-01,4.575598842242042941e-01
7.837025466448963584e-01,7.837025466448963584e-01
3.646819652510896681e+00,3.646819652510896681e+00
4.391120463730761259e+00,4.391120463730761259e+00
3.722175192124714371e+00,3.722175192124714371e+00
5.196837697123363853e+00,5.196837697123363853e+00
5.382853126392946663e+00,5.382853126392946663e+00
3.734676422080295488e+00,3.734676422080295488e+00
3.684154089706919599e+00,3.684154089706919599e+00
7.402183175043474783e+00,7.402183175043474783e+00
3.931999252718269666e+00,3.931999252718269666e+00
4.759118296454515118e+00,4.759118296454515118e+00
9.339632803677407225e+00,9.339632803677407225e+00
3.681685863069706688e+00,3.681685863069706688e+00
3.837391621027722799e+00,3.837391621027722799e+00
7.542232730458905188e+00,7.542232730458905188e+00
-4.535848749671553826e-01,-4.535848749671553826e-01
4.199959125501565360e+00,4.199959125501565360e+00
4.759177742086992957e+00,4.759177742086992957e+00
5.483347397737803330e-01,5.483347397737803330e-01
1.781793436700304767e+00,1.781793436700304767e+00
1.395348171449670271e+00,1.395348171449670271e+00
-2.677377135689065213e+00,-2.677377135689065213e+00
6.313659209959573637e+00,6.313659209959573637e+00
7.504779355640528449e-01,7.504779355640528449e-01
5.581664723421386753e+00,5.581664723421386753e+00
3.872280829713603101e+00,3.872280829713603101e+00
-3.933633684411346199e+00,-3.933633684411346199e+00
2.354672922253812306e+00,2.354672922253812306e+00
2.394607139322187273e+00,2.394607139322187273e+00
1.630542811101930223e+00,1.630542811101930223e+00
1.025847467763668863e+00,1.025847467763668863e+00
6.069154098618127158e+00,6.069154098618127158e+00
7.688377375341217679e-01,7.688377375341217679e-01
3.974850655393876497e+00,3.974850655393876497e+00
-2.724687403704607602e-01,-2.724687403704607602e-01
8.078233352287549351e-01,8.078233352287549351e-01
-9.273019244291205165e-01,-9.273019244291205165e-01
6.512723521690655382e+00,6.512723521690655382e+00
-5.419924754802107891e-02,-5.419924754802107891e-02
1.999561234899656981e+00,1.999561234899656981e+00
4.765647364883637493e+00,4.765647364883637493e+00
3.531753161576819622e+00,3.531753161576819622e+00
4.919436847980201755e+00,4.919436847980201755e+00
-6.792768024530192461e-01,-6.792768024530192461e-01
7.021508693486829600e+00,7.021508693486829600e+00
-1.302913962867869868e-01,-1.302913962867869868e-01
-9.107912205224057978e-01,-9.107912205224057978e-01
3.994543668969822159e-01,3.994543668969822159e-01
2.882546241724634140e+00,2.882546241724634140e+00
2.896826783767075142e+00,2.896826783767075142e+00
7.533151617735061034e-01,7.533151617735061034e-01
6.118888784278733617e+00,6.118888784278733617e+00
-4.913407392218471781e-01,-4.913407392218471781e-01
1.768308135006641635e+00,1.768308135006641635e+00
8.498291333314789142e-01,8.498291333314789142e-01
4.840728963777680693e-01,4.840728963777680693e-01
-3.192043743499425101e+00,-3.192043743499425101e+00
4.637970758465101540e+00,4.637970758465101540e+00
4.983638671976137857e+00,4.983638671976137857e+00
1.190542429570081140e+01,1.190542429570081140e+01
3.316351493535621753e+00,3.316351493535621753e+00
4.176605182585428011e+00,4.176605182585428011e+00
3.716751722584437534e+00,3.716751722584437534e+00
1.958851063801222203e+00,1.958851063801222203e+00
4.441765837813407281e+00,4.441765837813407281e+00
2.595467450406826693e+00,2.595467450406826693e+00
1.207624562704479043e-01,1.207624562704479043e-01
1.605517013847211683e+00,1.605517013847211683e+00
2.732978308891278019e+00,2.732978308891278019e+00
1.108858669392273733e+00,1.108858669392273733e+00
