6.408691406250000000e-04,6.408691406250000000e-04
-2.349853515625000000e-03,-2.349853515625000000e-03
-9.979248046875000000e-03,-9.979248046875000000e-03
-1.345825195312500000e-02,-1.345825195312500000e-02
-1.199340820312500000e-02,-1.199340820312500000e-02
-1.525878906250000000e-02,-1.525878906250000000e-02
-1.858520507812500000e-02,-1.858520507812500000e-02
-1.974487304687500000e-02,-1.974487304687500000e-02
-2.041625976562500000e-02,-2.041625976562500000e-02
-1.995849609375000000e-02,-1.995849609375000000e-02
-2.285766601562500000e-02,-2.285766601562500000e-02
-2.212524414062500000e-02,-2.212524414062500000e-02
-1.834106445312500000e-02,-1.834106445312500000e-02
-1.995849609375000000e-02,-1.995849609375000000e-02
-1.763916015625000000e-02,-1.763916015625000000e-02
-1.266479492187500000e-02,-1.266479492187500000e-02
-1.187133789062500000e-02,-1.187133789062500000e-02
-8.972167968750000000e-03,-8.972167968750000000e-03
-4.821777343750000000e-03,-4.821777343750000000e-03
-1.403808593750000000e-03,-1.403808593750000000e-03
2.716064453125000000e-03,2.716064453125000000e-03
6.072998046875000000e-03,6.072998046875000000e-03
1.025390625000000000e-02,1.025390625000000000e-02
1.220703125000000000e-02,1.220703125000000000e-02
1.028442382812500000e-02,1.028442382812500000e-02
1.235961914062500000e-02,1.235961914062500000e-02
1.687622070312500000e-02,1.687622070312500000e-02
1.736450195312500000e-02,1.736450195312500000e-02
1.748657226562500000e-02,1.748657226562500000e-02
1.849365234375000000e-02,1.849365234375000000e-02
1.861572265625000000e-02,1.861572265625000000e-02
1.959228515625000000e-02,1.959228515625000000e-02
2.044677734375000000e-02,2.044677734375000000e-02
1.965332031250000000e-02,1.965332031250000000e-02
1.660156250000000000e-02,1.660156250000000000e-02
1.275634765625000000e-02,1.275634765625000000e-02
1.226806640625000000e-02,1.226806640625000000e-02
1.174926757812500000e-02,1.174926757812500000e-02
8.422851562500000000e-03,8.422851562500000000e-03
5.004882812500000000e-03,5.004882812500000000e-03
-5.187988281250000000e-04,-5.187988281250000000e-04
-6.683349609375000000e-03,-6.683349609375000000e-03
-1.077270507812500000e-02,-1.077270507812500000e-02
-1.547241210937500000e-02,-1.547241210937500000e-02
-1.748657226562500000e-02,-1.748657226562500000e-02
-1.898193359375000000e-02,-1.898193359375000000e-02
-2.438354492187500000e-02,-2.438354492187500000e-02
-2.639770507812500000e-02,-2.639770507812500000e-02
-2.593994140625000000e-02,-2.593994140625000000e-02
-2.740478515625000000e-02,-2.740478515625000000e-02
-2.828979492187500000e-02,-2.828979492187500000e-02
-2.877807617187500000e-02,-2.877807617187500000e-02
-2.859497070312500000e-02,-2.859497070312500000e-02
-2.938842773437500000e-02,-2.938842773437500000e-02
-2.960205078125000000e-02,-2.960205078125000000e-02
-2.716064453125000000e-02,-2.716064453125000000e-02
-2.572631835937500000e-02,-2.572631835937500000e-02
-2.371215820312500000e-02,-2.371215820312500000e-02
-2.142333984375000000e-02,-2.142333984375000000e-02
-2.026367187500000000e-02,-2.026367187500000000e-02
-1.541137695312500000e-02,-1.541137695312500000e-02
-9.857177734375000000e-03,-9.857177734375000000e-03
-6.469726562500000000e-03,-6.469726562500000000e-03
-1.464843750000000000e-03,-1.464843750000000000e-03
2.441406250000000000e-03,2.441406250000000000e-03
5.676269531250000000e-03,5.676269531250000000e-03
1.107788085937500000e-02,1.107788085937500000e-02
1.538085937500000000e-02,1.538085937500000000e-02
2.081298828125000000e-02,2.081298828125000000e-02
2.691650390625000000e-02,2.691650390625000000e-02
2.963256835937500000e-02,2.963256835937500000e-02
3.161621093750000000e-02,3.161621093750000000e-02
3.326416015625000000e-02,3.326416015625000000e-02
3.646850585937500000e-02,3.646850585937500000e-02
4.135131835937500000e-02,4.135131835937500000e-02
4.101562500000000000e-02,4.101562500000000000e-02
3.927612304687500000e-02,3.927612304687500000e-02
4.147338867187500000e-02,4.147338867187500000e-02
4.226684570312500000e-02,4.226684570312500000e-02
4.074096679687500000e-02,4.074096679687500000e-02
3.820800781250000000e-02,3.820800781250000000e-02
3.570556640625000000e-02,3.570556640625000000e-02
3.509521484375000000e-02,3.509521484375000000e-02
3.372192382812500000e-02,3.372192382812500000e-02
3.079223632812500000e-02,3.079223632812500000e-02
2.612304687500000000e-02,2.612304687500000000e-02
2.182006835937500000e-02,2.182006835937500000e-02
1.977539062500000000e-02,1.977539062500000000e-02
1.544189453125000000e-02,1.544189453125000000e-02
1.098632812500000000e-02,1.098632812500000000e-02
7.690429687500000000e-03,7.690429687500000000e-03
3.051757812500000000e-03,3.051757812500000000e-03
2.746582031250000000e-04,2.746582031250000000e-04
-3.906250000000000000e-03,-3.906250000000000000e-03
-9.368896484375000000e-03,-9.368896484375000000e-03
-1.150512695312500000e-02,-1.150512695312500000e-02
-1.483154296875000000e-02,-1.483154296875000000e-02
-1.776123046875000000e-02,-1.776123046875000000e-02
-1.779174804687500000e-02,-1.779174804687500000e-02
-1.998901367187500000e-02,-1.998901367187500000e-02
-2.261352539062500000e-02,-2.261352539062500000e-02
-2.239990234375000000e-02,-2.239990234375000000e-02
-2.197265625000000000e-02,-2.197265625000000000e-02
-2.304077148437500000e-02,-2.304077148437500000e-02
-2.328491210937500000e-02,-2.328491210937500000e-02
-2.285766601562500000e-02,-2.285766601562500000e-02
-2.230834960937500000e-02,-2.230834960937500000e-02
-2.026367187500000000e-02,-2.026367187500000000e-02
-2.020263671875000000e-02,-2.020263671875000000e-02
-1.962280273437500000e-02,-1.962280273437500000e-02
-1.507568359375000000e-02,-1.507568359375000000e-02
-1.171875000000000000e-02,-1.171875000000000000e-02
-8.850097656250000000e-03,-8.850097656250000000e-03
-5.798339843750000000e-03,-5.798339843750000000e-03
-3.662109375000000000e-03,-3.662109375000000000e-03
-1.251220703125000000e-03,-1.251220703125000000e-03
-3.967285156250000000e-04,-3.967285156250000000e-04
1.892089843750000000e-03,1.892089843750000000e-03
5.126953125000000000e-03,5.126953125000000000e-03
7.843017578125000000e-03,7.843017578125000000e-03
1.080322265625000000e-02,1.080322265625000000e-02
8.941650390625000000e-03,8.941650390625000000e-03
9.094238281250000000e-03,9.094238281250000000e-03
1.232910156250000000e-02,1.232910156250000000e-02
9.887695312500000000e-03,9.887695312500000000e-03
1.037597656250000000e-02,1.037597656250000000e-02
1.306152343750000000e-02,1.306152343750000000e-02
1.144409179687500000e-02,1.144409179687500000e-02
1.147460937500000000e-02,1.147460937500000000e-02
1.071166992187500000e-02,1.071166992187500000e-02
6.835937500000000000e-03,6.835937500000000000e-03
4.425048828125000000e-03,4.425048828125000000e-03
2.563476562500000000e-03,2.563476562500000000e-03
1.159667968750000000e-03,1.159667968750000000e-03
-5.493164062500000000e-04,-5.493164062500000000e-04
-2.685546875000000000e-03,-2.685546875000000000e-03
-2.227783203125000000e-03,-2.227783203125000000e-03
-5.065917968750000000e-03,-5.065917968750000000e-03
-8.636474609375000000e-03,-8.636474609375000000e-03
-7.354736328125000000e-03,-7.354736328125000000e-03
-9.094238281250000000e-03,-9.094238281250000000e-03
-1.028442382812500000e-02,-1.028442382812500000e-02
-1.092529296875000000e-02,-1.092529296875000000e-02
-1.412963867187500000e-02,-1.412963867187500000e-02
-1.217651367187500000e-02,-1.217651367187500000e-02
-1.214599609375000000e-02,-1.214599609375000000e-02
-1.525878906250000000e-02,-1.525878906250000000e-02
-1.391601562500000000e-02,-1.391601562500000000e-02
-1.208496093750000000e-02,-1.208496093750000000e-02
-1.123046875000000000e-02,-1.123046875000000000e-02
-1.062011718750000000e-02,-1.062011718750000000e-02
-8.331298828125000000e-03,-8.331298828125000000e-03
-5.981445312500000000e-03,-5.981445312500000000e-03
-6.408691406250000000e-03,-6.408691406250000000e-03
-3.479003906250000000e-03,-3.479003906250000000e-03
1.831054687500000000e-04,1.831054687500000000e-04
9.155273437500000000e-04,9.155273437500000000e-04
2.807617187500000000e-03,2.807617187500000000e-03
5.462646484375000000e-03,5.462646484375000000e-03
8.819580078125000000e-03,8.819580078125000000e-03
1.150512695312500000e-02,1.150512695312500000e-02
1.327514648437500000e-02,1.327514648437500000e-02
1.531982421875000000e-02,1.531982421875000000e-02
1.708984375000000000e-02,1.708984375000000000e-02
1.837158203125000000e-02,1.837158203125000000e-02
1.699829101562500000e-02,1.699829101562500000e-02
1.812744140625000000e-02,1.812744140625000000e-02
2.105712890625000000e-02,2.105712890625000000e-02
1.980590820312500000e-02,1.980590820312500000e-02
2.008056640625000000e-02,2.008056640625000000e-02
2.108764648437500000e-02,2.108764648437500000e-02
1.937866210937500000e-02,1.937866210937500000e-02
1.748657226562500000e-02,1.748657226562500000e-02
1.577758789062500000e-02,1.577758789062500000e-02
1.431274414062500000e-02,1.431274414062500000e-02
1.257324218750000000e-02,1.257324218750000000e-02
1.162719726562500000e-02,1.162719726562500000e-02
1.141357421875000000e-02,1.141357421875000000e-02
7.843017578125000000e-03,7.843017578125000000e-03
3.875732421875000000e-03,3.875732421875000000e-03
3.662109375000000000e-03,3.662109375000000000e-03
2.014160156250000000e-03,2.014160156250000000e-03
-9.460449218750000000e-04,-9.460449218750000000e-04
-3.326416015625000000e-03,-3.326416015625000000e-03
-8.361816406250000000e-03,-8.361816406250000000e-03
-1.116943359375000000e-02,-1.116943359375000000e-02
-1.077270507812500000e-02,-1.077270507812500000e-02
-1.330566406250000000e-02,-1.330566406250000000e-02
-1.666259765625000000e-02,-1.666259765625000000e-02
-1.751708984375000000e-02,-1.751708984375000000e-02
-1.794433593750000000e-02,-1.794433593750000000e-02
-1.934814453125000000e-02,-1.934814453125000000e-02
-1.913452148437500000e-02,-1.913452148437500000e-02
-1.916503906250000000e-02,-1.916503906250000000e-02
-2.111816406250000000e-02,-2.111816406250000000e-02
-1.889038085937500000e-02,-1.889038085937500000e-02
-1.718139648437500000e-02,-1.718139648437500000e-02
-1.901245117187500000e-02,-1.901245117187500000e-02
-1.419067382812500000e-02,-1.419067382812500000e-02
-1.089477539062500000e-02,-1.089477539062500000e-02
-1.330566406250000000e-02,-1.330566406250000000e-02
-1.046752929687500000e-02,-1.046752929687500000e-02
-8.026123046875000000e-03,-8.026123046875000000e-03
-7.110595703125000000e-03,-7.110595703125000000e-03
-3.814697265625000000e-03,-3.814697265625000000e-03
-1.647949218750000000e-03,-1.647949218750000000e-03
1.708984375000000000e-03,1.708984375000000000e-03
4.211425781250000000e-03,4.211425781250000000e-03
4.730224609375000000e-03,4.730224609375000000e-03
6.042480468750000000e-03,6.042480468750000000e-03
7.171630859375000000e-03,7.171630859375000000e-03
1.116943359375000000e-02,1.116943359375000000e-02
1.370239257812500000e-02,1.370239257812500000e-02
1.107788085937500000e-02,1.107788085937500000e-02
1.336669921875000000e-02,1.336669921875000000e-02
1.757812500000000000e-02,1.757812500000000000e-02
1.666259765625000000e-02,1.666259765625000000e-02
1.489257812500000000e-02,1.489257812500000000e-02
1.501464843750000000e-02,1.501464843750000000e-02
1.660156250000000000e-02,1.660156250000000000e-02
1.669311523437500000e-02,1.669311523437500000e-02
1.538085937500000000e-02,1.538085937500000000e-02
1.382446289062500000e-02,1.382446289062500000e-02
1.321411132812500000e-02,1.321411132812500000e-02
1.358032226562500000e-02,1.358032226562500000e-02
1.202392578125000000e-02,1.202392578125000000e-02
1.086425781250000000e-02,1.086425781250000000e-02
9.002685546875000000e-03,9.002685546875000000e-03
7.568359375000000000e-03,7.568359375000000000e-03
9.490966796875000000e-03,9.490966796875000000e-03
6.896972656250000000e-03,6.896972656250000000e-03
2.380371093750000000e-03,2.380371093750000000e-03
3.509521484375000000e-03,3.509521484375000000e-03
2.990722656250000000e-03,2.990722656250000000e-03
-4.577636718750000000e-04,-4.577636718750000000e-04
-1.159667968750000000e-03,-1.159667968750000000e-03
-2.319335937500000000e-03,-2.319335937500000000e-03
-3.723144531250000000e-03,-3.723144531250000000e-03
-2.807617187500000000e-03,-2.807617187500000000e-03
-4.150390625000000000e-03,-4.150390625000000000e-03
-6.896972656250000000e-03,-6.896972656250000000e-03
-7.080078125000000000e-03,-7.080078125000000000e-03
-6.744384765625000000e-03,-6.744384765625000000e-03
-7.263183593750000000e-03,-7.263183593750000000e-03
-7.598876953125000000e-03,-7.598876953125000000e-03
-8.056640625000000000e-03,-8.056640625000000000e-03
-7.049560546875000000e-03,-7.049560546875000000e-03
-3.753662109375000000e-03,-3.753662109375000000e-03
-2.105712890625000000e-03,-2.105712890625000000e-03
-2.716064453125000000e-03,-2.716064453125000000e-03
-3.234863281250000000e-03,-3.234863281250000000e-03
-2.532958984375000000e-03,-2.532958984375000000e-03
-1.403808593750000000e-03,-1.403808593750000000e-03
-1.831054687500000000e-03,-1.831054687500000000e-03
-1.098632812500000000e-03,-1.098632812500000000e-03
2.502441406250000000e-03,2.502441406250000000e-03
4.669189453125000000e-03,4.669189453125000000e-03
2.563476562500000000e-03,2.563476562500000000e-03
9.155273437500000000e-04,9.155273437500000000e-04
3.295898437500000000e-03,3.295898437500000000e-03
5.096435546875000000e-03,5.096435546875000000e-03
5.371093750000000000e-03,5.371093750000000000e-03
6.256103515625000000e-03,6.256103515625000000e-03
7.110595703125000000e-03,7.110595703125000000e-03
5.432128906250000000e-03,5.432128906250000000e-03
1.525878906250000000e-03,1.525878906250000000e-03
9.155273437500000000e-04,9.155273437500000000e-04
2.197265625000000000e-03,2.197265625000000000e-03
1.800537109375000000e-03,1.800537109375000000e-03
1.892089843750000000e-03,1.892089843750000000e-03
1.708984375000000000e-03,1.708984375000000000e-03
7.324218750000000000e-04,7.324218750000000000e-04
-9.155273437500000000e-04,-9.155273437500000000e-04
-1.129150390625000000e-03,-1.129150390625000000e-03
-8.239746093750000000e-04,-8.239746093750000000e-04
-3.265380859375000000e-03,-3.265380859375000000e-03
-4.089355468750000000e-03,-4.089355468750000000e-03
-4.028320312500000000e-03,-4.028320312500000000e-03
-3.631591796875000000e-03,-3.631591796875000000e-03
-2.258300781250000000e-03,-2.258300781250000000e-03
-3.082275390625000000e-03,-3.082275390625000000e-03
-4.211425781250000000e-03,-4.211425781250000000e-03
-6.042480468750000000e-03,-6.042480468750000000e-03
-4.699707031250000000e-03,-4.699707031250000000e-03
-3.631591796875000000e-03,-3.631591796875000000e-03
-7.537841796875000000e-03,-7.537841796875000000e-03
-4.760742187500000000e-03,-4.760742187500000000e-03
-2.105712890625000000e-03,-2.105712890625000000e-03
-4.058837890625000000e-03,-4.058837890625000000e-03
-1.007080078125000000e-03,-1.007080078125000000e-03
4.882812500000000000e-04,4.882812500000000000e-04
-3.051757812500000000e-04,-3.051757812500000000e-04
7.324218750000000000e-04,7.324218750000000000e-04
1.495361328125000000e-03,1.495361328125000000e-03
2.349853515625000000e-03,2.349853515625000000e-03
3.479003906250000000e-03,3.479003906250000000e-03
3.112792968750000000e-03,3.112792968750000000e-03
1.739501953125000000e-03,1.739501953125000000e-03
3.509521484375000000e-03,3.509521484375000000e-03
6.072998046875000000e-03,6.072998046875000000e-03
6.286621093750000000e-03,6.286621093750000000e-03
6.256103515625000000e-03,6.256103515625000000e-03
5.584716796875000000e-03,5.584716796875000000e-03
5.737304687500000000e-03,5.737304687500000000e-03
6.591796875000000000e-03,6.591796875000000000e-03
6.866455078125000000e-03,6.866455078125000000e-03
6.439208984375000000e-03,6.439208984375000000e-03
6.469726562500000000e-03,6.469726562500000000e-03
7.995605468750000000e-03,7.995605468750000000e-03
5.950927734375000000e-03,5.950927734375000000e-03
3.662109375000000000e-03,3.662109375000000000e-03
4.180908203125000000e-03,4.180908203125000000e-03
3.051757812500000000e-03,3.051757812500000000e-03
3.143310546875000000e-03,3.143310546875000000e-03
2.258300781250000000e-03,2.258300781250000000e-03
9.155273437500000000e-05,9.155273437500000000e-05
1.159667968750000000e-03,1.159667968750000000e-03
-7.934570312500000000e-04,-7.934570312500000000e-04
-3.570556640625000000e-03,-3.570556640625000000e-03
-1.464843750000000000e-03,-1.464843750000000000e-03
-1.708984375000000000e-03,-1.708984375000000000e-03
-3.723144531250000000e-03,-3.723144531250000000e-03
-3.540039062500000000e-03,-3.540039062500000000e-03
-5.554199218750000000e-03,-5.554199218750000000e-03
-7.232666015625000000e-03,-7.232666015625000000e-03
-7.751464843750000000e-03,-7.751464843750000000e-03
-8.789062500000000000e-03,-8.789062500000000000e-03
-6.713867187500000000e-03,-6.713867187500000000e-03
-5.889892578125000000e-03,-5.889892578125000000e-03
-7.293701171875000000e-03,-7.293701171875000000e-03
-6.530761718750000000e-03,-6.530761718750000000e-03
-5.706787109375000000e-03,-5.706787109375000000e-03
-5.493164062500000000e-03,-5.493164062500000000e-03
-6.225585937500000000e-03,-6.225585937500000000e-03
-6.927490234375000000e-03,-6.927490234375000000e-03
-3.875732421875000000e-03,-3.875732421875000000e-03
-1.220703125000000000e-03,-1.220703125000000000e-03
-2.136230468750000000e-03,-2.136230468750000000e-03
-2.319335937500000000e-03,-2.319335937500000000e-03
-2.471923828125000000e-03,-2.471923828125000000e-03
-1.953125000000000000e-03,-1.953125000000000000e-03
4.882812500000000000e-04,4.882812500000000000e-04
7.324218750000000000e-04,7.324218750000000000e-04
1.312255859375000000e-03,1.312255859375000000e-03
2.990722656250000000e-03,2.990722656250000000e-03
2.105712890625000000e-03,2.105712890625000000e-03
6.103515625000000000e-05,6.103515625000000000e-05
7.629394531250000000e-04,7.629394531250000000e-04
3.814697265625000000e-03,3.814697265625000000e-03
3.082275390625000000e-03,3.082275390625000000e-03
7.629394531250000000e-04,7.629394531250000000e-04
5.798339843750000000e-04,5.798339843750000000e-04
1.403808593750000000e-03,1.403808593750000000e-03
3.967285156250000000e-03,3.967285156250000000e-03
3.448486328125000000e-03,3.448486328125000000e-03
-3.051757812500000000e-05,-3.051757812500000000e-05
-9.460449218750000000e-04,-9.460449218750000000e-04
9.155273437500000000e-04,9.155273437500000000e-04
1.495361328125000000e-03,1.495361328125000000e-03
-2.716064453125000000e-03,-2.716064453125000000e-03
-4.058837890625000000e-03,-4.058837890625000000e-03
-1.617431640625000000e-03,-1.617431640625000000e-03
-3.173828125000000000e-03,-3.173828125000000000e-03
-3.326416015625000000e-03,-3.326416015625000000e-03
-1.403808593750000000e-03,-1.403808593750000000e-03
-9.460449218750000000e-04,-9.460449218750000000e-04
4.272460937500000000e-04,4.272460937500000000e-04
5.493164062500000000e-04,5.493164062500000000e-04
9.155273437500000000e-04,9.155273437500000000e-04
1.007080078125000000e-03,1.007080078125000000e-03
-4.577636718750000000e-04,-4.577636718750000000e-04
8.239746093750000000e-04,8.239746093750000000e-04
1.861572265625000000e-03,1.861572265625000000e-03
1.556396484375000000e-03,1.556396484375000000e-03
2.258300781250000000e-03,2.258300781250000000e-03
2.929687500000000000e-03,2.929687500000000000e-03
4.302978515625000000e-03,4.302978515625000000e-03
4.547119140625000000e-03,4.547119140625000000e-03
2.746582031250000000e-03,2.746582031250000000e-03
4.486083984375000000e-03,4.486083984375000000e-03
7.476806640625000000e-03,7.476806640625000000e-03
6.164550781250000000e-03,6.164550781250000000e-03
6.042480468750000000e-03,6.042480468750000000e-03
7.537841796875000000e-03,7.537841796875000000e-03
7.293701171875000000e-03,7.293701171875000000e-03
9.277343750000000000e-03,9.277343750000000000e-03
1.156616210937500000e-02,1.156616210937500000e-02
1.095581054687500000e-02,1.095581054687500000e-02
1.052856445312500000e-02,1.052856445312500000e-02
1.010131835937500000e-02,1.010131835937500000e-02
9.399414062500000000e-03,9.399414062500000000e-03
9.002685546875000000e-03,9.002685546875000000e-03
7.812500000000000000e-03,7.812500000000000000e-03
7.446289062500000000e-03,7.446289062500000000e-03
7.781982421875000000e-03,7.781982421875000000e-03
6.469726562500000000e-03,6.469726562500000000e-03
3.784179687500000000e-03,3.784179687500000000e-03
3.631591796875000000e-03,3.631591796875000000e-03
4.119873046875000000e-03,4.119873046875000000e-03
-6.713867187500000000e-04,-6.713867187500000000e-04
-3.448486328125000000e-03,-3.448486328125000000e-03
-4.272460937500000000e-04,-4.272460937500000000e-04
-3.356933593750000000e-04,-3.356933593750000000e-04
-4.211425781250000000e-03,-4.211425781250000000e-03
-6.256103515625000000e-03,-6.256103515625000000e-03
-6.317138671875000000e-03,-6.317138671875000000e-03
-8.483886718750000000e-03,-8.483886718750000000e-03
-9.613037109375000000e-03,-9.613037109375000000e-03
-9.765625000000000000e-03,-9.765625000000000000e-03
-1.275634765625000000e-02,-1.275634765625000000e-02
-1.235961914062500000e-02,-1.235961914062500000e-02
-1.150512695312500000e-02,-1.150512695312500000e-02
-1.312255859375000000e-02,-1.312255859375000000e-02
-1.229858398437500000e-02,-1.229858398437500000e-02
-1.358032226562500000e-02,-1.358032226562500000e-02
-1.510620117187500000e-02,-1.510620117187500000e-02
-1.467895507812500000e-02,-1.467895507812500000e-02
-1.556396484375000000e-02,-1.556396484375000000e-02
-1.437377929687500000e-02,-1.437377929687500000e-02
-1.400756835937500000e-02,-1.400756835937500000e-02
-1.495361328125000000e-02,-1.495361328125000000e-02
-1.379394531250000000e-02,-1.379394531250000000e-02
-1.361083984375000000e-02,-1.361083984375000000e-02
-1.226806640625000000e-02,-1.226806640625000000e-02
-1.004028320312500000e-02,-1.004028320312500000e-02
-9.399414062500000000e-03,-9.399414062500000000e-03
-6.774902343750000000e-03,-6.774902343750000000e-03
-5.065917968750000000e-03,-5.065917968750000000e-03
-5.432128906250000000e-03,-5.432128906250000000e-03
-3.295898437500000000e-03,-3.295898437500000000e-03
-1.831054687500000000e-03,-1.831054687500000000e-03
-1.220703125000000000e-03,-1.220703125000000000e-03
1.953125000000000000e-03,1.953125000000000000e-03
3.570556640625000000e-03,3.570556640625000000e-03
3.723144531250000000e-03,3.723144531250000000e-03
4.455566406250000000e-03,4.455566406250000000e-03
4.028320312500000000e-03,4.028320312500000000e-03
5.462646484375000000e-03,5.462646484375000000e-03
6.225585937500000000e-03,6.225585937500000000e-03
4.211425781250000000e-03,4.211425781250000000e-03
5.340576171875000000e-03,5.340576171875000000e-03
2.990722656250000000e-03,2.990722656250000000e-03
-8.819580078125000000e-03,-8.819580078125000000e-03
-1.071166992187500000e-02,-1.071166992187500000e-02
1.098632812500000000e-03,1.098632812500000000e-03
-6.103515625000000000e-05,-6.103515625000000000e-05
-6.378173828125000000e-03,-6.378173828125000000e-03
5.279541015625000000e-03,5.279541015625000000e-03
1.809692382812500000e-02,1.809692382812500000e-02
1.782226562500000000e-02,1.782226562500000000e-02
1.727294921875000000e-02,1.727294921875000000e-02
2.166748046875000000e-02,2.166748046875000000e-02
1.492309570312500000e-02,1.492309570312500000e-02
1.708984375000000000e-03,1.708984375000000000e-03
1.312255859375000000e-03,1.312255859375000000e-03
-3.356933593750000000e-03,-3.356933593750000000e-03
-1.904296875000000000e-02,-1.904296875000000000e-02
-2.673339843750000000e-02,-2.673339843750000000e-02
-2.847290039062500000e-02,-2.847290039062500000e-02
-2.462768554687500000e-02,-2.462768554687500000e-02
-1.361083984375000000e-02,-1.361083984375000000e-02
-5.493164062500000000e-03,-5.493164062500000000e-03
6.500244140625000000e-03,6.500244140625000000e-03
2.307128906250000000e-02,2.307128906250000000e-02
2.093505859375000000e-02,2.093505859375000000e-02
1.068115234375000000e-02,1.068115234375000000e-02
1.870727539062500000e-02,1.870727539062500000e-02
1.535034179687500000e-02,1.535034179687500000e-02
-9.277343750000000000e-03,-9.277343750000000000e-03
-1.541137695312500000e-02,-1.541137695312500000e-02
-1.519775390625000000e-02,-1.519775390625000000e-02
-2.297973632812500000e-02,-2.297973632812500000e-02
-1.913452148437500000e-02,-1.913452148437500000e-02
-1.574707031250000000e-02,-1.574707031250000000e-02
-1.470947265625000000e-02,-1.470947265625000000e-02
-3.967285156250000000e-03,-3.967285156250000000e-03
4.913330078125000000e-03,4.913330078125000000e-03
6.378173828125000000e-03,6.378173828125000000e-03
8.605957031250000000e-03,8.605957031250000000e-03
1.147460937500000000e-02,1.147460937500000000e-02
6.195068359375000000e-03,6.195068359375000000e-03
3.814697265625000000e-03,3.814697265625000000e-03
5.493164062500000000e-03,5.493164062500000000e-03
-6.500244140625000000e-03,-6.500244140625000000e-03
-1.336669921875000000e-02,-1.336669921875000000e-02
-1.080322265625000000e-02,-1.080322265625000000e-02
-1.727294921875000000e-02,-1.727294921875000000e-02
-1.434326171875000000e-02,-1.434326171875000000e-02
-6.134033203125000000e-03,-6.134033203125000000e-03
-1.031494140625000000e-02,-1.031494140625000000e-02
-7.446289062500000000e-03,-7.446289062500000000e-03
-1.037597656250000000e-03,-1.037597656250000000e-03
-3.204345703125000000e-03,-3.204345703125000000e-03
2.136230468750000000e-04,2.136230468750000000e-04
5.981445312500000000e-03,5.981445312500000000e-03
2.624511718750000000e-03,2.624511718750000000e-03
-1.434326171875000000e-03,-1.434326171875000000e-03
-3.967285156250000000e-04,-3.967285156250000000e-04
-3.845214843750000000e-03,-3.845214843750000000e-03
-1.086425781250000000e-02,-1.086425781250000000e-02
-1.504516601562500000e-02,-1.504516601562500000e-02
-2.191162109375000000e-02,-2.191162109375000000e-02
-1.989746093750000000e-02,-1.989746093750000000e-02
-7.720947265625000000e-03,-7.720947265625000000e-03
-9.033203125000000000e-03,-9.033203125000000000e-03
-1.058959960937500000e-02,-1.058959960937500000e-02
-9.155273437500000000e-05,-9.155273437500000000e-05
5.187988281250000000e-03,5.187988281250000000e-03
5.371093750000000000e-03,5.371093750000000000e-03
3.936767578125000000e-03,3.936767578125000000e-03
5.462646484375000000e-03,5.462646484375000000e-03
8.483886718750000000e-03,8.483886718750000000e-03
8.544921875000000000e-04,8.544921875000000000e-04
-5.645751953125000000e-03,-5.645751953125000000e-03
-5.889892578125000000e-03,-5.889892578125000000e-03
-9.155273437500000000e-03,-9.155273437500000000e-03
-1.101684570312500000e-02,-1.101684570312500000e-02
-7.415771484375000000e-03,-7.415771484375000000e-03
-1.770019531250000000e-03,-1.770019531250000000e-03
2.166748046875000000e-03,2.166748046875000000e-03
8.087158203125000000e-03,8.087158203125000000e-03
1.367187500000000000e-02,1.367187500000000000e-02
1.296997070312500000e-02,1.296997070312500000e-02
1.266479492187500000e-02,1.266479492187500000e-02
1.205444335937500000e-02,1.205444335937500000e-02
1.119995117187500000e-02,1.119995117187500000e-02
1.028442382812500000e-02,1.028442382812500000e-02
3.112792968750000000e-03,3.112792968750000000e-03
-7.629394531250000000e-04,-7.629394531250000000e-04
-9.460449218750000000e-04,-9.460449218750000000e-04
-3.204345703125000000e-03,-3.204345703125000000e-03
-1.892089843750000000e-03,-1.892089843750000000e-03
-9.460449218750000000e-04,-9.460449218750000000e-04
1.647949218750000000e-03,1.647949218750000000e-03
5.615234375000000000e-03,5.615234375000000000e-03
5.462646484375000000e-03,5.462646484375000000e-03
7.781982421875000000e-03,7.781982421875000000e-03
8.941650390625000000e-03,8.941650390625000000e-03
8.300781250000000000e-03,8.300781250000000000e-03
6.835937500000000000e-03,6.835937500000000000e-03
-3.051757812500000000e-05,-3.051757812500000000e-05
-2.136230468750000000e-03,-2.136230468750000000e-03
-2.655029296875000000e-03,-2.655029296875000000e-03
-7.995605468750000000e-03,-7.995605468750000000e-03
-1.049804687500000000e-02,-1.049804687500000000e-02
-1.181030273437500000e-02,-1.181030273437500000e-02
-1.196289062500000000e-02,-1.196289062500000000e-02
-1.055908203125000000e-02,-1.055908203125000000e-02
-9.521484375000000000e-03,-9.521484375000000000e-03
-7.659912109375000000e-03,-7.659912109375000000e-03
-6.958007812500000000e-03,-6.958007812500000000e-03
-5.798339843750000000e-03,-5.798339843750000000e-03
-4.516601562500000000e-03,-4.516601562500000000e-03
-5.920410156250000000e-03,-5.920410156250000000e-03
-8.148193359375000000e-03,-8.148193359375000000e-03
-1.162719726562500000e-02,-1.162719726562500000e-02
-1.358032226562500000e-02,-1.358032226562500000e-02
-1.239013671875000000e-02,-1.239013671875000000e-02
-1.397705078125000000e-02,-1.397705078125000000e-02
-1.715087890625000000e-02,-1.715087890625000000e-02
-1.696777343750000000e-02,-1.696777343750000000e-02
-1.489257812500000000e-02,-1.489257812500000000e-02
-1.403808593750000000e-02,-1.403808593750000000e-02
-1.434326171875000000e-02,-1.434326171875000000e-02
-1.446533203125000000e-02,-1.446533203125000000e-02
-1.345825195312500000e-02,-1.345825195312500000e-02
-1.220703125000000000e-02,-1.220703125000000000e-02
-1.211547851562500000e-02,-1.211547851562500000e-02
-1.116943359375000000e-02,-1.116943359375000000e-02
-1.080322265625000000e-02,-1.080322265625000000e-02
-1.312255859375000000e-02,-1.312255859375000000e-02
-1.483154296875000000e-02,-1.483154296875000000e-02
-1.623535156250000000e-02,-1.623535156250000000e-02
-1.763916015625000000e-02,-1.763916015625000000e-02
-1.705932617187500000e-02,-1.705932617187500000e-02
-1.571655273437500000e-02,-1.571655273437500000e-02
-1.528930664062500000e-02,-1.528930664062500000e-02
-1.541137695312500000e-02,-1.541137695312500000e-02
-1.446533203125000000e-02,-1.446533203125000000e-02
-1.205444335937500000e-02,-1.205444335937500000e-02
-1.068115234375000000e-02,-1.068115234375000000e-02
-1.000976562500000000e-02,-1.000976562500000000e-02
-7.873535156250000000e-03,-7.873535156250000000e-03
-7.720947265625000000e-03,-7.720947265625000000e-03
-8.483886718750000000e-03,-8.483886718750000000e-03
-7.568359375000000000e-03,-7.568359375000000000e-03
-1.000976562500000000e-02,-1.000976562500000000e-02
-1.248168945312500000e-02,-1.248168945312500000e-02
-1.016235351562500000e-02,-1.016235351562500000e-02
-9.124755859375000000e-03,-9.124755859375000000e-03
-9.307861328125000000e-03,-9.307861328125000000e-03
-7.202148437500000000e-03,-7.202148437500000000e-03
-6.103515625000000000e-03,-6.103515625000000000e-03
-5.371093750000000000e-03,-5.371093750000000000e-03
-4.302978515625000000e-03,-4.302978515625000000e-03
-3.295898437500000000e-03,-3.295898437500000000e-03
-9.765625000000000000e-04,-9.765625000000000000e-04
-3.662109375000000000e-04,-3.662109375000000000e-04
-2.929687500000000000e-03,-2.929687500000000000e-03
-4.364013671875000000e-03,-4.364013671875000000e-03
-2.899169921875000000e-03,-2.899169921875000000e-03
-3.570556640625000000e-03,-3.570556640625000000e-03
-4.180908203125000000e-03,-4.180908203125000000e-03
-1.983642578125000000e-03,-1.983642578125000000e-03
-3.845214843750000000e-03,-3.845214843750000000e-03
-5.096435546875000000e-03,-5.096435546875000000e-03
-3.173828125000000000e-03,-3.173828125000000000e-03
-2.838134765625000000e-03,-2.838134765625000000e-03
-1.770019531250000000e-03,-1.770019531250000000e-03
-7.019042968750000000e-04,-7.019042968750000000e-04
-4.882812500000000000e-04,-4.882812500000000000e-04
6.103515625000000000e-05,6.103515625000000000e-05
-1.068115234375000000e-03,-1.068115234375000000e-03
-2.807617187500000000e-03,-2.807617187500000000e-03
-9.155273437500000000e-04,-9.155273437500000000e-04
1.220703125000000000e-03,1.220703125000000000e-03
-4.577636718750000000e-04,-4.577636718750000000e-04
-5.798339843750000000e-04,-5.798339843750000000e-04
1.373291015625000000e-03,1.373291015625000000e-03
2.380371093750000000e-03,2.380371093750000000e-03
3.509521484375000000e-03,3.509521484375000000e-03
2.990722656250000000e-03,2.990722656250000000e-03
3.143310546875000000e-03,3.143310546875000000e-03
5.310058593750000000e-03,5.310058593750000000e-03
5.310058593750000000e-03,5.310058593750000000e-03
6.072998046875000000e-03,6.072998046875000000e-03
7.507324218750000000e-03,7.507324218750000000e-03
8.148193359375000000e-03,8.148193359375000000e-03
9.582519531250000000e-03,9.582519531250000000e-03
1.007080078125000000e-02,1.007080078125000000e-02
1.010131835937500000e-02,1.010131835937500000e-02
9.063720703125000000e-03,9.063720703125000000e-03
8.300781250000000000e-03,8.300781250000000000e-03
9.185791015625000000e-03,9.185791015625000000e-03
7.476806640625000000e-03,7.476806640625000000e-03
6.713867187500000000e-03,6.713867187500000000e-03
9.338378906250000000e-03,9.338378906250000000e-03
9.094238281250000000e-03,9.094238281250000000e-03
8.666992187500000000e-03,8.666992187500000000e-03
1.083374023437500000e-02,1.083374023437500000e-02
1.196289062500000000e-02,1.196289062500000000e-02
1.495361328125000000e-02,1.495361328125000000e-02
1.638793945312500000e-02,1.638793945312500000e-02
1.382446289062500000e-02,1.382446289062500000e-02
1.257324218750000000e-02,1.257324218750000000e-02
1.196289062500000000e-02,1.196289062500000000e-02
1.184082031250000000e-02,1.184082031250000000e-02
1.007080078125000000e-02,1.007080078125000000e-02
8.392333984375000000e-03,8.392333984375000000e-03
1.092529296875000000e-02,1.092529296875000000e-02
1.245117187500000000e-02,1.245117187500000000e-02
1.232910156250000000e-02,1.232910156250000000e-02
1.327514648437500000e-02,1.327514648437500000e-02
1.434326171875000000e-02,1.434326171875000000e-02
1.406860351562500000e-02,1.406860351562500000e-02
1.406860351562500000e-02,1.406860351562500000e-02
1.522827148437500000e-02,1.522827148437500000e-02
1.504516601562500000e-02,1.504516601562500000e-02
1.477050781250000000e-02,1.477050781250000000e-02
1.422119140625000000e-02,1.422119140625000000e-02
1.324462890625000000e-02,1.324462890625000000e-02
1.397705078125000000e-02,1.397705078125000000e-02
1.531982421875000000e-02,1.531982421875000000e-02
1.556396484375000000e-02,1.556396484375000000e-02
1.473999023437500000e-02,1.473999023437500000e-02
1.434326171875000000e-02,1.434326171875000000e-02
1.382446289062500000e-02,1.382446289062500000e-02
1.248168945312500000e-02,1.248168945312500000e-02
1.330566406250000000e-02,1.330566406250000000e-02
1.577758789062500000e-02,1.577758789062500000e-02
1.522827148437500000e-02,1.522827148437500000e-02
1.458740234375000000e-02,1.458740234375000000e-02
1.651000976562500000e-02,1.651000976562500000e-02
1.626586914062500000e-02,1.626586914062500000e-02
1.547241210937500000e-02,1.547241210937500000e-02
1.687622070312500000e-02,1.687622070312500000e-02
1.678466796875000000e-02,1.678466796875000000e-02
1.605224609375000000e-02,1.605224609375000000e-02
1.708984375000000000e-02,1.708984375000000000e-02
1.846313476562500000e-02,1.846313476562500000e-02
1.928710937500000000e-02,1.928710937500000000e-02
1.794433593750000000e-02,1.794433593750000000e-02
1.568603515625000000e-02,1.568603515625000000e-02
1.522827148437500000e-02,1.522827148437500000e-02
1.608276367187500000e-02,1.608276367187500000e-02
1.745605468750000000e-02,1.745605468750000000e-02
1.690673828125000000e-02,1.690673828125000000e-02
1.626586914062500000e-02,1.626586914062500000e-02
1.666259765625000000e-02,1.666259765625000000e-02
1.470947265625000000e-02,1.470947265625000000e-02
1.284790039062500000e-02,1.284790039062500000e-02
1.269531250000000000e-02,1.269531250000000000e-02
1.336669921875000000e-02,1.336669921875000000e-02
1.397705078125000000e-02,1.397705078125000000e-02
1.287841796875000000e-02,1.287841796875000000e-02
1.199340820312500000e-02,1.199340820312500000e-02
1.327514648437500000e-02,1.327514648437500000e-02
1.550292968750000000e-02,1.550292968750000000e-02
1.556396484375000000e-02,1.556396484375000000e-02
1.367187500000000000e-02,1.367187500000000000e-02
1.498413085937500000e-02,1.498413085937500000e-02
1.669311523437500000e-02,1.669311523437500000e-02
1.397705078125000000e-02,1.397705078125000000e-02
1.239013671875000000e-02,1.239013671875000000e-02
1.394653320312500000e-02,1.394653320312500000e-02
1.556396484375000000e-02,1.556396484375000000e-02
1.690673828125000000e-02,1.690673828125000000e-02
1.718139648437500000e-02,1.718139648437500000e-02
1.708984375000000000e-02,1.708984375000000000e-02
1.837158203125000000e-02,1.837158203125000000e-02
2.081298828125000000e-02,2.081298828125000000e-02
2.218627929687500000e-02,2.218627929687500000e-02
2.227783203125000000e-02,2.227783203125000000e-02
2.355957031250000000e-02,2.355957031250000000e-02
2.340698242187500000e-02,2.340698242187500000e-02
2.120971679687500000e-02,2.120971679687500000e-02
2.218627929687500000e-02,2.218627929687500000e-02
2.423095703125000000e-02,2.423095703125000000e-02
2.386474609375000000e-02,2.386474609375000000e-02
2.389526367187500000e-02,2.389526367187500000e-02
2.514648437500000000e-02,2.514648437500000000e-02
2.716064453125000000e-02,2.716064453125000000e-02
2.774047851562500000e-02,2.774047851562500000e-02
2.542114257812500000e-02,2.542114257812500000e-02
2.572631835937500000e-02,2.572631835937500000e-02
2.865600585937500000e-02,2.865600585937500000e-02
3.131103515625000000e-02,3.131103515625000000e-02
3.210449218750000000e-02,3.210449218750000000e-02
2.981567382812500000e-02,2.981567382812500000e-02
2.993774414062500000e-02,2.993774414062500000e-02
3.103637695312500000e-02,3.103637695312500000e-02
3.100585937500000000e-02,3.100585937500000000e-02
3.369140625000000000e-02,3.369140625000000000e-02
3.414916992187500000e-02,3.414916992187500000e-02
3.302001953125000000e-02,3.302001953125000000e-02
3.561401367187500000e-02,3.561401367187500000e-02
3.741455078125000000e-02,3.741455078125000000e-02
3.781127929687500000e-02,3.781127929687500000e-02
3.863525390625000000e-02,3.863525390625000000e-02
3.768920898437500000e-02,3.768920898437500000e-02
3.753662109375000000e-02,3.753662109375000000e-02
3.799438476562500000e-02,3.799438476562500000e-02
3.442382812500000000e-02,3.442382812500000000e-02
3.134155273437500000e-02,3.134155273437500000e-02
3.063964843750000000e-02,3.063964843750000000e-02
2.624511718750000000e-02,2.624511718750000000e-02
2.041625976562500000e-02,2.041625976562500000e-02
1.611328125000000000e-02,1.611328125000000000e-02
1.040649414062500000e-02,1.040649414062500000e-02
3.204345703125000000e-03,3.204345703125000000e-03
-3.448486328125000000e-03,-3.448486328125000000e-03
-9.307861328125000000e-03,-9.307861328125000000e-03
-1.504516601562500000e-02,-1.504516601562500000e-02
-2.130126953125000000e-02,-2.130126953125000000e-02
-2.883911132812500000e-02,-2.883911132812500000e-02
-3.591918945312500000e-02,-3.591918945312500000e-02
-4.113769531250000000e-02,-4.113769531250000000e-02
-4.608154296875000000e-02,-4.608154296875000000e-02
-5.252075195312500000e-02,-5.252075195312500000e-02
-6.033325195312500000e-02,-6.033325195312500000e-02
-6.607055664062500000e-02,-6.607055664062500000e-02
-7.043457031250000000e-02,-7.043457031250000000e-02
-7.681274414062500000e-02,-7.681274414062500000e-02
-8.203125000000000000e-02,-8.203125000000000000e-02
-8.438110351562500000e-02,-8.438110351562500000e-02
-8.541870117187500000e-02,-8.541870117187500000e-02
-8.721923828125000000e-02,-8.721923828125000000e-02
-8.917236328125000000e-02,-8.917236328125000000e-02
-8.767700195312500000e-02,-8.767700195312500000e-02
-8.520507812500000000e-02,-8.520507812500000000e-02
-8.316040039062500000e-02,-8.316040039062500000e-02
-8.105468750000000000e-02,-8.105468750000000000e-02
-7.882690429687500000e-02,-7.882690429687500000e-02
-7.302856445312500000e-02,-7.302856445312500000e-02
-6.744384765625000000e-02,-6.744384765625000000e-02
-6.405639648437500000e-02,-6.405639648437500000e-02
-5.718994140625000000e-02,-5.718994140625000000e-02
-4.953002929687500000e-02,-4.953002929687500000e-02
-4.312133789062500000e-02,-4.312133789062500000e-02
-3.698730468750000000e-02,-3.698730468750000000e-02
-3.253173828125000000e-02,-3.253173828125000000e-02
-2.651977539062500000e-02,-2.651977539062500000e-02
-1.925659179687500000e-02,-1.925659179687500000e-02
-1.327514648437500000e-02,-1.327514648437500000e-02
-7.690429687500000000e-03,-7.690429687500000000e-03
-3.265380859375000000e-03,-3.265380859375000000e-03
6.103515625000000000e-05,6.103515625000000000e-05
2.410888671875000000e-03,2.410888671875000000e-03
5.889892578125000000e-03,5.889892578125000000e-03
1.074218750000000000e-02,1.074218750000000000e-02
1.248168945312500000e-02,1.248168945312500000e-02
1.315307617187500000e-02,1.315307617187500000e-02
1.516723632812500000e-02,1.516723632812500000e-02
1.657104492187500000e-02,1.657104492187500000e-02
1.654052734375000000e-02,1.654052734375000000e-02
1.452636718750000000e-02,1.452636718750000000e-02
1.321411132812500000e-02,1.321411132812500000e-02
1.348876953125000000e-02,1.348876953125000000e-02
1.181030273437500000e-02,1.181030273437500000e-02
7.812500000000000000e-03,7.812500000000000000e-03
4.760742187500000000e-03,4.760742187500000000e-03
2.166748046875000000e-03,2.166748046875000000e-03
-2.044677734375000000e-03,-2.044677734375000000e-03
-4.852294921875000000e-03,-4.852294921875000000e-03
-6.652832031250000000e-03,-6.652832031250000000e-03
-1.016235351562500000e-02,-1.016235351562500000e-02
-1.373291015625000000e-02,-1.373291015625000000e-02
-1.748657226562500000e-02,-1.748657226562500000e-02
-2.145385742187500000e-02,-2.145385742187500000e-02
-2.304077148437500000e-02,-2.304077148437500000e-02
-2.368164062500000000e-02,-2.368164062500000000e-02
-2.487182617187500000e-02,-2.487182617187500000e-02
-2.453613281250000000e-02,-2.453613281250000000e-02
-2.532958984375000000e-02,-2.532958984375000000e-02
-2.478027343750000000e-02,-2.478027343750000000e-02
-2.072143554687500000e-02,-2.072143554687500000e-02
-2.142333984375000000e-02,-2.142333984375000000e-02
-1.977539062500000000e-02,-1.977539062500000000e-02
-1.284790039062500000e-02,-1.284790039062500000e-02
-1.162719726562500000e-02,-1.162719726562500000e-02
-1.028442382812500000e-02,-1.028442382812500000e-02
-7.385253906250000000e-03,-7.385253906250000000e-03
-5.249023437500000000e-03,-5.249023437500000000e-03
-1.281738281250000000e-03,-1.281738281250000000e-03
6.713867187500000000e-04,6.713867187500000000e-04
3.631591796875000000e-03,3.631591796875000000e-03
8.392333984375000000e-03,8.392333984375000000e-03
1.162719726562500000e-02,1.162719726562500000e-02
1.358032226562500000e-02,1.358032226562500000e-02
1.425170898437500000e-02,1.425170898437500000e-02
1.611328125000000000e-02,1.611328125000000000e-02
1.602172851562500000e-02,1.602172851562500000e-02
1.538085937500000000e-02,1.538085937500000000e-02
1.760864257812500000e-02,1.760864257812500000e-02
1.647949218750000000e-02,1.647949218750000000e-02
1.403808593750000000e-02,1.403808593750000000e-02
1.324462890625000000e-02,1.324462890625000000e-02
1.016235351562500000e-02,1.016235351562500000e-02
6.561279296875000000e-03,6.561279296875000000e-03
3.814697265625000000e-03,3.814697265625000000e-03
-3.967285156250000000e-04,-3.967285156250000000e-04
-4.028320312500000000e-03,-4.028320312500000000e-03
-8.026123046875000000e-03,-8.026123046875000000e-03
-1.373291015625000000e-02,-1.373291015625000000e-02
-1.739501953125000000e-02,-1.739501953125000000e-02
-2.099609375000000000e-02,-2.099609375000000000e-02
-2.670288085937500000e-02,-2.670288085937500000e-02
-3.170776367187500000e-02,-3.170776367187500000e-02
-3.408813476562500000e-02,-3.408813476562500000e-02
-3.613281250000000000e-02,-3.613281250000000000e-02
-3.955078125000000000e-02,-3.955078125000000000e-02
-4.132080078125000000e-02,-4.132080078125000000e-02
-4.409790039062500000e-02,-4.409790039062500000e-02
-4.635620117187500000e-02,-4.635620117187500000e-02
-4.397583007812500000e-02,-4.397583007812500000e-02
-4.553222656250000000e-02,-4.553222656250000000e-02
-4.876708984375000000e-02,-4.876708984375000000e-02
-4.727172851562500000e-02,-4.727172851562500000e-02
-4.580688476562500000e-02,-4.580688476562500000e-02
-4.287719726562500000e-02,-4.287719726562500000e-02
-3.863525390625000000e-02,-3.863525390625000000e-02
-3.488159179687500000e-02,-3.488159179687500000e-02
-3.158569335937500000e-02,-3.158569335937500000e-02
-2.929687500000000000e-02,-2.929687500000000000e-02
-2.383422851562500000e-02,-2.383422851562500000e-02
-1.831054687500000000e-02,-1.831054687500000000e-02
-1.342773437500000000e-02,-1.342773437500000000e-02
-8.026123046875000000e-03,-8.026123046875000000e-03
-5.249023437500000000e-03,-5.249023437500000000e-03
1.159667968750000000e-03,1.159667968750000000e-03
8.972167968750000000e-03,8.972167968750000000e-03
1.272583007812500000e-02,1.272583007812500000e-02
1.745605468750000000e-02,1.745605468750000000e-02
2.407836914062500000e-02,2.407836914062500000e-02
2.856445312500000000e-02,2.856445312500000000e-02
2.966308593750000000e-02,2.966308593750000000e-02
3.274536132812500000e-02,3.274536132812500000e-02
3.756713867187500000e-02,3.756713867187500000e-02
3.915405273437500000e-02,3.915405273437500000e-02
4.013061523437500000e-02,4.013061523437500000e-02
4.211425781250000000e-02,4.211425781250000000e-02
4.364013671875000000e-02,4.364013671875000000e-02
4.418945312500000000e-02,4.418945312500000000e-02
4.324340820312500000e-02,4.324340820312500000e-02
4.217529296875000000e-02,4.217529296875000000e-02
3.976440429687500000e-02,3.976440429687500000e-02
3.607177734375000000e-02,3.607177734375000000e-02
3.506469726562500000e-02,3.506469726562500000e-02
3.384399414062500000e-02,3.384399414062500000e-02
3.024291992187500000e-02,3.024291992187500000e-02
2.786254882812500000e-02,2.786254882812500000e-02
2.542114257812500000e-02,2.542114257812500000e-02
2.056884765625000000e-02,2.056884765625000000e-02
1.562500000000000000e-02,1.562500000000000000e-02
1.385498046875000000e-02,1.385498046875000000e-02
1.422119140625000000e-02,1.422119140625000000e-02
1.089477539062500000e-02,1.089477539062500000e-02
5.615234375000000000e-03,5.615234375000000000e-03
4.760742187500000000e-03,4.760742187500000000e-03
3.021240234375000000e-03,3.021240234375000000e-03
-5.493164062500000000e-04,-5.493164062500000000e-04
-4.272460937500000000e-04,-4.272460937500000000e-04
-2.349853515625000000e-03,-2.349853515625000000e-03
-5.004882812500000000e-03,-5.004882812500000000e-03
-4.364013671875000000e-03,-4.364013671875000000e-03
-4.425048828125000000e-03,-4.425048828125000000e-03
-2.868652343750000000e-03,-2.868652343750000000e-03
-9.765625000000000000e-04,-9.765625000000000000e-04
-5.798339843750000000e-04,-5.798339843750000000e-04
9.765625000000000000e-04,9.765625000000000000e-04
7.324218750000000000e-04,7.324218750000000000e-04
2.593994140625000000e-03,2.593994140625000000e-03
6.805419921875000000e-03,6.805419921875000000e-03
5.279541015625000000e-03,5.279541015625000000e-03
4.638671875000000000e-03,4.638671875000000000e-03
7.781982421875000000e-03,7.781982421875000000e-03
7.934570312500000000e-03,7.934570312500000000e-03
8.789062500000000000e-03,8.789062500000000000e-03
9.368896484375000000e-03,9.368896484375000000e-03
7.507324218750000000e-03,7.507324218750000000e-03
9.063720703125000000e-03,9.063720703125000000e-03
1.165771484375000000e-02,1.165771484375000000e-02
9.796142578125000000e-03,9.796142578125000000e-03
6.256103515625000000e-03,6.256103515625000000e-03
5.310058593750000000e-03,5.310058593750000000e-03
4.180908203125000000e-03,4.180908203125000000e-03
1.739501953125000000e-03,1.739501953125000000e-03
6.408691406250000000e-04,6.408691406250000000e-04
-9.155273437500000000e-05,-9.155273437500000000e-05
-7.934570312500000000e-04,-7.934570312500000000e-04
-3.387451171875000000e-03,-3.387451171875000000e-03
-6.958007812500000000e-03,-6.958007812500000000e-03
-9.002685546875000000e-03,-9.002685546875000000e-03
-1.202392578125000000e-02,-1.202392578125000000e-02
-1.470947265625000000e-02,-1.470947265625000000e-02
-1.660156250000000000e-02,-1.660156250000000000e-02
-1.788330078125000000e-02,-1.788330078125000000e-02
-1.895141601562500000e-02,-1.895141601562500000e-02
-2.294921875000000000e-02,-2.294921875000000000e-02
-2.438354492187500000e-02,-2.438354492187500000e-02
-2.203369140625000000e-02,-2.203369140625000000e-02
-2.328491210937500000e-02,-2.328491210937500000e-02
-2.651977539062500000e-02,-2.651977539062500000e-02
-2.780151367187500000e-02,-2.780151367187500000e-02
-2.810668945312500000e-02,-2.810668945312500000e-02
-2.774047851562500000e-02,-2.774047851562500000e-02
-2.511596679687500000e-02,-2.511596679687500000e-02
-2.178955078125000000e-02,-2.178955078125000000e-02
-2.151489257812500000e-02,-2.151489257812500000e-02
-2.218627929687500000e-02,-2.218627929687500000e-02
-2.053833007812500000e-02,-2.053833007812500000e-02
-1.654052734375000000e-02,-1.654052734375000000e-02
-1.284790039062500000e-02,-1.284790039062500000e-02
-1.116943359375000000e-02,-1.116943359375000000e-02
-9.216308593750000000e-03,-9.216308593750000000e-03
-7.537841796875000000e-03,-7.537841796875000000e-03
-5.767822265625000000e-03,-5.767822265625000000e-03
-3.234863281250000000e-03,-3.234863281250000000e-03
-6.408691406250000000e-04,-6.408691406250000000e-04
3.784179687500000000e-03,3.784179687500000000e-03
6.103515625000000000e-03,6.103515625000000000e-03
5.828857421875000000e-03,5.828857421875000000e-03
7.843017578125000000e-03,7.843017578125000000e-03
9.674072265625000000e-03,9.674072265625000000e-03
9.826660156250000000e-03,9.826660156250000000e-03
1.043701171875000000e-02,1.043701171875000000e-02
1.153564453125000000e-02,1.153564453125000000e-02
1.223754882812500000e-02,1.223754882812500000e-02
1.147460937500000000e-02,1.147460937500000000e-02
1.132202148437500000e-02,1.132202148437500000e-02
1.205444335937500000e-02,1.205444335937500000e-02
1.135253906250000000e-02,1.135253906250000000e-02
1.104736328125000000e-02,1.104736328125000000e-02
8.911132812500000000e-03,8.911132812500000000e-03
4.608154296875000000e-03,4.608154296875000000e-03
5.035400390625000000e-03,5.035400390625000000e-03
5.950927734375000000e-03,5.950927734375000000e-03
1.556396484375000000e-03,1.556396484375000000e-03
-1.525878906250000000e-03,-1.525878906250000000e-03
-1.281738281250000000e-03,-1.281738281250000000e-03
-1.647949218750000000e-03,-1.647949218750000000e-03
-2.319335937500000000e-03,-2.319335937500000000e-03
-4.058837890625000000e-03,-4.058837890625000000e-03
-7.019042968750000000e-03,-7.019042968750000000e-03
-7.965087890625000000e-03,-7.965087890625000000e-03
-6.378173828125000000e-03,-6.378173828125000000e-03
-6.439208984375000000e-03,-6.439208984375000000e-03
-9.307861328125000000e-03,-9.307861328125000000e-03
-1.028442382812500000e-02,-1.028442382812500000e-02
-9.979248046875000000e-03,-9.979248046875000000e-03
-9.857177734375000000e-03,-9.857177734375000000e-03
-8.209228515625000000e-03,-8.209228515625000000e-03
-7.751464843750000000e-03,-7.751464843750000000e-03
-7.873535156250000000e-03,-7.873535156250000000e-03
-6.591796875000000000e-03,-6.591796875000000000e-03
-5.004882812500000000e-03,-5.004882812500000000e-03
-3.967285156250000000e-03,-3.967285156250000000e-03
-4.119873046875000000e-03,-4.119873046875000000e-03
-2.624511718750000000e-03,-2.624511718750000000e-03
-1.037597656250000000e-03,-1.037597656250000000e-03
-1.617431640625000000e-03,-1.617431640625000000e-03
7.019042968750000000e-04,7.019042968750000000e-04
2.288818359375000000e-03,2.288818359375000000e-03
-9.155273437500000000e-05,-9.155273437500000000e-05
7.019042968750000000e-04,7.019042968750000000e-04
2.685546875000000000e-03,2.685546875000000000e-03
3.082275390625000000e-03,3.082275390625000000e-03
3.936767578125000000e-03,3.936767578125000000e-03
3.540039062500000000e-03,3.540039062500000000e-03
3.784179687500000000e-03,3.784179687500000000e-03
3.845214843750000000e-03,3.845214843750000000e-03
1.800537109375000000e-03,1.800537109375000000e-03
9.460449218750000000e-04,9.460449218750000000e-04
-5.798339843750000000e-04,-5.798339843750000000e-04
-2.685546875000000000e-03,-2.685546875000000000e-03
-2.716064453125000000e-03,-2.716064453125000000e-03
-4.638671875000000000e-03,-4.638671875000000000e-03
-8.087158203125000000e-03,-8.087158203125000000e-03
-9.429931640625000000e-03,-9.429931640625000000e-03
-9.552001953125000000e-03,-9.552001953125000000e-03
-9.033203125000000000e-03,-9.033203125000000000e-03
-9.918212890625000000e-03,-9.918212890625000000e-03
-1.187133789062500000e-02,-1.187133789062500000e-02
-1.208496093750000000e-02,-1.208496093750000000e-02
-1.318359375000000000e-02,-1.318359375000000000e-02
-1.461791992187500000e-02,-1.461791992187500000e-02
-1.296997070312500000e-02,-1.296997070312500000e-02
-1.263427734375000000e-02,-1.263427734375000000e-02
-1.336669921875000000e-02,-1.336669921875000000e-02
-1.245117187500000000e-02,-1.245117187500000000e-02
-1.318359375000000000e-02,-1.318359375000000000e-02
-1.211547851562500000e-02,-1.211547851562500000e-02
-1.025390625000000000e-02,-1.025390625000000000e-02
-1.043701171875000000e-02,-1.043701171875000000e-02
-8.514404296875000000e-03,-8.514404296875000000e-03
-7.598876953125000000e-03,-7.598876953125000000e-03
-4.913330078125000000e-03,-4.913330078125000000e-03
-1.068115234375000000e-03,-1.068115234375000000e-03
-1.770019531250000000e-03,-1.770019531250000000e-03
1.159667968750000000e-03,1.159667968750000000e-03
4.394531250000000000e-03,4.394531250000000000e-03
4.364013671875000000e-03,4.364013671875000000e-03
9.124755859375000000e-03,9.124755859375000000e-03
1.242065429687500000e-02,1.242065429687500000e-02
1.052856445312500000e-02,1.052856445312500000e-02
1.278686523437500000e-02,1.278686523437500000e-02
1.785278320312500000e-02,1.785278320312500000e-02
1.794433593750000000e-02,1.794433593750000000e-02
1.739501953125000000e-02,1.739501953125000000e-02
1.977539062500000000e-02,1.977539062500000000e-02
2.029418945312500000e-02,2.029418945312500000e-02
2.087402343750000000e-02,2.087402343750000000e-02
2.148437500000000000e-02,2.148437500000000000e-02
1.995849609375000000e-02,1.995849609375000000e-02
2.038574218750000000e-02,2.038574218750000000e-02
2.124023437500000000e-02,2.124023437500000000e-02
2.127075195312500000e-02,2.127075195312500000e-02
2.020263671875000000e-02,2.020263671875000000e-02
1.541137695312500000e-02,1.541137695312500000e-02
1.525878906250000000e-02,1.525878906250000000e-02
1.852416992187500000e-02,1.852416992187500000e-02
1.544189453125000000e-02,1.544189453125000000e-02
1.281738281250000000e-02,1.281738281250000000e-02
1.254272460937500000e-02,1.254272460937500000e-02
1.068115234375000000e-02,1.068115234375000000e-02
9.979248046875000000e-03,9.979248046875000000e-03
8.605957031250000000e-03,8.605957031250000000e-03
6.195068359375000000e-03,6.195068359375000000e-03
6.317138671875000000e-03,6.317138671875000000e-03
7.202148437500000000e-03,7.202148437500000000e-03
6.103515625000000000e-03,6.103515625000000000e-03
3.692626953125000000e-03,3.692626953125000000e-03
2.075195312500000000e-03,2.075195312500000000e-03
4.089355468750000000e-03,4.089355468750000000e-03
5.371093750000000000e-03,5.371093750000000000e-03
2.655029296875000000e-03,2.655029296875000000e-03
2.624511718750000000e-03,2.624511718750000000e-03
3.082275390625000000e-03,3.082275390625000000e-03
1.342773437500000000e-03,1.342773437500000000e-03
2.624511718750000000e-03,2.624511718750000000e-03
2.960205078125000000e-03,2.960205078125000000e-03
2.655029296875000000e-03,2.655029296875000000e-03
4.241943359375000000e-03,4.241943359375000000e-03
2.716064453125000000e-03,2.716064453125000000e-03
3.265380859375000000e-03,3.265380859375000000e-03
7.415771484375000000e-03,7.415771484375000000e-03
7.019042968750000000e-03,7.019042968750000000e-03
5.126953125000000000e-03,5.126953125000000000e-03
6.530761718750000000e-03,6.530761718750000000e-03
7.415771484375000000e-03,7.415771484375000000e-03
6.164550781250000000e-03,6.164550781250000000e-03
5.645751953125000000e-03,5.645751953125000000e-03
5.279541015625000000e-03,5.279541015625000000e-03
4.791259765625000000e-03,4.791259765625000000e-03
3.204345703125000000e-03,3.204345703125000000e-03
8.239746093750000000e-04,8.239746093750000000e-04
2.166748046875000000e-03,2.166748046875000000e-03
2.593994140625000000e-03,2.593994140625000000e-03
1.525878906250000000e-04,1.525878906250000000e-04
-2.441406250000000000e-04,-2.441406250000000000e-04
-3.356933593750000000e-04,-3.356933593750000000e-04
-1.373291015625000000e-03,-1.373291015625000000e-03
-3.326416015625000000e-03,-3.326416015625000000e-03
-4.943847656250000000e-03,-4.943847656250000000e-03
-5.065917968750000000e-03,-5.065917968750000000e-03
-5.889892578125000000e-03,-5.889892578125000000e-03
-8.666992187500000000e-03,-8.666992187500000000e-03
-1.019287109375000000e-02,-1.019287109375000000e-02
-9.155273437500000000e-03,-9.155273437500000000e-03
-1.086425781250000000e-02,-1.086425781250000000e-02
-1.269531250000000000e-02,-1.269531250000000000e-02
-1.147460937500000000e-02,-1.147460937500000000e-02
-1.354980468750000000e-02,-1.354980468750000000e-02
-1.654052734375000000e-02,-1.654052734375000000e-02
-1.507568359375000000e-02,-1.507568359375000000e-02
-1.272583007812500000e-02,-1.272583007812500000e-02
-1.385498046875000000e-02,-1.385498046875000000e-02
-1.513671875000000000e-02,-1.513671875000000000e-02
-1.260375976562500000e-02,-1.260375976562500000e-02
-1.049804687500000000e-02,-1.049804687500000000e-02
-1.022338867187500000e-02,-1.022338867187500000e-02
-8.056640625000000000e-03,-8.056640625000000000e-03
-5.401611328125000000e-03,-5.401611328125000000e-03
-4.455566406250000000e-03,-4.455566406250000000e-03
-3.814697265625000000e-03,-3.814697265625000000e-03
-3.448486328125000000e-03,-3.448486328125000000e-03
-3.021240234375000000e-03,-3.021240234375000000e-03
-2.014160156250000000e-03,-2.014160156250000000e-03
-8.544921875000000000e-04,-8.544921875000000000e-04
1.617431640625000000e-03,1.617431640625000000e-03
2.807617187500000000e-03,2.807617187500000000e-03
3.417968750000000000e-03,3.417968750000000000e-03
5.737304687500000000e-03,5.737304687500000000e-03
5.554199218750000000e-03,5.554199218750000000e-03
5.279541015625000000e-03,5.279541015625000000e-03
7.415771484375000000e-03,7.415771484375000000e-03
7.232666015625000000e-03,7.232666015625000000e-03
7.324218750000000000e-03,7.324218750000000000e-03
9.490966796875000000e-03,9.490966796875000000e-03
8.972167968750000000e-03,8.972167968750000000e-03
6.927490234375000000e-03,6.927490234375000000e-03
5.493164062500000000e-03,5.493164062500000000e-03
5.798339843750000000e-03,5.798339843750000000e-03
6.713867187500000000e-03,6.713867187500000000e-03
4.577636718750000000e-03,4.577636718750000000e-03
3.295898437500000000e-03,3.295898437500000000e-03
3.448486328125000000e-03,3.448486328125000000e-03
9.155273437500000000e-04,9.155273437500000000e-04
3.967285156250000000e-04,3.967285156250000000e-04
2.105712890625000000e-03,2.105712890625000000e-03
3.356933593750000000e-04,3.356933593750000000e-04
-3.082275390625000000e-03,-3.082275390625000000e-03
-4.882812500000000000e-03,-4.882812500000000000e-03
-4.302978515625000000e-03,-4.302978515625000000e-03
-3.234863281250000000e-03,-3.234863281250000000e-03
-5.493164062500000000e-03,-5.493164062500000000e-03
-7.843017578125000000e-03,-7.843017578125000000e-03
-7.049560546875000000e-03,-7.049560546875000000e-03
-6.774902343750000000e-03,-6.774902343750000000e-03
-8.666992187500000000e-03,-8.666992187500000000e-03
-1.000976562500000000e-02,-1.000976562500000000e-02
-8.880615234375000000e-03,-8.880615234375000000e-03
-7.904052734375000000e-03,-7.904052734375000000e-03
-8.178710937500000000e-03,-8.178710937500000000e-03
-8.270263671875000000e-03,-8.270263671875000000e-03
-8.117675781250000000e-03,-8.117675781250000000e-03
-7.232666015625000000e-03,-7.232666015625000000e-03
-6.805419921875000000e-03,-6.805419921875000000e-03
-6.683349609375000000e-03,-6.683349609375000000e-03
-5.676269531250000000e-03,-5.676269531250000000e-03
-5.218505859375000000e-03,-5.218505859375000000e-03
-4.425048828125000000e-03,-4.425048828125000000e-03
-2.563476562500000000e-03,-2.563476562500000000e-03
-1.495361328125000000e-03,-1.495361328125000000e-03
-1.312255859375000000e-03,-1.312255859375000000e-03
-4.577636718750000000e-04,-4.577636718750000000e-04
-9.155273437500000000e-05,-9.155273437500000000e-05
1.831054687500000000e-04,1.831054687500000000e-04
2.044677734375000000e-03,2.044677734375000000e-03
1.342773437500000000e-03,1.342773437500000000e-03
-6.103515625000000000e-05,-6.103515625000000000e-05
7.629394531250000000e-04,7.629394531250000000e-04
1.220703125000000000e-04,1.220703125000000000e-04
0.000000000000000000e+00,0.000000000000000000e+00
-1.159667968750000000e-03,-1.159667968750000000e-03
-2.532958984375000000e-03,-2.532958984375000000e-03
-1.708984375000000000e-03,-1.708984375000000000e-03
-6.072998046875000000e-03,-6.072998046875000000e-03
-1.565551757812500000e-02,-1.565551757812500000e-02
-2.859497070312500000e-02,-2.859497070312500000e-02
-4.269409179687500000e-02,-4.269409179687500000e-02
-5.081176757812500000e-02,-5.081176757812500000e-02
-5.566406250000000000e-02,-5.566406250000000000e-02
-6.283569335937500000e-02,-6.283569335937500000e-02
-7.138061523437500000e-02,-7.138061523437500000e-02
-7.730102539062500000e-02,-7.730102539062500000e-02
-8.142089843750000000e-02,-8.142089843750000000e-02
-8.938598632812500000e-02,-8.938598632812500000e-02
-9.375000000000000000e-02,-9.375000000000000000e-02
-8.782958984375000000e-02,-8.782958984375000000e-02
-8.477783203125000000e-02,-8.477783203125000000e-02
-8.627319335937500000e-02,-8.627319335937500000e-02
-8.374023437500000000e-02,-8.374023437500000000e-02
-8.132934570312500000e-02,-8.132934570312500000e-02
-8.123779296875000000e-02,-8.123779296875000000e-02
-8.148193359375000000e-02,-8.148193359375000000e-02
-8.270263671875000000e-02,-8.270263671875000000e-02
-8.566284179687500000e-02,-8.566284179687500000e-02
-8.328247070312500000e-02,-8.328247070312500000e-02
-7.510375976562500000e-02,-7.510375976562500000e-02
-6.735229492187500000e-02,-6.735229492187500000e-02
-4.882812500000000000e-02,-4.882812500000000000e-02
-2.505493164062500000e-02,-2.505493164062500000e-02
-8.178710937500000000e-03,-8.178710937500000000e-03
7.934570312500000000e-03,7.934570312500000000e-03
2.243041992187500000e-02,2.243041992187500000e-02
4.003906250000000000e-02,4.003906250000000000e-02
5.374145507812500000e-02,5.374145507812500000e-02
5.703735351562500000e-02,5.703735351562500000e-02
6.463623046875000000e-02,6.463623046875000000e-02
6.851196289062500000e-02,6.851196289062500000e-02
6.567382812500000000e-02,6.567382812500000000e-02
6.393432617187500000e-02,6.393432617187500000e-02
6.066894531250000000e-02,6.066894531250000000e-02
6.600952148437500000e-02,6.600952148437500000e-02
7.348632812500000000e-02,7.348632812500000000e-02
7.418823242187500000e-02,7.418823242187500000e-02
8.065795898437500000e-02,8.065795898437500000e-02
8.865356445312500000e-02,8.865356445312500000e-02
8.959960937500000000e-02,8.959960937500000000e-02
8.721923828125000000e-02,8.721923828125000000e-02
8.374023437500000000e-02,8.374023437500000000e-02
7.711791992187500000e-02,7.711791992187500000e-02
6.637573242187500000e-02,6.637573242187500000e-02
5.358886718750000000e-02,5.358886718750000000e-02
3.851318359375000000e-02,3.851318359375000000e-02
2.429199218750000000e-02,2.429199218750000000e-02
1.071166992187500000e-02,1.071166992187500000e-02
-6.256103515625000000e-03,-6.256103515625000000e-03
-1.956176757812500000e-02,-1.956176757812500000e-02
-2.386474609375000000e-02,-2.386474609375000000e-02
-2.252197265625000000e-02,-2.252197265625000000e-02
-1.782226562500000000e-02,-1.782226562500000000e-02
-1.092529296875000000e-02,-1.092529296875000000e-02
-7.934570312500000000e-03,-7.934570312500000000e-03
-8.300781250000000000e-03,-8.300781250000000000e-03
-5.493164062500000000e-03,-5.493164062500000000e-03
-7.232666015625000000e-03,-7.232666015625000000e-03
-1.327514648437500000e-02,-1.327514648437500000e-02
-1.354980468750000000e-02,-1.354980468750000000e-02
-1.577758789062500000e-02,-1.577758789062500000e-02
-1.913452148437500000e-02,-1.913452148437500000e-02
-1.708984375000000000e-02,-1.708984375000000000e-02
-1.678466796875000000e-02,-1.678466796875000000e-02
-1.187133789062500000e-02,-1.187133789062500000e-02
-4.577636718750000000e-04,-4.577636718750000000e-04
9.643554687500000000e-03,9.643554687500000000e-03
2.365112304687500000e-02,2.365112304687500000e-02
4.083251953125000000e-02,4.083251953125000000e-02
5.676269531250000000e-02,5.676269531250000000e-02
7.037353515625000000e-02,7.037353515625000000e-02
7.922363281250000000e-02,7.922363281250000000e-02
8.142089843750000000e-02,8.142089843750000000e-02
7.714843750000000000e-02,7.714843750000000000e-02
7.064819335937500000e-02,7.064819335937500000e-02
6.396484375000000000e-02,6.396484375000000000e-02
5.813598632812500000e-02,5.813598632812500000e-02
5.398559570312500000e-02,5.398559570312500000e-02
5.212402343750000000e-02,5.212402343750000000e-02
5.062866210937500000e-02,5.062866210937500000e-02
4.751586914062500000e-02,4.751586914062500000e-02
4.934692382812500000e-02,4.934692382812500000e-02
5.215454101562500000e-02,5.215454101562500000e-02
4.818725585937500000e-02,4.818725585937500000e-02
4.473876953125000000e-02,4.473876953125000000e-02
4.415893554687500000e-02,4.415893554687500000e-02
3.826904296875000000e-02,3.826904296875000000e-02
2.563476562500000000e-02,2.563476562500000000e-02
1.232910156250000000e-02,1.232910156250000000e-02
-3.692626953125000000e-03,-3.692626953125000000e-03
-2.215576171875000000e-02,-2.215576171875000000e-02
-3.643798828125000000e-02,-3.643798828125000000e-02
-4.861450195312500000e-02,-4.861450195312500000e-02
-5.722045898437500000e-02,-5.722045898437500000e-02
-5.947875976562500000e-02,-5.947875976562500000e-02
-5.831909179687500000e-02,-5.831909179687500000e-02
-5.328369140625000000e-02,-5.328369140625000000e-02
-4.742431640625000000e-02,-4.742431640625000000e-02
-4.309082031250000000e-02,-4.309082031250000000e-02
-3.720092773437500000e-02,-3.720092773437500000e-02
-3.167724609375000000e-02,-3.167724609375000000e-02
-2.957153320312500000e-02,-2.957153320312500000e-02
-2.935791015625000000e-02,-2.935791015625000000e-02
-2.911376953125000000e-02,-2.911376953125000000e-02
-3.048706054687500000e-02,-3.048706054687500000e-02
-3.225708007812500000e-02,-3.225708007812500000e-02
-3.115844726562500000e-02,-3.115844726562500000e-02
-2.841186523437500000e-02,-2.841186523437500000e-02
-1.992797851562500000e-02,-1.992797851562500000e-02
-4.608154296875000000e-03,-4.608154296875000000e-03
1.068115234375000000e-02,1.068115234375000000e-02
2.587890625000000000e-02,2.587890625000000000e-02
4.180908203125000000e-02,4.180908203125000000e-02
5.642700195312500000e-02,5.642700195312500000e-02
6.683349609375000000e-02,6.683349609375000000e-02
7.284545898437500000e-02,7.284545898437500000e-02
7.699584960937500000e-02,7.699584960937500000e-02
7.708740234375000000e-02,7.708740234375000000e-02
7.595825195312500000e-02,7.595825195312500000e-02
7.482910156250000000e-02,7.482910156250000000e-02
6.890869140625000000e-02,6.890869140625000000e-02
6.292724609375000000e-02,6.292724609375000000e-02
6.018066406250000000e-02,6.018066406250000000e-02
6.008911132812500000e-02,6.008911132812500000e-02
6.243896484375000000e-02,6.243896484375000000e-02
6.515502929687500000e-02,6.515502929687500000e-02
7.037353515625000000e-02,7.037353515625000000e-02
7.290649414062500000e-02,7.290649414062500000e-02
6.973266601562500000e-02,6.973266601562500000e-02
6.814575195312500000e-02,6.814575195312500000e-02
6.329345703125000000e-02,6.329345703125000000e-02
5.291748046875000000e-02,5.291748046875000000e-02
4.083251953125000000e-02,4.083251953125000000e-02
2.746582031250000000e-02,2.746582031250000000e-02
1.660156250000000000e-02,1.660156250000000000e-02
6.652832031250000000e-03,6.652832031250000000e-03
-1.525878906250000000e-04,-1.525878906250000000e-04
-2.838134765625000000e-03,-2.838134765625000000e-03
-6.134033203125000000e-03,-6.134033203125000000e-03
-7.476806640625000000e-03,-7.476806640625000000e-03
-5.798339843750000000e-03,-5.798339843750000000e-03
-3.356933593750000000e-04,-3.356933593750000000e-04
3.021240234375000000e-03,3.021240234375000000e-03
1.586914062500000000e-03,1.586914062500000000e-03
5.371093750000000000e-03,5.371093750000000000e-03
7.720947265625000000e-03,7.720947265625000000e-03
3.295898437500000000e-03,3.295898437500000000e-03
-5.798339843750000000e-04,-5.798339843750000000e-04
-5.401611328125000000e-03,-5.401611328125000000e-03
-9.277343750000000000e-03,-9.277343750000000000e-03
-9.277343750000000000e-03,-9.277343750000000000e-03
-7.415771484375000000e-03,-7.415771484375000000e-03
-2.868652343750000000e-03,-2.868652343750000000e-03
3.753662109375000000e-03,3.753662109375000000e-03
1.113891601562500000e-02,1.113891601562500000e-02
1.879882812500000000e-02,1.879882812500000000e-02
2.600097656250000000e-02,2.600097656250000000e-02
3.076171875000000000e-02,3.076171875000000000e-02
3.326416015625000000e-02,3.326416015625000000e-02
3.497314453125000000e-02,3.497314453125000000e-02
3.347778320312500000e-02,3.347778320312500000e-02
3.033447265625000000e-02,3.033447265625000000e-02
2.548217773437500000e-02,2.548217773437500000e-02
1.785278320312500000e-02,1.785278320312500000e-02
1.406860351562500000e-02,1.406860351562500000e-02
1.296997070312500000e-02,1.296997070312500000e-02
8.178710937500000000e-03,8.178710937500000000e-03
4.486083984375000000e-03,4.486083984375000000e-03
6.805419921875000000e-03,6.805419921875000000e-03
9.399414062500000000e-03,9.399414062500000000e-03
7.965087890625000000e-03,7.965087890625000000e-03
5.462646484375000000e-03,5.462646484375000000e-03
3.234863281250000000e-03,3.234863281250000000e-03
5.798339843750000000e-04,5.798339843750000000e-04
-2.349853515625000000e-03,-2.349853515625000000e-03
-5.981445312500000000e-03,-5.981445312500000000e-03
-1.150512695312500000e-02,-1.150512695312500000e-02
-1.901245117187500000e-02,-1.901245117187500000e-02
-2.496337890625000000e-02,-2.496337890625000000e-02
-2.813720703125000000e-02,-2.813720703125000000e-02
-3.030395507812500000e-02,-3.030395507812500000e-02
-3.134155273437500000e-02,-3.134155273437500000e-02
-2.984619140625000000e-02,-2.984619140625000000e-02
-2.410888671875000000e-02,-2.410888671875000000e-02
-1.962280273437500000e-02,-1.962280273437500000e-02
-1.699829101562500000e-02,-1.699829101562500000e-02
-1.071166992187500000e-02,-1.071166992187500000e-02
-5.249023437500000000e-03,-5.249023437500000000e-03
-2.502441406250000000e-03,-2.502441406250000000e-03
-3.051757812500000000e-04,-3.051757812500000000e-04
2.288818359375000000e-03,2.288818359375000000e-03
4.089355468750000000e-03,4.089355468750000000e-03
4.180908203125000000e-03,4.180908203125000000e-03
7.659912109375000000e-03,7.659912109375000000e-03
1.184082031250000000e-02,1.184082031250000000e-02
1.651000976562500000e-02,1.651000976562500000e-02
2.160644531250000000e-02,2.160644531250000000e-02
2.420043945312500000e-02,2.420043945312500000e-02
3.179931640625000000e-02,3.179931640625000000e-02
3.790283203125000000e-02,3.790283203125000000e-02
3.952026367187500000e-02,3.952026367187500000e-02
4.412841796875000000e-02,4.412841796875000000e-02
4.565429687500000000e-02,4.565429687500000000e-02
4.656982421875000000e-02,4.656982421875000000e-02
4.559326171875000000e-02,4.559326171875000000e-02
3.695678710937500000e-02,3.695678710937500000e-02
3.045654296875000000e-02,3.045654296875000000e-02
2.706909179687500000e-02,2.706909179687500000e-02
1.998901367187500000e-02,1.998901367187500000e-02
1.242065429687500000e-02,1.242065429687500000e-02
7.171630859375000000e-03,7.171630859375000000e-03
2.563476562500000000e-03,2.563476562500000000e-03
6.103515625000000000e-05,6.103515625000000000e-05
-2.990722656250000000e-03,-2.990722656250000000e-03
-8.911132812500000000e-03,-8.911132812500000000e-03
-1.333618164062500000e-02,-1.333618164062500000e-02
-1.873779296875000000e-02,-1.873779296875000000e-02
-2.471923828125000000e-02,-2.471923828125000000e-02
-2.798461914062500000e-02,-2.798461914062500000e-02
-3.417968750000000000e-02,-3.417968750000000000e-02
-4.205322265625000000e-02,-4.205322265625000000e-02
-4.653930664062500000e-02,-4.653930664062500000e-02
-5.065917968750000000e-02,-5.065917968750000000e-02
-5.636596679687500000e-02,-5.636596679687500000e-02
-5.831909179687500000e-02,-5.831909179687500000e-02
-5.606079101562500000e-02,-5.606079101562500000e-02
-5.651855468750000000e-02,-5.651855468750000000e-02
-5.596923828125000000e-02,-5.596923828125000000e-02
-5.038452148437500000e-02,-5.038452148437500000e-02
-4.507446289062500000e-02,-4.507446289062500000e-02
-4.077148437500000000e-02,-4.077148437500000000e-02
-3.540039062500000000e-02,-3.540039062500000000e-02
-3.024291992187500000e-02,-3.024291992187500000e-02
-2.792358398437500000e-02,-2.792358398437500000e-02
-2.438354492187500000e-02,-2.438354492187500000e-02
-1.797485351562500000e-02,-1.797485351562500000e-02
-1.528930664062500000e-02,-1.528930664062500000e-02
-1.400756835937500000e-02,-1.400756835937500000e-02
-1.089477539062500000e-02,-1.089477539062500000e-02
-6.958007812500000000e-03,-6.958007812500000000e-03
-2.899169921875000000e-03,-2.899169921875000000e-03
7.324218750000000000e-04,7.324218750000000000e-04
5.462646484375000000e-03,5.462646484375000000e-03
9.307861328125000000e-03,9.307861328125000000e-03
1.141357421875000000e-02,1.141357421875000000e-02
1.315307617187500000e-02,1.315307617187500000e-02
1.269531250000000000e-02,1.269531250000000000e-02
1.177978515625000000e-02,1.177978515625000000e-02
1.220703125000000000e-02,1.220703125000000000e-02
1.129150390625000000e-02,1.129150390625000000e-02
8.148193359375000000e-03,8.148193359375000000e-03
4.516601562500000000e-03,4.516601562500000000e-03
1.922607421875000000e-03,1.922607421875000000e-03
-1.831054687500000000e-03,-1.831054687500000000e-03
-6.530761718750000000e-03,-6.530761718750000000e-03
-9.338378906250000000e-03,-9.338378906250000000e-03
-1.336669921875000000e-02,-1.336669921875000000e-02
-1.577758789062500000e-02,-1.577758789062500000e-02
-1.345825195312500000e-02,-1.345825195312500000e-02
-1.345825195312500000e-02,-1.345825195312500000e-02
-1.773071289062500000e-02,-1.773071289062500000e-02
-1.953125000000000000e-02,-1.953125000000000000e-02
-1.849365234375000000e-02,-1.849365234375000000e-02
-2.215576171875000000e-02,-2.215576171875000000e-02
-2.572631835937500000e-02,-2.572631835937500000e-02
-2.450561523437500000e-02,-2.450561523437500000e-02
-2.490234375000000000e-02,-2.490234375000000000e-02
-2.520751953125000000e-02,-2.520751953125000000e-02
-2.465820312500000000e-02,-2.465820312500000000e-02
-2.368164062500000000e-02,-2.368164062500000000e-02
-2.114868164062500000e-02,-2.114868164062500000e-02
-1.794433593750000000e-02,-1.794433593750000000e-02
-1.190185546875000000e-02,-1.190185546875000000e-02
-7.446289062500000000e-03,-7.446289062500000000e-03
-3.662109375000000000e-03,-3.662109375000000000e-03
2.227783203125000000e-03,2.227783203125000000e-03
4.882812500000000000e-03,4.882812500000000000e-03
8.056640625000000000e-03,8.056640625000000000e-03
1.196289062500000000e-02,1.196289062500000000e-02
1.312255859375000000e-02,1.312255859375000000e-02
1.504516601562500000e-02,1.504516601562500000e-02
1.684570312500000000e-02,1.684570312500000000e-02
1.742553710937500000e-02,1.742553710937500000e-02
1.638793945312500000e-02,1.638793945312500000e-02
1.525878906250000000e-02,1.525878906250000000e-02
1.626586914062500000e-02,1.626586914062500000e-02
1.702880859375000000e-02,1.702880859375000000e-02
1.721191406250000000e-02,1.721191406250000000e-02
1.541137695312500000e-02,1.541137695312500000e-02
1.150512695312500000e-02,1.150512695312500000e-02
8.636474609375000000e-03,8.636474609375000000e-03
7.141113281250000000e-03,7.141113281250000000e-03
4.760742187500000000e-03,4.760742187500000000e-03
6.103515625000000000e-04,6.103515625000000000e-04
-3.845214843750000000e-03,-3.845214843750000000e-03
-8.880615234375000000e-03,-8.880615234375000000e-03
-1.437377929687500000e-02,-1.437377929687500000e-02
-2.005004882812500000e-02,-2.005004882812500000e-02
-2.496337890625000000e-02,-2.496337890625000000e-02
-2.947998046875000000e-02,-2.947998046875000000e-02
-3.454589843750000000e-02,-3.454589843750000000e-02
-3.546142578125000000e-02,-3.546142578125000000e-02
-3.619384765625000000e-02,-3.619384765625000000e-02
-4.052734375000000000e-02,-4.052734375000000000e-02
-4.174804687500000000e-02,-4.174804687500000000e-02
-3.964233398437500000e-02,-3.964233398437500000e-02
-3.756713867187500000e-02,-3.756713867187500000e-02
-3.744506835937500000e-02,-3.744506835937500000e-02
-3.878784179687500000e-02,-3.878784179687500000e-02
-4.080200195312500000e-02,-4.080200195312500000e-02
-4.183959960937500000e-02,-4.183959960937500000e-02
-3.912353515625000000e-02,-3.912353515625000000e-02
-3.686523437500000000e-02,-3.686523437500000000e-02
-3.439331054687500000e-02,-3.439331054687500000e-02
-3.161621093750000000e-02,-3.161621093750000000e-02
-3.158569335937500000e-02,-3.158569335937500000e-02
-2.673339843750000000e-02,-2.673339843750000000e-02
-1.965332031250000000e-02,-1.965332031250000000e-02
-1.574707031250000000e-02,-1.574707031250000000e-02
-1.217651367187500000e-02,-1.217651367187500000e-02
-9.887695312500000000e-03,-9.887695312500000000e-03
-5.157470703125000000e-03,-5.157470703125000000e-03
-1.129150390625000000e-03,-1.129150390625000000e-03
-1.922607421875000000e-03,-1.922607421875000000e-03
1.525878906250000000e-04,1.525878906250000000e-04
1.403808593750000000e-03,1.403808593750000000e-03
-8.850097656250000000e-04,-8.850097656250000000e-04
-1.434326171875000000e-03,-1.434326171875000000e-03
-2.075195312500000000e-03,-2.075195312500000000e-03
-1.403808593750000000e-03,-1.403808593750000000e-03
-9.155273437500000000e-04,-9.155273437500000000e-04
-3.845214843750000000e-03,-3.845214843750000000e-03
-6.103515625000000000e-03,-6.103515625000000000e-03
-7.141113281250000000e-03,-7.141113281250000000e-03
-6.835937500000000000e-03,-6.835937500000000000e-03
-8.209228515625000000e-03,-8.209228515625000000e-03
-1.382446289062500000e-02,-1.382446289062500000e-02
-1.815795898437500000e-02,-1.815795898437500000e-02
-2.297973632812500000e-02,-2.297973632812500000e-02
-2.987670898437500000e-02,-2.987670898437500000e-02
-3.482055664062500000e-02,-3.482055664062500000e-02
-4.064941406250000000e-02,-4.064941406250000000e-02
-4.641723632812500000e-02,-4.641723632812500000e-02
-4.843139648437500000e-02,-4.843139648437500000e-02
-4.849243164062500000e-02,-4.849243164062500000e-02
-4.901123046875000000e-02,-4.901123046875000000e-02
-4.992675781250000000e-02,-4.992675781250000000e-02
-4.919433593750000000e-02,-4.919433593750000000e-02
-4.724121093750000000e-02,-4.724121093750000000e-02
-4.290771484375000000e-02,-4.290771484375000000e-02
-3.817749023437500000e-02,-3.817749023437500000e-02
-3.408813476562500000e-02,-3.408813476562500000e-02
-2.874755859375000000e-02,-2.874755859375000000e-02
-2.685546875000000000e-02,-2.685546875000000000e-02
-2.404785156250000000e-02,-2.404785156250000000e-02
-1.895141601562500000e-02,-1.895141601562500000e-02
-1.666259765625000000e-02,-1.666259765625000000e-02
-1.208496093750000000e-02,-1.208496093750000000e-02
-6.317138671875000000e-03,-6.317138671875000000e-03
7.324218750000000000e-04,7.324218750000000000e-04
1.000976562500000000e-02,1.000976562500000000e-02
1.730346679687500000e-02,1.730346679687500000e-02
2.603149414062500000e-02,2.603149414062500000e-02
3.555297851562500000e-02,3.555297851562500000e-02
4.171752929687500000e-02,4.171752929687500000e-02
4.641723632812500000e-02,4.641723632812500000e-02
5.093383789062500000e-02,5.093383789062500000e-02
5.355834960937500000e-02,5.355834960937500000e-02
5.206298828125000000e-02,5.206298828125000000e-02
4.708862304687500000e-02,4.708862304687500000e-02
4.226684570312500000e-02,4.226684570312500000e-02
3.961181640625000000e-02,3.961181640625000000e-02
3.485107421875000000e-02,3.485107421875000000e-02
2.813720703125000000e-02,2.813720703125000000e-02
2.432250976562500000e-02,2.432250976562500000e-02
2.114868164062500000e-02,2.114868164062500000e-02
1.715087890625000000e-02,1.715087890625000000e-02
1.330566406250000000e-02,1.330566406250000000e-02
8.819580078125000000e-03,8.819580078125000000e-03
2.746582031250000000e-03,2.746582031250000000e-03
-5.096435546875000000e-03,-5.096435546875000000e-03
-1.205444335937500000e-02,-1.205444335937500000e-02
-2.001953125000000000e-02,-2.001953125000000000e-02
-2.978515625000000000e-02,-2.978515625000000000e-02
-3.756713867187500000e-02,-3.756713867187500000e-02
-4.373168945312500000e-02,-4.373168945312500000e-02
-5.090332031250000000e-02,-5.090332031250000000e-02
-5.987548828125000000e-02,-5.987548828125000000e-02
-6.375122070312500000e-02,-6.375122070312500000e-02
-6.335449218750000000e-02,-6.335449218750000000e-02
-6.384277343750000000e-02,-6.384277343750000000e-02
-6.002807617187500000e-02,-6.002807617187500000e-02
-5.438232421875000000e-02,-5.438232421875000000e-02
-4.910278320312500000e-02,-4.910278320312500000e-02
-4.345703125000000000e-02,-4.345703125000000000e-02
-4.037475585937500000e-02,-4.037475585937500000e-02
-3.768920898437500000e-02,-3.768920898437500000e-02
-3.451538085937500000e-02,-3.451538085937500000e-02
-3.128051757812500000e-02,-3.128051757812500000e-02
-2.758789062500000000e-02,-2.758789062500000000e-02
-2.304077148437500000e-02,-2.304077148437500000e-02
-1.834106445312500000e-02,-1.834106445312500000e-02
-1.452636718750000000e-02,-1.452636718750000000e-02
-9.399414062500000000e-03,-9.399414062500000000e-03
-3.112792968750000000e-03,-3.112792968750000000e-03
4.699707031250000000e-03,4.699707031250000000e-03
1.382446289062500000e-02,1.382446289062500000e-02
2.014160156250000000e-02,2.014160156250000000e-02
2.627563476562500000e-02,2.627563476562500000e-02
3.356933593750000000e-02,3.356933593750000000e-02
3.549194335937500000e-02,3.549194335937500000e-02
3.479003906250000000e-02,3.479003906250000000e-02
3.463745117187500000e-02,3.463745117187500000e-02
3.005981445312500000e-02,3.005981445312500000e-02
2.639770507812500000e-02,2.639770507812500000e-02
2.331542968750000000e-02,2.331542968750000000e-02
1.702880859375000000e-02,1.702880859375000000e-02
1.632690429687500000e-02,1.632690429687500000e-02
1.431274414062500000e-02,1.431274414062500000e-02
8.392333984375000000e-03,8.392333984375000000e-03
8.239746093750000000e-03,8.239746093750000000e-03
7.690429687500000000e-03,7.690429687500000000e-03
6.286621093750000000e-03,6.286621093750000000e-03
5.981445312500000000e-03,5.981445312500000000e-03
3.387451171875000000e-03,3.387451171875000000e-03
1.037597656250000000e-03,1.037597656250000000e-03
-3.601074218750000000e-03,-3.601074218750000000e-03
-9.582519531250000000e-03,-9.582519531250000000e-03
-1.223754882812500000e-02,-1.223754882812500000e-02
-1.400756835937500000e-02,-1.400756835937500000e-02
-1.721191406250000000e-02,-1.721191406250000000e-02
-1.983642578125000000e-02,-1.983642578125000000e-02
-1.821899414062500000e-02,-1.821899414062500000e-02
-1.504516601562500000e-02,-1.504516601562500000e-02
-1.080322265625000000e-02,-1.080322265625000000e-02
-3.448486328125000000e-03,-3.448486328125000000e-03
3.143310546875000000e-03,3.143310546875000000e-03
9.613037109375000000e-03,9.613037109375000000e-03
1.525878906250000000e-02,1.525878906250000000e-02
2.011108398437500000e-02,2.011108398437500000e-02
2.697753906250000000e-02,2.697753906250000000e-02
3.128051757812500000e-02,3.128051757812500000e-02
3.381347656250000000e-02,3.381347656250000000e-02
3.768920898437500000e-02,3.768920898437500000e-02
4.000854492187500000e-02,4.000854492187500000e-02
4.339599609375000000e-02,4.339599609375000000e-02
4.907226562500000000e-02,4.907226562500000000e-02
5.297851562500000000e-02,5.297851562500000000e-02
5.725097656250000000e-02,5.725097656250000000e-02
6.286621093750000000e-02,6.286621093750000000e-02
6.671142578125000000e-02,6.671142578125000000e-02
6.954956054687500000e-02,6.954956054687500000e-02
7.299804687500000000e-02,7.299804687500000000e-02
7.403564453125000000e-02,7.403564453125000000e-02
7.128906250000000000e-02,7.128906250000000000e-02
7.098388671875000000e-02,7.098388671875000000e-02
7.049560546875000000e-02,7.049560546875000000e-02
6.478881835937500000e-02,6.478881835937500000e-02
6.057739257812500000e-02,6.057739257812500000e-02
5.627441406250000000e-02,5.627441406250000000e-02
5.001831054687500000e-02,5.001831054687500000e-02
4.504394531250000000e-02,4.504394531250000000e-02
4.022216796875000000e-02,4.022216796875000000e-02
3.747558593750000000e-02,3.747558593750000000e-02
3.601074218750000000e-02,3.601074218750000000e-02
3.475952148437500000e-02,3.475952148437500000e-02
3.256225585937500000e-02,3.256225585937500000e-02
2.743530273437500000e-02,2.743530273437500000e-02
2.368164062500000000e-02,2.368164062500000000e-02
2.072143554687500000e-02,2.072143554687500000e-02
1.693725585937500000e-02,1.693725585937500000e-02
1.492309570312500000e-02,1.492309570312500000e-02
1.217651367187500000e-02,1.217651367187500000e-02
8.575439453125000000e-03,8.575439453125000000e-03
7.995605468750000000e-03,7.995605468750000000e-03
8.483886718750000000e-03,8.483886718750000000e-03
6.652832031250000000e-03,6.652832031250000000e-03
5.432128906250000000e-03,5.432128906250000000e-03
7.995605468750000000e-03,7.995605468750000000e-03
1.101684570312500000e-02,1.101684570312500000e-02
1.165771484375000000e-02,1.165771484375000000e-02
1.449584960937500000e-02,1.449584960937500000e-02
2.102661132812500000e-02,2.102661132812500000e-02
2.655029296875000000e-02,2.655029296875000000e-02
2.923583984375000000e-02,2.923583984375000000e-02
3.128051757812500000e-02,3.128051757812500000e-02
3.466796875000000000e-02,3.466796875000000000e-02
3.683471679687500000e-02,3.683471679687500000e-02
3.860473632812500000e-02,3.860473632812500000e-02
4.147338867187500000e-02,4.147338867187500000e-02
4.431152343750000000e-02,4.431152343750000000e-02
4.858398437500000000e-02,4.858398437500000000e-02
4.791259765625000000e-02,4.791259765625000000e-02
4.711914062500000000e-02,4.711914062500000000e-02
5.432128906250000000e-02,5.432128906250000000e-02
5.856323242187500000e-02,5.856323242187500000e-02
6.176757812500000000e-02,6.176757812500000000e-02
6.558227539062500000e-02,6.558227539062500000e-02
6.799316406250000000e-02,6.799316406250000000e-02
7.397460937500000000e-02,7.397460937500000000e-02
7.409667968750000000e-02,7.409667968750000000e-02
7.247924804687500000e-02,7.247924804687500000e-02
7.662963867187500000e-02,7.662963867187500000e-02
7.891845703125000000e-02,7.891845703125000000e-02
7.965087890625000000e-02,7.965087890625000000e-02
7.855224609375000000e-02,7.855224609375000000e-02
8.065795898437500000e-02,8.065795898437500000e-02
8.627319335937500000e-02,8.627319335937500000e-02
8.520507812500000000e-02,8.520507812500000000e-02
8.285522460937500000e-02,8.285522460937500000e-02
8.435058593750000000e-02,8.435058593750000000e-02
8.749389648437500000e-02,8.749389648437500000e-02
8.758544921875000000e-02,8.758544921875000000e-02
8.035278320312500000e-02,8.035278320312500000e-02
7.202148437500000000e-02,7.202148437500000000e-02
6.097412109375000000e-02,6.097412109375000000e-02
4.043579101562500000e-02,4.043579101562500000e-02
2.011108398437500000e-02,2.011108398437500000e-02
5.523681640625000000e-03,5.523681640625000000e-03
-1.351928710937500000e-02,-1.351928710937500000e-02
-3.961181640625000000e-02,-3.961181640625000000e-02
-6.219482421875000000e-02,-6.219482421875000000e-02
-7.678222656250000000e-02,-7.678222656250000000e-02
-8.923339843750000000e-02,-8.923339843750000000e-02
-1.028747558593750000e-01,-1.028747558593750000e-01
-1.130371093750000000e-01,-1.130371093750000000e-01
-1.144104003906250000e-01,-1.144104003906250000e-01
-1.134948730468750000e-01,-1.134948730468750000e-01
-1.162414550781250000e-01,-1.162414550781250000e-01
-1.192321777343750000e-01,-1.192321777343750000e-01
