3.254763529885466855e-02,3.254763529885466855e-02
1.157904625824615966e-02,1.157904625824615966e-02
-4.687822306414624052e-03,-4.687822306414624052e-03
2.790048601006141216e-02,2.790048601006141216e-02
1.692994705556913684e-02,1.692994705556913684e-02
2.240320325037029742e-02,2.240320325037029742e-02
-1.274402608905323558e-02,-1.274402608905323558e-02
1.341362269442416405e-02,1.341362269442416405e-02
2.805477891841470089e-02,2.805477891841470089e-02
6.722341076595618470e-03,6.722341076595618470e-03
7.562812887431352715e-03,7.562812887431352715e-03
2.691206796523093123e-02,2.691206796523093123e-02
2.775533620708540289e-03,2.775533620708540289e-03
2.010352945907368030e-02,2.010352945907368030e-02
1.717753295774923639e-02,1.717753295774923639e-02
1.726805953118445286e-02,1.726805953118445286e-02
6.024292324550657718e-03,6.024292324550657718e-03
3.357668076234353316e-02,3.357668076234353316e-02
-8.314679514110620562e-03,-8.314679514110620562e-03
9.690585588028599595e-03,9.690585588028599595e-03
2.506295019954781628e-02,2.506295019954781628e-02
7.539695874336449499e-03,7.539695874336449499e-03
1.917839230752946267e-02,1.917839230752946267e-02
1.042021729908765293e-02,1.042021729908765293e-02
9.778309907162968662e-03,9.778309907162968662e-03
1.673859666974884808e-03,1.673859666974884808e-03
1.370528748937959937e-02,1.370528748937959937e-02
3.098046924128412816e-02,3.098046924128412816e-02
6.755625211382197681e-03,6.755625211382197681e-03
4.393021285556875100e-02,4.393021285556875100e-02
3.058244845277374030e-03,3.058244845277374030e-03
3.378045046617615677e-02,3.378045046617615677e-02
2.191736910310599848e-02,2.191736910310599848e-02
1.194714908943471030e-02,1.194714908943471030e-02
1.479991485879674981e-02,1.479991485879674981e-02
1.223264446966821836e-02,1.223264446966821836e-02
2.265637621576348584e-02,2.265637621576348584e-02
1.354027999468020854e-02,1.354027999468020854e-02
1.153308016891212498e-02,1.153308016891212498e-02
8.611794846652566504e-03,8.611794846652566504e-03
2.515369167403753992e-03,2.515369167403753992e-03
1.172599033165206556e-03,1.172599033165206556e-03
4.408591379285980993e-03,4.408591379285980993e-03
9.397526062304973477e-03,9.397526062304973477e-03
-4.459820548292560416e-03,-4.459820548292560416e-03
1.488734701878767497e-02,1.488734701878767497e-02
4.770806959597060498e-03,4.770806959597060498e-03
1.026194101885437998e-02,1.026194101885437998e-02
-3.131521110755569604e-03,-3.131521110755569604e-03
1.519987539525512708e-02,1.519987539525512708e-02
1.439490558564403971e-02,1.439490558564403971e-02
7.513858517111220159e-03,7.513858517111220159e-03
4.107666614976294289e-02,4.107666614976294289e-02
2.231567089091673201e-02,2.231567089091673201e-02
2.974541991386303250e-02,2.974541991386303250e-02
1.780425781635104968e-02,1.780425781635104968e-02
3.408956426415093305e-02,3.408956426415093305e-02
-2.795791101772665543e-03,-2.795791101772665543e-03
1.066570501028199155e-02,1.066570501028199155e-02
1.075206301774040557e-02,1.075206301774040557e-02
-6.922882501487467866e-03,-6.922882501487467866e-03
-3.757129182271872619e-03,-3.757129182271872619e-03
-2.556494353567508038e-04,-2.556494353567508038e-04
1.586396564598451658e-02,1.586396564598451658e-02
3.031305679259790539e-02,3.031305679259790539e-02
4.477250146868692882e-03,4.477250146868692882e-03
1.530154504194546072e-02,1.530154504194546072e-02
1.470241516909610857e-02,1.470241516909610857e-02
3.087533965746219050e-02,3.087533965746219050e-02
-1.085561946137453271e-02,-1.085561946137453271e-02
2.001021969484546165e-02,2.001021969484546165e-02
6.900164506558954802e-03,6.900164506558954802e-03
-1.628975670951471680e-02,-1.628975670951471680e-02
-1.062408671462723546e-02,-1.062408671462723546e-02
2.797080925455338804e-02,2.797080925455338804e-02
1.748475283602131392e-02,1.748475283602131392e-02
1.142103630630928596e-02,1.142103630630928596e-02
1.802444344167929494e-02,1.802444344167929494e-02
1.467228531032918268e-02,1.467228531032918268e-02
1.874743244564962968e-02,1.874743244564962968e-02
3.028362115162400864e-02,3.028362115162400864e-02
-9.060373736896571578e-03,-9.060373736896571578e-03
3.370235985454310412e-02,3.370235985454310412e-02
3.244704182690079375e-02,3.244704182690079375e-02
1.901110757766320825e-02,1.901110757766320825e-02
1.725988333850630302e-02,1.725988333850630302e-02
2.241425324378806122e-02,2.241425324378806122e-02
1.272968315016567362e-02,1.272968315016567362e-02
2.575970522560083395e-02,2.575970522560083395e-02
5.848757683373357469e-03,5.848757683373357469e-03
3.271603708496148566e-03,3.271603708496148566e-03
2.273222634876633994e-02,2.273222634876633994e-02
2.189671529861544896e-02,2.189671529861544896e-02
1.612711923128475749e-03,1.612711923128475749e-03
2.838912512540855970e-02,2.838912512540855970e-02
1.594928871790291317e-02,1.594928871790291317e-02
1.143500100639267131e-02,1.143500100639267131e-02
2.469770685776061930e-02,2.469770685776061930e-02
3.473533819185899152e-02,3.473533819185899152e-02
2.428612200747096855e-02,2.428612200747096855e-02
1.016154511238372138e-02,1.016154511238372138e-02
-1.389764821555311558e-03,-1.389764821555311558e-03
-3.467997309474443041e-03,-3.467997309474443041e-03
1.771006554741951650e-02,1.771006554741951650e-02
8.767535536575245952e-03,8.767535536575245952e-03
9.950847810406261706e-03,9.950847810406261706e-03
2.502102559049119643e-02,2.502102559049119643e-02
8.872837485054865803e-03,8.872837485054865803e-03
1.210969569653991620e-02,1.210969569653991620e-02
-1.916309849178730873e-02,-1.916309849178730873e-02
2.702798486517294860e-02,2.702798486517294860e-02
1.523271444973846658e-02,1.523271444973846658e-02
-4.082453334065615225e-03,-4.082453334065615225e-03
8.119200314602063179e-03,8.119200314602063179e-03
3.001189364255376149e-02,3.001189364255376149e-02
-1.350676696629141832e-03,-1.350676696629141832e-03
1.514727995771053201e-02,1.514727995771053201e-02
5.498537698815980299e-03,5.498537698815980299e-03
3.326754509209532695e-02,3.326754509209532695e-02
3.743379942056909715e-02,3.743379942056909715e-02
2.838696132811564452e-02,2.838696132811564452e-02
-6.157837573100372053e-03,-6.157837573100372053e-03
4.187642241791553893e-03,4.187642241791553893e-03
2.310487388357620325e-02,2.310487388357620325e-02
2.608391699415354634e-02,2.608391699415354634e-02
-1.006911080952367990e-02,-1.006911080952367990e-02
2.509232390508987429e-02,2.509232390508987429e-02
9.094206551189122634e-03,9.094206551189122634e-03
2.069494569994008784e-02,2.069494569994008784e-02
-4.045319684239202102e-03,-4.045319684239202102e-03
3.055895873906863680e-02,3.055895873906863680e-02
2.603976061137261086e-02,2.603976061137261086e-02
3.682251926706268941e-02,3.682251926706268941e-02
3.524896011196030493e-02,3.524896011196030493e-02
2.137167815691811551e-03,2.137167815691811551e-03
-1.043865466930287908e-02,-1.043865466930287908e-02
2.715950121749739071e-02,2.715950121749739071e-02
1.472678231319872466e-02,1.472678231319872466e-02
-1.935235934518088341e-03,-1.935235934518088341e-03
5.047411436138737884e-04,5.047411436138737884e-04
1.711465189042295568e-02,1.711465189042295568e-02
1.259800761349451001e-02,1.259800761349451001e-02
-5.887033405257303259e-03,-5.887033405257303259e-03
2.191201748273268607e-02,2.191201748273268607e-02
1.673496320819923416e-02,1.673496320819923416e-02
1.897429684043509465e-02,1.897429684043509465e-02
7.523426927930954022e-03,7.523426927930954022e-03
7.039516236469395283e-03,7.039516236469395283e-03
1.243835007871333873e-02,1.243835007871333873e-02
1.564356486328490753e-03,1.564356486328490753e-03
4.534807455148216065e-03,4.534807455148216065e-03
1.198947011483735350e-02,1.198947011483735350e-02
1.999155573692951854e-02,1.999155573692951854e-02
1.329881002803966900e-03,1.329881002803966900e-03
9.267341746873471175e-03,9.267341746873471175e-03
2.271472217500818472e-02,2.271472217500818472e-02
1.092015526065318043e-02,1.092015526065318043e-02
1.642378158636902119e-02,1.642378158636902119e-02
1.492117642172349767e-02,1.492117642172349767e-02
1.326743768820282110e-02,1.326743768820282110e-02
2.406662640510243145e-02,2.406662640510243145e-02
8.310895371427533262e-03,8.310895371427533262e-03
1.040939274359645866e-02,1.040939274359645866e-02
2.412296231387991985e-02,2.412296231387991985e-02
1.527422830876039306e-02,1.527422830876039306e-02
2.412224779690443077e-02,2.412224779690443077e-02
1.097613252686516043e-02,1.097613252686516043e-02
1.697369709976205565e-02,1.697369709976205565e-02
-2.850502427839275710e-03,-2.850502427839275710e-03
8.629645910486826582e-03,8.629645910486826582e-03
3.737924439913052621e-02,3.737924439913052621e-02
-5.608079411197251785e-03,-5.608079411197251785e-03
1.542622271116553950e-02,1.542622271116553950e-02
-9.011923760428901947e-03,-9.011923760428901947e-03
-1.503364628313245271e-03,-1.503364628313245271e-03
5.161836926316835245e-03,5.161836926316835245e-03
6.124559926476823984e-03,6.124559926476823984e-03
1.317443721953721024e-02,1.317443721953721024e-02
1.955694606528786406e-02,1.955694606528786406e-02
1.893115446237858893e-02,1.893115446237858893e-02
1.132956969912034609e-02,1.132956969912034609e-02
1.472492683282814602e-03,1.472492683282814602e-03
-1.618550519513592759e-02,-1.618550519513592759e-02
2.008455130203579825e-02,2.008455130203579825e-02
1.429722229776270170e-02,1.429722229776270170e-02
7.618588231952591605e-03,7.618588231952591605e-03
2.667843840210891437e-02,2.667843840210891437e-02
-7.015981401881192514e-03,-7.015981401881192514e-03
9.999490895204930785e-03,9.999490895204930785e-03
1.124186499141085691e-02,1.124186499141085691e-02
3.545352336205077892e-02,3.545352336205077892e-02
3.301824488338349350e-02,3.301824488338349350e-02
3.513917161585265736e-02,3.513917161585265736e-02
2.390622391415871822e-02,2.390622391415871822e-02
3.529768625379129526e-03,3.529768625379129526e-03
5.580680342359912310e-03,5.580680342359912310e-03
-2.526984324772770657e-03,-2.526984324772770657e-03
-7.818334065844353975e-04,-7.818334065844353975e-04
-3.441364536990981771e-03,-3.441364536990981771e-03
1.413674750650916606e-02,1.413674750650916606e-02
1.472677428473352298e-02,1.472677428473352298e-02
1.473448685168517874e-02,1.473448685168517874e-02
1.984315185217116681e-02,1.984315185217116681e-02
3.215168374631637016e-02,3.215168374631637016e-02
2.396514340357603148e-02,2.396514340357603148e-02
4.355794190672183930e-02,4.355794190672183930e-02
1.609405147206425732e-02,1.609405147206425732e-02
3.483652815493037957e-03,3.483652815493037957e-03
2.712679032297023868e-02,2.712679032297023868e-02
2.335602949284986546e-02,2.335602949284986546e-02
7.731942972500981115e-03,7.731942972500981115e-03
1.992647354454739339e-02,1.992647354454739339e-02
5.703508159178548309e-03,5.703508159178548309e-03
7.039262518684887698e-03,7.039262518684887698e-03
-5.099531563782726262e-03,-5.099531563782726262e-03
1.894753558980609084e-02,1.894753558980609084e-02
4.617086323302994899e-03,4.617086323302994899e-03
-1.448611258934832599e-02,-1.448611258934832599e-02
6.168974852799609387e-03,6.168974852799609387e-03
8.524594195043264447e-03,8.524594195043264447e-03
1.050862176090512981e-02,1.050862176090512981e-02
1.769928127761473402e-02,1.769928127761473402e-02
3.074734246565208329e-03,3.074734246565208329e-03
-5.789577244991992583e-03,-5.789577244991992583e-03
4.975534387136628517e-03,4.975534387136628517e-03
-1.840597930243059038e-03,-1.840597930243059038e-03
3.139562920766295756e-02,3.139562920766295756e-02
1.834086171286819500e-02,1.834086171286819500e-02
2.802950594869246456e-02,2.802950594869246456e-02
2.700769689120664785e-02,2.700769689120664785e-02
1.021124085084609140e-02,1.021124085084609140e-02
1.113790560464614568e-02,1.113790560464614568e-02
4.021221772298154418e-02,4.021221772298154418e-02
2.292978646961127409e-02,2.292978646961127409e-02
2.108868220227525306e-02,2.108868220227525306e-02
1.487348059473152934e-02,1.487348059473152934e-02
2.198150942751164738e-02,2.198150942751164738e-02
1.839263542128338411e-02,1.839263542128338411e-02
2.849477150137554732e-02,2.849477150137554732e-02
-1.325887078065694086e-03,-1.325887078065694086e-03
1.883797640533465406e-02,1.883797640533465406e-02
2.523387826919687785e-02,2.523387826919687785e-02
1.955922982600414792e-02,1.955922982600414792e-02
4.773827036962219328e-03,4.773827036962219328e-03
2.055519002365075246e-02,2.055519002365075246e-02
3.909543820119651403e-02,3.909543820119651403e-02
2.542433407613405028e-03,2.542433407613405028e-03
-3.292956216477981035e-03,-3.292956216477981035e-03
6.426054322153172682e-03,6.426054322153172682e-03
2.836305444476639251e-02,2.836305444476639251e-02
2.747877632457767366e-02,2.747877632457767366e-02
2.984231342431133485e-02,2.984231342431133485e-02
2.468835292166322165e-02,2.468835292166322165e-02
1.654056544351178992e-02,1.654056544351178992e-02
3.018766790530998806e-02,3.018766790530998806e-02
2.435922515592867793e-02,2.435922515592867793e-02
6.032321437208616743e-03,6.032321437208616743e-03
2.163913902930500108e-02,2.163913902930500108e-02
3.744867133487402022e-02,3.744867133487402022e-02
-1.171594653707461187e-03,-1.171594653707461187e-03
2.812803655064304714e-02,2.812803655064304714e-02
2.991526907401291513e-02,2.991526907401291513e-02
8.628093009335188746e-03,8.628093009335188746e-03
3.141136186124830060e-03,3.141136186124830060e-03
1.674150264584491413e-02,1.674150264584491413e-02
1.130316212118837732e-02,1.130316212118837732e-02
9.884365449224316591e-03,9.884365449224316591e-03
1.724230290991168868e-04,1.724230290991168868e-04
-1.000472542873073745e-02,-1.000472542873073745e-02
2.251519577640405390e-02,2.251519577640405390e-02
6.721798161928554949e-03,6.721798161928554949e-03
-4.480682551141201841e-04,-4.480682551141201841e-04
3.279954665598194125e-02,3.279954665598194125e-02
9.057816147298808351e-03,9.057816147298808351e-03
1.964265859152939525e-02,1.964265859152939525e-02
1.622591897674009395e-02,1.622591897674009395e-02
1.606128575624178947e-02,1.606128575624178947e-02
9.641957008723441719e-03,9.641957008723441719e-03
1.962595344570976924e-02,1.962595344570976924e-02
2.093678648697805053e-02,2.093678648697805053e-02
3.180126199528197223e-02,3.180126199528197223e-02
8.244364669548136237e-03,8.244364669548136237e-03
4.314229168536506953e-03,4.314229168536506953e-03
4.033659956398986252e-03,4.033659956398986252e-03
2.306833949889753807e-02,2.306833949889753807e-02
2.103390776922823419e-02,2.103390776922823419e-02
2.556440822902235691e-02,2.556440822902235691e-02
3.525072425779141039e-02,3.525072425779141039e-02
1.735780211719002708e-02,1.735780211719002708e-02
1.477891209868261758e-02,1.477891209868261758e-02
1.200256806835896251e-02,1.200256806835896251e-02
1.779378164721899871e-02,1.779378164721899871e-02
-3.056074089922058284e-03,-3.056074089922058284e-03
4.523754624955193121e-03,4.523754624955193121e-03
2.276677667760045737e-02,2.276677667760045737e-02
1.919012023106556747e-02,1.919012023106556747e-02
3.681954672820283297e-03,3.681954672820283297e-03
9.460176149265045464e-03,9.460176149265045464e-03
1.507819757059131356e-02,1.507819757059131356e-02
1.931601493962471772e-02,1.931601493962471772e-02
1.131262033092594529e-02,1.131262033092594529e-02
1.855828043580971809e-02,1.855828043580971809e-02
1.714062231945809311e-02,1.714062231945809311e-02
2.140696519236513773e-02,2.140696519236513773e-02
2.780185257532285723e-02,2.780185257532285723e-02
4.773835422738102047e-03,4.773835422738102047e-03
-5.577642354202369535e-03,-5.577642354202369535e-03
1.618434706263366385e-02,1.618434706263366385e-02
8.896233998752710662e-03,8.896233998752710662e-03
6.784992414485917916e-03,6.784992414485917916e-03
1.063827951758141571e-02,1.063827951758141571e-02
-1.574493174887350855e-03,-1.574493174887350855e-03
8.759535290399935586e-03,8.759535290399935586e-03
1.918539325001477128e-02,1.918539325001477128e-02
1.761144976183930469e-02,1.761144976183930469e-02
-1.088808558396915302e-02,-1.088808558396915302e-02
3.571363449968165127e-02,3.571363449968165127e-02
1.006734158679693444e-02,1.006734158679693444e-02
9.191568182253504610e-03,9.191568182253504610e-03
2.303533418835116559e-02,2.303533418835116559e-02
3.060860108311505220e-02,3.060860108311505220e-02
1.417622926054053906e-02,1.417622926054053906e-02
5.097899984730473733e-04,5.097899984730473733e-04
-1.163985145027547977e-02,-1.163985145027547977e-02
4.030820723688047919e-02,4.030820723688047919e-02
-4.458540444355410526e-04,-4.458540444355410526e-04
1.669979330548604368e-02,1.669979330548604368e-02
1.134937240235658895e-02,1.134937240235658895e-02
2.583121556055016296e-02,2.583121556055016296e-02
-2.396433334670627913e-03,-2.396433334670627913e-03
3.097463605488197727e-02,3.097463605488197727e-02
3.176533337831356774e-02,3.176533337831356774e-02
1.510217711518114722e-02,1.510217711518114722e-02
4.079918003660511217e-04,4.079918003660511217e-04
1.857066701261433569e-03,1.857066701261433569e-03
1.732123196485608335e-02,1.732123196485608335e-02
-3.826866956260811803e-04,-3.826866956260811803e-04
1.063993798165177584e-02,1.063993798165177584e-02
1.781551518088087677e-02,1.781551518088087677e-02
1.298458915620038373e-02,1.298458915620038373e-02
1.185519102372045025e-02,1.185519102372045025e-02
6.541136318476119954e-03,6.541136318476119954e-03
1.340764264525078769e-02,1.340764264525078769e-02
3.019982133219312193e-02,3.019982133219312193e-02
1.554640427636038921e-02,1.554640427636038921e-02
4.289546422915901935e-03,4.289546422915901935e-03
1.334866015600863660e-02,1.334866015600863660e-02
4.336890157529172535e-02,4.336890157529172535e-02
2.501258962457205900e-02,2.501258962457205900e-02
1.070625082045539508e-02,1.070625082045539508e-02
2.149644360526919637e-02,2.149644360526919637e-02
4.514848327516085558e-03,4.514848327516085558e-03
6.495106488702780123e-03,6.495106488702780123e-03
1.274227110798951609e-02,1.274227110798951609e-02
2.966030724688327458e-02,2.966030724688327458e-02
3.802541013106659762e-02,3.802541013106659762e-02
1.296394651147169189e-02,1.296394651147169189e-02
2.080735334558146687e-02,2.080735334558146687e-02
9.522666095482346799e-03,9.522666095482346799e-03
1.931905038642310266e-02,1.931905038642310266e-02
-1.194515968090458999e-02,-1.194515968090458999e-02
2.974975446123885245e-02,2.974975446123885245e-02
1.234556972007858772e-02,1.234556972007858772e-02
1.423539768754938928e-02,1.423539768754938928e-02
1.652122876276745228e-02,1.652122876276745228e-02
-1.393269728992209411e-03,-1.393269728992209411e-03
-1.474571619659004185e-02,-1.474571619659004185e-02
1.335990378776081081e-02,1.335990378776081081e-02
4.679108010712133836e-03,4.679108010712133836e-03
5.349916628320811746e-03,5.349916628320811746e-03
2.024597194652613327e-02,2.024597194652613327e-02
1.192732974240788210e-02,1.192732974240788210e-02
2.899984139075842751e-02,2.899984139075842751e-02
1.459862796031043131e-02,1.459862796031043131e-02
8.441530914828986043e-03,8.441530914828986043e-03
3.732383835862164434e-02,3.732383835862164434e-02
1.526096801378260676e-02,1.526096801378260676e-02
1.896548977463378971e-02,1.896548977463378971e-02
1.931928000693777792e-03,1.931928000693777792e-03
2.857145550936048689e-02,2.857145550936048689e-02
3.587369847454793814e-03,3.587369847454793814e-03
5.651293782115120873e-03,5.651293782115120873e-03
-1.458798790603963585e-02,-1.458798790603963585e-02
4.614547382325671215e-03,4.614547382325671215e-03
2.313716371705395666e-02,2.313716371705395666e-02
-1.902840032535563913e-03,-1.902840032535563913e-03
3.104859946275691576e-02,3.104859946275691576e-02
5.500960253528343336e-04,5.500960253528343336e-04
1.114334357740787325e-02,1.114334357740787325e-02
6.946869084506226283e-03,6.946869084506226283e-03
1.139081646854589111e-02,1.139081646854589111e-02
2.083894501184565054e-02,2.083894501184565054e-02
3.937748033540720144e-03,3.937748033540720144e-03
-1.254095148826923217e-03,-1.254095148826923217e-03
3.283499123352157101e-02,3.283499123352157101e-02
3.679338345079971595e-02,3.679338345079971595e-02
5.588368291938736881e-03,5.588368291938736881e-03
-1.479219130843242858e-02,-1.479219130843242858e-02
5.437530729646259525e-03,5.437530729646259525e-03
7.444899945817866349e-03,7.444899945817866349e-03
1.016293149690823683e-02,1.016293149690823683e-02
-1.630136585120893489e-03,-1.630136585120893489e-03
2.849130558810199915e-02,2.849130558810199915e-02
-1.007781342022887050e-02,-1.007781342022887050e-02
3.249259576095843427e-02,3.249259576095843427e-02
1.853292475572516917e-02,1.853292475572516917e-02
1.744447067776746380e-02,1.744447067776746380e-02
2.003858038575864753e-02,2.003858038575864753e-02
6.700367629908502570e-03,6.700367629908502570e-03
2.797289237137680698e-02,2.797289237137680698e-02
2.035487298488567950e-02,2.035487298488567950e-02
2.585791498174118408e-02,2.585791498174118408e-02
-1.210783775715747190e-02,-1.210783775715747190e-02
1.016162493522875659e-02,1.016162493522875659e-02
2.223371179928139776e-02,2.223371179928139776e-02
6.928017993727723228e-03,6.928017993727723228e-03
-1.907860485666642084e-02,-1.907860485666642084e-02
9.755156490581215478e-03,9.755156490581215478e-03
2.082522324092298677e-02,2.082522324092298677e-02
1.873702418855749743e-02,1.873702418855749743e-02
5.347168132863355100e-03,5.347168132863355100e-03
7.893494841234020842e-03,7.893494841234020842e-03
2.928389871151590440e-02,2.928389871151590440e-02
1.360977576195014985e-02,1.360977576195014985e-02
3.555836607874420657e-02,3.555836607874420657e-02
1.814505481329271169e-02,1.814505481329271169e-02
5.685746288270697446e-03,5.685746288270697446e-03
5.737849371659638556e-03,5.737849371659638556e-03
3.267199915775664820e-02,3.267199915775664820e-02
5.336719611452992590e-03,5.336719611452992590e-03
2.346307733940457621e-02,2.346307733940457621e-02
1.769768476706615190e-02,1.769768476706615190e-02
-2.030629332962774480e-03,-2.030629332962774480e-03
2.986339639132227011e-02,2.986339639132227011e-02
2.359364091476379155e-02,2.359364091476379155e-02
2.096531069913565651e-02,2.096531069913565651e-02
1.334016235384581292e-02,1.334016235384581292e-02
5.210999803794285484e-03,5.210999803794285484e-03
1.415043699530943791e-02,1.415043699530943791e-02
1.309403586847749518e-02,1.309403586847749518e-02
1.378237975793158640e-02,1.378237975793158640e-02
-1.864332265350404638e-04,-1.864332265350404638e-04
7.580387826979714805e-03,7.580387826979714805e-03
2.276381097804010267e-02,2.276381097804010267e-02
2.062088498767754990e-02,2.062088498767754990e-02
6.007909347514174200e-03,6.007909347514174200e-03
6.782055360890847096e-03,6.782055360890847096e-03
-1.150553449131756778e-02,-1.150553449131756778e-02
3.434065751543591977e-02,3.434065751543591977e-02
3.609455305433733469e-02,3.609455305433733469e-02
1.145933597674622662e-02,1.145933597674622662e-02
2.200489106686239621e-03,2.200489106686239621e-03
1.632650127474599006e-02,1.632650127474599006e-02
-1.222199441592598801e-02,-1.222199441592598801e-02
3.445520567653208299e-02,3.445520567653208299e-02
1.640809736047905282e-02,1.640809736047905282e-02
-3.978624003143686749e-03,-3.978624003143686749e-03
9.169425310189140144e-03,9.169425310189140144e-03
-4.052208689044697887e-03,-4.052208689044697887e-03
7.560309015098670010e-03,7.560309015098670010e-03
9.727652713503558146e-03,9.727652713503558146e-03
2.244444499792333861e-02,2.244444499792333861e-02
1.345666463438644628e-02,1.345666463438644628e-02
4.348150292420977642e-02,4.348150292420977642e-02
-6.198031051292737098e-03,-6.198031051292737098e-03
3.602100222190592060e-02,3.602100222190592060e-02
1.465731201420269331e-02,1.465731201420269331e-02
1.875135900772073247e-02,1.875135900772073247e-02
1.057310788365795062e-03,1.057310788365795062e-03
2.681403373564352974e-02,2.681403373564352974e-02
1.591869578038561384e-02,1.591869578038561384e-02
1.718271031091137685e-02,1.718271031091137685e-02
1.014767315331639025e-02,1.014767315331639025e-02
1.162400242775494391e-02,1.162400242775494391e-02
2.887023662938355967e-02,2.887023662938355967e-02
1.712017723889635093e-02,1.712017723889635093e-02
1.971814997597088823e-02,1.971814997597088823e-02
4.976159926108801590e-03,4.976159926108801590e-03
2.147480635264241433e-02,2.147480635264241433e-02
-2.205616786336113411e-02,-2.205616786336113411e-02
2.328736976123606597e-02,2.328736976123606597e-02
2.703438634334891233e-02,2.703438634334891233e-02
2.447361621772906060e-02,2.447361621772906060e-02
2.022456359743541460e-02,2.022456359743541460e-02
2.201616979713152955e-02,2.201616979713152955e-02
2.181896620259040839e-02,2.181896620259040839e-02
-7.021741621413692819e-03,-7.021741621413692819e-03
1.493376023517432177e-03,1.493376023517432177e-03
5.726031243438251678e-03,5.726031243438251678e-03
2.685359677809894680e-02,2.685359677809894680e-02
1.751187188077475004e-02,1.751187188077475004e-02
2.375083393260362177e-02,2.375083393260362177e-02
2.037791618756223250e-02,2.037791618756223250e-02
1.979688639740663503e-02,1.979688639740663503e-02
-2.008855974654291665e-03,-2.008855974654291665e-03
1.190758847306027171e-02,1.190758847306027171e-02
2.119598852983844983e-02,2.119598852983844983e-02
8.325997548708666957e-03,8.325997548708666957e-03
-7.188354321957707987e-03,-7.188354321957707987e-03
1.507935502845078081e-02,1.507935502845078081e-02
9.586089232395740567e-03,9.586089232395740567e-03
1.158950521406406850e-02,1.158950521406406850e-02
2.273107254003677372e-02,2.273107254003677372e-02
-1.566943404874877876e-04,-1.566943404874877876e-04
2.047151233095426473e-02,2.047151233095426473e-02
6.792198524843025970e-03,6.792198524843025970e-03
2.082585517580796269e-02,2.082585517580796269e-02
6.065050629025861562e-03,6.065050629025861562e-03
1.320514405501642397e-02,1.320514405501642397e-02
3.746207807383310912e-03,3.746207807383310912e-03
3.003432585508901062e-02,3.003432585508901062e-02
3.487190847200692667e-03,3.487190847200692667e-03
-4.122654668485506435e-03,-4.122654668485506435e-03
-3.319229823868438678e-03,-3.319229823868438678e-03
-1.505712508951698864e-02,-1.505712508951698864e-02
6.830542436289790964e-03,6.830542436289790964e-03
1.583711109566817918e-02,1.583711109566817918e-02
2.309450553480815391e-02,2.309450553480815391e-02
8.955904146105333336e-03,8.955904146105333336e-03
8.318856318420900231e-03,8.318856318420900231e-03
3.192631564186154680e-02,3.192631564186154680e-02
8.342854670946774076e-03,8.342854670946774076e-03
-1.456922375172191308e-03,-1.456922375172191308e-03
9.212601576416578480e-03,9.212601576416578480e-03
9.180873551357555951e-03,9.180873551357555951e-03
-1.620951080817699744e-02,-1.620951080817699744e-02
9.397827676423501503e-03,9.397827676423501503e-03
1.348825019304326217e-02,1.348825019304326217e-02
2.448248606902831206e-02,2.448248606902831206e-02
2.268584539158184296e-02,2.268584539158184296e-02
1.585822909146483717e-02,1.585822909146483717e-02
3.285351602576400132e-02,3.285351602576400132e-02
-8.182407157665626263e-03,-8.182407157665626263e-03
-1.288494596218702284e-02,-1.288494596218702284e-02
2.255719132122602222e-02,2.255719132122602222e-02
2.262071010551329822e-02,2.262071010551329822e-02
7.122845194206309932e-03,7.122845194206309932e-03
1.319632284347685772e-02,1.319632284347685772e-02
2.525492430537429334e-03,2.525492430537429334e-03
1.939950054812853916e-02,1.939950054812853916e-02
2.494229915306152290e-02,2.494229915306152290e-02
1.973907118689273779e-02,1.973907118689273779e-02
-2.081833816812705962e-03,-2.081833816812705962e-03
1.324460676548636084e-02,1.324460676548636084e-02
2.468618154647057167e-02,2.468618154647057167e-02
4.529580353098212192e-03,4.529580353098212192e-03
4.367618624705773417e-03,4.367618624705773417e-03
-6.357414206849296839e-03,-6.357414206849296839e-03
3.783565389538950247e-02,3.783565389538950247e-02
1.983695339172565630e-03,1.983695339172565630e-03
-1.172031461741184985e-02,-1.172031461741184985e-02
1.329293925061333578e-02,1.329293925061333578e-02
5.432182569203823641e-03,5.432182569203823641e-03
1.685758152107666441e-02,1.685758152107666441e-02
3.333103277370234874e-03,3.333103277370234874e-03
2.094336771733035230e-02,2.094336771733035230e-02
-2.333736361145075100e-03,-2.333736361145075100e-03
3.402373429250229314e-03,3.402373429250229314e-03
2.582502326285204472e-02,2.582502326285204472e-02
2.595047612746997912e-02,2.595047612746997912e-02
3.904168366214919028e-02,3.904168366214919028e-02
-9.266424611138929929e-03,-9.266424611138929929e-03
1.204823026096126133e-02,1.204823026096126133e-02
4.930934965198530140e-05,4.930934965198530140e-05
2.252510160622642546e-02,2.252510160622642546e-02
6.318992658633733328e-03,6.318992658633733328e-03
3.326819402272018084e-02,3.326819402272018084e-02
1.439463888290141297e-03,1.439463888290141297e-03
-4.788953858632684357e-04,-4.788953858632684357e-04
3.738085690814111489e-02,3.738085690814111489e-02
2.366276894266422862e-02,2.366276894266422862e-02
7.538956562599709310e-04,7.538956562599709310e-04
1.550293789765910119e-03,1.550293789765910119e-03
8.373127510215846309e-03,8.373127510215846309e-03
-2.193123948869483628e-02,-2.193123948869483628e-02
2.919824560650960410e-02,2.919824560650960410e-02
8.290456714273832656e-03,8.290456714273832656e-03
5.145202917302828943e-03,5.145202917302828943e-03
-3.760706828395896095e-03,-3.760706828395896095e-03
-4.859284925627285062e-03,-4.859284925627285062e-03
3.074462258074727589e-02,3.074462258074727589e-02
1.263563857879685011e-02,1.263563857879685011e-02
3.337078802419086304e-02,3.337078802419086304e-02
3.230891612728800655e-02,3.230891612728800655e-02
-7.052232790790174954e-03,-7.052232790790174954e-03
-1.524634216424174127e-04,-1.524634216424174127e-04
1.924781401584441456e-02,1.924781401584441456e-02
2.524440538338561246e-02,2.524440538338561246e-02
4.933852391471274523e-03,4.933852391471274523e-03
1.188637267652338167e-02,1.188637267652338167e-02
1.000332881429232337e-02,1.000332881429232337e-02
4.196740284272679200e-03,4.196740284272679200e-03
3.615419643461521837e-03,3.615419643461521837e-03
1.032791963713046088e-02,1.032791963713046088e-02
2.050327805247793150e-03,2.050327805247793150e-03
1.758423141899990993e-02,1.758423141899990993e-02
4.004978790830927837e-03,4.004978790830927837e-03
1.557661293379637019e-02,1.557661293379637019e-02
-2.428264248458229108e-03,-2.428264248458229108e-03
-1.116674961529872875e-02,-1.116674961529872875e-02
6.124737203694455290e-03,6.124737203694455290e-03
1.205775580442962347e-02,1.205775580442962347e-02
3.014671311132603379e-02,3.014671311132603379e-02
2.195115876476831651e-02,2.195115876476831651e-02
1.559640988031549963e-02,1.559640988031549963e-02
3.878821621580562373e-03,3.878821621580562373e-03
2.770583146587463769e-02,2.770583146587463769e-02
3.611821721206296548e-02,3.611821721206296548e-02
2.334509290678235538e-02,2.334509290678235538e-02
2.936494496316158220e-02,2.936494496316158220e-02
3.944549625951927763e-03,3.944549625951927763e-03
-6.984247607389918594e-03,-6.984247607389918594e-03
9.776286874850045189e-03,9.776286874850045189e-03
1.720798224805272086e-02,1.720798224805272086e-02
5.697956847198964309e-03,5.697956847198964309e-03
3.665424031695629220e-03,3.665424031695629220e-03
-9.223002888302928720e-03,-9.223002888302928720e-03
3.076166808823528262e-02,3.076166808823528262e-02
8.154017862360082164e-03,8.154017862360082164e-03
2.125031695179729896e-02,2.125031695179729896e-02
1.501774182440083691e-02,1.501774182440083691e-02
5.748153256394852167e-03,5.748153256394852167e-03
-9.785869030380849737e-03,-9.785869030380849737e-03
-1.326428476146045143e-02,-1.326428476146045143e-02
1.396937020519753783e-02,1.396937020519753783e-02
5.093168623802706019e-04,5.093168623802706019e-04
2.137226710481894554e-02,2.137226710481894554e-02
1.845883877007691368e-02,1.845883877007691368e-02
3.880515350002589764e-02,3.880515350002589764e-02
4.140485227458294559e-03,4.140485227458294559e-03
1.626064617792244427e-02,1.626064617792244427e-02
2.980512268544802112e-03,2.980512268544802112e-03
7.502291413022388333e-03,7.502291413022388333e-03
-7.366896904275693769e-03,-7.366896904275693769e-03
1.672198676279054372e-02,1.672198676279054372e-02
1.036421877918490553e-04,1.036421877918490553e-04
1.427129350575512268e-02,1.427129350575512268e-02
7.781119751283056135e-03,7.781119751283056135e-03
7.996403723361505261e-03,7.996403723361505261e-03
2.092914384176212256e-02,2.092914384176212256e-02
3.677613828827656223e-02,3.677613828827656223e-02
9.255304047332726936e-03,9.255304047332726936e-03
3.317977457247388295e-02,3.317977457247388295e-02
1.478954852700090430e-02,1.478954852700090430e-02
5.828042007704786753e-03,5.828042007704786753e-03
-6.436362768614117824e-04,-6.436362768614117824e-04
1.353242857035951915e-02,1.353242857035951915e-02
1.436862045906272048e-02,1.436862045906272048e-02
1.338222946108639372e-02,1.338222946108639372e-02
2.071286041682588244e-02,2.071286041682588244e-02
1.728189807073852308e-02,1.728189807073852308e-02
1.130098983710844246e-02,1.130098983710844246e-02
2.758953774189218042e-02,2.758953774189218042e-02
5.854162208400504747e-03,5.854162208400504747e-03
1.803698800135694960e-02,1.803698800135694960e-02
2.413846586638544039e-02,2.413846586638544039e-02
1.381969016189417421e-02,1.381969016189417421e-02
8.710215070068399318e-03,8.710215070068399318e-03
1.498269388018162729e-03,1.498269388018162729e-03
1.497679359432068161e-02,1.497679359432068161e-02
-5.471700346439227480e-04,-5.471700346439227480e-04
6.169735368312390111e-03,6.169735368312390111e-03
1.988118930316399441e-02,1.988118930316399441e-02
3.395947716846219044e-02,3.395947716846219044e-02
1.590899193512934975e-02,1.590899193512934975e-02
1.268166709722750793e-02,1.268166709722750793e-02
2.001699892655511501e-02,2.001699892655511501e-02
8.900607824016120578e-03,8.900607824016120578e-03
1.540082947615994784e-02,1.540082947615994784e-02
2.473098353373289968e-02,2.473098353373289968e-02
-1.159820164310647328e-03,-1.159820164310647328e-03
2.105514315635891379e-02,2.105514315635891379e-02
6.398226277194184186e-03,6.398226277194184186e-03
2.644647653072388152e-02,2.644647653072388152e-02
5.178922905399004767e-03,5.178922905399004767e-03
1.117153037492753589e-02,1.117153037492753589e-02
2.394836772469981570e-02,2.394836772469981570e-02
1.437421332189530582e-02,1.437421332189530582e-02
2.268006692920485762e-02,2.268006692920485762e-02
1.235837707353239917e-02,1.235837707353239917e-02
1.418196428795023833e-02,1.418196428795023833e-02
2.973559766070254032e-02,2.973559766070254032e-02
1.209200256565227949e-02,1.209200256565227949e-02
2.044914620965881252e-03,2.044914620965881252e-03
2.059868691047810757e-02,2.059868691047810757e-02
-3.071415979001002744e-03,-3.071415979001002744e-03
3.023639312905056914e-02,3.023639312905056914e-02
-2.182567907439873084e-03,-2.182567907439873084e-03
2.730314953716197340e-02,2.730314953716197340e-02
2.064506011810040079e-02,2.064506011810040079e-02
1.714819940691153857e-02,1.714819940691153857e-02
1.442020135761202040e-02,1.442020135761202040e-02
1.152808006161222011e-02,1.152808006161222011e-02
7.081463225225334557e-03,7.081463225225334557e-03
3.380321186670631056e-02,3.380321186670631056e-02
2.513648082707047038e-02,2.513648082707047038e-02
-4.141352309436449608e-03,-4.141352309436449608e-03
1.801804083927581110e-02,1.801804083927581110e-02
1.757927932556567138e-02,1.757927932556567138e-02
2.270995400434788758e-02,2.270995400434788758e-02
1.005684342162230238e-02,1.005684342162230238e-02
3.423788278191430834e-02,3.423788278191430834e-02
7.099257136477268165e-03,7.099257136477268165e-03
3.523792810040363155e-02,3.523792810040363155e-02
-1.266456091925782096e-03,-1.266456091925782096e-03
1.696702111322476864e-02,1.696702111322476864e-02
1.847379165928129952e-02,1.847379165928129952e-02
2.313571842445475910e-02,2.313571842445475910e-02
4.872554121644066122e-02,4.872554121644066122e-02
-2.498664578601754449e-03,-2.498664578601754449e-03
3.949559901443293330e-03,3.949559901443293330e-03
-1.263275937361217974e-02,-1.263275937361217974e-02
4.113044283013288227e-02,4.113044283013288227e-02
3.184755804715894145e-02,3.184755804715894145e-02
3.264773034042121880e-03,3.264773034042121880e-03
4.862748609954010981e-03,4.862748609954010981e-03
1.496701353985863646e-02,1.496701353985863646e-02
-3.245196637117055832e-03,-3.245196637117055832e-03
8.051600315795347240e-03,8.051600315795347240e-03
2.241182346841169570e-02,2.241182346841169570e-02
1.704800247836214810e-02,1.704800247836214810e-02
2.570358082659734977e-03,2.570358082659734977e-03
5.779122910838176141e-02,5.779122910838176141e-02
7.808910820650636492e-03,7.808910820650636492e-03
1.675407279183776729e-02,1.675407279183776729e-02
1.653710701683352643e-02,1.653710701683352643e-02
2.574585467380155826e-02,2.574585467380155826e-02
1.813675738374131291e-02,1.813675738374131291e-02
2.535536909549625934e-02,2.535536909549625934e-02
7.238459419587804644e-03,7.238459419587804644e-03
1.376806505530529801e-02,1.376806505530529801e-02
2.616776416512778605e-02,2.616776416512778605e-02
1.159829759360672674e-03,1.159829759360672674e-03
1.028682870487589857e-02,1.028682870487589857e-02
5.529688352076022467e-03,5.529688352076022467e-03
-1.508312029186104422e-02,-1.508312029186104422e-02
1.311632572969722438e-02,1.311632572969722438e-02
2.394778089134929830e-02,2.394778089134929830e-02
-3.391402998122985263e-03,-3.391402998122985263e-03
-9.736387734139533012e-03,-9.736387734139533012e-03
2.325243021817411868e-02,2.325243021817411868e-02
-1.799047174949186534e-02,-1.799047174949186534e-02
1.496801744272339973e-02,1.496801744272339973e-02
1.940511220493830805e-02,1.940511220493830805e-02
2.451899529955956641e-02,2.451899529955956641e-02
1.106435475327496518e-02,1.106435475327496518e-02
1.673221443139736100e-02,1.673221443139736100e-02
2.097170561977107495e-02,2.097170561977107495e-02
-2.029833362572296823e-03,-2.029833362572296823e-03
-5.498695820570036891e-03,-5.498695820570036891e-03
-3.256799010291671487e-03,-3.256799010291671487e-03
1.019363121703716762e-02,1.019363121703716762e-02
1.259953476078002135e-02,1.259953476078002135e-02
4.001090748462414470e-02,4.001090748462414470e-02
-5.326289345735660263e-03,-5.326289345735660263e-03
-8.700701922940284883e-04,-8.700701922940284883e-04
7.196890256204215019e-03,7.196890256204215019e-03
4.369608565302988967e-03,4.369608565302988967e-03
2.609456875036136533e-02,2.609456875036136533e-02
1.435099847727089317e-02,1.435099847727089317e-02
1.417688584310115157e-02,1.417688584310115157e-02
9.763364032000825671e-03,9.763364032000825671e-03
3.684889700870011553e-02,3.684889700870011553e-02
1.466077977549827549e-02,1.466077977549827549e-02
9.973022889529805507e-03,9.973022889529805507e-03
5.727228276423693837e-03,5.727228276423693837e-03
3.121119317708638888e-02,3.121119317708638888e-02
-1.961239995483025564e-02,-1.961239995483025564e-02
2.863051880716463785e-02,2.863051880716463785e-02
1.746316503425173264e-02,1.746316503425173264e-02
-9.428903588246245748e-03,-9.428903588246245748e-03
6.479400684940673366e-03,6.479400684940673366e-03
1.989071736317168243e-02,1.989071736317168243e-02
2.110114205593542278e-02,2.110114205593542278e-02
3.027224995309966277e-02,3.027224995309966277e-02
6.155509727590269264e-03,6.155509727590269264e-03
1.324423059020527274e-02,1.324423059020527274e-02
1.052711403344939317e-02,1.052711403344939317e-02
9.895276291824919856e-03,9.895276291824919856e-03
-2.998093666932544199e-03,-2.998093666932544199e-03
-6.911748964199777856e-03,-6.911748964199777856e-03
8.545235958478260285e-03,8.545235958478260285e-03
7.272140515358693075e-03,7.272140515358693075e-03
1.602784686736003633e-02,1.602784686736003633e-02
1.862630383553890920e-02,1.862630383553890920e-02
3.396472924948389094e-02,3.396472924948389094e-02
-2.693343317392016267e-04,-2.693343317392016267e-04
1.123975637695383105e-02,1.123975637695383105e-02
2.688893663492987127e-02,2.688893663492987127e-02
3.767508893443086149e-04,3.767508893443086149e-04
3.911449480956187552e-02,3.911449480956187552e-02
7.704069999195258672e-03,7.704069999195258672e-03
1.706936881961802419e-02,1.706936881961802419e-02
1.794863009421111821e-02,1.794863009421111821e-02
-1.480140792023255242e-02,-1.480140792023255242e-02
3.765782871971340429e-02,3.765782871971340429e-02
1.013182587373029873e-02,1.013182587373029873e-02
2.093245735302309493e-02,2.093245735302309493e-02
2.312939656377502318e-02,2.312939656377502318e-02
2.306002593921222671e-02,2.306002593921222671e-02
1.347964093892794687e-02,1.347964093892794687e-02
7.184194597271351818e-03,7.184194597271351818e-03
2.775494629020899828e-02,2.775494629020899828e-02
2.716752334728023480e-02,2.716752334728023480e-02
4.369273831297381533e-03,4.369273831297381533e-03
3.030913302087708677e-03,3.030913302087708677e-03
3.715005039071257731e-02,3.715005039071257731e-02
2.226887070060926122e-02,2.226887070060926122e-02
9.020121469084482063e-03,9.020121469084482063e-03
1.911275228432943174e-02,1.911275228432943174e-02
3.359857659209755654e-02,3.359857659209755654e-02
2.412345769829778858e-02,2.412345769829778858e-02
2.620532588022120649e-02,2.620532588022120649e-02
1.517838898400920150e-02,1.517838898400920150e-02
1.615505429874131149e-02,1.615505429874131149e-02
3.024884661724793616e-02,3.024884661724793616e-02
9.681067421034826592e-03,9.681067421034826592e-03
4.791618395470938208e-03,4.791618395470938208e-03
2.680129531947682275e-02,2.680129531947682275e-02
1.565257799947650241e-02,1.565257799947650241e-02
2.164841978924838400e-02,2.164841978924838400e-02
1.195777024558926371e-02,1.195777024558926371e-02
1.280347019882548121e-03,1.280347019882548121e-03
-3.971711668917975863e-03,-3.971711668917975863e-03
2.472746864926373550e-02,2.472746864926373550e-02
-1.082136431010738767e-02,-1.082136431010738767e-02
1.166114910458063147e-02,1.166114910458063147e-02
4.987460675765469087e-02,4.987460675765469087e-02
-1.253445166132059752e-02,-1.253445166132059752e-02
-3.739850751255040240e-03,-3.739850751255040240e-03
2.979446876729244936e-02,2.979446876729244936e-02
2.006064312431133159e-02,2.006064312431133159e-02
1.094087838875369006e-02,1.094087838875369006e-02
2.065919161097101373e-02,2.065919161097101373e-02
-9.753347832099912296e-04,-9.753347832099912296e-04
1.586073648648553269e-02,1.586073648648553269e-02
2.877235761632990219e-02,2.877235761632990219e-02
1.206524951844738930e-02,1.206524951844738930e-02
3.919666119571833807e-03,3.919666119571833807e-03
-1.088537306803508478e-02,-1.088537306803508478e-02
2.391985577069052904e-02,2.391985577069052904e-02
1.534901008012752241e-02,1.534901008012752241e-02
-2.046548731572710861e-03,-2.046548731572710861e-03
5.753446646699855727e-03,5.753446646699855727e-03
2.975640205679480274e-02,2.975640205679480274e-02
1.630918873544253550e-02,1.630918873544253550e-02
3.615647727257983307e-02,3.615647727257983307e-02
-3.489394226378304820e-04,-3.489394226378304820e-04
-1.646240636266896318e-02,-1.646240636266896318e-02
2.311806683756003483e-02,2.311806683756003483e-02
1.312067784354640360e-03,1.312067784354640360e-03
2.903480722073738599e-02,2.903480722073738599e-02
2.865172854244054865e-02,2.865172854244054865e-02
-3.133612110024362046e-03,-3.133612110024362046e-03
1.527286839073101719e-02,1.527286839073101719e-02
2.375184921471939353e-02,2.375184921471939353e-02
-9.583932456874756645e-04,-9.583932456874756645e-04
1.666143352078241005e-02,1.666143352078241005e-02
1.461580595628186527e-02,1.461580595628186527e-02
2.965282906855555567e-03,2.965282906855555567e-03
6.767862083387959221e-03,6.767862083387959221e-03
1.830352852161561822e-02,1.830352852161561822e-02
3.838996160624519316e-02,3.838996160624519316e-02
1.031875167270370278e-02,1.031875167270370278e-02
3.244108940561238330e-02,3.244108940561238330e-02
2.162809379649610272e-02,2.162809379649610272e-02
1.920473549976221828e-02,1.920473549976221828e-02
2.507465826839902837e-02,2.507465826839902837e-02
1.471268779214611119e-02,1.471268779214611119e-02
1.446324280447086955e-02,1.446324280447086955e-02
4.447432614433871612e-02,4.447432614433871612e-02
5.111232611928986924e-03,5.111232611928986924e-03
3.446127216523922621e-02,3.446127216523922621e-02
2.217326727676002460e-02,2.217326727676002460e-02
2.498722202518643964e-02,2.498722202518643964e-02
6.620323336620943799e-04,6.620323336620943799e-04
1.723510596245616741e-02,1.723510596245616741e-02
4.530874860761892331e-02,4.530874860761892331e-02
8.899438803709355111e-03,8.899438803709355111e-03
3.507270556420342966e-02,3.507270556420342966e-02
2.159716045328548273e-02,2.159716045328548273e-02
1.485759681820788061e-02,1.485759681820788061e-02
-1.360241032491604600e-02,-1.360241032491604600e-02
1.734936029224351875e-02,1.734936029224351875e-02
-9.836286616050855802e-03,-9.836286616050855802e-03
6.832005838446016110e-03,6.832005838446016110e-03
-2.661717729411129663e-04,-2.661717729411129663e-04
3.789153519424304228e-02,3.789153519424304228e-02
1.011816035681980565e-02,1.011816035681980565e-02
-7.170620939435306401e-03,-7.170620939435306401e-03
-4.824539195248771228e-03,-4.824539195248771228e-03
-7.574582099710562566e-03,-7.574582099710562566e-03
7.159707594227012611e-03,7.159707594227012611e-03
1.798737528138449893e-02,1.798737528138449893e-02
2.355660899607598183e-02,2.355660899607598183e-02
2.169205274932263852e-02,2.169205274932263852e-02
9.521843615613256873e-03,9.521843615613256873e-03
-3.734753222257893024e-04,-3.734753222257893024e-04
1.636300579933656907e-03,1.636300579933656907e-03
1.552893198608496818e-02,1.552893198608496818e-02
2.022180389283848717e-02,2.022180389283848717e-02
-9.577484715253600095e-03,-9.577484715253600095e-03
1.119691622704510614e-02,1.119691622704510614e-02
-9.552061709060533090e-04,-9.552061709060533090e-04
-1.832936333715364657e-03,-1.832936333715364657e-03
2.973412466934660311e-02,2.973412466934660311e-02
7.324702950657173417e-03,7.324702950657173417e-03
2.689301065439241023e-02,2.689301065439241023e-02
1.125670769154908657e-02,1.125670769154908657e-02
9.149389676217933171e-03,9.149389676217933171e-03
3.287603382687680209e-04,3.287603382687680209e-04
4.143662427124293612e-03,4.143662427124293612e-03
1.106936946002091970e-04,1.106936946002091970e-04
-5.140351777370939790e-03,-5.140351777370939790e-03
2.944662670294990320e-02,2.944662670294990320e-02
1.337773968577648381e-02,1.337773968577648381e-02
3.522331468874947968e-02,3.522331468874947968e-02
2.946278751355186493e-02,2.946278751355186493e-02
1.820402491943184931e-02,1.820402491943184931e-02
1.183829467004202107e-02,1.183829467004202107e-02
1.633401285552612409e-02,1.633401285552612409e-02
5.880829194386101577e-03,5.880829194386101577e-03
1.059169687605859486e-02,1.059169687605859486e-02
1.645599518798306418e-02,1.645599518798306418e-02
1.773721917000221221e-03,1.773721917000221221e-03
2.010835155071413402e-02,2.010835155071413402e-02
2.634692418460792343e-02,2.634692418460792343e-02
1.769733177997426590e-02,1.769733177997426590e-02
2.350628941122099788e-02,2.350628941122099788e-02
-3.178212314853788578e-04,-3.178212314853788578e-04
2.849035591555652489e-02,2.849035591555652489e-02
3.590568698902730366e-02,3.590568698902730366e-02
3.738083309523534958e-03,3.738083309523534958e-03
-7.399499433922596126e-03,-7.399499433922596126e-03
5.375476956102871046e-03,5.375476956102871046e-03
1.952748038425307364e-02,1.952748038425307364e-02
1.106136098936051637e-02,1.106136098936051637e-02
2.032590919046392205e-02,2.032590919046392205e-02
-6.737794386626416721e-03,-6.737794386626416721e-03
2.947433706977855422e-02,2.947433706977855422e-02
-2.740657731194473534e-04,-2.740657731194473534e-04
2.734128459002058142e-02,2.734128459002058142e-02
1.897252040292498124e-02,1.897252040292498124e-02
8.221830247436896777e-03,8.221830247436896777e-03
-4.995952601806290250e-04,-4.995952601806290250e-04
1.206799635893883102e-02,1.206799635893883102e-02
2.046642980875239270e-02,2.046642980875239270e-02
2.642754545375222350e-02,2.642754545375222350e-02
1.336626999950170022e-02,1.336626999950170022e-02
1.262290235195126509e-02,1.262290235195126509e-02
3.140756249647985027e-02,3.140756249647985027e-02
1.362634157531502493e-02,1.362634157531502493e-02
1.137611073799302611e-02,1.137611073799302611e-02
2.098718752754854394e-02,2.098718752754854394e-02
4.403873943256415846e-02,4.403873943256415846e-02
2.445479282056120182e-02,2.445479282056120182e-02
4.823655500944011576e-02,4.823655500944011576e-02
1.315843351143138398e-02,1.315843351143138398e-02
-6.209063828039602939e-03,-6.209063828039602939e-03
2.758091226489185754e-02,2.758091226489185754e-02
-8.254577903031502795e-03,-8.254577903031502795e-03
1.622236214002265031e-02,1.622236214002265031e-02
2.118064886594712287e-02,2.118064886594712287e-02
1.268724859064723418e-02,1.268724859064723418e-02
3.071933135331969891e-02,3.071933135331969891e-02
1.197564229470610489e-02,1.197564229470610489e-02
2.551589787845016249e-02,2.551589787845016249e-02
2.083164972429541600e-02,2.083164972429541600e-02
2.112272232741405770e-02,2.112272232741405770e-02
-2.308283719510459409e-03,-2.308283719510459409e-03
8.056786369516968915e-03,8.056786369516968915e-03
-1.948894559609531951e-04,-1.948894559609531951e-04
1.431725657142369351e-02,1.431725657142369351e-02
2.124253606725453464e-02,2.124253606725453464e-02
2.468537960802827391e-02,2.468537960802827391e-02
3.916542831699183769e-03,3.916542831699183769e-03
4.873373709161932590e-03,4.873373709161932590e-03
6.795875259534907287e-03,6.795875259534907287e-03
1.325299514000228412e-02,1.325299514000228412e-02
2.386126277531674250e-02,2.386126277531674250e-02
2.782349819029916391e-02,2.782349819029916391e-02
2.143396157615317862e-02,2.143396157615317862e-02
1.349920823771993267e-02,1.349920823771993267e-02
2.236929872138015279e-02,2.236929872138015279e-02
9.038721670826151133e-03,9.038721670826151133e-03
2.724382474209637722e-03,2.724382474209637722e-03
1.024591971751854722e-02,1.024591971751854722e-02
3.340734871012894514e-02,3.340734871012894514e-02
8.405010308454266554e-03,8.405010308454266554e-03
1.346174690037340443e-02,1.346174690037340443e-02
2.554451854731332183e-02,2.554451854731332183e-02
2.792947726595326752e-02,2.792947726595326752e-02
1.444457621334720859e-02,1.444457621334720859e-02
-2.495266063058269868e-03,-2.495266063058269868e-03
1.264913109400099891e-02,1.264913109400099891e-02
-1.791905403907068789e-02,-1.791905403907068789e-02
8.400510476479102623e-03,8.400510476479102623e-03
1.361499218189578600e-02,1.361499218189578600e-02
-1.041055017647787156e-02,-1.041055017647787156e-02
-6.324508301973577606e-03,-6.324508301973577606e-03
4.161402137812730134e-02,4.161402137812730134e-02
1.984047833794921889e-02,1.984047833794921889e-02
3.776335170966153149e-02,3.776335170966153149e-02
-6.169877445328538629e-03,-6.169877445328538629e-03
1.702801193842996830e-02,1.702801193842996830e-02
-4.858147649430624021e-03,-4.858147649430624021e-03
2.450919490884603466e-02,2.450919490884603466e-02
-6.392335615864868509e-03,-6.392335615864868509e-03
2.209110819411233551e-02,2.209110819411233551e-02
4.120475140421676202e-03,4.120475140421676202e-03
3.656013563441062875e-02,3.656013563441062875e-02
7.501835398620003426e-03,7.501835398620003426e-03
1.278175166257948178e-02,1.278175166257948178e-02
-6.065409374901391953e-03,-6.065409374901391953e-03
1.801844283632287810e-02,1.801844283632287810e-02
-2.591923096938322096e-02,-2.591923096938322096e-02
3.044897616271780363e-02,3.044897616271780363e-02
2.603202159145303132e-02,2.603202159145303132e-02
2.158966688406283724e-02,2.158966688406283724e-02
1.885654565253141665e-02,1.885654565253141665e-02
2.081376298670181701e-03,2.081376298670181701e-03
8.298120961004216284e-03,8.298120961004216284e-03
4.314154629383275263e-03,4.314154629383275263e-03
-8.225539071705260247e-03,-8.225539071705260247e-03
-1.431434198909258687e-02,-1.431434198909258687e-02
2.026338323469848227e-02,2.026338323469848227e-02
3.407896128785263545e-02,3.407896128785263545e-02
1.299910145294243258e-02,1.299910145294243258e-02
2.473971210569189325e-02,2.473971210569189325e-02
-1.261010950175216194e-02,-1.261010950175216194e-02
8.714500851320333696e-03,8.714500851320333696e-03
5.526517849914199670e-03,5.526517849914199670e-03
-1.504181357140309261e-02,-1.504181357140309261e-02
1.729892271241254692e-02,1.729892271241254692e-02
1.207652374868887699e-02,1.207652374868887699e-02
9.721881905752998571e-03,9.721881905752998571e-03
8.680525418255098657e-03,8.680525418255098657e-03
2.777375801074414771e-02,2.777375801074414771e-02
3.305072769812907041e-02,3.305072769812907041e-02
-1.824377698719330254e-02,-1.824377698719330254e-02
7.844500079961989197e-03,7.844500079961989197e-03
-3.591494048651444615e-03,-3.591494048651444615e-03
2.225020441251348777e-02,2.225020441251348777e-02
1.486476545896694632e-02,1.486476545896694632e-02
4.035520333791002556e-03,4.035520333791002556e-03
2.361524101671758774e-02,2.361524101671758774e-02
2.317796721712346575e-03,2.317796721712346575e-03
6.911872731542843123e-03,6.911872731542843123e-03
1.300233853556213674e-02,1.300233853556213674e-02
1.920504861422853843e-02,1.920504861422853843e-02
1.334843263567654995e-02,1.334843263567654995e-02
-2.161056389528397126e-04,-2.161056389528397126e-04
1.650286519267984281e-02,1.650286519267984281e-02
6.134374653850194203e-03,6.134374653850194203e-03
2.414566770314518704e-02,2.414566770314518704e-02
1.579173901507445466e-02,1.579173901507445466e-02
2.220908077929158522e-02,2.220908077929158522e-02
5.720531635084000199e-03,5.720531635084000199e-03
3.080972649266352364e-02,3.080972649266352364e-02
3.033065443024708652e-03,3.033065443024708652e-03
-4.544521185125775103e-03,-4.544521185125775103e-03
2.900303954556720382e-02,2.900303954556720382e-02
2.107824107831533095e-03,2.107824107831533095e-03
5.439518723274288509e-03,5.439518723274288509e-03
1.012358438896273152e-02,1.012358438896273152e-02
6.433115133949889042e-03,6.433115133949889042e-03
1.001873337354924551e-02,1.001873337354924551e-02
6.070220102192592365e-03,6.070220102192592365e-03
2.322745237323999012e-02,2.322745237323999012e-02
1.685829948900991956e-02,1.685829948900991956e-02
8.384847177094947174e-03,8.384847177094947174e-03
-4.794454555515869493e-03,-4.794454555515869493e-03
3.207318552503173048e-02,3.207318552503173048e-02
1.798624675005380466e-02,1.798624675005380466e-02
1.200711486500787017e-02,1.200711486500787017e-02
-7.038796423886779785e-03,-7.038796423886779785e-03
2.768106322702223315e-02,2.768106322702223315e-02
1.180066993537716956e-02,1.180066993537716956e-02
2.889999554464611764e-02,2.889999554464611764e-02
1.391099951453899849e-02,1.391099951453899849e-02
3.495289209905355632e-03,3.495289209905355632e-03
-7.228946995223473060e-03,-7.228946995223473060e-03
2.838106130596493304e-02,2.838106130596493304e-02
9.977943826079690298e-03,9.977943826079690298e-03
1.080117077717974647e-02,1.080117077717974647e-02
-8.883110530963567869e-03,-8.883110530963567869e-03
-1.809966573588951688e-02,-1.809966573588951688e-02
1.099056076365447811e-02,1.099056076365447811e-02
3.059717409283126827e-02,3.059717409283126827e-02
1.474410813883593289e-02,1.474410813883593289e-02
-7.313975421384608100e-04,-7.313975421384608100e-04
-6.806270985252889372e-03,-6.806270985252889372e-03
1.222491293771104173e-02,1.222491293771104173e-02
1.872318334979157506e-02,1.872318334979157506e-02
2.966820924469796075e-02,2.966820924469796075e-02
3.260316980449040614e-04,3.260316980449040614e-04
5.621296834075223403e-03,5.621296834075223403e-03
3.395729974776801052e-04,3.395729974776801052e-04
1.265868714670906683e-02,1.265868714670906683e-02
3.427624898749230542e-02,3.427624898749230542e-02
3.609010594103193026e-02,3.609010594103193026e-02
1.572694957507281277e-03,1.572694957507281277e-03
1.313795436747825819e-02,1.313795436747825819e-02
2.518559207815981860e-02,2.518559207815981860e-02
2.955294012093743344e-03,2.955294012093743344e-03
5.061319419230120992e-03,5.061319419230120992e-03
8.044595494676027442e-03,8.044595494676027442e-03
1.728399829315989400e-02,1.728399829315989400e-02
3.638713561396689222e-02,3.638713561396689222e-02
5.024693302907064230e-04,5.024693302907064230e-04
1.634061719475362814e-02,1.634061719475362814e-02
2.345450671158320552e-02,2.345450671158320552e-02
2.402049668647685335e-02,2.402049668647685335e-02
-7.320734765851575482e-03,-7.320734765851575482e-03
4.025343685561125900e-02,4.025343685561125900e-02
2.753250508242361533e-02,2.753250508242361533e-02
3.226441194859835243e-02,3.226441194859835243e-02
3.343355341075583687e-02,3.343355341075583687e-02
-1.093976349039660692e-02,-1.093976349039660692e-02
3.972354080176179053e-03,3.972354080176179053e-03
2.760030132755553200e-03,2.760030132755553200e-03
2.077437546225635590e-03,2.077437546225635590e-03
-8.107519918171827294e-03,-8.107519918171827294e-03
1.314879159509462631e-02,1.314879159509462631e-02
7.128302503623229480e-03,7.128302503623229480e-03
1.054052826131812032e-03,1.054052826131812032e-03
2.977874787346260210e-02,2.977874787346260210e-02
1.822042920390901793e-03,1.822042920390901793e-03
1.921592693506852384e-03,1.921592693506852384e-03
2.956282677251401148e-02,2.956282677251401148e-02
2.789468422204714748e-02,2.789468422204714748e-02
1.045437341295787567e-02,1.045437341295787567e-02
-3.353229921893040311e-03,-3.353229921893040311e-03
6.220248767932604061e-03,6.220248767932604061e-03
2.522628033699236827e-03,2.522628033699236827e-03
1.767799082202442529e-02,1.767799082202442529e-02
4.227836941484372502e-02,4.227836941484372502e-02
5.818038899399895908e-03,5.818038899399895908e-03
7.754538686924637020e-03,7.754538686924637020e-03
1.700910094250493096e-02,1.700910094250493096e-02
2.536405772091380323e-02,2.536405772091380323e-02
-8.457207027989282339e-03,-8.457207027989282339e-03
1.174761456169512615e-02,1.174761456169512615e-02
-5.228114642521503735e-03,-5.228114642521503735e-03
3.548885276480638618e-03,3.548885276480638618e-03
1.218684338122381222e-02,1.218684338122381222e-02
1.930970282405922514e-02,1.930970282405922514e-02
1.278951320248376822e-02,1.278951320248376822e-02
3.668023849006159937e-03,3.668023849006159937e-03
3.096208936250049309e-03,3.096208936250049309e-03
-1.451897575039065580e-03,-1.451897575039065580e-03
1.895973887765867519e-02,1.895973887765867519e-02
-1.527508044613417812e-02,-1.527508044613417812e-02
1.448766620776521102e-03,1.448766620776521102e-03
3.060157880304606795e-02,3.060157880304606795e-02
1.638720516823408135e-02,1.638720516823408135e-02
1.347944602116432980e-02,1.347944602116432980e-02
5.137067965990088636e-03,5.137067965990088636e-03
1.767330838693315781e-02,1.767330838693315781e-02
1.984819649941013675e-02,1.984819649941013675e-02
-3.031284409502160021e-03,-3.031284409502160021e-03
6.441465576872161536e-03,6.441465576872161536e-03
1.139528907974956748e-02,1.139528907974956748e-02
1.660105343823144522e-02,1.660105343823144522e-02
6.337159092345254902e-03,6.337159092345254902e-03
2.039593966171092398e-02,2.039593966171092398e-02
1.810147837905235271e-02,1.810147837905235271e-02
9.316700316681983396e-03,9.316700316681983396e-03
-1.207513386898930938e-02,-1.207513386898930938e-02
-7.648637463722664231e-03,-7.648637463722664231e-03
1.226567248455643147e-02,1.226567248455643147e-02
-3.050151589301985586e-02,-3.050151589301985586e-02
1.097318015827806331e-02,1.097318015827806331e-02
2.277314179000823960e-02,2.277314179000823960e-02
9.670876028937756830e-03,9.670876028937756830e-03
3.717405372161992211e-02,3.717405372161992211e-02
2.444756923256604514e-02,2.444756923256604514e-02
2.433101947907183316e-02,2.433101947907183316e-02
8.327700103387070119e-03,8.327700103387070119e-03
1.500917354015927560e-02,1.500917354015927560e-02
2.762471699771458511e-03,2.762471699771458511e-03
9.100364234175907507e-03,9.100364234175907507e-03
1.774781179320889316e-02,1.774781179320889316e-02
2.282413679607208506e-02,2.282413679607208506e-02
5.166831166400773570e-03,5.166831166400773570e-03
-1.840620415641171931e-03,-1.840620415641171931e-03
1.439570490179942729e-02,1.439570490179942729e-02
2.311031510450262116e-02,2.311031510450262116e-02
3.396335288383234285e-03,3.396335288383234285e-03
2.093806490768780962e-02,2.093806490768780962e-02
-7.063148733296657766e-03,-7.063148733296657766e-03
1.879556264036069679e-02,1.879556264036069679e-02
2.276585899392523371e-03,2.276585899392523371e-03
1.945420817443755876e-02,1.945420817443755876e-02
8.547880342103301304e-03,8.547880342103301304e-03
-5.306461614734286208e-03,-5.306461614734286208e-03
2.388459881931731532e-02,2.388459881931731532e-02
6.831574581551497910e-03,6.831574581551497910e-03
1.128081804132938584e-02,1.128081804132938584e-02
-6.005947235404020257e-03,-6.005947235404020257e-03
7.150038235944254639e-03,7.150038235944254639e-03
3.631839848323837466e-02,3.631839848323837466e-02
3.543044389955805895e-03,3.543044389955805895e-03
1.935389149189916530e-02,1.935389149189916530e-02
1.155371840220182841e-02,1.155371840220182841e-02
1.409372850160273832e-02,1.409372850160273832e-02
2.658929765064166340e-02,2.658929765064166340e-02
-2.372100687678405789e-03,-2.372100687678405789e-03
-1.911666556784430426e-03,-1.911666556784430426e-03
1.704015419592584332e-02,1.704015419592584332e-02
2.770270491077504033e-02,2.770270491077504033e-02
3.300651251580709322e-02,3.300651251580709322e-02
2.454177198565867316e-02,2.454177198565867316e-02
-1.560594540283004317e-03,-1.560594540283004317e-03
2.221065737417996996e-02,2.221065737417996996e-02
2.597174299687003696e-02,2.597174299687003696e-02
3.591653942288208778e-02,3.591653942288208778e-02
1.576054769277752607e-02,1.576054769277752607e-02
1.895054813713530767e-03,1.895054813713530767e-03
2.031646697355832601e-02,2.031646697355832601e-02
1.017653163689086551e-02,1.017653163689086551e-02
1.963127169813070477e-02,1.963127169813070477e-02
5.200437196593195310e-04,5.200437196593195310e-04
2.736658765474382290e-02,2.736658765474382290e-02
2.445335143196239111e-02,2.445335143196239111e-02
1.114356989214801072e-02,1.114356989214801072e-02
4.240135453656375397e-03,4.240135453656375397e-03
2.216184283224796950e-02,2.216184283224796950e-02
9.145596430139166233e-03,9.145596430139166233e-03
1.124526257731605500e-02,1.124526257731605500e-02
-4.719985506878732889e-03,-4.719985506878732889e-03
2.187600932960384950e-02,2.187600932960384950e-02
1.537421994895689370e-02,1.537421994895689370e-02
1.160992020226875657e-02,1.160992020226875657e-02
2.584393465220570160e-02,2.584393465220570160e-02
2.084832973840344481e-02,2.084832973840344481e-02
-5.879187206198413507e-03,-5.879187206198413507e-03
2.358367983102003379e-02,2.358367983102003379e-02
7.829120057870793403e-03,7.829120057870793403e-03
-1.576543139771575952e-03,-1.576543139771575952e-03
2.910784519422697156e-02,2.910784519422697156e-02
3.310550534290742503e-02,3.310550534290742503e-02
9.438394676171590197e-03,9.438394676171590197e-03
1.842709138859199153e-02,1.842709138859199153e-02
8.971093693322853418e-03,8.971093693322853418e-03
2.445035652720495625e-02,2.445035652720495625e-02
1.643505594478481338e-02,1.643505594478481338e-02
2.861617835352131892e-02,2.861617835352131892e-02
1.223237968565768843e-02,1.223237968565768843e-02
1.757099672514989691e-02,1.757099672514989691e-02
1.969096807804784910e-02,1.969096807804784910e-02
1.433841025663938271e-02,1.433841025663938271e-02
1.333606644864102769e-02,1.333606644864102769e-02
7.356105047216666276e-03,7.356105047216666276e-03
6.658619104592842369e-03,6.658619104592842369e-03
2.199261657698389771e-02,2.199261657698389771e-02
6.862615965864722264e-03,6.862615965864722264e-03
5.831197614148846131e-03,5.831197614148846131e-03
-1.765115312560988636e-04,-1.765115312560988636e-04
2.213786198229178784e-02,2.213786198229178784e-02
4.306375176644658409e-02,4.306375176644658409e-02
4.233755454968519960e-02,4.233755454968519960e-02
-1.281478287947980521e-02,-1.281478287947980521e-02
1.334805188468933534e-02,1.334805188468933534e-02
1.085732101323919757e-02,1.085732101323919757e-02
-1.997738616553665358e-02,-1.997738616553665358e-02
-2.219799021679583206e-03,-2.219799021679583206e-03
9.129866551789444368e-03,9.129866551789444368e-03
-1.176823129476884874e-02,-1.176823129476884874e-02
1.090994452026404146e-02,1.090994452026404146e-02
1.540460267055651644e-02,1.540460267055651644e-02
1.740146017956442637e-02,1.740146017956442637e-02
-2.840045460065138139e-03,-2.840045460065138139e-03
1.220680530038834033e-03,1.220680530038834033e-03
2.407558235480369152e-02,2.407558235480369152e-02
7.243627176817046126e-03,7.243627176817046126e-03
1.911116411883937577e-02,1.911116411883937577e-02
9.409008264292924306e-03,9.409008264292924306e-03
2.597750463778385893e-02,2.597750463778385893e-02
1.978545638139610902e-02,1.978545638139610902e-02
4.028107069112425720e-02,4.028107069112425720e-02
3.076629832031695794e-02,3.076629832031695794e-02
3.949082498413285236e-02,3.949082498413285236e-02
1.882005520438069512e-02,1.882005520438069512e-02
2.527510278103293692e-02,2.527510278103293692e-02
-2.008159537703023412e-03,-2.008159537703023412e-03
2.480882497611287818e-02,2.480882497611287818e-02
2.163929444197103605e-02,2.163929444197103605e-02
-1.083806469967002126e-02,-1.083806469967002126e-02
1.422363862438507862e-02,1.422363862438507862e-02
2.070898251363881976e-02,2.070898251363881976e-02
8.983858734503167437e-03,8.983858734503167437e-03
9.993469569329928304e-03,9.993469569329928304e-03
6.799836406175482212e-03,6.799836406175482212e-03
2.018989731008391519e-03,2.018989731008391519e-03
2.388186840954318463e-02,2.388186840954318463e-02
1.662193921961926946e-02,1.662193921961926946e-02
2.144578094256614775e-02,2.144578094256614775e-02
9.792978481844211158e-03,9.792978481844211158e-03
4.282022497937566785e-02,4.282022497937566785e-02
-2.131123558308870014e-04,-2.131123558308870014e-04
1.749890361697682001e-02,1.749890361697682001e-02
9.120481733511629635e-03,9.120481733511629635e-03
1.715140159625964250e-02,1.715140159625964250e-02
6.714784972612644620e-03,6.714784972612644620e-03
2.517320516253170742e-02,2.517320516253170742e-02
-7.511921709335060704e-03,-7.511921709335060704e-03
1.651206880614133898e-02,1.651206880614133898e-02
-8.616861354765258801e-03,-8.616861354765258801e-03
2.236301601272213876e-02,2.236301601272213876e-02
5.059370291427937871e-03,5.059370291427937871e-03
1.611988027384873498e-02,1.611988027384873498e-02
3.394134217020840227e-02,3.394134217020840227e-02
2.260293647944722206e-02,2.260293647944722206e-02
1.979537885992359303e-03,1.979537885992359303e-03
2.271709625686986825e-03,2.271709625686986825e-03
1.750081636423625811e-02,1.750081636423625811e-02
-3.131182589758002566e-04,-3.131182589758002566e-04
-1.959125429659744691e-02,-1.959125429659744691e-02
5.570323836895433450e-03,5.570323836895433450e-03
2.789417380038002048e-02,2.789417380038002048e-02
2.977230125018355891e-02,2.977230125018355891e-02
2.377131554414985831e-02,2.377131554414985831e-02
-5.346726796549124833e-03,-5.346726796549124833e-03
1.189879198001906821e-02,1.189879198001906821e-02
-2.082855881720743069e-03,-2.082855881720743069e-03
2.021035662622599691e-02,2.021035662622599691e-02
2.948037516314587492e-02,2.948037516314587492e-02
2.465571565940640614e-02,2.465571565940640614e-02
-5.449936526295707379e-03,-5.449936526295707379e-03
2.378096920063147574e-02,2.378096920063147574e-02
3.647311232914704493e-02,3.647311232914704493e-02
-4.278206053624222793e-04,-4.278206053624222793e-04
1.735964730720407356e-03,1.735964730720407356e-03
3.719095900399555649e-03,3.719095900399555649e-03
6.958983315245751561e-03,6.958983315245751561e-03
-6.827907693050857402e-03,-6.827907693050857402e-03
2.457696663021213465e-02,2.457696663021213465e-02
1.363551753849728994e-02,1.363551753849728994e-02
3.162624485887461506e-03,3.162624485887461506e-03
1.542470843558862645e-02,1.542470843558862645e-02
2.498418140773290413e-02,2.498418140773290413e-02
3.181881669629873371e-02,3.181881669629873371e-02
8.215927173153406149e-03,8.215927173153406149e-03
3.519727751039496838e-02,3.519727751039496838e-02
4.301120479748034992e-03,4.301120479748034992e-03
-3.624223577933516349e-04,-3.624223577933516349e-04
1.006161265018783862e-02,1.006161265018783862e-02
1.288841131515599744e-02,1.288841131515599744e-02
4.333962534792079602e-02,4.333962534792079602e-02
5.211532385104175602e-03,5.211532385104175602e-03
2.358542756029337675e-02,2.358542756029337675e-02
1.742280854234932314e-02,1.742280854234932314e-02
-9.284133449670821381e-04,-9.284133449670821381e-04
1.970044889037919633e-02,1.970044889037919633e-02
2.350068351797038324e-02,2.350068351797038324e-02
1.521362594335753243e-02,1.521362594335753243e-02
3.071192640689425143e-02,3.071192640689425143e-02
3.271871702644134350e-02,3.271871702644134350e-02
1.272133802567090681e-02,1.272133802567090681e-02
1.374038512024430836e-04,1.374038512024430836e-04
1.434399900934552052e-02,1.434399900934552052e-02
5.702177359248293553e-03,5.702177359248293553e-03
1.333370991030126407e-03,1.333370991030126407e-03
-9.458416240408565323e-04,-9.458416240408565323e-04
9.050748619348823049e-03,9.050748619348823049e-03
-3.503511788286717971e-03,-3.503511788286717971e-03
1.367666182891761825e-02,1.367666182891761825e-02
-6.984468245710393625e-03,-6.984468245710393625e-03
-7.350006301915117113e-03,-7.350006301915117113e-03
9.771685303694412073e-03,9.771685303694412073e-03
4.238961858277817685e-02,4.238961858277817685e-02
-8.484582775674286148e-03,-8.484582775674286148e-03
7.025983436937183885e-03,7.025983436937183885e-03
1.384089963521265357e-02,1.384089963521265357e-02
-6.245441958797750409e-03,-6.245441958797750409e-03
1.230269884321878379e-02,1.230269884321878379e-02
-1.210094685105085957e-02,-1.210094685105085957e-02
1.555842529638407426e-02,1.555842529638407426e-02
-5.270900908229184806e-03,-5.270900908229184806e-03
1.856860564286336168e-02,1.856860564286336168e-02
8.485729013146908056e-03,8.485729013146908056e-03
7.035537151379459009e-03,7.035537151379459009e-03
7.021992223218732898e-04,7.021992223218732898e-04
1.472625724690097490e-02,1.472625724690097490e-02
3.683638540173213294e-02,3.683638540173213294e-02
5.833328710615506146e-03,5.833328710615506146e-03
-8.695037351995792835e-03,-8.695037351995792835e-03
4.621274296721794572e-04,4.621274296721794572e-04
-7.075516537419369867e-03,-7.075516537419369867e-03
2.749468468320709347e-02,2.749468468320709347e-02
3.109874763620180602e-02,3.109874763620180602e-02
-3.262762528015619723e-03,-3.262762528015619723e-03
1.863401642892912810e-02,1.863401642892912810e-02
2.019617993029656708e-02,2.019617993029656708e-02
5.525222703395234192e-03,5.525222703395234192e-03
3.341231747391246176e-04,3.341231747391246176e-04
4.677237775681762633e-03,4.677237775681762633e-03
1.567916808504815976e-02,1.567916808504815976e-02
7.891751985652145640e-03,7.891751985652145640e-03
8.542054136324986335e-03,8.542054136324986335e-03
2.260886859335271490e-02,2.260886859335271490e-02
2.344002442441449341e-04,2.344002442441449341e-04
9.837463654447629186e-03,9.837463654447629186e-03
2.797953080466629092e-02,2.797953080466629092e-02
6.045087574463262753e-03,6.045087574463262753e-03
2.016595520470457897e-02,2.016595520470457897e-02
2.041041980381053111e-02,2.041041980381053111e-02
2.680377652657498638e-02,2.680377652657498638e-02
9.642545937305867232e-03,9.642545937305867232e-03
-1.124861056951033736e-02,-1.124861056951033736e-02
1.183918066927383550e-02,1.183918066927383550e-02
2.792514863125629410e-02,2.792514863125629410e-02
3.385161385500513875e-02,3.385161385500513875e-02
2.195170933904406346e-02,2.195170933904406346e-02
1.057860503738527330e-02,1.057860503738527330e-02
2.412836077322177974e-03,2.412836077322177974e-03
1.144627766452077818e-02,1.144627766452077818e-02
4.203394933443736076e-02,4.203394933443736076e-02
1.014256570339476873e-02,1.014256570339476873e-02
3.062291612777565120e-02,3.062291612777565120e-02
3.349587564514744376e-02,3.349587564514744376e-02
9.333595817570643216e-04,9.333595817570643216e-04
1.583308407268121248e-02,1.583308407268121248e-02
3.095093154865950075e-02,3.095093154865950075e-02
2.303320880461516562e-02,2.303320880461516562e-02
2.494232708257434691e-02,2.494232708257434691e-02
7.600963362651421557e-03,7.600963362651421557e-03
2.669182285085861667e-02,2.669182285085861667e-02
3.936843531194833545e-03,3.936843531194833545e-03
-1.052042359765986701e-02,-1.052042359765986701e-02
1.120357370928483538e-02,1.120357370928483538e-02
2.364398385419542656e-02,2.364398385419542656e-02
2.448414023899790626e-02,2.448414023899790626e-02
2.179789571272180981e-02,2.179789571272180981e-02
1.738358660582958737e-02,1.738358660582958737e-02
1.384870264606332529e-02,1.384870264606332529e-02
2.623555439473885392e-02,2.623555439473885392e-02
9.162663643099588917e-03,9.162663643099588917e-03
1.778510706277429063e-02,1.778510706277429063e-02
1.122038331104611292e-03,1.122038331104611292e-03
7.248761270034095178e-03,7.248761270034095178e-03
2.131370260220013038e-02,2.131370260220013038e-02
1.511229406904115308e-02,1.511229406904115308e-02
1.895906055967835208e-02,1.895906055967835208e-02
2.176400166889119053e-03,2.176400166889119053e-03
4.440690690125231876e-05,4.440690690125231876e-05
-8.202407830816688117e-03,-8.202407830816688117e-03
3.232425877769248140e-02,3.232425877769248140e-02
-5.705543849201823864e-03,-5.705543849201823864e-03
2.043239555375040914e-02,2.043239555375040914e-02
3.796034840872067329e-02,3.796034840872067329e-02
2.709393634910190959e-02,2.709393634910190959e-02
7.585186820297004640e-03,7.585186820297004640e-03
-8.648260566512293301e-03,-8.648260566512293301e-03
1.102820624337037120e-02,1.102820624337037120e-02
1.624264795872910547e-02,1.624264795872910547e-02
1.682334280968715914e-02,1.682334280968715914e-02
-1.609972618340515735e-02,-1.609972618340515735e-02
2.175912277537540504e-02,2.175912277537540504e-02
2.738962291525709469e-02,2.738962291525709469e-02
-9.838890016073228995e-03,-9.838890016073228995e-03
3.869293686626237849e-02,3.869293686626237849e-02
3.963688199493090036e-02,3.963688199493090036e-02
6.002691696922243109e-03,6.002691696922243109e-03
2.175819749114935725e-03,2.175819749114935725e-03
4.942130829013832716e-02,4.942130829013832716e-02
-6.339140442324142644e-03,-6.339140442324142644e-03
1.370086943465438460e-02,1.370086943465438460e-02
-1.834191638832077809e-02,-1.834191638832077809e-02
-2.382235376894919696e-02,-2.382235376894919696e-02
-7.406337395421694336e-03,-7.406337395421694336e-03
2.151655969045620717e-02,2.151655969045620717e-02
2.606083140216496410e-02,2.606083140216496410e-02
1.449271082779887351e-02,1.449271082779887351e-02
2.007232466709928456e-02,2.007232466709928456e-02
-1.244568195432258981e-02,-1.244568195432258981e-02
1.146149017105337065e-02,1.146149017105337065e-02
-4.850806891077318744e-03,-4.850806891077318744e-03
-4.277099521103798485e-03,-4.277099521103798485e-03
1.711151560008377509e-02,1.711151560008377509e-02
6.257968803698332749e-03,6.257968803698332749e-03
1.188575301579540208e-02,1.188575301579540208e-02
2.504098112089271286e-02,2.504098112089271286e-02
6.835982219675074134e-03,6.835982219675074134e-03
1.934116305463072158e-02,1.934116305463072158e-02
-2.784679774011041345e-02,-2.784679774011041345e-02
1.456553863281892514e-02,1.456553863281892514e-02
1.963766435156198004e-02,1.963766435156198004e-02
-1.093625132820883611e-02,-1.093625132820883611e-02
2.344003292022270313e-02,2.344003292022270313e-02
2.590539762745793992e-02,2.590539762745793992e-02
-4.156093114731189420e-03,-4.156093114731189420e-03
-4.519826523194839241e-03,-4.519826523194839241e-03
1.776212043854395045e-03,1.776212043854395045e-03
9.254343196604626620e-03,9.254343196604626620e-03
1.724237346501871979e-02,1.724237346501871979e-02
1.817914098222514832e-02,1.817914098222514832e-02
2.058860341342822961e-02,2.058860341342822961e-02
6.192311055255358271e-03,6.192311055255358271e-03
6.622741543563365890e-03,6.622741543563365890e-03
4.274520868397895662e-03,4.274520868397895662e-03
-2.319108893793647014e-03,-2.319108893793647014e-03
1.007918043975507272e-03,1.007918043975507272e-03
1.338788661552213835e-02,1.338788661552213835e-02
-2.518517408930064788e-03,-2.518517408930064788e-03
2.105540266292803622e-02,2.105540266292803622e-02
1.338782790862018401e-02,1.338782790862018401e-02
6.220443229396604989e-03,6.220443229396604989e-03
6.950737563768934549e-03,6.950737563768934549e-03
-1.269469089194598388e-04,-1.269469089194598388e-04
1.512353806050232945e-02,1.512353806050232945e-02
-3.226101356351401828e-03,-3.226101356351401828e-03
1.920113777257345666e-02,1.920113777257345666e-02
2.446713539886400876e-02,2.446713539886400876e-02
1.141668469306313799e-02,1.141668469306313799e-02
4.608749127805625984e-03,4.608749127805625984e-03
-2.016670900444762077e-02,-2.016670900444762077e-02
-2.540157457722184292e-02,-2.540157457722184292e-02
2.552365882606350000e-02,2.552365882606350000e-02
2.560159402854519928e-03,2.560159402854519928e-03
1.680169757876417980e-02,1.680169757876417980e-02
-6.593999602462499721e-03,-6.593999602462499721e-03
2.293526661626514584e-04,2.293526661626514584e-04
-1.305206462233843984e-02,-1.305206462233843984e-02
-4.430200486540334520e-03,-4.430200486540334520e-03
-1.547471238119486892e-02,-1.547471238119486892e-02
-1.497110832207998801e-02,-1.497110832207998801e-02
2.280914308364154902e-02,2.280914308364154902e-02
2.016318718425759784e-02,2.016318718425759784e-02
1.580689262781590637e-02,1.580689262781590637e-02
1.536503878748874015e-02,1.536503878748874015e-02
3.214453868728148894e-02,3.214453868728148894e-02
1.036455024210413203e-02,1.036455024210413203e-02
1.829497419385154450e-03,1.829497419385154450e-03
5.224153508828214415e-03,5.224153508828214415e-03
-5.140576676153991303e-03,-5.140576676153991303e-03
1.067598986530769387e-02,1.067598986530769387e-02
-6.214128036712909808e-04,-6.214128036712909808e-04
4.807450714238703515e-02,4.807450714238703515e-02
5.437232093143010841e-03,5.437232093143010841e-03
-1.830491239680542837e-03,-1.830491239680542837e-03
1.182928416410147787e-02,1.182928416410147787e-02
3.139396427035286152e-02,3.139396427035286152e-02
1.673761114180195853e-02,1.673761114180195853e-02
1.551911808411257990e-02,1.551911808411257990e-02
1.749433873265713105e-02,1.749433873265713105e-02
2.512355526692395050e-02,2.512355526692395050e-02
1.929976426695095837e-03,1.929976426695095837e-03
2.221527423910034035e-02,2.221527423910034035e-02
5.093437162425745734e-03,5.093437162425745734e-03
1.801004812620629267e-02,1.801004812620629267e-02
-4.758204627059337000e-03,-4.758204627059337000e-03
2.005061240662004557e-02,2.005061240662004557e-02
9.554757394541060073e-03,9.554757394541060073e-03
8.586364258272825845e-03,8.586364258272825845e-03
7.371218497416370807e-03,7.371218497416370807e-03
8.615281878663810788e-03,8.615281878663810788e-03
6.642845051672389978e-04,6.642845051672389978e-04
9.538908047476497148e-03,9.538908047476497148e-03
1.455154198859204273e-02,1.455154198859204273e-02
2.716448191682778457e-02,2.716448191682778457e-02
1.541579466781567258e-02,1.541579466781567258e-02
1.407393737055149044e-02,1.407393737055149044e-02
1.398096533017740770e-02,1.398096533017740770e-02
1.510354642757744809e-02,1.510354642757744809e-02
2.276097951258829882e-03,2.276097951258829882e-03
4.013634210379112000e-03,4.013634210379112000e-03
1.458695738139150280e-02,1.458695738139150280e-02
1.879980424079449527e-02,1.879980424079449527e-02
1.915809572196229202e-02,1.915809572196229202e-02
8.375838600732031861e-03,8.375838600732031861e-03
-3.378343536025167626e-03,-3.378343536025167626e-03
1.384115423465481429e-02,1.384115423465481429e-02
8.433616450934447450e-03,8.433616450934447450e-03
2.894234273246656941e-03,2.894234273246656941e-03
1.405343660269697814e-02,1.405343660269697814e-02
2.872677743181134558e-02,2.872677743181134558e-02
-4.407334179497492122e-03,-4.407334179497492122e-03
-2.326758882541600515e-03,-2.326758882541600515e-03
2.730293836154732215e-02,2.730293836154732215e-02
2.059396135581208209e-02,2.059396135581208209e-02
-5.879196249856145917e-04,-5.879196249856145917e-04
1.494133555686343734e-02,1.494133555686343734e-02
6.253159711003809101e-03,6.253159711003809101e-03
1.070821380133575931e-02,1.070821380133575931e-02
6.922542270895500754e-03,6.922542270895500754e-03
2.619643166327354986e-02,2.619643166327354986e-02
1.444780627402015086e-02,1.444780627402015086e-02
-8.379433718377276435e-03,-8.379433718377276435e-03
1.387179477238825211e-02,1.387179477238825211e-02
8.941813027273919079e-03,8.941813027273919079e-03
2.054836865192301992e-02,2.054836865192301992e-02
5.882548495400447691e-03,5.882548495400447691e-03
9.770255308303311959e-03,9.770255308303311959e-03
2.066414943887517897e-02,2.066414943887517897e-02
-3.463156720995529125e-03,-3.463156720995529125e-03
4.375166312351540937e-02,4.375166312351540937e-02
6.100348832513265152e-03,6.100348832513265152e-03
1.103569125568713838e-03,1.103569125568713838e-03
1.164541887776734258e-02,1.164541887776734258e-02
1.801885051261701773e-02,1.801885051261701773e-02
2.628478534083603796e-02,2.628478534083603796e-02
1.540188109600167457e-02,1.540188109600167457e-02
1.904748570842329861e-02,1.904748570842329861e-02
2.361992162691210415e-02,2.361992162691210415e-02
2.382079464930753065e-02,2.382079464930753065e-02
2.850626104986259124e-02,2.850626104986259124e-02
1.126066806047260407e-02,1.126066806047260407e-02
2.415373259940418321e-02,2.415373259940418321e-02
-6.366323202166401796e-03,-6.366323202166401796e-03
-4.619649465461832250e-03,-4.619649465461832250e-03
2.581428995981839211e-02,2.581428995981839211e-02
8.665892277465139099e-03,8.665892277465139099e-03
2.643849375230079846e-02,2.643849375230079846e-02
1.606124514070987261e-02,1.606124514070987261e-02
1.479151051803611651e-02,1.479151051803611651e-02
1.270357586071378664e-03,1.270357586071378664e-03
3.796722120084708441e-02,3.796722120084708441e-02
1.671411723220620274e-02,1.671411723220620274e-02
2.490945284220835720e-03,2.490945284220835720e-03
-2.540337324723046866e-02,-2.540337324723046866e-02
4.133458460183637301e-02,4.133458460183637301e-02
1.246506853973124683e-02,1.246506853973124683e-02
9.200612371363933034e-03,9.200612371363933034e-03
1.376853567426922220e-02,1.376853567426922220e-02
2.125372370247672824e-02,2.125372370247672824e-02
7.904928045800108799e-03,7.904928045800108799e-03
1.843708804518506481e-02,1.843708804518506481e-02
-9.045483742685260509e-03,-9.045483742685260509e-03
1.111837012114315348e-02,1.111837012114315348e-02
1.213731977155490388e-02,1.213731977155490388e-02
9.700528649066590334e-03,9.700528649066590334e-03
5.177785164824607461e-02,5.177785164824607461e-02
-3.354634080636492710e-02,-3.354634080636492710e-02
2.061192849978077390e-04,2.061192849978077390e-04
6.978042736707060212e-03,6.978042736707060212e-03
1.560791154567909775e-02,1.560791154567909775e-02
1.502800744244744621e-02,1.502800744244744621e-02
2.584352685850613979e-02,2.584352685850613979e-02
1.599697229594271991e-02,1.599697229594271991e-02
2.721959753449279540e-02,2.721959753449279540e-02
1.769088043049808767e-02,1.769088043049808767e-02
5.802932518089842090e-03,5.802932518089842090e-03
1.531663987541033098e-02,1.531663987541033098e-02
3.418352157641642297e-03,3.418352157641642297e-03
4.207737015599936209e-02,4.207737015599936209e-02
3.192391449117434193e-02,3.192391449117434193e-02
7.813991669264202383e-03,7.813991669264202383e-03
-9.452135852150777423e-03,-9.452135852150777423e-03
2.786646214108774375e-02,2.786646214108774375e-02
7.846459365374116451e-03,7.846459365374116451e-03
2.485293074643568634e-04,2.485293074643568634e-04
2.391546887385281872e-02,2.391546887385281872e-02
3.087372125497027386e-02,3.087372125497027386e-02
1.892644671253835426e-02,1.892644671253835426e-02
7.994445862548073961e-03,7.994445862548073961e-03
1.793812855023269037e-02,1.793812855023269037e-02
2.152958509586438973e-03,2.152958509586438973e-03
9.117001038948652908e-03,9.117001038948652908e-03
1.497645173626217449e-02,1.497645173626217449e-02
1.239446357212480032e-02,1.239446357212480032e-02
1.185512127286716608e-02,1.185512127286716608e-02
-2.109657634896817263e-02,-2.109657634896817263e-02
3.693662804622081797e-02,3.693662804622081797e-02
5.990065206887770083e-03,5.990065206887770083e-03
1.023876409703907212e-02,1.023876409703907212e-02
-8.925300955724344010e-03,-8.925300955724344010e-03
2.722171027073814337e-03,2.722171027073814337e-03
1.988844296260647293e-02,1.988844296260647293e-02
8.568365706869154885e-03,8.568365706869154885e-03
2.250566363775943421e-02,2.250566363775943421e-02
2.038021519101258783e-02,2.038021519101258783e-02
9.908258671854457134e-04,9.908258671854457134e-04
1.308343590095007065e-02,1.308343590095007065e-02
-9.106829080498968915e-03,-9.106829080498968915e-03
1.273744566809007633e-02,1.273744566809007633e-02
2.167134876710182650e-02,2.167134876710182650e-02
1.115655319345012012e-02,1.115655319345012012e-02
1.074933385076753956e-02,1.074933385076753956e-02
1.125801257625017038e-02,1.125801257625017038e-02
1.133630406454845183e-02,1.133630406454845183e-02
3.335010203387230032e-03,3.335010203387230032e-03
2.891100651082786216e-02,2.891100651082786216e-02
2.378899454506612499e-02,2.378899454506612499e-02
2.420500107470623108e-02,2.420500107470623108e-02
7.680823106361957253e-03,7.680823106361957253e-03
9.530654023331707608e-03,9.530654023331707608e-03
2.178329734742637941e-03,2.178329734742637941e-03
-1.054033899735663804e-03,-1.054033899735663804e-03
7.070096287702245380e-03,7.070096287702245380e-03
6.185976994712287513e-03,6.185976994712287513e-03
7.620160319908884927e-03,7.620160319908884927e-03
1.238003756157908877e-02,1.238003756157908877e-02
6.111264197330091436e-03,6.111264197330091436e-03
1.733456446948115556e-02,1.733456446948115556e-02
1.562867582793108640e-02,1.562867582793108640e-02
7.779638377208585726e-03,7.779638377208585726e-03
-1.891200779098809251e-02,-1.891200779098809251e-02
1.391348702715781982e-03,1.391348702715781982e-03
1.761241735328838987e-02,1.761241735328838987e-02
-7.241473196899259057e-03,-7.241473196899259057e-03
1.078433593975173209e-02,1.078433593975173209e-02
1.072618653734273494e-02,1.072618653734273494e-02
1.247383036387439414e-02,1.247383036387439414e-02
2.216759110002226862e-02,2.216759110002226862e-02
5.612167217110032580e-03,5.612167217110032580e-03
-1.044065783260941793e-02,-1.044065783260941793e-02
2.999918820782083648e-02,2.999918820782083648e-02
3.955467575014648407e-02,3.955467575014648407e-02
2.273761639686872060e-04,2.273761639686872060e-04
1.828923233098652887e-02,1.828923233098652887e-02
7.438756856142262480e-03,7.438756856142262480e-03
1.299052430146538026e-02,1.299052430146538026e-02
4.320963975218916620e-03,4.320963975218916620e-03
2.447812027373194588e-03,2.447812027373194588e-03
5.512616886596006377e-03,5.512616886596006377e-03
2.584841834089420323e-02,2.584841834089420323e-02
3.266368537976089420e-02,3.266368537976089420e-02
1.891858685057824438e-02,1.891858685057824438e-02
