2.836762234545545436e+00,2.836762234545545436e+00
2.461580831827919535e+00,2.461580831827919535e+00
-3.385215335181634977e-01,-3.385215335181634977e-01
5.959580527755005797e+00,5.959580527755005797e+00
5.138889155293877131e+00,5.138889155293877131e+00
3.749326427848819199e-01,3.749326427848819199e-01
3.051199338998896504e+00,3.051199338998896504e+00
4.813730676582579804e+00,4.813730676582579804e+00
3.138338196774569600e+00,3.138338196774569600e+00
6.578049072790956853e-01,6.578049072790956853e-01
6.497616796315984544e+00,6.497616796315984544e+00
6.332267600093947735e+00,6.332267600093947735e+00
3.054393805860356803e+00,3.054393805860356803e+00
1.246479338562457961e+00,1.246479338562457961e+00
4.047410389870423231e+00,4.047410389870423231e+00
7.792152656877453509e+00,7.792152656877453509e+00
4.722013467767332884e+00,4.722013467767332884e+00
7.322657353982217288e+00,7.322657353982217288e+00
3.365943968672294950e+00,3.365943968672294950e+00
3.165882129088000596e+00,3.165882129088000596e+00
1.486810114662840077e+00,1.486810114662840077e+00
1.111022853147233924e+00,1.111022853147233924e+00
5.035144141256086670e+00,5.035144141256086670e+00
3.315117923700355185e+00,3.315117923700355185e+00
4.338272255874002781e+00,4.338272255874002781e+00
1.628056872789976017e+00,1.628056872789976017e+00
5.026313324354817702e+00,5.026313324354817702e+00
7.670091760058023844e+00,7.670091760058023844e+00
2.752216637679452127e+00,2.752216637679452127e+00
3.521216796514441860e+00,3.521216796514441860e+00
3.823216098372379967e+00,3.823216098372379967e+00
2.188637873790729493e+00,2.188637873790729493e+00
2.836942999909704888e+00,2.836942999909704888e+00
2.816036669247941049e+00,2.816036669247941049e+00
3.026245565298325779e+00,3.026245565298325779e+00
8.026392248087031334e+00,8.026392248087031334e+00
8.650846151641808035e+00,8.650846151641808035e+00
1.071862377935544064e+00,1.071862377935544064e+00
5.587471723363997000e+00,5.587471723363997000e+00
-6.031327690908776518e-01,-6.031327690908776518e-01
4.541704545770707924e+00,4.541704545770707924e+00
1.663083094934071138e+00,1.663083094934071138e+00
2.446395257546685187e-02,2.446395257546685187e-02
1.707191313035516300e+00,1.707191313035516300e+00
6.565335138740021392e+00,6.565335138740021392e+00
2.315009647865850173e+00,2.315009647865850173e+00
4.640460010706998872e+00,4.640460010706998872e+00
4.631244209739189266e-01,4.631244209739189266e-01
1.660315594849225418e+00,1.660315594849225418e+00
5.096636644278809136e+00,5.096636644278809136e+00
3.903228677055564866e+00,3.903228677055564866e+00
1.461387978783052155e+00,1.461387978783052155e+00
1.414377434252471311e+00,1.414377434252471311e+00
1.799494947324502103e+00,1.799494947324502103e+00
6.017103533661538606e+00,6.017103533661538606e+00
7.671999395719394599e+00,7.671999395719394599e+00
2.201938109325699777e+00,2.201938109325699777e+00
3.544910958024872549e+00,3.544910958024872549e+00
8.408486901609355968e+00,8.408486901609355968e+00
4.406865343065252461e+00,4.406865343065252461e+00
2.570627480084543226e+00,2.570627480084543226e+00
3.402386367409967249e+00,3.402386367409967249e+00
3.962015301925898125e+00,3.962015301925898125e+00
3.073637808921750647e+00,3.073637808921750647e+00
6.679023176572135512e+00,6.679023176572135512e+00
1.397621618635284335e+00,1.397621618635284335e+00
1.838622019584276845e+00,1.838622019584276845e+00
4.918447912776276354e+00,4.918447912776276354e+00
4.301174338199743374e+00,4.301174338199743374e+00
3.056585097393039518e+00,3.056585097393039518e+00
3.010034549991235764e+00,3.010034549991235764e+00
2.021917939872961867e+00,2.021917939872961867e+00
2.517004800434007095e+00,2.517004800434007095e+00
2.096335520224379412e+00,2.096335520224379412e+00
5.322747511160875966e+00,5.322747511160875966e+00
3.215414878634043738e+00,3.215414878634043738e+00
2.102277599722024881e+00,2.102277599722024881e+00
3.323505714814511069e+00,3.323505714814511069e+00
3.079442036310363839e+00,3.079442036310363839e+00
3.100495934767372841e+00,3.100495934767372841e+00
4.426415153198393959e+00,4.426415153198393959e+00
3.428721498341923635e+00,3.428721498341923635e+00
1.908052861914907083e+00,1.908052861914907083e+00
2.436231375145405220e+00,2.436231375145405220e+00
1.423353663319275153e+00,1.423353663319275153e+00
3.273821561028175342e+00,3.273821561028175342e+00
1.995854415290107653e+00,1.995854415290107653e+00
5.282816282035967426e+00,5.282816282035967426e+00
5.076607080084274415e+00,5.076607080084274415e+00
1.671690240371394687e+00,1.671690240371394687e+00
1.370388129633504537e+00,1.370388129633504537e+00
3.608150415319490989e+00,3.608150415319490989e+00
3.003342269911890128e+00,3.003342269911890128e+00
5.978260955449716363e+00,5.978260955449716363e+00
8.439894253563069881e+00,8.439894253563069881e+00
-2.090290563502362531e+00,-2.090290563502362531e+00
-1.287641640888641081e+00,-1.287641640888641081e+00
2.546950243873737474e+00,2.546950243873737474e+00
-5.484100025492355535e-01,-5.484100025492355535e-01
5.879419912838365292e+00,5.879419912838365292e+00
1.235633402347356080e+00,1.235633402347356080e+00
1.134726944882175736e+00,1.134726944882175736e+00
-5.383278482720719182e-01,-5.383278482720719182e-01
6.639402389273934446e+00,6.639402389273934446e+00
5.141952639404599346e+00,5.141952639404599346e+00
3.912048725705743024e+00,3.912048725705743024e+00
1.148772566596155675e+00,1.148772566596155675e+00
7.919279432921333850e+00,7.919279432921333850e+00
5.460879978289000292e+00,5.460879978289000292e+00
3.070579535013001848e+00,3.070579535013001848e+00
3.171836669731662450e-01,3.171836669731662450e-01
7.480173677919845332e+00,7.480173677919845332e+00
3.970221017996786284e+00,3.970221017996786284e+00
1.446044115648438488e+00,1.446044115648438488e+00
7.703415349565418069e+00,7.703415349565418069e+00
-2.100658746127463949e+00,-2.100658746127463949e+00
4.832567999771486988e+00,4.832567999771486988e+00
3.069370460689964997e+00,3.069370460689964997e+00
5.019698568394235227e-01,5.019698568394235227e-01
2.096573658499063075e+00,2.096573658499063075e+00
7.130657846204814909e+00,7.130657846204814909e+00
6.264832261078033149e+00,6.264832261078033149e+00
5.334759578876639097e+00,5.334759578876639097e+00
4.811631544935975668e+00,4.811631544935975668e+00
8.179418051645114929e+00,8.179418051645114929e+00
6.062357573200316097e+00,6.062357573200316097e+00
7.524314995323674538e+00,7.524314995323674538e+00
5.972098437936333326e+00,5.972098437936333326e+00
4.930318690350512512e+00,4.930318690350512512e+00
4.244573148240911031e+00,4.244573148240911031e+00
2.439215148454580095e+00,2.439215148454580095e+00
3.987325090667640737e+00,3.987325090667640737e+00
-1.034423564488657021e+00,-1.034423564488657021e+00
-6.684418006678553015e-01,-6.684418006678553015e-01
-8.590315189052435407e-01,-8.590315189052435407e-01
1.959373553689797376e+00,1.959373553689797376e+00
3.950443097868911124e+00,3.950443097868911124e+00
3.725346026936603661e+00,3.725346026936603661e+00
6.236655916732436467e+00,6.236655916732436467e+00
2.308782900366708191e+00,2.308782900366708191e+00
6.522351132619125025e+00,6.522351132619125025e+00
5.584653947967820109e+00,5.584653947967820109e+00
7.359322976690366502e+00,7.359322976690366502e+00
6.367287574944373141e+00,6.367287574944373141e+00
6.992202779734897788e+00,6.992202779734897788e+00
4.463130046325658462e+00,4.463130046325658462e+00
2.265115693248208828e+00,2.265115693248208828e+00
2.200082299455774493e-01,2.200082299455774493e-01
-7.293625597422328521e-01,-7.293625597422328521e-01
6.121811699053175460e+00,6.121811699053175460e+00
2.093285929019892411e+00,2.093285929019892411e+00
7.992257468719733637e+00,7.992257468719733637e+00
5.079137385298756691e+00,5.079137385298756691e+00
7.328837863590808688e+00,7.328837863590808688e+00
-2.286604899252297485e-01,-2.286604899252297485e-01
9.861962113551703268e-02,9.861962113551703268e-02
4.387710134118731453e+00,4.387710134118731453e+00
4.250950947160180959e+00,4.250950947160180959e+00
6.191431019023055704e+00,6.191431019023055704e+00
6.627187355576358740e+00,6.627187355576358740e+00
3.576611415653775605e+00,3.576611415653775605e+00
4.643683647983256613e+00,4.643683647983256613e+00
3.965959346920604034e+00,3.965959346920604034e+00
7.867625372664191374e+00,7.867625372664191374e+00
4.428629483620097673e+00,4.428629483620097673e+00
3.077038149811428092e+00,3.077038149811428092e+00
6.853960720173648546e+00,6.853960720173648546e+00
4.371331240685344177e+00,4.371331240685344177e+00
2.160005221704943690e+00,2.160005221704943690e+00
5.733393118184063830e+00,5.733393118184063830e+00
2.681210446145113391e+00,2.681210446145113391e+00
6.797929762034704559e+00,6.797929762034704559e+00
7.689972070531363002e+00,7.689972070531363002e+00
2.562625834596344632e+00,2.562625834596344632e+00
4.601779684039836837e+00,4.601779684039836837e+00
3.911168596469224656e+00,3.911168596469224656e+00
2.158277197906580458e+00,2.158277197906580458e+00
3.093397880043199155e+00,3.093397880043199155e+00
3.882404554514641060e+00,3.882404554514641060e+00
2.053447355385447537e+00,2.053447355385447537e+00
7.599287130857293349e+00,7.599287130857293349e+00
3.364445032858105922e+00,3.364445032858105922e+00
3.672295878041859751e+00,3.672295878041859751e+00
2.686982369656178982e+00,2.686982369656178982e+00
6.569085149703032478e+00,6.569085149703032478e+00
5.886958492162635892e+00,5.886958492162635892e+00
2.099152135990525636e+00,2.099152135990525636e+00
3.013828402620110758e+00,3.013828402620110758e+00
4.818261759295141999e+00,4.818261759295141999e+00
2.210159102298267619e+00,2.210159102298267619e+00
1.879269801608000945e+00,1.879269801608000945e+00
4.589943014014504108e+00,4.589943014014504108e+00
4.279909561733392209e+00,4.279909561733392209e+00
6.366348590355557224e-01,6.366348590355557224e-01
8.688196591904462807e+00,8.688196591904462807e+00
3.032616890259533626e+00,3.032616890259533626e+00
5.218530107808827978e+00,5.218530107808827978e+00
1.959279649019757263e+00,1.959279649019757263e+00
2.274532623388709318e+00,2.274532623388709318e+00
2.165006136208898369e+00,2.165006136208898369e+00
2.342918340812324196e+00,2.342918340812324196e+00
5.403864631175166799e+00,5.403864631175166799e+00
8.601658667731097552e+00,8.601658667731097552e+00
6.079152459943452769e+00,6.079152459943452769e+00
2.170171038284123277e+00,2.170171038284123277e+00
4.544687865641297009e+00,4.544687865641297009e+00
4.984401790425113887e+00,4.984401790425113887e+00
-1.282147093951100381e-01,-1.282147093951100381e-01
3.305919381987492134e-01,3.305919381987492134e-01
1.084472256915826494e+00,1.084472256915826494e+00
4.076220022089238171e+00,4.076220022089238171e+00
2.995739594164704478e+00,2.995739594164704478e+00
4.723881379159925231e+00,4.723881379159925231e+00
1.001547496187063224e+01,1.001547496187063224e+01
5.901030712593543726e+00,5.901030712593543726e+00
5.682180355715270359e+00,5.682180355715270359e+00
3.285534658692499832e+00,3.285534658692499832e+00
1.273323179587948051e+00,1.273323179587948051e+00
4.963972202704221459e+00,4.963972202704221459e+00
3.217637132976351566e+00,3.217637132976351566e+00
3.724501204409274902e+00,3.724501204409274902e+00
5.226640925836207430e+00,5.226640925836207430e+00
7.329452274419137048e+00,7.329452274419137048e+00
1.885353982643069415e+00,1.885353982643069415e+00
1.568599589445626830e+00,1.568599589445626830e+00
3.991556815587190776e+00,3.991556815587190776e+00
2.368772180096197388e+00,2.368772180096197388e+00
2.870416744204709047e+00,2.870416744204709047e+00
9.324747374686971568e+00,9.324747374686971568e+00
4.235839959376856534e+00,4.235839959376856534e+00
3.636080062692250259e+00,3.636080062692250259e+00
1.742105659976034726e+00,1.742105659976034726e+00
1.641653979700641752e+00,1.641653979700641752e+00
-7.673990388347048386e-01,-7.673990388347048386e-01
4.318072771008907296e+00,4.318072771008907296e+00
-7.738500779079782177e-02,-7.738500779079782177e-02
1.677309786202990649e+00,1.677309786202990649e+00
1.680538377635931946e+00,1.680538377635931946e+00
2.025585568186692775e+00,2.025585568186692775e+00
3.153173684021468137e+00,3.153173684021468137e+00
2.917364135025753313e+00,2.917364135025753313e+00
8.391794799538860872e+00,8.391794799538860872e+00
-5.605456110808026970e-02,-5.605456110808026970e-02
6.448595163327788260e-01,6.448595163327788260e-01
5.965631807770882311e+00,5.965631807770882311e+00
2.335955280585048754e+00,2.335955280585048754e+00
5.912760610703626796e+00,5.912760610703626796e+00
5.493836839743549305e+00,5.493836839743549305e+00
7.812325299782473254e-01,7.812325299782473254e-01
5.219610692932166174e+00,5.219610692932166174e+00
8.603950713618640833e+00,8.603950713618640833e+00
1.414225961262705500e+00,1.414225961262705500e+00
3.129113377881904690e+00,3.129113377881904690e+00
3.880942643395564051e+00,3.880942643395564051e+00
4.290019130624172838e+00,4.290019130624172838e+00
7.554468975696011501e-01,7.554468975696011501e-01
3.683017716403856667e+00,3.683017716403856667e+00
2.946954405190349124e+00,2.946954405190349124e+00
1.648680203733751126e+00,1.648680203733751126e+00
3.400016905780822274e+00,3.400016905780822274e+00
5.200868382424127745e+00,5.200868382424127745e+00
7.131008375157584567e+00,7.131008375157584567e+00
1.804310173673043138e+00,1.804310173673043138e+00
8.829695672045154708e+00,8.829695672045154708e+00
3.728620337110742256e+00,3.728620337110742256e+00
3.297475723927981939e+00,3.297475723927981939e+00
4.407540194191946092e+00,4.407540194191946092e+00
2.431205655524669051e+00,2.431205655524669051e+00
7.135635916995451744e+00,7.135635916995451744e+00
6.391973826842581197e+00,6.391973826842581197e+00
5.430724242576868477e+00,5.430724242576868477e+00
-5.947961780192740910e-01,-5.947961780192740910e-01
5.640092299358282268e+00,5.640092299358282268e+00
6.686654696442051460e+00,6.686654696442051460e+00
1.453041559601216060e+00,1.453041559601216060e+00
3.265537068214702909e+00,3.265537068214702909e+00
6.096339578515997282e+00,6.096339578515997282e+00
3.373877310448092359e+00,3.373877310448092359e+00
7.070893013978743369e+00,7.070893013978743369e+00
4.950968569129599040e+00,4.950968569129599040e+00
4.186896000216286495e+00,4.186896000216286495e+00
5.037396253314891048e+00,5.037396253314891048e+00
5.954502208928339257e+00,5.954502208928339257e+00
1.344026366891722724e+00,1.344026366891722724e+00
3.952196943714294974e+00,3.952196943714294974e+00
5.142326059083769607e+00,5.142326059083769607e+00
2.178117891673454043e+00,2.178117891673454043e+00
2.066043889484856511e+00,2.066043889484856511e+00
8.235087154117628927e+00,8.235087154117628927e+00
3.556420952472040042e+00,3.556420952472040042e+00
5.213619103778311725e+00,5.213619103778311725e+00
3.571231931798493520e+00,3.571231931798493520e+00
4.467068208232296556e+00,4.467068208232296556e+00
3.634892416432432771e+00,3.634892416432432771e+00
4.370221814377416081e+00,4.370221814377416081e+00
3.786578349254781983e+00,3.786578349254781983e+00
1.324419666288230601e+00,1.324419666288230601e+00
4.453179847088805765e+00,4.453179847088805765e+00
5.300063488151127267e+00,5.300063488151127267e+00
7.218923331156015699e+00,7.218923331156015699e+00
8.526160780479489887e+00,8.526160780479489887e+00
2.825246567999238678e+00,2.825246567999238678e+00
4.091149692583427866e-01,4.091149692583427866e-01
4.472531142780558966e+00,4.472531142780558966e+00
2.023447597135459741e+00,2.023447597135459741e+00
2.438090614992601157e+00,2.438090614992601157e+00
9.155403458822094720e+00,9.155403458822094720e+00
1.306862996119523057e+00,1.306862996119523057e+00
4.436841925141790099e+00,4.436841925141790099e+00
2.793403185061838379e+00,2.793403185061838379e+00
4.226466822855868166e+00,4.226466822855868166e+00
3.189639228613205812e+00,3.189639228613205812e+00
1.085736006367216788e+00,1.085736006367216788e+00
4.955509330530914802e+00,4.955509330530914802e+00
6.084009643463016204e+00,6.084009643463016204e+00
4.162263293365946915e+00,4.162263293365946915e+00
4.403494184840095471e-01,4.403494184840095471e-01
6.771429985536958185e+00,6.771429985536958185e+00
1.923459806161319952e+00,1.923459806161319952e+00
1.624740539927049365e+00,1.624740539927049365e+00
2.555248588592620607e+00,2.555248588592620607e+00
4.101078892885109184e+00,4.101078892885109184e+00
6.690289583285580211e-01,6.690289583285580211e-01
1.562474722841477703e+00,1.562474722841477703e+00
4.731085530690542384e+00,4.731085530690542384e+00
2.197615225489230717e+00,2.197615225489230717e+00
9.213812891215610312e-01,9.213812891215610312e-01
4.922453522617146859e+00,4.922453522617146859e+00
4.406435865129036955e+00,4.406435865129036955e+00
7.727932767602698760e+00,7.727932767602698760e+00
4.573813201824185271e+00,4.573813201824185271e+00
3.837073404245335606e+00,3.837073404245335606e+00
5.138770479274445080e+00,5.138770479274445080e+00
4.999395909809962291e+00,4.999395909809962291e+00
2.052662140852431705e+00,2.052662140852431705e+00
-3.836426507010637366e-02,-3.836426507010637366e-02
6.200760692526998241e+00,6.200760692526998241e+00
5.372213561004417492e-01,5.372213561004417492e-01
3.464272642999226992e+00,3.464272642999226992e+00
2.314745666834856941e+00,2.314745666834856941e+00
4.374980508900495835e+00,4.374980508900495835e+00
3.849786991747744302e+00,3.849786991747744302e+00
3.328058018810945651e+00,3.328058018810945651e+00
5.789307574584395821e-01,5.789307574584395821e-01
3.496647923823080095e+00,3.496647923823080095e+00
3.915789411578027845e+00,3.915789411578027845e+00
7.346337402092414592e+00,7.346337402092414592e+00
5.981996776051817122e+00,5.981996776051817122e+00
4.658473175254549403e+00,4.658473175254549403e+00
3.817183493715605280e+00,3.817183493715605280e+00
6.332386657376282812e+00,6.332386657376282812e+00
2.098648454240263028e+00,2.098648454240263028e+00
4.582699879565835133e+00,4.582699879565835133e+00
4.822525007997530366e+00,4.822525007997530366e+00
7.816900164839184484e+00,7.816900164839184484e+00
4.109871729666243922e+00,4.109871729666243922e+00
2.591333574043437338e+00,2.591333574043437338e+00
4.099298538939332381e+00,4.099298538939332381e+00
1.909555253588839596e+00,1.909555253588839596e+00
4.631713026499662433e+00,4.631713026499662433e+00
5.563089265156100360e+00,5.563089265156100360e+00
-1.849485006892250816e-01,-1.849485006892250816e-01
7.314521540198692051e+00,7.314521540198692051e+00
3.932157817350947937e+00,3.932157817350947937e+00
2.868188329986441687e+00,2.868188329986441687e+00
3.745364570073531407e+00,3.745364570073531407e+00
5.653219418378577998e+00,5.653219418378577998e+00
8.165928860898871378e+00,8.165928860898871378e+00
9.142988688389626084e-01,9.142988688389626084e-01
4.074573972625669671e-01,4.074573972625669671e-01
5.966220689598869420e+00,5.966220689598869420e+00
4.215565125372860988e-01,4.215565125372860988e-01
2.439116777526773028e+00,2.439116777526773028e+00
4.492245908319119962e+00,4.492245908319119962e+00
2.269108417196999294e+00,2.269108417196999294e+00
2.332434994155117458e+00,2.332434994155117458e+00
2.882943089526778913e+00,2.882943089526778913e+00
5.774687924618431722e+00,5.774687924618431722e+00
6.524672960358770979e+00,6.524672960358770979e+00
4.831981376791092408e+00,4.831981376791092408e+00
-2.734136990193219985e-01,-2.734136990193219985e-01
2.089299139466084476e+00,2.089299139466084476e+00
5.837947626908192689e+00,5.837947626908192689e+00
2.728764177793375545e+00,2.728764177793375545e+00
1.819287253370251545e+00,1.819287253370251545e+00
5.014423107954701031e+00,5.014423107954701031e+00
-2.062000630760745246e-01,-2.062000630760745246e-01
3.417195189706534020e+00,3.417195189706534020e+00
2.525927701741304432e+00,2.525927701741304432e+00
2.400214870307976867e+00,2.400214870307976867e+00
5.042725784364077590e+00,5.042725784364077590e+00
7.093302513947066679e+00,7.093302513947066679e+00
4.455825972035166060e+00,4.455825972035166060e+00
7.311022103868162425e+00,7.311022103868162425e+00
2.403720333220920935e+00,2.403720333220920935e+00
4.390062334942348876e+00,4.390062334942348876e+00
3.571212107450672857e+00,3.571212107450672857e+00
6.425789174879851906e+00,6.425789174879851906e+00
2.961219359840334242e+00,2.961219359840334242e+00
3.318129247822130257e+00,3.318129247822130257e+00
2.305036392257131084e+00,2.305036392257131084e+00
3.957233657664147586e+00,3.957233657664147586e+00
2.652040360213198333e+00,2.652040360213198333e+00
5.043957193780689074e+00,5.043957193780689074e+00
2.151374372489302189e+00,2.151374372489302189e+00
4.577048318687250372e+00,4.577048318687250372e+00
2.635584935783495730e+00,2.635584935783495730e+00
7.174405708637983992e+00,7.174405708637983992e+00
5.523284230045881316e+00,5.523284230045881316e+00
2.272258081967216015e+00,2.272258081967216015e+00
1.708856954101075631e+00,1.708856954101075631e+00
6.487345751699528762e+00,6.487345751699528762e+00
6.389453457716787632e+00,6.389453457716787632e+00
1.413966815190224269e+00,1.413966815190224269e+00
6.114529631619853411e+00,6.114529631619853411e+00
-3.198641174828150691e-01,-3.198641174828150691e-01
1.994954361301358503e+00,1.994954361301358503e+00
8.283835015004815006e+00,8.283835015004815006e+00
3.548621060733680110e+00,3.548621060733680110e+00
1.680090417361310262e+00,1.680090417361310262e+00
5.142004453613711057e+00,5.142004453613711057e+00
5.826389905098171340e+00,5.826389905098171340e+00
5.838134589535828312e+00,5.838134589535828312e+00
8.306681543487425046e+00,8.306681543487425046e+00
4.485099083816496801e+00,4.485099083816496801e+00
3.629449792009022069e+00,3.629449792009022069e+00
8.893978569669487300e+00,8.893978569669487300e+00
5.245115701123194363e+00,5.245115701123194363e+00
6.093220608140356376e+00,6.093220608140356376e+00
5.368164691183637593e+00,5.368164691183637593e+00
5.526349575248082679e+00,5.526349575248082679e+00
2.886864258695065466e+00,2.886864258695065466e+00
5.448200661809882384e+00,5.448200661809882384e+00
4.780366975866034984e+00,4.780366975866034984e+00
3.305834541375184177e+00,3.305834541375184177e+00
3.370469447093769055e+00,3.370469447093769055e+00
5.003631773874552380e+00,5.003631773874552380e+00
5.108941125139280892e+00,5.108941125139280892e+00
4.106704350875666876e+00,4.106704350875666876e+00
4.177872393199160150e+00,4.177872393199160150e+00
1.044349249421396397e+00,1.044349249421396397e+00
3.256585874479657861e+00,3.256585874479657861e+00
3.151020446865991254e+00,3.151020446865991254e+00
5.399809078221928793e+00,5.399809078221928793e+00
1.731464397936274935e+00,1.731464397936274935e+00
3.357328508769843456e+00,3.357328508769843456e+00
1.387098913524370092e+00,1.387098913524370092e+00
5.738679891783082354e+00,5.738679891783082354e+00
4.100921731230511291e+00,4.100921731230511291e+00
3.717672651261413552e+00,3.717672651261413552e+00
4.699078061879969681e+00,4.699078061879969681e+00
1.976509651351756158e+00,1.976509651351756158e+00
7.142919665966944720e-01,7.142919665966944720e-01
1.035699838977205411e+00,1.035699838977205411e+00
2.544085967863783271e+00,2.544085967863783271e+00
1.006011771132520316e+01,1.006011771132520316e+01
6.286903004976183595e+00,6.286903004976183595e+00
2.893470259554885793e+00,2.893470259554885793e+00
5.364402734193708611e+00,5.364402734193708611e+00
5.027217796460098143e+00,5.027217796460098143e+00
5.048747903966119388e+00,5.048747903966119388e+00
6.298645220266056555e+00,6.298645220266056555e+00
1.495393467294935386e-01,1.495393467294935386e-01
5.072912628451490491e+00,5.072912628451490491e+00
1.640763238084390618e+00,1.640763238084390618e+00
2.205622227330818586e+00,2.205622227330818586e+00
3.367338167225660150e+00,3.367338167225660150e+00
3.612318417077194699e+00,3.612318417077194699e+00
7.626199904627098292e+00,7.626199904627098292e+00
1.744834339643606569e+00,1.744834339643606569e+00
1.975164135352003969e+00,1.975164135352003969e+00
1.454646280817950554e-01,1.454646280817950554e-01
4.831812861720803376e+00,4.831812861720803376e+00
2.983482757916569472e+00,2.983482757916569472e+00
1.845737999298306065e+00,1.845737999298306065e+00
2.327431098443397683e+00,2.327431098443397683e+00
4.638476156307353993e-01,4.638476156307353993e-01
3.542667427969541372e+00,3.542667427969541372e+00
4.760621885831152866e+00,4.760621885831152866e+00
3.546513495545171590e+00,3.546513495545171590e+00
1.885372139099102284e+00,1.885372139099102284e+00
3.376161130144282652e+00,3.376161130144282652e+00
3.098460930037056471e+00,3.098460930037056471e+00
2.275094238907134248e+00,2.275094238907134248e+00
2.001823528290525900e+00,2.001823528290525900e+00
5.721228696225953980e-01,5.721228696225953980e-01
4.203470878129722088e+00,4.203470878129722088e+00
4.573868399579265720e+00,4.573868399579265720e+00
3.527053056790633967e+00,3.527053056790633967e+00
3.269136216636771231e+00,3.269136216636771231e+00
2.329896943218822791e+00,2.329896943218822791e+00
5.512106620285159408e+00,5.512106620285159408e+00
1.253219406305993822e+00,1.253219406305993822e+00
2.131926061496812075e+00,2.131926061496812075e+00
4.635771591554550319e+00,4.635771591554550319e+00
8.161342959676979092e+00,8.161342959676979092e+00
1.730340449603962716e+00,1.730340449603962716e+00
3.044753670252533517e+00,3.044753670252533517e+00
3.474980999555177696e+00,3.474980999555177696e+00
3.538689928156166342e+00,3.538689928156166342e+00
6.164269477794576346e+00,6.164269477794576346e+00
4.355484508598698845e+00,4.355484508598698845e+00
9.440263862837349862e+00,9.440263862837349862e+00
3.135335731093105593e+00,3.135335731093105593e+00
2.649691965414191941e+00,2.649691965414191941e+00
2.468516855209179184e+00,2.468516855209179184e+00
1.681243354965558323e+00,1.681243354965558323e+00
6.866281183171009772e+00,6.866281183171009772e+00
1.872377462436758400e-02,1.872377462436758400e-02
3.712209075096570388e+00,3.712209075096570388e+00
6.352144768435977085e+00,6.352144768435977085e+00
6.113706603603924705e+00,6.113706603603924705e+00
4.380541302090009914e+00,4.380541302090009914e+00
7.298808423325439776e+00,7.298808423325439776e+00
6.515278334989217157e+00,6.515278334989217157e+00
1.789930475847841596e+00,1.789930475847841596e+00
9.786509993167312516e+00,9.786509993167312516e+00
5.119243025129899038e+00,5.119243025129899038e+00
5.192412152400512682e+00,5.192412152400512682e+00
5.526114179113906566e+00,5.526114179113906566e+00
6.053906768214478262e+00,6.053906768214478262e+00
7.635334372510214074e+00,7.635334372510214074e+00
4.741207296169701380e+00,4.741207296169701380e+00
3.685386444538756745e+00,3.685386444538756745e+00
1.590013052838927354e+00,1.590013052838927354e+00
3.396087732927779435e+00,3.396087732927779435e+00
4.427001834589865403e+00,4.427001834589865403e+00
7.505488193227348503e+00,7.505488193227348503e+00
6.252907188762351076e+00,6.252907188762351076e+00
5.723784495575323206e+00,5.723784495575323206e+00
5.871942902085006466e+00,5.871942902085006466e+00
1.420822085014184610e+00,1.420822085014184610e+00
3.107966412670447376e+00,3.107966412670447376e+00
5.052469022940563326e-01,5.052469022940563326e-01
3.999120884506988105e+00,3.999120884506988105e+00
-4.068017636686079852e-01,-4.068017636686079852e-01
3.441894484894143069e+00,3.441894484894143069e+00
5.036014435086640262e+00,5.036014435086640262e+00
5.577916495683393094e+00,5.577916495683393094e+00
3.609382329910629572e+00,3.609382329910629572e+00
1.074362057100610723e+00,1.074362057100610723e+00
3.475652615694406311e+00,3.475652615694406311e+00
2.077892183205938714e+00,2.077892183205938714e+00
1.831967712734172471e+00,1.831967712734172471e+00
-9.366779171604622256e-02,-9.366779171604622256e-02
1.709806086024019844e+00,1.709806086024019844e+00
5.417391824196370109e+00,5.417391824196370109e+00
3.140832244379687221e+00,3.140832244379687221e+00
4.399598986341823448e+00,4.399598986341823448e+00
2.716519395633787415e+00,2.716519395633787415e+00
2.922772127658038510e+00,2.922772127658038510e+00
-4.300120441486638967e-01,-4.300120441486638967e-01
-3.494577163669168041e-01,-3.494577163669168041e-01
1.966125824673726097e+00,1.966125824673726097e+00
3.767673667657986503e+00,3.767673667657986503e+00
2.305965376727193039e+00,2.305965376727193039e+00
3.571282735603263703e+00,3.571282735603263703e+00
2.379974671274942111e+00,2.379974671274942111e+00
3.936542874236081513e+00,3.936542874236081513e+00
4.977740370070163678e+00,4.977740370070163678e+00
3.131665388982226794e+00,3.131665388982226794e+00
8.288203035336726643e+00,8.288203035336726643e+00
-3.529052820500786503e-01,-3.529052820500786503e-01
4.167643787225877361e+00,4.167643787225877361e+00
9.065309038008758646e-01,9.065309038008758646e-01
3.459292889298307472e+00,3.459292889298307472e+00
6.563836397624325691e+00,6.563836397624325691e+00
3.900261752433873408e-01,3.900261752433873408e-01
5.056125096695216925e+00,5.056125096695216925e+00
4.533846872918645410e+00,4.533846872918645410e+00
5.434827826212270674e-01,5.434827826212270674e-01
7.543968559882003877e-01,7.543968559882003877e-01
2.042699463767754242e+00,2.042699463767754242e+00
5.681927933117683516e+00,5.681927933117683516e+00
4.529467747943516365e+00,4.529467747943516365e+00
3.839486265873826021e+00,3.839486265873826021e+00
2.274150354768563975e+00,2.274150354768563975e+00
1.016294715345357424e+01,1.016294715345357424e+01
2.527172468023795027e+00,2.527172468023795027e+00
2.805779580997330047e+00,2.805779580997330047e+00
6.595216090042660184e+00,6.595216090042660184e+00
5.181343258453272149e+00,5.181343258453272149e+00
4.369740600210534787e+00,4.369740600210534787e+00
7.718202630856727531e+00,7.718202630856727531e+00
1.344802269232692193e+00,1.344802269232692193e+00
4.114149049429677518e+00,4.114149049429677518e+00
3.430336552616372270e+00,3.430336552616372270e+00
4.287635093721553048e+00,4.287635093721553048e+00
5.709563795866412050e+00,5.709563795866412050e+00
8.067993010262020093e-02,8.067993010262020093e-02
3.396651920280276737e+00,3.396651920280276737e+00
4.370901845375474437e+00,4.370901845375474437e+00
6.027973806136528445e+00,6.027973806136528445e+00
4.673990585441302414e+00,4.673990585441302414e+00
1.719227289724246432e+00,1.719227289724246432e+00
3.943866173975330902e+00,3.943866173975330902e+00
3.404495499095393285e+00,3.404495499095393285e+00
2.448678085838381868e+00,2.448678085838381868e+00
2.822811147385353880e+00,2.822811147385353880e+00
1.919297595170548654e+00,1.919297595170548654e+00
4.962917469179902952e+00,4.962917469179902952e+00
2.024768028156171962e-01,2.024768028156171962e-01
4.415406375382537441e+00,4.415406375382537441e+00
5.442571511804835005e+00,5.442571511804835005e+00
1.344721141847452284e+00,1.344721141847452284e+00
7.458140211071703218e-01,7.458140211071703218e-01
7.481136228370731445e+00,7.481136228370731445e+00
1.141078483557246503e+00,1.141078483557246503e+00
2.438013796653684562e+00,2.438013796653684562e+00
3.173046183278145804e+00,3.173046183278145804e+00
4.030596529551138119e+00,4.030596529551138119e+00
3.054182052056491514e+00,3.054182052056491514e+00
5.269249628248713790e+00,5.269249628248713790e+00
3.885199667193968587e+00,3.885199667193968587e+00
2.673699868572942062e+00,2.673699868572942062e+00
4.775597270260179883e+00,4.775597270260179883e+00
5.293769380868176277e+00,5.293769380868176277e+00
-4.420524979354627515e-01,-4.420524979354627515e-01
2.323955639715658883e+00,2.323955639715658883e+00
7.545745442693354121e+00,7.545745442693354121e+00
1.869467617433222095e+00,1.869467617433222095e+00
4.219106297973606701e+00,4.219106297973606701e+00
-8.837081231737691223e-01,-8.837081231737691223e-01
4.716741675336674433e+00,4.716741675336674433e+00
5.959134214131602825e+00,5.959134214131602825e+00
9.775867961747284340e-01,9.775867961747284340e-01
4.007196976259227661e+00,4.007196976259227661e+00
3.760518140848003288e+00,3.760518140848003288e+00
3.794484879766690355e+00,3.794484879766690355e+00
3.563468570583047779e+00,3.563468570583047779e+00
9.843968256830995855e+00,9.843968256830995855e+00
3.212232819367439873e+00,3.212232819367439873e+00
6.252669631461390765e+00,6.252669631461390765e+00
5.197327753365158287e+00,5.197327753365158287e+00
6.867414348901928811e+00,6.867414348901928811e+00
7.880012616305470452e+00,7.880012616305470452e+00
4.258314386245611871e+00,4.258314386245611871e+00
-3.427888566394777792e-01,-3.427888566394777792e-01
2.643869647935651601e-01,2.643869647935651601e-01
6.174295998376570616e+00,6.174295998376570616e+00
4.552288800194796536e+00,4.552288800194796536e+00
2.567224580765524955e+00,2.567224580765524955e+00
3.211217946810775992e+00,3.211217946810775992e+00
-3.622539557141086775e-01,-3.622539557141086775e-01
6.932864047239041483e+00,6.932864047239041483e+00
-6.062109860627084013e-01,-6.062109860627084013e-01
2.344649101637763522e+00,2.344649101637763522e+00
4.031523834369524550e+00,4.031523834369524550e+00
5.221998127301322512e+00,5.221998127301322512e+00
6.671800261662022002e+00,6.671800261662022002e+00
-2.322669957736211988e-01,-2.322669957736211988e-01
6.485054388853632723e+00,6.485054388853632723e+00
4.311154519078892022e+00,4.311154519078892022e+00
2.869868413753294600e+00,2.869868413753294600e+00
4.847371265166797727e-01,4.847371265166797727e-01
5.136890124005335068e+00,5.136890124005335068e+00
6.567125059380707341e+00,6.567125059380707341e+00
7.661680569358161108e+00,7.661680569358161108e+00
2.835649458538398004e+00,2.835649458538398004e+00
5.758744970510845107e+00,5.758744970510845107e+00
-4.600147000805376862e-01,-4.600147000805376862e-01
5.548595657511964596e+00,5.548595657511964596e+00
6.447005469970805258e+00,6.447005469970805258e+00
1.323721819479191320e+00,1.323721819479191320e+00
1.056357394305000419e+00,1.056357394305000419e+00
5.833500828398173077e+00,5.833500828398173077e+00
6.074445641516640571e+00,6.074445641516640571e+00
1.047726589331336999e+00,1.047726589331336999e+00
3.477640162582527061e+00,3.477640162582527061e+00
5.189736162344122938e+00,5.189736162344122938e+00
6.032767623935537671e+00,6.032767623935537671e+00
4.556433717276711093e+00,4.556433717276711093e+00
4.313634540682736329e+00,4.313634540682736329e+00
8.435894899326848773e+00,8.435894899326848773e+00
2.869144124961636511e+00,2.869144124961636511e+00
-2.655775970574381084e-01,-2.655775970574381084e-01
2.256992915653357024e+00,2.256992915653357024e+00
7.090296815075971537e+00,7.090296815075971537e+00
5.968318686127835448e+00,5.968318686127835448e+00
6.974357298707339226e+00,6.974357298707339226e+00
1.136449785644698007e+00,1.136449785644698007e+00
2.181838345730852335e+00,2.181838345730852335e+00
9.101004479720641527e+00,9.101004479720641527e+00
3.408690432348034705e+00,3.408690432348034705e+00
6.437545557049395129e+00,6.437545557049395129e+00
6.922480715687682640e+00,6.922480715687682640e+00
8.153936313984097239e+00,8.153936313984097239e+00
-1.378026616069771837e+00,-1.378026616069771837e+00
3.477114714173235477e+00,3.477114714173235477e+00
3.644995776784151431e+00,3.644995776784151431e+00
3.366084936793395599e+00,3.366084936793395599e+00
3.305552945202218318e+00,3.305552945202218318e+00
3.534323147755102923e+00,3.534323147755102923e+00
9.865606563694468978e-01,9.865606563694468978e-01
4.521432203546683404e+00,4.521432203546683404e+00
4.359044967397807113e-01,4.359044967397807113e-01
3.018237308918118700e+00,3.018237308918118700e+00
5.136560864640494550e+00,5.136560864640494550e+00
7.341074697251778858e+00,7.341074697251778858e+00
5.876095504196567454e+00,5.876095504196567454e+00
4.043385789924814233e+00,4.043385789924814233e+00
8.506049684441729930e-01,8.506049684441729930e-01
5.873940688073600924e+00,5.873940688073600924e+00
-3.444723201067725338e-01,-3.444723201067725338e-01
4.519921676250867826e+00,4.519921676250867826e+00
7.601161317147453467e+00,7.601161317147453467e+00
5.981843526927259624e+00,5.981843526927259624e+00
3.360792081762170369e+00,3.360792081762170369e+00
4.444164250810357153e+00,4.444164250810357153e+00
4.414899296113195426e+00,4.414899296113195426e+00
1.357550586948355953e+00,1.357550586948355953e+00
4.652475190786399040e+00,4.652475190786399040e+00
4.033002376098637320e+00,4.033002376098637320e+00
1.885585311588279467e+00,1.885585311588279467e+00
7.420355624821579177e+00,7.420355624821579177e+00
6.883292025091420463e+00,6.883292025091420463e+00
4.074990274436286697e+00,4.074990274436286697e+00
2.387129577512232093e+00,2.387129577512232093e+00
2.789452596285049601e+00,2.789452596285049601e+00
3.919051211766903187e+00,3.919051211766903187e+00
2.873352335490274356e+00,2.873352335490274356e+00
8.334275514794555306e+00,8.334275514794555306e+00
4.034869989366834275e+00,4.034869989366834275e+00
3.050597996492546926e+00,3.050597996492546926e+00
3.995929309767777937e+00,3.995929309767777937e+00
7.175013126798075902e+00,7.175013126798075902e+00
-4.296137045565353141e+00,-4.296137045565353141e+00
4.506200799612747332e+00,4.506200799612747332e+00
3.390427400738468044e+00,3.390427400738468044e+00
3.003921438899111340e+00,3.003921438899111340e+00
4.985215458106516451e+00,4.985215458106516451e+00
2.542616960690022410e+00,2.542616960690022410e+00
5.611646730687995799e-01,5.611646730687995799e-01
3.800707211135752495e+00,3.800707211135752495e+00
4.667793796965566067e+00,4.667793796965566067e+00
4.456288499091342281e+00,4.456288499091342281e+00
3.263985567219162665e+00,3.263985567219162665e+00
3.537828912789766189e+00,3.537828912789766189e+00
1.247314910498139140e+00,1.247314910498139140e+00
2.039592442899394342e+00,2.039592442899394342e+00
3.200213298815522744e+00,3.200213298815522744e+00
3.637763305431352290e+00,3.637763305431352290e+00
1.449969578220863031e+00,1.449969578220863031e+00
5.749535767368952222e+00,5.749535767368952222e+00
4.955547129092581216e+00,4.955547129092581216e+00
6.675512611979248057e+00,6.675512611979248057e+00
4.640449801479833880e+00,4.640449801479833880e+00
1.095470750262494963e+00,1.095470750262494963e+00
2.773784829803780383e+00,2.773784829803780383e+00
1.479035749749901818e+00,1.479035749749901818e+00
4.341400374718768163e+00,4.341400374718768163e+00
5.249726401852314872e+00,5.249726401852314872e+00
-5.511285694321976791e-01,-5.511285694321976791e-01
2.795041981215520721e+00,2.795041981215520721e+00
1.839465236626264932e+00,1.839465236626264932e+00
4.686312748963413988e+00,4.686312748963413988e+00
6.686254764038772613e+00,6.686254764038772613e+00
3.686239133131874901e+00,3.686239133131874901e+00
3.244604360997966452e+00,3.244604360997966452e+00
3.560880253042996380e+00,3.560880253042996380e+00
4.950242279959238267e+00,4.950242279959238267e+00
2.908120870321004858e+00,2.908120870321004858e+00
4.168546593837311853e+00,4.168546593837311853e+00
5.338065127147275213e+00,5.338065127147275213e+00
4.048472517038032237e+00,4.048472517038032237e+00
8.192687822289643762e+00,8.192687822289643762e+00
3.341461075560050897e+00,3.341461075560050897e+00
2.737494892314632722e+00,2.737494892314632722e+00
6.160545811513475023e+00,6.160545811513475023e+00
5.746020954030997885e+00,5.746020954030997885e+00
7.899547692675152888e+00,7.899547692675152888e+00
4.266583769723911956e+00,4.266583769723911956e+00
3.175900368570789389e+00,3.175900368570789389e+00
4.580501251486980507e+00,4.580501251486980507e+00
3.797921871217381451e+00,3.797921871217381451e+00
5.097166641552846045e+00,5.097166641552846045e+00
3.359281261333320501e+00,3.359281261333320501e+00
1.016788778066220189e+01,1.016788778066220189e+01
4.611643321517857608e+00,4.611643321517857608e+00
5.206149306983798297e-01,5.206149306983798297e-01
3.432774392753621395e+00,3.432774392753621395e+00
7.391128421645602131e+00,7.391128421645602131e+00
4.728550806190078504e+00,4.728550806190078504e+00
3.149346436500153334e+00,3.149346436500153334e+00
1.509797087782156488e+00,1.509797087782156488e+00
5.484156387071278616e+00,5.484156387071278616e+00
4.733224088538987573e+00,4.733224088538987573e+00
1.584226249989331370e+00,1.584226249989331370e+00
5.242961061029487446e+00,5.242961061029487446e+00
2.060844090015671703e+00,2.060844090015671703e+00
9.288806707363525206e+00,9.288806707363525206e+00
7.079186256902830543e+00,7.079186256902830543e+00
1.837560533713996858e+00,1.837560533713996858e+00
2.633710887401698564e+00,2.633710887401698564e+00
1.530906071489256393e+00,1.530906071489256393e+00
4.014180686007538412e+00,4.014180686007538412e+00
5.028985393029841156e+00,5.028985393029841156e+00
2.222366581537258412e-01,2.222366581537258412e-01
3.841306349445618995e+00,3.841306349445618995e+00
4.920538800512355593e+00,4.920538800512355593e+00
3.209031556036910260e+00,3.209031556036910260e+00
7.950363362632101527e+00,7.950363362632101527e+00
3.897977691552695134e+00,3.897977691552695134e+00
7.219272150978444103e+00,7.219272150978444103e+00
8.257624913393511790e+00,8.257624913393511790e+00
4.745492378651830379e+00,4.745492378651830379e+00
2.121730401731612314e+00,2.121730401731612314e+00
6.753531757828664439e+00,6.753531757828664439e+00
1.968231887874484665e+00,1.968231887874484665e+00
1.933043815232689644e+00,1.933043815232689644e+00
6.001782803842544034e+00,6.001782803842544034e+00
6.885368900261102709e+00,6.885368900261102709e+00
4.613950043926307032e-01,4.613950043926307032e-01
3.218456437124230352e+00,3.218456437124230352e+00
5.827163075829322025e+00,5.827163075829322025e+00
3.769096533642076530e+00,3.769096533642076530e+00
-5.778069675260999460e-02,-5.778069675260999460e-02
6.855437346076745264e+00,6.855437346076745264e+00
8.147851125444084630e+00,8.147851125444084630e+00
4.581746002239722948e+00,4.581746002239722948e+00
3.908951364750619106e-01,3.908951364750619106e-01
1.720152162428395304e+00,1.720152162428395304e+00
3.028517712869384315e+00,3.028517712869384315e+00
5.254099006549376227e+00,5.254099006549376227e+00
4.983636250520593336e+00,4.983636250520593336e+00
1.477014847626341609e+00,1.477014847626341609e+00
4.344162021038464161e+00,4.344162021038464161e+00
3.556077232930497711e+00,3.556077232930497711e+00
5.303200729439572214e+00,5.303200729439572214e+00
4.465403100356949651e+00,4.465403100356949651e+00
2.213014618726767413e+00,2.213014618726767413e+00
5.422902951754698719e+00,5.422902951754698719e+00
2.290187364337939790e+00,2.290187364337939790e+00
4.396883583147266350e+00,4.396883583147266350e+00
3.859365934378895524e-01,3.859365934378895524e-01
4.091481536510856998e+00,4.091481536510856998e+00
5.116908623685481494e+00,5.116908623685481494e+00
2.797220047786793451e+00,2.797220047786793451e+00
3.915189165597507959e+00,3.915189165597507959e+00
-6.121603273021872793e-01,-6.121603273021872793e-01
-3.393987413128751740e-02,-3.393987413128751740e-02
3.387112877635362729e+00,3.387112877635362729e+00
4.908409176081617531e+00,4.908409176081617531e+00
6.575835673101685153e+00,6.575835673101685153e+00
4.540436491289025156e+00,4.540436491289025156e+00
5.483054047807919495e+00,5.483054047807919495e+00
5.024389279974141864e+00,5.024389279974141864e+00
3.377081995510506474e+00,3.377081995510506474e+00
5.395472981646496358e+00,5.395472981646496358e+00
2.014053626987084566e+00,2.014053626987084566e+00
1.951456320357122243e+00,1.951456320357122243e+00
4.250821069468887714e+00,4.250821069468887714e+00
8.608931285797062571e+00,8.608931285797062571e+00
6.089087157404787121e+00,6.089087157404787121e+00
2.328579722166348454e+00,2.328579722166348454e+00
2.507428941302303205e+00,2.507428941302303205e+00
-8.305239301252892448e-01,-8.305239301252892448e-01
5.454867860974377258e+00,5.454867860974377258e+00
2.317424287989915843e+00,2.317424287989915843e+00
7.787127565018259645e+00,7.787127565018259645e+00
3.699285400985804273e+00,3.699285400985804273e+00
6.050966549118664162e+00,6.050966549118664162e+00
7.115573225352735953e+00,7.115573225352735953e+00
8.497904223661587153e+00,8.497904223661587153e+00
5.991891867401885285e+00,5.991891867401885285e+00
-2.224110409857312565e+00,-2.224110409857312565e+00
6.162594754622475968e+00,6.162594754622475968e+00
1.241410001115068162e+00,1.241410001115068162e+00
3.839653680530751956e+00,3.839653680530751956e+00
7.934519624121490367e+00,7.934519624121490367e+00
9.082089525946983599e+00,9.082089525946983599e+00
2.220751897532203145e+00,2.220751897532203145e+00
3.842228314665354194e+00,3.842228314665354194e+00
3.430538558091491552e+00,3.430538558091491552e+00
2.891988379874432802e+00,2.891988379874432802e+00
8.547222276179017308e-01,8.547222276179017308e-01
3.791365805726983673e+00,3.791365805726983673e+00
-1.899930443398933910e-02,-1.899930443398933910e-02
9.333748713290862753e+00,9.333748713290862753e+00
6.386520103696526895e+00,6.386520103696526895e+00
4.662514148370402012e+00,4.662514148370402012e+00
2.444359398482371049e+00,2.444359398482371049e+00
3.702820828389019603e+00,3.702820828389019603e+00
3.387871186258785805e+00,3.387871186258785805e+00
5.971042078767508698e+00,5.971042078767508698e+00
-2.400756313366357309e-01,-2.400756313366357309e-01
2.967341208186318191e+00,2.967341208186318191e+00
-1.560971507579670181e+00,-1.560971507579670181e+00
1.445485588395575061e+00,1.445485588395575061e+00
5.693913816807032902e+00,5.693913816807032902e+00
4.969576261796615491e+00,4.969576261796615491e+00
-2.690494961999705392e-01,-2.690494961999705392e-01
5.378327853420253213e+00,5.378327853420253213e+00
9.658453521469526848e+00,9.658453521469526848e+00
7.686797869708144049e+00,7.686797869708144049e+00
1.414698112472342117e+00,1.414698112472342117e+00
4.489253342486653864e+00,4.489253342486653864e+00
3.536275845874008894e+00,3.536275845874008894e+00
2.557596914166750501e+00,2.557596914166750501e+00
3.302052664704660412e+00,3.302052664704660412e+00
7.032681525603543093e+00,7.032681525603543093e+00
4.826933341029787883e+00,4.826933341029787883e+00
2.921583506410899922e+00,2.921583506410899922e+00
4.978728783539190239e+00,4.978728783539190239e+00
3.909000157923144592e+00,3.909000157923144592e+00
4.494907227282943118e+00,4.494907227282943118e+00
4.383405154575195972e+00,4.383405154575195972e+00
6.723935706156097813e-02,6.723935706156097813e-02
7.228455449176817815e+00,7.228455449176817815e+00
1.728854496789643092e+00,1.728854496789643092e+00
3.606715883340478879e+00,3.606715883340478879e+00
6.110320423511507393e+00,6.110320423511507393e+00
3.006552726227996963e+00,3.006552726227996963e+00
5.246410310489987516e+00,5.246410310489987516e+00
1.776217794665598149e+00,1.776217794665598149e+00
2.089659545803912888e+00,2.089659545803912888e+00
6.496273915566813884e+00,6.496273915566813884e+00
-5.019114566442277603e-01,-5.019114566442277603e-01
1.591054478140284667e+00,1.591054478140284667e+00
1.856786661499224333e+00,1.856786661499224333e+00
4.934968689164931810e+00,4.934968689164931810e+00
7.164950371263279827e+00,7.164950371263279827e+00
3.991643215101502218e+00,3.991643215101502218e+00
2.517477274142951860e+00,2.517477274142951860e+00
5.192791572825623980e+00,5.192791572825623980e+00
1.448700866165411494e+00,1.448700866165411494e+00
2.530539796813564557e+00,2.530539796813564557e+00
1.383690637451482353e+00,1.383690637451482353e+00
3.942011151954242898e+00,3.942011151954242898e+00
2.011245881831503546e+00,2.011245881831503546e+00
4.141227326875262627e+00,4.141227326875262627e+00
4.851480374452227906e+00,4.851480374452227906e+00
3.737485624758233982e+00,3.737485624758233982e+00
9.613229477217659635e-01,9.613229477217659635e-01
5.925405788676096464e+00,5.925405788676096464e+00
2.145446405938176149e+00,2.145446405938176149e+00
7.768285670608038984e+00,7.768285670608038984e+00
6.366003686287830199e+00,6.366003686287830199e+00
2.442880601737675406e+00,2.442880601737675406e+00
5.696271304599885177e+00,5.696271304599885177e+00
3.814800619480974042e+00,3.814800619480974042e+00
1.969319523020903739e+00,1.969319523020903739e+00
2.226600605052424520e+00,2.226600605052424520e+00
4.985643118484460956e+00,4.985643118484460956e+00
7.089257312740035566e+00,7.089257312740035566e+00
5.309040078075986102e+00,5.309040078075986102e+00
-1.483598318477954647e+00,-1.483598318477954647e+00
6.263214653442432223e+00,6.263214653442432223e+00
4.978412956793074606e+00,4.978412956793074606e+00
7.381500294717495692e+00,7.381500294717495692e+00
1.367975651538820836e+00,1.367975651538820836e+00
5.583590014865929874e+00,5.583590014865929874e+00
4.921619894401316309e+00,4.921619894401316309e+00
4.534869670232563266e+00,4.534869670232563266e+00
4.609735067333660119e+00,4.609735067333660119e+00
5.113515307972593682e-01,5.113515307972593682e-01
1.124525198093468514e+00,1.124525198093468514e+00
6.360300798230092312e+00,6.360300798230092312e+00
2.067909112153304196e+00,2.067909112153304196e+00
4.275453073515908642e+00,4.275453073515908642e+00
4.867469490922226250e+00,4.867469490922226250e+00
6.506660561738518922e+00,6.506660561738518922e+00
5.764294464572415677e+00,5.764294464572415677e+00
2.787043988836981345e+00,2.787043988836981345e+00
4.001292557988088916e+00,4.001292557988088916e+00
7.505810002868828157e+00,7.505810002868828157e+00
-2.861686278114872195e-01,-2.861686278114872195e-01
5.009081286309661429e+00,5.009081286309661429e+00
3.049139158717967257e-01,3.049139158717967257e-01
1.492365999984651692e+00,1.492365999984651692e+00
-2.422961247996237022e-01,-2.422961247996237022e-01
6.875738075461801380e+00,6.875738075461801380e+00
8.774375397074981819e+00,8.774375397074981819e+00
2.134706328728824154e+00,2.134706328728824154e+00
4.648534538433860774e+00,4.648534538433860774e+00
3.398050512452319705e+00,3.398050512452319705e+00
4.887804180895722439e+00,4.887804180895722439e+00
1.701946632220190381e+00,1.701946632220190381e+00
-2.691490965324454976e+00,-2.691490965324454976e+00
5.890446622414538425e+00,5.890446622414538425e+00
2.932628640033224876e+00,2.932628640033224876e+00
3.694593301943030372e+00,3.694593301943030372e+00
9.440076213730802523e-02,9.440076213730802523e-02
5.545064258146441105e+00,5.545064258146441105e+00
3.329531820190710700e+00,3.329531820190710700e+00
3.196285577108365139e+00,3.196285577108365139e+00
1.660757347752934487e+00,1.660757347752934487e+00
2.242088014698557785e-01,2.242088014698557785e-01
3.018304833406709964e+00,3.018304833406709964e+00
4.006099031419891432e+00,4.006099031419891432e+00
4.191607735949004265e+00,4.191607735949004265e+00
-7.601951888581736094e-01,-7.601951888581736094e-01
3.811451661608420860e+00,3.811451661608420860e+00
-2.203927135655641134e-01,-2.203927135655641134e-01
2.584725531932784204e+00,2.584725531932784204e+00
2.196100179079697734e-01,2.196100179079697734e-01
5.137797534039144409e+00,5.137797534039144409e+00
5.488990510704907066e+00,5.488990510704907066e+00
6.702459432262490857e+00,6.702459432262490857e+00
6.275854973293918171e+00,6.275854973293918171e+00
9.468746757354242760e-01,9.468746757354242760e-01
6.843641679888192719e-01,6.843641679888192719e-01
1.897788228752718576e+00,1.897788228752718576e+00
6.078424940279393063e+00,6.078424940279393063e+00
8.563984304759350019e-01,8.563984304759350019e-01
4.708993655474960072e+00,4.708993655474960072e+00
3.882199000632428287e+00,3.882199000632428287e+00
4.263049731740209403e+00,4.263049731740209403e+00
5.586248510374796084e+00,5.586248510374796084e+00
3.969583121420829919e-01,3.969583121420829919e-01
4.479219324662265578e+00,4.479219324662265578e+00
1.394639067473590899e+00,1.394639067473590899e+00
2.793447190294962468e+00,2.793447190294962468e+00
5.296526938411536101e+00,5.296526938411536101e+00
2.650571632957496870e+00,2.650571632957496870e+00
1.212877834421122625e+00,1.212877834421122625e+00
8.008104300369119244e+00,8.008104300369119244e+00
2.754493077955936453e+00,2.754493077955936453e+00
4.447556989335147648e+00,4.447556989335147648e+00
5.587874844637152449e+00,5.587874844637152449e+00
4.004177355786168846e+00,4.004177355786168846e+00
3.813918305512672191e+00,3.813918305512672191e+00
4.142704144779810527e+00,4.142704144779810527e+00
7.399282123988367488e+00,7.399282123988367488e+00
1.927079625532738927e+00,1.927079625532738927e+00
9.253131094290534264e-02,9.253131094290534264e-02
8.281233656607703608e+00,8.281233656607703608e+00
5.125944677017765905e+00,5.125944677017765905e+00
3.346619742901224992e+00,3.346619742901224992e+00
3.476418312764066432e+00,3.476418312764066432e+00
1.097608456556678469e+01,1.097608456556678469e+01
7.004488513610094280e-01,7.004488513610094280e-01
2.747809238201902815e+00,2.747809238201902815e+00
7.187176324646229464e-01,7.187176324646229464e-01
3.153949097417573011e+00,3.153949097417573011e+00
4.263360133841919364e+00,4.263360133841919364e+00
8.114406841974048490e+00,8.114406841974048490e+00
3.926892132557346038e+00,3.926892132557346038e+00
5.157331072834033137e+00,5.157331072834033137e+00
2.105948612667098541e+00,2.105948612667098541e+00
1.746528639207550082e+00,1.746528639207550082e+00
1.587628703963417598e+00,1.587628703963417598e+00
3.403946337222537366e+00,3.403946337222537366e+00
3.825151786675697441e+00,3.825151786675697441e+00
3.571485509494292554e+00,3.571485509494292554e+00
4.721129890564306208e+00,4.721129890564306208e+00
4.073819732674485827e+00,4.073819732674485827e+00
4.292309385232840668e+00,4.292309385232840668e+00
8.724749266363733824e-01,8.724749266363733824e-01
4.973560077384441058e+00,4.973560077384441058e+00
5.251078231516747685e+00,5.251078231516747685e+00
4.055437262786792729e+00,4.055437262786792729e+00
8.018915145053209237e-01,8.018915145053209237e-01
6.682764977631202363e+00,6.682764977631202363e+00
9.353346542556289833e+00,9.353346542556289833e+00
6.887330449383545883e+00,6.887330449383545883e+00
5.956086260005685418e+00,5.956086260005685418e+00
2.951190199317143215e+00,2.951190199317143215e+00
6.759088314505247830e+00,6.759088314505247830e+00
2.624687799249630693e+00,2.624687799249630693e+00
8.652332410479019131e+00,8.652332410479019131e+00
5.442614294605238712e+00,5.442614294605238712e+00
5.274351426456628467e+00,5.274351426456628467e+00
3.846600892471681910e+00,3.846600892471681910e+00
4.122060178452334966e+00,4.122060178452334966e+00
5.419857271525192033e+00,5.419857271525192033e+00
4.010173091249721544e+00,4.010173091249721544e+00
2.473828410679226764e+00,2.473828410679226764e+00
1.682703124834819874e+00,1.682703124834819874e+00
4.020152789612930100e+00,4.020152789612930100e+00
4.909661172223351855e+00,4.909661172223351855e+00
5.760884007989514721e+00,5.760884007989514721e+00
3.028213991094214297e+00,3.028213991094214297e+00
5.315397292033243737e+00,5.315397292033243737e+00
7.509245091128994964e+00,7.509245091128994964e+00
5.383892686936966321e+00,5.383892686936966321e+00
7.861029734788760770e+00,7.861029734788760770e+00
-6.078982318160749410e-01,-6.078982318160749410e-01
2.620288712623760397e+00,2.620288712623760397e+00
8.181016831123816502e+00,8.181016831123816502e+00
3.305556273731127259e+00,3.305556273731127259e+00
5.435044897697270727e+00,5.435044897697270727e+00
8.216451744005164315e-01,8.216451744005164315e-01
7.095382073123982281e+00,7.095382073123982281e+00
3.286075357754956627e+00,3.286075357754956627e+00
6.095671592334738875e+00,6.095671592334738875e+00
3.495960170925103139e+00,3.495960170925103139e+00
7.690026101758799193e+00,7.690026101758799193e+00
7.104740803542030747e+00,7.104740803542030747e+00
6.317032268908518766e+00,6.317032268908518766e+00
4.236903512578285458e+00,4.236903512578285458e+00
1.633544240175142326e+00,1.633544240175142326e+00
4.235450616123650924e+00,4.235450616123650924e+00
2.453653895436370469e+00,2.453653895436370469e+00
5.004469747051595085e+00,5.004469747051595085e+00
5.627454139600361671e+00,5.627454139600361671e+00
3.930514377351371991e+00,3.930514377351371991e+00
8.166044756724220477e+00,8.166044756724220477e+00
6.090902385773679484e+00,6.090902385773679484e+00
2.180943019156426632e-01,2.180943019156426632e-01
4.341804054052461836e+00,4.341804054052461836e+00
1.553910105839306999e+00,1.553910105839306999e+00
8.549286967297513584e+00,8.549286967297513584e+00
1.631657538011617836e+00,1.631657538011617836e+00
2.896021056507785296e+00,2.896021056507785296e+00
4.349672650135175012e+00,4.349672650135175012e+00
3.346329517720307845e+00,3.346329517720307845e+00
6.449436552977443782e+00,6.449436552977443782e+00
3.926006347057005463e+00,3.926006347057005463e+00
8.642041054053116511e+00,8.642041054053116511e+00
6.727676018838176120e+00,6.727676018838176120e+00
5.253912064590457121e+00,5.253912064590457121e+00
3.493595284389925837e+00,3.493595284389925837e+00
-8.338200825970809582e-02,-8.338200825970809582e-02
4.120619075266238163e+00,4.120619075266238163e+00
4.197213832725158689e+00,4.197213832725158689e+00
2.185368828119256257e+00,2.185368828119256257e+00
2.457185509076595942e+00,2.457185509076595942e+00
2.869436226486974384e+00,2.869436226486974384e+00
4.626780866499272449e+00,4.626780866499272449e+00
3.831953534968499664e+00,3.831953534968499664e+00
3.172052602406597810e+00,3.172052602406597810e+00
7.141321779049853546e+00,7.141321779049853546e+00
4.564591280200182233e+00,4.564591280200182233e+00
2.698374529876417238e+00,2.698374529876417238e+00
4.124133665669526216e+00,4.124133665669526216e+00
1.792615001064146618e+00,1.792615001064146618e+00
4.635635649307950246e+00,4.635635649307950246e+00
5.836245763937188968e+00,5.836245763937188968e+00
4.889321028702473981e+00,4.889321028702473981e+00
2.542378822728259102e+00,2.542378822728259102e+00
3.627443427343089777e+00,3.627443427343089777e+00
6.653646838837762090e+00,6.653646838837762090e+00
6.837560365054259570e+00,6.837560365054259570e+00
3.588254820181358884e+00,3.588254820181358884e+00
1.018869792061575685e+00,1.018869792061575685e+00
-1.257983706534798296e+00,-1.257983706534798296e+00
6.339012215618772927e+00,6.339012215618772927e+00
3.536814025734710931e+00,3.536814025734710931e+00
7.345559296939915939e+00,7.345559296939915939e+00
2.836390555528390145e+00,2.836390555528390145e+00
6.653850058812350809e+00,6.653850058812350809e+00
2.692164610978295070e+00,2.692164610978295070e+00
5.411362529924229392e+00,5.411362529924229392e+00
5.099484029397816975e+00,5.099484029397816975e+00
3.654282684647747637e+00,3.654282684647747637e+00
4.048685233460165733e+00,4.048685233460165733e+00
2.988631579946984917e+00,2.988631579946984917e+00
3.922229850505568383e+00,3.922229850505568383e+00
3.553605561754905828e+00,3.553605561754905828e+00
3.688895994554492130e+00,3.688895994554492130e+00
2.049633650109183414e+00,2.049633650109183414e+00
2.795277616915588403e+00,2.795277616915588403e+00
5.550687254834871354e+00,5.550687254834871354e+00
8.817455514410054151e-01,8.817455514410054151e-01
4.260491372444334957e+00,4.260491372444334957e+00
5.727297840019835107e+00,5.727297840019835107e+00
8.251063907368276773e+00,8.251063907368276773e+00
3.958473472266484272e+00,3.958473472266484272e+00
5.291325880980037866e+00,5.291325880980037866e+00
8.593757964173912356e+00,8.593757964173912356e+00
2.673643928539934045e+00,2.673643928539934045e+00
2.576532376723908779e+00,2.576532376723908779e+00
5.715204753292914219e+00,5.715204753292914219e+00
8.173137030613421672e+00,8.173137030613421672e+00
3.872651205211178116e+00,3.872651205211178116e+00
6.058716024779471354e+00,6.058716024779471354e+00
4.789783810672320286e+00,4.789783810672320286e+00
3.655729186971016897e+00,3.655729186971016897e+00
5.399988723881380182e+00,5.399988723881380182e+00
5.099889700786320645e+00,5.099889700786320645e+00
1.097433685440011075e+00,1.097433685440011075e+00
3.649880776791298853e+00,3.649880776791298853e+00
4.580615300969210324e+00,4.580615300969210324e+00
8.135230385849689938e+00,8.135230385849689938e+00
6.117356471756205671e+00,6.117356471756205671e+00
1.224176290463202976e+00,1.224176290463202976e+00
1.669754610277142337e+00,1.669754610277142337e+00
3.648098968971898337e+00,3.648098968971898337e+00
6.591875277747112349e+00,6.591875277747112349e+00
1.860975772376404214e+00,1.860975772376404214e+00
4.413344690535759618e+00,4.413344690535759618e+00
1.483572468630654839e+00,1.483572468630654839e+00
4.889448741790287656e+00,4.889448741790287656e+00
3.493691707235234034e+00,3.493691707235234034e+00
1.032257371762272724e+00,1.032257371762272724e+00
4.792634840364853765e+00,4.792634840364853765e+00
3.736645466306596663e+00,3.736645466306596663e+00
5.016517775264748735e+00,5.016517775264748735e+00
6.530894871952940051e+00,6.530894871952940051e+00
7.948702014185671239e+00,7.948702014185671239e+00
5.426778662831658551e+00,5.426778662831658551e+00
3.320237894753998997e+00,3.320237894753998997e+00
6.671087820292846082e+00,6.671087820292846082e+00
-1.540443615853205328e+00,-1.540443615853205328e+00
5.772658205617343441e+00,5.772658205617343441e+00
4.647850263515314495e+00,4.647850263515314495e+00
2.477336311721550999e+00,2.477336311721550999e+00
4.788144872997792234e+00,4.788144872997792234e+00
7.239973435527330636e+00,7.239973435527330636e+00
2.384357326139591393e+00,2.384357326139591393e+00
6.166311059576155884e+00,6.166311059576155884e+00
-7.099425786537589822e-01,-7.099425786537589822e-01
7.348497764184591219e+00,7.348497764184591219e+00
5.502567645470225699e+00,5.502567645470225699e+00
6.031391486068727659e+00,6.031391486068727659e+00
4.815039922225708757e+00,4.815039922225708757e+00
4.808276228283922649e+00,4.808276228283922649e+00
8.911352136659623113e+00,8.911352136659623113e+00
2.813506349645765070e+00,2.813506349645765070e+00
1.454412103998712347e+00,1.454412103998712347e+00
3.609886468817101068e+00,3.609886468817101068e+00
3.902965439839515494e+00,3.902965439839515494e+00
2.538001762157644059e+00,2.538001762157644059e+00
4.558125417617228337e+00,4.558125417617228337e+00
4.598401460796806006e+00,4.598401460796806006e+00
4.917041625058319099e+00,4.917041625058319099e+00
8.645435684412328126e-01,8.645435684412328126e-01
5.180513811761374932e+00,5.180513811761374932e+00
2.313482275511566488e+00,2.313482275511566488e+00
3.972468740052308434e+00,3.972468740052308434e+00
3.046951546754244511e+00,3.046951546754244511e+00
3.626820402629278295e-01,3.626820402629278295e-01
2.149385932304253899e+00,2.149385932304253899e+00
3.201511163994317233e+00,3.201511163994317233e+00
-6.964223725523037700e-01,-6.964223725523037700e-01
1.673565929024567467e-03,1.673565929024567467e-03
-1.186790024399988930e+00,-1.186790024399988930e+00
5.505468816462983916e+00,5.505468816462983916e+00
5.527786842332351291e+00,5.527786842332351291e+00
9.552098858245331670e+00,9.552098858245331670e+00
4.582614806700666676e+00,4.582614806700666676e+00
8.189111035157718987e-01,8.189111035157718987e-01
3.048557871497721727e+00,3.048557871497721727e+00
1.103854423828932951e+00,1.103854423828932951e+00
1.982542110997274509e+00,1.982542110997274509e+00
6.213555730574833902e+00,6.213555730574833902e+00
5.265617610862660669e+00,5.265617610862660669e+00
6.672731188233071542e+00,6.672731188233071542e+00
4.769255120336245213e+00,4.769255120336245213e+00
3.256866847446262980e+00,3.256866847446262980e+00
6.155757170161346714e+00,6.155757170161346714e+00
4.169824742925091421e+00,4.169824742925091421e+00
2.178546306542448630e+00,2.178546306542448630e+00
2.577189240973126072e+00,2.577189240973126072e+00
3.173268266289314354e+00,3.173268266289314354e+00
1.261870442996948949e+00,1.261870442996948949e+00
5.864770553524488506e+00,5.864770553524488506e+00
3.761372062626977097e+00,3.761372062626977097e+00
1.082239060307733602e+01,1.082239060307733602e+01
9.060891511862019243e+00,9.060891511862019243e+00
4.987973181798411204e+00,4.987973181798411204e+00
2.342597832447903095e+00,2.342597832447903095e+00
-8.858362244975537259e-02,-8.858362244975537259e-02
3.694646118230508147e+00,3.694646118230508147e+00
7.552645891694381497e+00,7.552645891694381497e+00
1.618543608204364048e+00,1.618543608204364048e+00
3.269738887856274090e+00,3.269738887856274090e+00
4.255220291965861712e+00,4.255220291965861712e+00
7.058270036281170112e-01,7.058270036281170112e-01
2.148348503230043782e+00,2.148348503230043782e+00
4.677653466656859216e+00,4.677653466656859216e+00
2.159937039131109238e+00,2.159937039131109238e+00
3.686981364489794188e-01,3.686981364489794188e-01
6.684999198399998122e+00,6.684999198399998122e+00
3.414095719689406838e+00,3.414095719689406838e+00
6.213029678496829744e-01,6.213029678496829744e-01
8.126200001820302887e+00,8.126200001820302887e+00
4.240015993962282792e-01,4.240015993962282792e-01
4.743368130619122880e+00,4.743368130619122880e+00
3.045504161163499202e-01,3.045504161163499202e-01
1.099600337294283303e+00,1.099600337294283303e+00
6.082599703016022374e+00,6.082599703016022374e+00
6.178302406026830340e+00,6.178302406026830340e+00
-1.024560994311365825e+00,-1.024560994311365825e+00
5.085311393842077088e+00,5.085311393842077088e+00
5.094849183768269008e+00,5.094849183768269008e+00
1.726669324186781873e+00,1.726669324186781873e+00
3.783422178357367383e+00,3.783422178357367383e+00
4.254927395413359292e+00,4.254927395413359292e+00
7.980693166840883146e-01,7.980693166840883146e-01
6.703976878144862539e+00,6.703976878144862539e+00
2.793581794321430500e+00,2.793581794321430500e+00
3.209829428518676142e+00,3.209829428518676142e+00
3.636152088211551003e+00,3.636152088211551003e+00
4.856169610113279411e+00,4.856169610113279411e+00
2.492070767647796448e+00,2.492070767647796448e+00
3.637073209660094175e+00,3.637073209660094175e+00
5.223129661253561373e+00,5.223129661253561373e+00
4.296733648673830785e+00,4.296733648673830785e+00
4.327800167017220367e+00,4.327800167017220367e+00
1.924308442548334996e+00,1.924308442548334996e+00
1.802409790866489114e+00,1.802409790866489114e+00
4.525721443108642106e+00,4.525721443108642106e+00
3.877204740174582831e+00,3.877204740174582831e+00
5.637434080429489569e+00,5.637434080429489569e+00
6.551224364247719478e+00,6.551224364247719478e+00
2.582233962115367376e+00,2.582233962115367376e+00
1.974597167775532292e+00,1.974597167775532292e+00
4.349746073639223276e+00,4.349746073639223276e+00
6.627708321438415595e+00,6.627708321438415595e+00
2.973247286849242776e+00,2.973247286849242776e+00
5.420999289297765422e+00,5.420999289297765422e+00
4.491859292913114032e+00,4.491859292913114032e+00
2.647562856385536012e+00,2.647562856385536012e+00
5.168376831786668291e+00,5.168376831786668291e+00
4.002816506242710126e+00,4.002816506242710126e+00
7.818476440527871496e+00,7.818476440527871496e+00
-6.902060937859396672e-01,-6.902060937859396672e-01
7.521185191570507911e+00,7.521185191570507911e+00
2.129503559318296269e+00,2.129503559318296269e+00
-8.380679544775265777e-01,-8.380679544775265777e-01
7.120290698555456821e+00,7.120290698555456821e+00
5.701779021192982633e+00,5.701779021192982633e+00
6.676254386968821564e+00,6.676254386968821564e+00
4.557824768446439911e+00,4.557824768446439911e+00
8.774243106641705481e+00,8.774243106641705481e+00
5.690326330737570437e+00,5.690326330737570437e+00
2.727644886545394609e+00,2.727644886545394609e+00
7.612984344159185568e+00,7.612984344159185568e+00
2.737903489533546342e+00,2.737903489533546342e+00
2.969113849063378829e+00,2.969113849063378829e+00
5.248685524923261347e+00,5.248685524923261347e+00
2.352404294252497419e+00,2.352404294252497419e+00
5.126181916723637322e+00,5.126181916723637322e+00
3.966982856796232415e+00,3.966982856796232415e+00
6.635209935338142628e+00,6.635209935338142628e+00
1.389878326064696745e+00,1.389878326064696745e+00
4.493419103840690987e+00,4.493419103840690987e+00
-7.673065861061241222e-01,-7.673065861061241222e-01
8.183412699573546334e+00,8.183412699573546334e+00
7.986715610426255552e+00,7.986715610426255552e+00
-4.152050840606820170e-01,-4.152050840606820170e-01
3.434668692144457136e+00,3.434668692144457136e+00
4.104234276609585841e+00,4.104234276609585841e+00
5.640076551583744546e+00,5.640076551583744546e+00
3.509110543847409058e+00,3.509110543847409058e+00
2.319603779029564272e+00,2.319603779029564272e+00
1.043516385769342802e+00,1.043516385769342802e+00
-5.600132717251169456e-01,-5.600132717251169456e-01
2.547469847633681894e+00,2.547469847633681894e+00
2.521964343737087333e+00,2.521964343737087333e+00
2.744254607551988467e+00,2.744254607551988467e+00
5.545066920770216790e+00,5.545066920770216790e+00
3.835614263616561992e+00,3.835614263616561992e+00
2.535239270624026986e+00,2.535239270624026986e+00
3.805426135475863392e-01,3.805426135475863392e-01
2.324887922807341134e+00,2.324887922807341134e+00
3.152988238493775963e+00,3.152988238493775963e+00
6.459786009173123844e+00,6.459786009173123844e+00
5.235252516983669224e+00,5.235252516983669224e+00
1.656903302115980026e+00,1.656903302115980026e+00
4.809405630899480144e+00,4.809405630899480144e+00
4.730968606043768787e+00,4.730968606043768787e+00
4.561051125212640223e+00,4.561051125212640223e+00
-2.769153603659573637e+00,-2.769153603659573637e+00
1.966809318947861929e+00,1.966809318947861929e+00
6.362356231961999065e+00,6.362356231961999065e+00
1.269724278484604341e+00,1.269724278484604341e+00
-1.356201135884221864e-02,-1.356201135884221864e-02
2.155753254900674154e+00,2.155753254900674154e+00
1.140747383409004723e+00,1.140747383409004723e+00
6.835477566080620626e+00,6.835477566080620626e+00
4.818977003932389813e+00,4.818977003932389813e+00
2.960399775650111476e+00,2.960399775650111476e+00
3.711270129856653277e+00,3.711270129856653277e+00
5.516737805190385480e+00,5.516737805190385480e+00
8.712732338083228001e+00,8.712732338083228001e+00
5.741572516179251018e+00,5.741572516179251018e+00
3.194121744634069060e+00,3.194121744634069060e+00
4.730830945862571468e+00,4.730830945862571468e+00
3.636753531683216245e+00,3.636753531683216245e+00
6.238629836729177036e+00,6.238629836729177036e+00
4.305886027712817921e+00,4.305886027712817921e+00
-1.265892297177062531e+00,-1.265892297177062531e+00
1.000266697378181746e+00,1.000266697378181746e+00
3.474169624173576221e+00,3.474169624173576221e+00
4.467664992189429363e+00,4.467664992189429363e+00
5.463751527781476547e+00,5.463751527781476547e+00
7.458048950319231096e+00,7.458048950319231096e+00
4.086438027606177137e+00,4.086438027606177137e+00
2.975043261376716597e+00,2.975043261376716597e+00
1.553792371500194225e+00,1.553792371500194225e+00
8.180222897559811912e+00,8.180222897559811912e+00
8.096091846344348752e+00,8.096091846344348752e+00
1.339099081152280490e+00,1.339099081152280490e+00
2.517242357917602202e+00,2.517242357917602202e+00
3.781419398941486598e+00,3.781419398941486598e+00
4.716841741754489448e+00,4.716841741754489448e+00
6.265692195122326780e+00,6.265692195122326780e+00
4.529981488405576684e+00,4.529981488405576684e+00
4.665125150101371965e+00,4.665125150101371965e+00
1.897457182901978401e+00,1.897457182901978401e+00
4.775337564683349356e+00,4.775337564683349356e+00
2.779145987556012276e+00,2.779145987556012276e+00
9.237601876911891718e-01,9.237601876911891718e-01
6.907328785826204687e+00,6.907328785826204687e+00
9.272306210261834991e+00,9.272306210261834991e+00
3.408421761506050363e+00,3.408421761506050363e+00
2.313767178620960152e+00,2.313767178620960152e+00
2.006148299477543251e+00,2.006148299477543251e+00
4.933938298828784319e+00,4.933938298828784319e+00
4.742493849100824832e+00,4.742493849100824832e+00
-1.261368447319996422e+00,-1.261368447319996422e+00
5.557666668604915650e+00,5.557666668604915650e+00
4.508161288897228225e+00,4.508161288897228225e+00
5.162739025420742145e+00,5.162739025420742145e+00
2.416361482997022136e+00,2.416361482997022136e+00
5.615799190723604895e+00,5.615799190723604895e+00
5.213530058967895009e+00,5.213530058967895009e+00
2.847704586718966979e+00,2.847704586718966979e+00
4.815539218958464929e+00,4.815539218958464929e+00
7.589350685379789851e+00,7.589350685379789851e+00
7.202961538602083102e+00,7.202961538602083102e+00
2.599588420168474023e+00,2.599588420168474023e+00
2.062959049146311230e+00,2.062959049146311230e+00
2.256809098104012534e+00,2.256809098104012534e+00
2.990543043736077600e+00,2.990543043736077600e+00
2.436388701390832523e+00,2.436388701390832523e+00
1.804358046050461351e+00,1.804358046050461351e+00
2.014568484987949493e+00,2.014568484987949493e+00
9.455330204175900199e-01,9.455330204175900199e-01
3.800902112283774947e+00,3.800902112283774947e+00
7.652948071942144992e-01,7.652948071942144992e-01
-1.037877807964004084e+00,-1.037877807964004084e+00
3.445757921602493834e+00,3.445757921602493834e+00
3.763248574118028600e+00,3.763248574118028600e+00
4.111314322349675088e+00,4.111314322349675088e+00
7.656523472023406107e+00,7.656523472023406107e+00
1.255071516834438849e+00,1.255071516834438849e+00
4.292759344750295414e-01,4.292759344750295414e-01
7.342247511076962496e+00,7.342247511076962496e+00
4.449033973461227198e+00,4.449033973461227198e+00
4.632554667166140838e+00,4.632554667166140838e+00
1.812697140595274981e+00,1.812697140595274981e+00
5.138636695695759649e+00,5.138636695695759649e+00
1.743084200439882769e+00,1.743084200439882769e+00
8.035140674903251679e+00,8.035140674903251679e+00
2.996533217520481962e+00,2.996533217520481962e+00
1.628535920331387610e+00,1.628535920331387610e+00
2.730008107263404149e+00,2.730008107263404149e+00
2.667325434856134159e+00,2.667325434856134159e+00
2.766760582285432424e+00,2.766760582285432424e+00
1.524164832508100975e+00,1.524164832508100975e+00
-1.953868825329210246e+00,-1.953868825329210246e+00
6.462721413882805521e+00,6.462721413882805521e+00
4.809394693589407410e+00,4.809394693589407410e+00
5.180522685083769119e+00,5.180522685083769119e+00
5.659380517133673294e+00,5.659380517133673294e+00
4.510391315979743077e+00,4.510391315979743077e+00
1.640431651441746519e+00,1.640431651441746519e+00
4.731023609342045688e+00,4.731023609342045688e+00
3.470839748290475146e+00,3.470839748290475146e+00
5.999406732983497470e+00,5.999406732983497470e+00
2.015080935276106988e+00,2.015080935276106988e+00
5.884926632878237918e+00,5.884926632878237918e+00
5.006803371757172272e+00,5.006803371757172272e+00
5.215163159475078913e+00,5.215163159475078913e+00
7.220472362338911765e+00,7.220472362338911765e+00
6.482284220851987300e+00,6.482284220851987300e+00
7.991509939371429283e+00,7.991509939371429283e+00
5.222332203025063180e+00,5.222332203025063180e+00
7.263343287419488092e+00,7.263343287419488092e+00
4.779936145097966715e+00,4.779936145097966715e+00
2.340679741752496046e+00,2.340679741752496046e+00
3.454363873512115823e+00,3.454363873512115823e+00
7.031141219233847828e+00,7.031141219233847828e+00
6.305449915836326191e+00,6.305449915836326191e+00
8.272457386277919156e+00,8.272457386277919156e+00
3.923436974367676910e+00,3.923436974367676910e+00
2.343267165306277100e+00,2.343267165306277100e+00
6.482045475266622780e+00,6.482045475266622780e+00
1.809278403826588999e+00,1.809278403826588999e+00
4.768704155726501526e+00,4.768704155726501526e+00
2.565283711886928053e+00,2.565283711886928053e+00
2.423423889072083615e+00,2.423423889072083615e+00
-6.282097390147167726e-01,-6.282097390147167726e-01
6.353435729265646259e+00,6.353435729265646259e+00
7.334768785757442622e+00,7.334768785757442622e+00
6.992681359799485463e+00,6.992681359799485463e+00
9.010502908056569060e-01,9.010502908056569060e-01
3.758345212905736421e+00,3.758345212905736421e+00
5.482183708573638015e+00,5.482183708573638015e+00
3.261732236319680123e+00,3.261732236319680123e+00
2.584240335650190623e+00,2.584240335650190623e+00
1.719001106575614557e+00,1.719001106575614557e+00
1.517813201832156622e+00,1.517813201832156622e+00
3.542356372597991410e+00,3.542356372597991410e+00
3.024267822487967550e+00,3.024267822487967550e+00
2.800581970060981973e+00,2.800581970060981973e+00
8.581888451958985531e-01,8.581888451958985531e-01
4.229324122934809083e+00,4.229324122934809083e+00
5.177179212128920405e+00,5.177179212128920405e+00
5.002469087265862591e+00,5.002469087265862591e+00
6.556849950672958727e+00,6.556849950672958727e+00
3.982795085246561229e+00,3.982795085246561229e+00
3.600387958553386003e-01,3.600387958553386003e-01
4.127028032339831398e+00,4.127028032339831398e+00
8.763663606265543748e-01,8.763663606265543748e-01
2.277669952398392983e+00,2.277669952398392983e+00
3.023442874136341274e+00,3.023442874136341274e+00
2.565343589793205314e+00,2.565343589793205314e+00
8.682782844400451783e-01,8.682782844400451783e-01
5.613934269690183498e+00,5.613934269690183498e+00
5.098273987085772063e+00,5.098273987085772063e+00
7.321411788332161663e+00,7.321411788332161663e+00
5.827127387961965610e+00,5.827127387961965610e+00
3.381091997754150036e+00,3.381091997754150036e+00
4.621694201614963582e+00,4.621694201614963582e+00
5.809313877373567081e+00,5.809313877373567081e+00
5.111817896052008869e+00,5.111817896052008869e+00
3.690529785347621328e+00,3.690529785347621328e+00
1.017421800682406952e+00,1.017421800682406952e+00
5.361880309583563431e+00,5.361880309583563431e+00
2.816842689794443189e+00,2.816842689794443189e+00
5.776669563548260555e+00,5.776669563548260555e+00
4.911704184360408121e+00,4.911704184360408121e+00
7.410173100877232244e+00,7.410173100877232244e+00
1.748180643894965858e+00,1.748180643894965858e+00
5.972722133267010847e+00,5.972722133267010847e+00
4.953804594979851927e+00,4.953804594979851927e+00
5.499151365623394128e+00,5.499151365623394128e+00
5.407329759876500219e+00,5.407329759876500219e+00
4.363294917803754558e+00,4.363294917803754558e+00
4.078012605934217660e+00,4.078012605934217660e+00
5.511427197579596537e+00,5.511427197579596537e+00
1.876247130912645833e+00,1.876247130912645833e+00
6.781236560306313166e+00,6.781236560306313166e+00
2.607928727862698359e+00,2.607928727862698359e+00
5.487199497002642978e+00,5.487199497002642978e+00
3.203296767429270275e+00,3.203296767429270275e+00
3.931093983901784661e+00,3.931093983901784661e+00
5.036109996780496978e+00,5.036109996780496978e+00
6.965503979078643049e+00,6.965503979078643049e+00
2.467099042208823700e+00,2.467099042208823700e+00
4.150682328334328375e+00,4.150682328334328375e+00
7.164330205536922236e+00,7.164330205536922236e+00
2.016287562604467176e+00,2.016287562604467176e+00
3.807476161371588397e+00,3.807476161371588397e+00
4.126141525197339455e+00,4.126141525197339455e+00
5.721488439997282072e+00,5.721488439997282072e+00
1.835737061743659471e+00,1.835737061743659471e+00
5.967454021840253198e+00,5.967454021840253198e+00
1.067954968034924690e+01,1.067954968034924690e+01
2.868485484518483730e+00,2.868485484518483730e+00
5.008760269861053160e+00,5.008760269861053160e+00
4.893721387292607972e+00,4.893721387292607972e+00
4.224684063692582647e+00,4.224684063692582647e+00
2.316743303569182011e+00,2.316743303569182011e+00
5.302233624706768289e+00,5.302233624706768289e+00
6.606457351080950779e+00,6.606457351080950779e+00
1.711331805776221460e+00,1.711331805776221460e+00
6.270280449285329460e+00,6.270280449285329460e+00
2.873389476424737854e+00,2.873389476424737854e+00
8.735649194935335871e+00,8.735649194935335871e+00
3.541634823433442492e+00,3.541634823433442492e+00
2.108393318447960851e+00,2.108393318447960851e+00
3.636864731462149614e+00,3.636864731462149614e+00
1.515038357042832295e+00,1.515038357042832295e+00
3.921985775586823486e+00,3.921985775586823486e+00
4.452275289029221206e+00,4.452275289029221206e+00
1.897727684671457471e-01,1.897727684671457471e-01
-8.234400645103723271e-02,-8.234400645103723271e-02
5.466042051133776170e+00,5.466042051133776170e+00
5.117691590738991936e-01,5.117691590738991936e-01
7.987103864926210495e-01,7.987103864926210495e-01
5.870727236894422774e+00,5.870727236894422774e+00
5.378360405532045974e+00,5.378360405532045974e+00
4.834717256383168404e+00,4.834717256383168404e+00
5.372168879413615983e+00,5.372168879413615983e+00
2.597427338970734301e+00,2.597427338970734301e+00
3.163212693952136334e+00,3.163212693952136334e+00
5.126238422530173366e+00,5.126238422530173366e+00
2.001314811881164779e+00,2.001314811881164779e+00
6.850679511081240847e+00,6.850679511081240847e+00
7.232653151926951907e+00,7.232653151926951907e+00
3.783986061388239897e+00,3.783986061388239897e+00
4.447178631415177108e+00,4.447178631415177108e+00
2.687960794399847142e+00,2.687960794399847142e+00
5.841885645747649569e+00,5.841885645747649569e+00
5.017164434333345469e+00,5.017164434333345469e+00
3.253710221359438215e+00,3.253710221359438215e+00
2.008145423262298834e+00,2.008145423262298834e+00
1.132023005678344241e-01,1.132023005678344241e-01
3.114342019481622703e+00,3.114342019481622703e+00
7.457805281698933975e+00,7.457805281698933975e+00
2.071455992122085199e+00,2.071455992122085199e+00
2.584126904654571621e+00,2.584126904654571621e+00
6.771129433481894111e+00,6.771129433481894111e+00
7.683400985337774713e+00,7.683400985337774713e+00
4.529052881383418772e+00,4.529052881383418772e+00
5.479005702481918760e+00,5.479005702481918760e+00
5.354194419617376077e+00,5.354194419617376077e+00
3.686103336699128707e+00,3.686103336699128707e+00
2.279303012616137103e+00,2.279303012616137103e+00
2.883935555923088589e+00,2.883935555923088589e+00
4.413065487693532241e+00,4.413065487693532241e+00
6.229293055628002840e+00,6.229293055628002840e+00
7.554234088767980637e+00,7.554234088767980637e+00
3.075611360055421795e+00,3.075611360055421795e+00
8.510530478862669668e+00,8.510530478862669668e+00
2.337210032050463404e+00,2.337210032050463404e+00
5.470671011362842506e+00,5.470671011362842506e+00
5.778600211945627230e+00,5.778600211945627230e+00
-1.660887023420939634e+00,-1.660887023420939634e+00
7.074037894156617767e+00,7.074037894156617767e+00
5.854203839874494442e+00,5.854203839874494442e+00
9.918282918471570397e+00,9.918282918471570397e+00
2.184490037462184731e+00,2.184490037462184731e+00
6.081749639950007946e+00,6.081749639950007946e+00
2.389881893382248101e+00,2.389881893382248101e+00
3.877251578769983276e+00,3.877251578769983276e+00
3.205007129986492398e-01,3.205007129986492398e-01
6.104250607258579819e+00,6.104250607258579819e+00
4.902783462448327079e+00,4.902783462448327079e+00
9.124222870531624174e-01,9.124222870531624174e-01
-9.352695652291251882e-01,-9.352695652291251882e-01
2.004118927526595151e+00,2.004118927526595151e+00
4.598166874154363093e+00,4.598166874154363093e+00
1.252907600754635586e+00,1.252907600754635586e+00
9.732391403730207280e-01,9.732391403730207280e-01
3.241624119366423251e+00,3.241624119366423251e+00
7.751322889762687574e+00,7.751322889762687574e+00
4.333050561558571268e+00,4.333050561558571268e+00
-1.350920249820982244e+00,-1.350920249820982244e+00
3.260553974424326817e+00,3.260553974424326817e+00
7.233420866464324916e+00,7.233420866464324916e+00
4.114708035264482255e+00,4.114708035264482255e+00
5.664524948145151839e+00,5.664524948145151839e+00
3.423537972072768554e+00,3.423537972072768554e+00
1.876238410392035982e-01,1.876238410392035982e-01
4.474202190290573533e+00,4.474202190290573533e+00
6.155638873783948029e+00,6.155638873783948029e+00
3.945304860015096615e+00,3.945304860015096615e+00
3.628315233239318705e+00,3.628315233239318705e+00
1.568185441024261051e+00,1.568185441024261051e+00
1.392794883274609985e+00,1.392794883274609985e+00
5.094215059533781620e+00,5.094215059533781620e+00
6.816793725269099546e+00,6.816793725269099546e+00
2.054865237544278411e+00,2.054865237544278411e+00
5.886909819482307071e+00,5.886909819482307071e+00
1.072413589006346513e+01,1.072413589006346513e+01
3.462166628577310501e+00,3.462166628577310501e+00
5.279904179828643684e+00,5.279904179828643684e+00
4.335112683108039100e+00,4.335112683108039100e+00
2.093178249545227576e+00,2.093178249545227576e+00
3.565842883056598911e+00,3.565842883056598911e+00
2.780036750531011513e+00,2.780036750531011513e+00
2.472973474056109566e+00,2.472973474056109566e+00
6.241118126595695870e+00,6.241118126595695870e+00
3.580471106994600916e+00,3.580471106994600916e+00
4.007752027968774833e+00,4.007752027968774833e+00
1.857318754772028901e+00,1.857318754772028901e+00
4.362440217528071429e+00,4.362440217528071429e+00
5.199958690978609965e+00,5.199958690978609965e+00
4.761194828809878210e+00,4.761194828809878210e+00
5.615973089286621089e+00,5.615973089286621089e+00
3.225508730295245208e+00,3.225508730295245208e+00
7.907317113419598087e+00,7.907317113419598087e+00
3.415220160137426131e+00,3.415220160137426131e+00
6.661357426165582574e+00,6.661357426165582574e+00
5.416033631717524166e+00,5.416033631717524166e+00
4.828770236101901148e+00,4.828770236101901148e+00
3.958909643112318300e+00,3.958909643112318300e+00
4.716455108397406448e+00,4.716455108397406448e+00
3.911453854058641433e+00,3.911453854058641433e+00
1.121174123362131514e+00,1.121174123362131514e+00
2.407982745419854353e+00,2.407982745419854353e+00
4.818080631432647642e+00,4.818080631432647642e+00
-2.191103959923580646e+00,-2.191103959923580646e+00
3.033027951987796289e+00,3.033027951987796289e+00
2.822021166348230192e+00,2.822021166348230192e+00
2.212142227007347195e+00,2.212142227007347195e+00
3.073348231965659316e+00,3.073348231965659316e+00
2.477423818487703766e+00,2.477423818487703766e+00
1.192127609129366439e+00,1.192127609129366439e+00
2.241126352157271628e-01,2.241126352157271628e-01
7.532111772407130701e+00,7.532111772407130701e+00
6.645706093734382591e+00,6.645706093734382591e+00
4.331441439936820181e+00,4.331441439936820181e+00
3.382632270314011258e+00,3.382632270314011258e+00
4.365583451186872743e+00,4.365583451186872743e+00
5.555966242238790542e+00,5.555966242238790542e+00
2.914562246971021064e+00,2.914562246971021064e+00
5.803043379575269611e+00,5.803043379575269611e+00
7.205797270178849523e+00,7.205797270178849523e+00
9.086371663257910569e-01,9.086371663257910569e-01
2.830694224943705706e+00,2.830694224943705706e+00
6.314794644055294892e-01,6.314794644055294892e-01
5.269110084127570204e+00,5.269110084127570204e+00
3.311933787847909372e+00,3.311933787847909372e+00
3.456027703249467287e+00,3.456027703249467287e+00
5.235689540436841760e+00,5.235689540436841760e+00
1.796716672655884972e+00,1.796716672655884972e+00
4.143391909975029819e+00,4.143391909975029819e+00
2.778971012904134064e+00,2.778971012904134064e+00
9.682198227018448122e-01,9.682198227018448122e-01
4.534719998350740688e+00,4.534719998350740688e+00
4.830334277069900928e+00,4.830334277069900928e+00
4.354009142788445530e+00,4.354009142788445530e+00
3.141220372869084176e+00,3.141220372869084176e+00
3.763285114840730472e+00,3.763285114840730472e+00
1.890179913175819459e+00,1.890179913175819459e+00
4.082763824778576023e+00,4.082763824778576023e+00
4.204426683363877260e+00,4.204426683363877260e+00
3.642350431043593240e+00,3.642350431043593240e+00
1.270957285334276321e+00,1.270957285334276321e+00
4.623879317981554049e-01,4.623879317981554049e-01
5.159419095101720032e+00,5.159419095101720032e+00
9.604868618029563265e+00,9.604868618029563265e+00
2.190870447580577807e+00,2.190870447580577807e+00
6.245680310920002754e+00,6.245680310920002754e+00
2.345139278767343516e+00,2.345139278767343516e+00
4.936797733176756076e+00,4.936797733176756076e+00
4.189673276902280641e+00,4.189673276902280641e+00
5.647891709268948901e+00,5.647891709268948901e+00
3.101019692132306105e+00,3.101019692132306105e+00
1.565669454130522720e+00,1.565669454130522720e+00
7.396102941938064390e+00,7.396102941938064390e+00
2.906435002385457711e+00,2.906435002385457711e+00
