3.353041065126429743e-01,3.353041065126429743e-01
-1.444987562878001786e+00,-1.444987562878001786e+00
-3.239592757389794020e+00,-3.239592757389794020e+00
-2.206459047844873567e+00,-2.206459047844873567e+00
1.321295766218849810e+00,1.321295766218849810e+00
-1.656895444873224044e+00,-1.656895444873224044e+00
2.632048822334560612e-01,2.632048822334560612e-01
1.873296689992498543e-01,1.873296689992498543e-01
1.891956567896214914e+00,1.891956567896214914e+00
7.327865480483808369e-01,7.327865480483808369e-01
-1.157249799114016486e+00,-1.157249799114016486e+00
-9.168159433817946180e-01,-9.168159433817946180e-01
-2.773412095682852296e-01,-2.773412095682852296e-01
-2.101879004028889053e+00,-2.101879004028889053e+00
-3.723826758917399005e-01,-3.723826758917399005e-01
-6.396887334213183784e-01,-6.396887334213183784e-01
-1.015171341063016985e+00,-1.015171341063016985e+00
1.099583662211667701e+00,1.099583662211667701e+00
-1.366577498015313807e+00,-1.366577498015313807e+00
1.064585984329502910e+00,1.064585984329502910e+00
-1.882372417677406595e+00,-1.882372417677406595e+00
-1.112570354127414340e+00,-1.112570354127414340e+00
-1.903189695381839019e+00,-1.903189695381839019e+00
1.405042301296033358e-01,1.405042301296033358e-01
-3.666024164646126682e-01,-3.666024164646126682e-01
4.409806613020124111e-01,4.409806613020124111e-01
-6.676055522507362561e-01,-6.676055522507362561e-01
6.428074043558384965e-01,6.428074043558384965e-01
-4.697066687325955670e+00,-4.697066687325955670e+00
-1.498827118191054630e+00,-1.498827118191054630e+00
-2.353192466196258437e+00,-2.353192466196258437e+00
-9.611241552821283562e-01,-9.611241552821283562e-01
-9.366429560627969053e-01,-9.366429560627969053e-01
8.016256290619847569e-01,8.016256290619847569e-01
-1.948200280764632364e+00,-1.948200280764632364e+00
2.313957204271714918e+00,2.313957204271714918e+00
1.163849656415030687e+00,1.163849656415030687e+00
1.679501879068209469e+00,1.679501879068209469e+00
-1.830173729670042881e+00,-1.830173729670042881e+00
-7.574768537838103555e-01,-7.574768537838103555e-01
3.848044008245943282e-01,3.848044008245943282e-01
-2.561887146538634141e+00,-2.561887146538634141e+00
2.121060974491191686e+00,2.121060974491191686e+00
-2.296963846128186049e-01,-2.296963846128186049e-01
9.402292490674324377e-01,9.402292490674324377e-01
-2.509500000331619685e+00,-2.509500000331619685e+00
8.419265071454109517e-01,8.419265071454109517e-01
5.904805012288063537e-01,5.904805012288063537e-01
1.425383820383477662e+00,1.425383820383477662e+00
-1.007059957503618985e+00,-1.007059957503618985e+00
2.199574486211157698e-01,2.199574486211157698e-01
-1.437673251046422962e-02,-1.437673251046422962e-02
1.598328296865365150e+00,1.598328296865365150e+00
-1.877502489855084278e+00,-1.877502489855084278e+00
-1.272468081260197614e+00,-1.272468081260197614e+00
-6.384701488650281753e-01,-6.384701488650281753e-01
-6.713887816264199060e-01,-6.713887816264199060e-01
5.804006862819242052e-01,5.804006862819242052e-01
-1.588778680778645480e+00,-1.588778680778645480e+00
1.998641191512027682e+00,1.998641191512027682e+00
-2.035175862765416621e+00,-2.035175862765416621e+00
5.962771221871152605e-01,5.962771221871152605e-01
6.200675491143150531e-01,6.200675491143150531e-01
1.576838010432014325e+00,1.576838010432014325e+00
-5.530994459257234652e-01,-5.530994459257234652e-01
-2.878860369368689831e-01,-2.878860369368689831e-01
1.493655956606444679e+00,1.493655956606444679e+00
2.852626649878940768e+00,2.852626649878940768e+00
-8.973004775802921884e-01,-8.973004775802921884e-01
-2.082496819065331017e+00,-2.082496819065331017e+00
-2.986723599227143033e+00,-2.986723599227143033e+00
-1.678991784277453103e+00,-1.678991784277453103e+00
5.651989244056436767e-01,5.651989244056436767e-01
-1.455813300160732293e+00,-1.455813300160732293e+00
-1.544751201941387819e-01,-1.544751201941387819e-01
1.658405960770738874e+00,1.658405960770738874e+00
3.058160523854284829e+00,3.058160523854284829e+00
2.306304083487974221e+00,2.306304083487974221e+00
1.870814857384771823e+00,1.870814857384771823e+00
7.038803296487801120e-01,7.038803296487801120e-01
-7.355372918643645619e-01,-7.355372918643645619e-01
-7.791895357492011343e-01,-7.791895357492011343e-01
4.964429309099127607e+00,4.964429309099127607e+00
-8.951331019151811397e-01,-8.951331019151811397e-01
2.893877713569947829e-02,2.893877713569947829e-02
6.735422032728681785e-01,6.735422032728681785e-01
-1.079885030560695292e+00,-1.079885030560695292e+00
-3.013555788499009402e-01,-3.013555788499009402e-01
-1.832986877329596531e-01,-1.832986877329596531e-01
-1.225092283360357026e+00,-1.225092283360357026e+00
4.958856948071659332e-01,4.958856948071659332e-01
-8.150421759200092708e-01,-8.150421759200092708e-01
-8.739478116829455523e-01,-8.739478116829455523e-01
1.694939926844438727e+00,1.694939926844438727e+00
-1.556967358622786346e+00,-1.556967358622786346e+00
3.544841439977739483e-01,3.544841439977739483e-01
-6.901379570965433530e-01,-6.901379570965433530e-01
1.480141081437137407e+00,1.480141081437137407e+00
-3.309346254897279405e+00,-3.309346254897279405e+00
-9.919007457882922374e-01,-9.919007457882922374e-01
-2.488890102988528863e+00,-2.488890102988528863e+00
-1.234467598390893706e+00,-1.234467598390893706e+00
3.230220993062422608e-01,3.230220993062422608e-01
2.041768603176919328e+00,2.041768603176919328e+00
-1.098078051850808201e-01,-1.098078051850808201e-01
2.873214867494988667e-01,2.873214867494988667e-01
-9.556181982305180789e-01,-9.556181982305180789e-01
-1.132246366559083395e+00,-1.132246366559083395e+00
2.326884938075460596e+00,2.326884938075460596e+00
-1.045360625606669203e+00,-1.045360625606669203e+00
-5.741555701320399940e-01,-5.741555701320399940e-01
-1.013730823331506770e+00,-1.013730823331506770e+00
-4.423218005567376210e+00,-4.423218005567376210e+00
9.455794750832402507e-01,9.455794750832402507e-01
-3.076667963328239441e+00,-3.076667963328239441e+00
-2.153291525284928287e+00,-2.153291525284928287e+00
2.685383614009007935e+00,2.685383614009007935e+00
-3.250790296766177256e-01,-3.250790296766177256e-01
2.091886375592292513e+00,2.091886375592292513e+00
-3.256177654350445039e-01,-3.256177654350445039e-01
-1.926961904984001439e+00,-1.926961904984001439e+00
3.238182191682601463e-01,3.238182191682601463e-01
4.028373630083779133e-01,4.028373630083779133e-01
-3.179510690672326945e+00,-3.179510690672326945e+00
1.103722746045052716e+00,1.103722746045052716e+00
8.959164452118488775e-01,8.959164452118488775e-01
3.443276177200963239e+00,3.443276177200963239e+00
-7.235116528205587372e-01,-7.235116528205587372e-01
1.869132701185649559e+00,1.869132701185649559e+00
1.732090165066757947e+00,1.732090165066757947e+00
-5.116749623061433994e-02,-5.116749623061433994e-02
1.764454129938777704e+00,1.764454129938777704e+00
-1.178501750994867869e+00,-1.178501750994867869e+00
-1.869518914376246954e-01,-1.869518914376246954e-01
-1.816716426462424483e+00,-1.816716426462424483e+00
6.112630797606088962e-01,6.112630797606088962e-01
-4.277128109705794046e+00,-4.277128109705794046e+00
3.286311596322084583e-01,3.286311596322084583e-01
1.613531623445784824e+00,1.613531623445784824e+00
-3.031138904052832483e+00,-3.031138904052832483e+00
1.444694878413299577e-01,1.444694878413299577e-01
-3.435417302785169102e+00,-3.435417302785169102e+00
-1.228101805739187924e-01,-1.228101805739187924e-01
-5.501414508880140275e-01,-5.501414508880140275e-01
-1.130283439764374620e+00,-1.130283439764374620e+00
-6.925782290654947104e-02,-6.925782290654947104e-02
4.210014895475806540e-01,4.210014895475806540e-01
1.271839716702587442e+00,1.271839716702587442e+00
-2.332173759070906627e+00,-2.332173759070906627e+00
2.487060087920306195e+00,2.487060087920306195e+00
-9.674806649310858653e-01,-9.674806649310858653e-01
2.682185164346840178e+00,2.682185164346840178e+00
-6.252378306656924956e-01,-6.252378306656924956e-01
-4.710047739552494228e-01,-4.710047739552494228e-01
7.668036799375141932e-01,7.668036799375141932e-01
1.403739306467520986e+00,1.403739306467520986e+00
-3.866799625196729373e+00,-3.866799625196729373e+00
-6.944729117475567648e-02,-6.944729117475567648e-02
1.199159364059280808e+00,1.199159364059280808e+00
2.042155588110150966e+00,2.042155588110150966e+00
5.091089279908396215e-01,5.091089279908396215e-01
3.876531235047067092e-01,3.876531235047067092e-01
4.769938003239126978e-01,4.769938003239126978e-01
-1.902857625350584225e+00,-1.902857625350584225e+00
-2.183232871667040165e-01,-2.183232871667040165e-01
-1.657860948972196269e-01,-1.657860948972196269e-01
9.899181992193799573e-01,9.899181992193799573e-01
8.236553718734596075e-01,8.236553718734596075e-01
7.103934792830957079e-01,7.103934792830957079e-01
1.750353035200168828e+00,1.750353035200168828e+00
5.532399310517850388e-01,5.532399310517850388e-01
6.263460944840275602e-01,6.263460944840275602e-01
1.111693410345978794e+00,1.111693410345978794e+00
3.330369782873301432e-01,3.330369782873301432e-01
1.407806248225878409e+00,1.407806248225878409e+00
-1.436701746084751541e+00,-1.436701746084751541e+00
-1.846802858388674196e+00,-1.846802858388674196e+00
-8.721835012108281049e-02,-8.721835012108281049e-02
3.081888710999759251e+00,3.081888710999759251e+00
1.733725699319705438e+00,1.733725699319705438e+00
-9.175849055912963514e-01,-9.175849055912963514e-01
-1.219310113805809337e-01,-1.219310113805809337e-01
-2.706699506398440036e-01,-2.706699506398440036e-01
-2.484424647897229832e-01,-2.484424647897229832e-01
9.268344918843678393e-01,9.268344918843678393e-01
1.598647651596222907e+00,1.598647651596222907e+00
-6.629130158643441462e-01,-6.629130158643441462e-01
-2.304591686790924410e+00,-2.304591686790924410e+00
1.100834850114873920e+00,1.100834850114873920e+00
4.429157148371887232e-01,4.429157148371887232e-01
-2.745327175974496825e-01,-2.745327175974496825e-01
2.963073427151807770e-01,2.963073427151807770e-01
-1.845806411544243630e+00,-1.845806411544243630e+00
-3.630614866332049218e-02,-3.630614866332049218e-02
-1.947969722862397557e+00,-1.947969722862397557e+00
-7.125411248593529479e-01,-7.125411248593529479e-01
3.700049438998589402e-01,3.700049438998589402e-01
-2.183896502864525857e+00,-2.183896502864525857e+00
1.149135083756425146e-02,1.149135083756425146e-02
-4.328240519623877347e+00,-4.328240519623877347e+00
2.689102299418453690e+00,2.689102299418453690e+00
-8.416471128500591092e-02,-8.416471128500591092e-02
4.145211706189742884e+00,4.145211706189742884e+00
1.697879461267136847e+00,1.697879461267136847e+00
9.653411751423268683e-01,9.653411751423268683e-01
1.951532489875944520e-01,1.951532489875944520e-01
3.812237012087340560e-01,3.812237012087340560e-01
6.181105895595164768e-01,6.181105895595164768e-01
4.003338836576357807e-01,4.003338836576357807e-01
3.009808152644666279e-01,3.009808152644666279e-01
-8.531066163683127535e-01,-8.531066163683127535e-01
8.338769620454278275e-01,8.338769620454278275e-01
2.798184679982621326e+00,2.798184679982621326e+00
-1.266713105526557914e+00,-1.266713105526557914e+00
-1.377925234369126173e+00,-1.377925234369126173e+00
3.377777844951617148e-01,3.377777844951617148e-01
1.191268521420956628e+00,1.191268521420956628e+00
7.256280383687880864e-01,7.256280383687880864e-01
1.017945602175372333e+00,1.017945602175372333e+00
1.004590422343205169e+00,1.004590422343205169e+00
-2.228166338476447628e+00,-2.228166338476447628e+00
9.397626943501160568e-01,9.397626943501160568e-01
1.680463948069705893e-01,1.680463948069705893e-01
-6.721677547434854461e-01,-6.721677547434854461e-01
1.069653998089948654e+00,1.069653998089948654e+00
-2.852241872047041049e+00,-2.852241872047041049e+00
1.512464845123154156e+00,1.512464845123154156e+00
1.997478615221820242e+00,1.997478615221820242e+00
1.387545199598171131e+00,1.387545199598171131e+00
1.149228724176154515e+00,1.149228724176154515e+00
8.052026278515622693e-01,8.052026278515622693e-01
-6.751220216083657633e-01,-6.751220216083657633e-01
3.054643582452207795e+00,3.054643582452207795e+00
9.735992497181862326e-01,9.735992497181862326e-01
-2.209406619522050974e+00,-2.209406619522050974e+00
1.727724962883638860e-01,1.727724962883638860e-01
1.445092029420495194e+00,1.445092029420495194e+00
1.627662747118697961e+00,1.627662747118697961e+00
2.830369436851847276e-01,2.830369436851847276e-01
-9.751463565574818304e-01,-9.751463565574818304e-01
-5.294401675381705807e-01,-5.294401675381705807e-01
4.743905477595538045e-01,4.743905477595538045e-01
-1.199643800662749005e+00,-1.199643800662749005e+00
-2.196881872160191929e+00,-2.196881872160191929e+00
2.552996211639600777e+00,2.552996211639600777e+00
1.293183619426049535e+00,1.293183619426049535e+00
-6.859380223755846551e-01,-6.859380223755846551e-01
-1.334720216502607748e+00,-1.334720216502607748e+00
-1.016123228988505822e-01,-1.016123228988505822e-01
-7.809620115510345073e-01,-7.809620115510345073e-01
9.548626942512816740e-02,9.548626942512816740e-02
2.155622761953246425e-03,2.155622761953246425e-03
-9.087647472197621923e-01,-9.087647472197621923e-01
-1.151077066396266169e+00,-1.151077066396266169e+00
-9.921799783764155833e-01,-9.921799783764155833e-01
1.367716218638203252e+00,1.367716218638203252e+00
-3.135441469580014573e+00,-3.135441469580014573e+00
1.872469970082444757e+00,1.872469970082444757e+00
-2.010214175883096033e+00,-2.010214175883096033e+00
7.103668488634657940e-01,7.103668488634657940e-01
2.258564135980494214e-01,2.258564135980494214e-01
1.382395744328685616e+00,1.382395744328685616e+00
-1.250616580416270107e+00,-1.250616580416270107e+00
5.284409049233218525e-04,5.284409049233218525e-04
-8.703609604498634411e-01,-8.703609604498634411e-01
-8.949803176501371915e-01,-8.949803176501371915e-01
-3.281832502326808232e+00,-3.281832502326808232e+00
-4.504475602604598450e-01,-4.504475602604598450e-01
-5.055040749865398197e-01,-5.055040749865398197e-01
2.112640298306546427e+00,2.112640298306546427e+00
-9.401088097066350180e-01,-9.401088097066350180e-01
4.373486660309375829e-01,4.373486660309375829e-01
2.094633675499024683e-01,2.094633675499024683e-01
-1.228241250518496308e+00,-1.228241250518496308e+00
1.127748572858191967e+00,1.127748572858191967e+00
1.282689881754305539e+00,1.282689881754305539e+00
2.507426987462244128e+00,2.507426987462244128e+00
-1.922900081894933777e-01,-1.922900081894933777e-01
2.420886875250305437e-01,2.420886875250305437e-01
3.099783231631671576e+00,3.099783231631671576e+00
1.479318098472850451e+00,1.479318098472850451e+00
-3.542269830544380049e+00,-3.542269830544380049e+00
-1.723414348535631468e+00,-1.723414348535631468e+00
3.956071909771643469e-01,3.956071909771643469e-01
-2.579724091997626090e-02,-2.579724091997626090e-02
1.975118898521925459e+00,1.975118898521925459e+00
-1.163019749558875660e-01,-1.163019749558875660e-01
-4.274182565828031244e+00,-4.274182565828031244e+00
4.326158100195423017e-01,4.326158100195423017e-01
-1.763929236679840695e+00,-1.763929236679840695e+00
-1.947833707260413050e+00,-1.947833707260413050e+00
2.130900869446157309e-01,2.130900869446157309e-01
1.936025243410085306e+00,1.936025243410085306e+00
-3.414247920876542608e+00,-3.414247920876542608e+00
1.834255583408497259e-01,1.834255583408497259e-01
-1.137292419739098115e+00,-1.137292419739098115e+00
-2.324295842570143655e+00,-2.324295842570143655e+00
2.096883156239718105e+00,2.096883156239718105e+00
-1.043195540518438769e+00,-1.043195540518438769e+00
-1.818788602154040035e-01,-1.818788602154040035e-01
-1.039178222617378022e+00,-1.039178222617378022e+00
-1.488963246862513579e+00,-1.488963246862513579e+00
-6.125329491640294499e-01,-6.125329491640294499e-01
-9.791184871223004293e-01,-9.791184871223004293e-01
-9.077374607604733470e-01,-9.077374607604733470e-01
-1.330094546529408284e+00,-1.330094546529408284e+00
1.105103353765791496e+00,1.105103353765791496e+00
-2.235636734188677810e+00,-2.235636734188677810e+00
-1.565888352821085405e+00,-1.565888352821085405e+00
-1.403240801638574897e+00,-1.403240801638574897e+00
1.434941771036622793e+00,1.434941771036622793e+00
-1.862612368982494715e-01,-1.862612368982494715e-01
-4.047291268367558814e-01,-4.047291268367558814e-01
2.160002368687235830e+00,2.160002368687235830e+00
2.091530516710194743e+00,2.091530516710194743e+00
7.109788338588982626e-01,7.109788338588982626e-01
-2.476461663335642882e-01,-2.476461663335642882e-01
2.045476984555262501e+00,2.045476984555262501e+00
2.572661679049940364e+00,2.572661679049940364e+00
7.098326902907112768e-01,7.098326902907112768e-01
1.798468150475714289e+00,1.798468150475714289e+00
-2.579723659417266557e+00,-2.579723659417266557e+00
-1.048646214505896790e+00,-1.048646214505896790e+00
3.805996683546633896e+00,3.805996683546633896e+00
-2.957568248565293878e+00,-2.957568248565293878e+00
-1.561739855089581130e+00,-1.561739855089581130e+00
1.240706988997578808e+00,1.240706988997578808e+00
8.771071879465721643e-01,8.771071879465721643e-01
1.383321592654844778e+00,1.383321592654844778e+00
-1.598976936188606146e+00,-1.598976936188606146e+00
2.524556972466545091e+00,2.524556972466545091e+00
3.957506897473566099e-01,3.957506897473566099e-01
-1.432259201160265061e+00,-1.432259201160265061e+00
5.277837399526901230e-01,5.277837399526901230e-01
9.075287901254087686e-01,9.075287901254087686e-01
-1.204119108577267561e+00,-1.204119108577267561e+00
4.092888576383302279e-01,4.092888576383302279e-01
-1.766436401710584470e+00,-1.766436401710584470e+00
7.056126785021987757e-01,7.056126785021987757e-01
-1.140691003411651305e+00,-1.140691003411651305e+00
1.346629508622884774e+00,1.346629508622884774e+00
-2.094031628440236048e-01,-2.094031628440236048e-01
1.308906073294768824e+00,1.308906073294768824e+00
2.116337868269937417e-01,2.116337868269937417e-01
9.192262643467592476e-01,9.192262643467592476e-01
-3.658970561532184806e+00,-3.658970561532184806e+00
-7.290185146864227583e-01,-7.290185146864227583e-01
-1.021846620332418354e-01,-1.021846620332418354e-01
-8.323690122558002891e-01,-8.323690122558002891e-01
-3.793563699065067851e-01,-3.793563699065067851e-01
-1.495103927647467579e-01,-1.495103927647467579e-01
9.327905788243384677e-02,9.327905788243384677e-02
1.813377524338422475e+00,1.813377524338422475e+00
-1.155097607822833439e+00,-1.155097607822833439e+00
1.091302586292277166e+00,1.091302586292277166e+00
9.330001331122872443e-02,9.330001331122872443e-02
-2.307767928220796350e+00,-2.307767928220796350e+00
1.995074764323551797e+00,1.995074764323551797e+00
2.616223448009086905e+00,2.616223448009086905e+00
-1.651759006220807624e+00,-1.651759006220807624e+00
-2.320701185971119074e-02,-2.320701185971119074e-02
-1.325248393133149349e-01,-1.325248393133149349e-01
9.696310779293892956e-01,9.696310779293892956e-01
-1.250984812267589952e+00,-1.250984812267589952e+00
-1.642053743260005527e+00,-1.642053743260005527e+00
-3.755967501319643631e-01,-3.755967501319643631e-01
1.811424732670032789e-01,1.811424732670032789e-01
1.553330492877327274e-01,1.553330492877327274e-01
-9.580156065712421842e-01,-9.580156065712421842e-01
1.752205587162285472e+00,1.752205587162285472e+00
1.169213328345543701e+00,1.169213328345543701e+00
-2.737810377398684381e+00,-2.737810377398684381e+00
1.184801597470194867e+00,1.184801597470194867e+00
1.445047090890025032e+00,1.445047090890025032e+00
-1.391931368480069153e+00,-1.391931368480069153e+00
-9.553169055934844778e-01,-9.553169055934844778e-01
2.157229593116523070e-01,2.157229593116523070e-01
-3.143052247771698227e+00,-3.143052247771698227e+00
-2.029372661125527166e+00,-2.029372661125527166e+00
-1.773422710332463126e+00,-1.773422710332463126e+00
-1.249686581642498684e+00,-1.249686581642498684e+00
-3.421463461807820128e+00,-3.421463461807820128e+00
-2.298698897719555045e+00,-2.298698897719555045e+00
2.651254294956217450e+00,2.651254294956217450e+00
1.567736103823905047e+00,1.567736103823905047e+00
-8.598995119778951590e-01,-8.598995119778951590e-01
-1.213887611698160285e+00,-1.213887611698160285e+00
-1.564661526148707793e+00,-1.564661526148707793e+00
5.907327586215829207e-01,5.907327586215829207e-01
-2.401387874994531657e-01,-2.401387874994531657e-01
-1.016092697407908307e+00,-1.016092697407908307e+00
-1.708013619585681653e+00,-1.708013619585681653e+00
-1.114691299626803023e+00,-1.114691299626803023e+00
-5.502411446884303281e-01,-5.502411446884303281e-01
-8.998876377085784917e-01,-8.998876377085784917e-01
1.012142440758215578e+00,1.012142440758215578e+00
4.277007862187431897e-02,4.277007862187431897e-02
-4.726287100754675841e-01,-4.726287100754675841e-01
-8.761625368710812545e-01,-8.761625368710812545e-01
-6.796010574730511067e-01,-6.796010574730511067e-01
-2.051482226428795741e+00,-2.051482226428795741e+00
1.813264983473659830e+00,1.813264983473659830e+00
-2.541881681346555233e+00,-2.541881681346555233e+00
1.308387696401810185e+00,1.308387696401810185e+00
1.196964979115033856e-03,1.196964979115033856e-03
1.200408523079259382e-01,1.200408523079259382e-01
-3.144494504121471579e+00,-3.144494504121471579e+00
2.406542358734848897e+00,2.406542358734848897e+00
-4.198373703271318647e-02,-4.198373703271318647e-02
-3.469311848150183231e+00,-3.469311848150183231e+00
-2.361018237677620757e+00,-2.361018237677620757e+00
-2.531796108799846401e-01,-2.531796108799846401e-01
-1.827534837757101904e+00,-1.827534837757101904e+00
1.295144347798773410e-01,1.295144347798773410e-01
1.627179894400067717e+00,1.627179894400067717e+00
2.792402109093750084e-01,2.792402109093750084e-01
-4.621615355255399571e-01,-4.621615355255399571e-01
9.549605997281762626e-02,9.549605997281762626e-02
-2.910124584489303778e+00,-2.910124584489303778e+00
-1.938625595700081305e+00,-1.938625595700081305e+00
2.582304866296469825e-01,2.582304866296469825e-01
-2.256158836244165578e+00,-2.256158836244165578e+00
8.451407787979747788e-01,8.451407787979747788e-01
1.327204255276152267e+00,1.327204255276152267e+00
-2.006469429836340357e+00,-2.006469429836340357e+00
8.941416255538525704e-02,8.941416255538525704e-02
3.223151454667765314e-01,3.223151454667765314e-01
-1.074280152551183587e+00,-1.074280152551183587e+00
2.122940375766848131e+00,2.122940375766848131e+00
-1.520476594672083959e+00,-1.520476594672083959e+00
8.208438018244281764e-01,8.208438018244281764e-01
8.511269064364310744e-01,8.511269064364310744e-01
-2.128131396807513731e+00,-2.128131396807513731e+00
-4.529283434287765253e-01,-4.529283434287765253e-01
-4.229633895964886037e-01,-4.229633895964886037e-01
-2.316305545519838027e+00,-2.316305545519838027e+00
4.735411064800132408e-02,4.735411064800132408e-02
1.239049822287542568e+00,1.239049822287542568e+00
7.955102266341143036e-01,7.955102266341143036e-01
3.872148879862411519e+00,3.872148879862411519e+00
-9.172280444496285767e-01,-9.172280444496285767e-01
-2.324591444770707671e+00,-2.324591444770707671e+00
3.324772791830854501e-02,3.324772791830854501e-02
6.959938110290231350e-02,6.959938110290231350e-02
-4.106651668301005031e+00,-4.106651668301005031e+00
-1.747379702946979751e+00,-1.747379702946979751e+00
5.175960174035783012e-01,5.175960174035783012e-01
3.994552273001096943e+00,3.994552273001096943e+00
1.120341455060525515e+00,1.120341455060525515e+00
3.192375633165190685e+00,3.192375633165190685e+00
-2.525881080924198940e+00,-2.525881080924198940e+00
5.925642002385096418e-01,5.925642002385096418e-01
2.181706051738253382e+00,2.181706051738253382e+00
1.167685044897225577e+00,1.167685044897225577e+00
-9.975562769918502326e-01,-9.975562769918502326e-01
-1.123439492851021182e+00,-1.123439492851021182e+00
-1.529242895293223103e+00,-1.529242895293223103e+00
4.773991939637793891e-01,4.773991939637793891e-01
1.867648489853226401e-01,1.867648489853226401e-01
-1.591503377705138611e+00,-1.591503377705138611e+00
1.722826705498362809e+00,1.722826705498362809e+00
-1.948508024643799796e+00,-1.948508024643799796e+00
-3.876309957267603856e+00,-3.876309957267603856e+00
-4.441025434631606927e-02,-4.441025434631606927e-02
-5.540277725199711512e-01,-5.540277725199711512e-01
7.851062757567945916e-01,7.851062757567945916e-01
-1.865079133568696257e+00,-1.865079133568696257e+00
6.793763805212282847e-02,6.793763805212282847e-02
-3.199968445307828091e-01,-3.199968445307828091e-01
9.674862197582965173e-01,9.674862197582965173e-01
-9.441160038700324719e-01,-9.441160038700324719e-01
7.430670563252843586e-01,7.430670563252843586e-01
3.989590047533209116e-02,3.989590047533209116e-02
1.150705418323219487e+00,1.150705418323219487e+00
-1.115363200656811493e+00,-1.115363200656811493e+00
2.054763618876174647e+00,2.054763618876174647e+00
-5.955432382675458491e-01,-5.955432382675458491e-01
-1.221039372259232536e+00,-1.221039372259232536e+00
-1.644627171115675246e+00,-1.644627171115675246e+00
-6.533361737273848391e-01,-6.533361737273848391e-01
-1.866395082706278075e-01,-1.866395082706278075e-01
-4.027195148139743885e-01,-4.027195148139743885e-01
-6.379712462754536517e-01,-6.379712462754536517e-01
6.433332321410603072e-01,6.433332321410603072e-01
1.188378151853839881e+00,1.188378151853839881e+00
-1.504054203624436425e-01,-1.504054203624436425e-01
1.347630912229047961e+00,1.347630912229047961e+00
-2.042733653491611179e+00,-2.042733653491611179e+00
2.883425972953378658e+00,2.883425972953378658e+00
1.926244496280249185e+00,1.926244496280249185e+00
-6.475263781721158907e-01,-6.475263781721158907e-01
1.578932508913863941e+00,1.578932508913863941e+00
1.275369407675319255e+00,1.275369407675319255e+00
9.378502990908430537e-01,9.378502990908430537e-01
-1.308139612135770236e-01,-1.308139612135770236e-01
-1.743687778508252961e+00,-1.743687778508252961e+00
1.212711350006320021e+00,1.212711350006320021e+00
-1.911171799983359954e+00,-1.911171799983359954e+00
-2.351759846079633842e+00,-2.351759846079633842e+00
2.512748567576461589e-01,2.512748567576461589e-01
1.096499054983447685e+00,1.096499054983447685e+00
1.172307642614763168e+00,1.172307642614763168e+00
5.054134558015475065e-01,5.054134558015475065e-01
-6.552986917325829275e-01,-6.552986917325829275e-01
6.038959165381228011e-01,6.038959165381228011e-01
-1.488397073672223847e+00,-1.488397073672223847e+00
3.046318144497868197e-01,3.046318144497868197e-01
-1.978325293446108635e+00,-1.978325293446108635e+00
-2.106810962490657246e+00,-2.106810962490657246e+00
-5.438874031562463962e-01,-5.438874031562463962e-01
1.365219509144664833e+00,1.365219509144664833e+00
-9.108590066878052838e-01,-9.108590066878052838e-01
6.536936054821307351e-03,6.536936054821307351e-03
1.395290718773317451e+00,1.395290718773317451e+00
7.442513634663514566e-01,7.442513634663514566e-01
-1.591408083627374737e+00,-1.591408083627374737e+00
-1.402122604849938003e+00,-1.402122604849938003e+00
4.324071339471555753e-01,4.324071339471555753e-01
4.009452038184067035e-01,4.009452038184067035e-01
-6.606653289261426032e-01,-6.606653289261426032e-01
-5.141281374798345460e-01,-5.141281374798345460e-01
-5.857533590864621331e+00,-5.857533590864621331e+00
6.463980000724589559e-02,6.463980000724589559e-02
4.845276439710941574e-01,4.845276439710941574e-01
-1.556789467236294744e+00,-1.556789467236294744e+00
-2.970154182138581955e+00,-2.970154182138581955e+00
2.676598720451527580e+00,2.676598720451527580e+00
1.231903618096064079e-01,1.231903618096064079e-01
-5.332119254458129731e-01,-5.332119254458129731e-01
-2.620543040779566013e-01,-2.620543040779566013e-01
-3.309179466482218501e+00,-3.309179466482218501e+00
-2.416624645800513616e+00,-2.416624645800513616e+00
-1.702085241560031825e+00,-1.702085241560031825e+00
-4.986074813412191276e-01,-4.986074813412191276e-01
-4.264871446256712773e-01,-4.264871446256712773e-01
2.242298278696965408e+00,2.242298278696965408e+00
1.304603572217342577e+00,1.304603572217342577e+00
1.650798588873875872e+00,1.650798588873875872e+00
-7.253334303363487834e-01,-7.253334303363487834e-01
1.383883425737332029e+00,1.383883425737332029e+00
-1.467210629980448378e+00,-1.467210629980448378e+00
6.696147591917664954e-01,6.696147591917664954e-01
-2.053518149737603160e-01,-2.053518149737603160e-01
-6.806791103474640892e-02,-6.806791103474640892e-02
-1.344300135707972910e+00,-1.344300135707972910e+00
4.120419759254905223e-01,4.120419759254905223e-01
3.626122722561380129e-01,3.626122722561380129e-01
-2.632569437609147300e+00,-2.632569437609147300e+00
3.395498621998865652e+00,3.395498621998865652e+00
2.181181921795909417e-01,2.181181921795909417e-01
-1.895024233731380736e+00,-1.895024233731380736e+00
1.519627249999626617e+00,1.519627249999626617e+00
-1.782374934853975912e+00,-1.782374934853975912e+00
8.042690143669930514e-01,8.042690143669930514e-01
-1.426889219831747990e+00,-1.426889219831747990e+00
-5.094059258736289841e+00,-5.094059258736289841e+00
-2.484748084085779407e+00,-2.484748084085779407e+00
3.051772239119352470e-01,3.051772239119352470e-01
2.799455408190353989e+00,2.799455408190353989e+00
5.752097746145867774e-01,5.752097746145867774e-01
1.274084666913726682e+00,1.274084666913726682e+00
3.974561885421574736e-01,3.974561885421574736e-01
2.398332154648642245e+00,2.398332154648642245e+00
-3.286409692382963321e-01,-3.286409692382963321e-01
3.258013028676676193e+00,3.258013028676676193e+00
-1.399503915102278562e+00,-1.399503915102278562e+00
2.030212846728900011e+00,2.030212846728900011e+00
1.504615436350247304e+00,1.504615436350247304e+00
5.529576221978471651e-01,5.529576221978471651e-01
3.013671796007067805e+00,3.013671796007067805e+00
1.522893727972561173e+00,1.522893727972561173e+00
-2.194288016090064630e-01,-2.194288016090064630e-01
1.249359386532935545e-01,1.249359386532935545e-01
-1.349438291952220759e+00,-1.349438291952220759e+00
2.419946080697719992e+00,2.419946080697719992e+00
1.675694586810531739e+00,1.675694586810531739e+00
-2.856730854662492547e-01,-2.856730854662492547e-01
-4.413310628776523359e-02,-4.413310628776523359e-02
1.437528878541578958e+00,1.437528878541578958e+00
2.705151763391864250e-01,2.705151763391864250e-01
1.346626277094564728e-01,1.346626277094564728e-01
-2.883203553546975328e+00,-2.883203553546975328e+00
1.436887758260008141e-02,1.436887758260008141e-02
1.356675690311846427e+00,1.356675690311846427e+00
5.189924846442650619e-01,5.189924846442650619e-01
-2.702055597284762634e-01,-2.702055597284762634e-01
-2.394226979020991131e+00,-2.394226979020991131e+00
-2.707937622755740570e-01,-2.707937622755740570e-01
-1.016299264065748442e+00,-1.016299264065748442e+00
7.429348846126591077e-01,7.429348846126591077e-01
-2.258484633744653358e+00,-2.258484633744653358e+00
1.501685707126800828e-01,1.501685707126800828e-01
3.292290100979125000e-01,3.292290100979125000e-01
1.516978191751043870e+00,1.516978191751043870e+00
-1.614339247483462358e+00,-1.614339247483462358e+00
8.155468136287775671e-01,8.155468136287775671e-01
-2.559766424747034197e+00,-2.559766424747034197e+00
-4.787611481977394057e-01,-4.787611481977394057e-01
7.654932400561378358e-01,7.654932400561378358e-01
-9.445706820992696429e-01,-9.445706820992696429e-01
-2.678653365524814589e-01,-2.678653365524814589e-01
-2.007826856360868994e+00,-2.007826856360868994e+00
-1.946548185569695555e+00,-1.946548185569695555e+00
-1.505325805134047457e+00,-1.505325805134047457e+00
-4.434510640351362554e+00,-4.434510640351362554e+00
3.776717422226796295e+00,3.776717422226796295e+00
1.391103139794039212e+00,1.391103139794039212e+00
-1.851459128491470096e+00,-1.851459128491470096e+00
4.570515369963539243e-01,4.570515369963539243e-01
-1.651752874399206483e+00,-1.651752874399206483e+00
6.728568270005363949e-01,6.728568270005363949e-01
3.321707799485835721e-01,3.321707799485835721e-01
-2.428360722373930081e-01,-2.428360722373930081e-01
2.464991859008249797e-01,2.464991859008249797e-01
4.737443844814204219e-01,4.737443844814204219e-01
-5.375127949711586695e-01,-5.375127949711586695e-01
2.053125966745450892e+00,2.053125966745450892e+00
-7.481724879546605145e-01,-7.481724879546605145e-01
7.644589517927298239e-01,7.644589517927298239e-01
-3.607802524267049726e-01,-3.607802524267049726e-01
-1.099354491572674508e+00,-1.099354491572674508e+00
-2.763537556878570278e-01,-2.763537556878570278e-01
-3.710773623542541255e+00,-3.710773623542541255e+00
2.188131248013141406e+00,2.188131248013141406e+00
-3.978145158910082468e+00,-3.978145158910082468e+00
-1.092020902023129736e+00,-1.092020902023129736e+00
-7.879081200520756667e-01,-7.879081200520756667e-01
2.748542111906883800e+00,2.748542111906883800e+00
-7.589350273974027061e-02,-7.589350273974027061e-02
1.441480518711919512e+00,1.441480518711919512e+00
4.066352607476622083e-01,4.066352607476622083e-01
9.374681257439849702e-01,9.374681257439849702e-01
9.573840234261994375e-01,9.573840234261994375e-01
-3.846276278588387498e-01,-3.846276278588387498e-01
-6.631197458675592848e-01,-6.631197458675592848e-01
-1.954353323384160568e+00,-1.954353323384160568e+00
1.088501055661901251e+00,1.088501055661901251e+00
-1.104761894422964463e+00,-1.104761894422964463e+00
-8.748385193119201375e-01,-8.748385193119201375e-01
-1.353959332708869923e+00,-1.353959332708869923e+00
-1.940784885110909741e+00,-1.940784885110909741e+00
-8.976287360993753239e-01,-8.976287360993753239e-01
1.490936169635799224e+00,1.490936169635799224e+00
-2.398467949763061657e+00,-2.398467949763061657e+00
-1.691711544721232308e+00,-1.691711544721232308e+00
-2.023075446024839685e+00,-2.023075446024839685e+00
1.979552977843273887e+00,1.979552977843273887e+00
-9.660821240584560599e-01,-9.660821240584560599e-01
2.528459334667632064e-01,2.528459334667632064e-01
2.765924065626905293e+00,2.765924065626905293e+00
-1.003248001685546065e-01,-1.003248001685546065e-01
-2.089985728948854593e+00,-2.089985728948854593e+00
-2.877710974402092337e+00,-2.877710974402092337e+00
-6.273294859306899340e-01,-6.273294859306899340e-01
9.939811484777227868e-01,9.939811484777227868e-01
2.206486692770943225e+00,2.206486692770943225e+00
-1.163166156918860494e+00,-1.163166156918860494e+00
5.782284330338205436e-01,5.782284330338205436e-01
-1.581942112372866305e+00,-1.581942112372866305e+00
2.934223385069533840e+00,2.934223385069533840e+00
1.245221218812599506e+00,1.245221218812599506e+00
-8.789746185446820625e-01,-8.789746185446820625e-01
-7.256295982335467798e-01,-7.256295982335467798e-01
1.955923385073858434e+00,1.955923385073858434e+00
2.575350224910506469e-01,2.575350224910506469e-01
-3.802343078460324044e-01,-3.802343078460324044e-01
2.858412858468599715e-01,2.858412858468599715e-01
1.256677026882263348e+00,1.256677026882263348e+00
1.084504183321289617e+00,1.084504183321289617e+00
-2.041766430657091735e+00,-2.041766430657091735e+00
1.678588497467187857e+00,1.678588497467187857e+00
-1.829118106895792017e+00,-1.829118106895792017e+00
-8.500616919689831796e-01,-8.500616919689831796e-01
1.800040144673559439e+00,1.800040144673559439e+00
-9.974886350019041004e-02,-9.974886350019041004e-02
1.155003624657083172e+00,1.155003624657083172e+00
-1.531084134821680820e-01,-1.531084134821680820e-01
-1.064628081006716354e+00,-1.064628081006716354e+00
4.670167200930421814e-01,4.670167200930421814e-01
3.348907260523493079e+00,3.348907260523493079e+00
-1.876636854769292206e+00,-1.876636854769292206e+00
2.733729630624992524e-01,2.733729630624992524e-01
1.211778479185052326e+00,1.211778479185052326e+00
2.028926605694766572e+00,2.028926605694766572e+00
1.515370651815694414e+00,1.515370651815694414e+00
3.306460721699435723e-01,3.306460721699435723e-01
-1.016394654043745405e+00,-1.016394654043745405e+00
-2.540419595924631846e+00,-2.540419595924631846e+00
6.833989468696168856e-01,6.833989468696168856e-01
-1.029571955538210570e+00,-1.029571955538210570e+00
-1.635188996094565805e+00,-1.635188996094565805e+00
-3.443795895388344519e+00,-3.443795895388344519e+00
-2.941512674083241130e+00,-2.941512674083241130e+00
1.963952079760882263e+00,1.963952079760882263e+00
-1.687452255986618521e+00,-1.687452255986618521e+00
1.534453956140692910e+00,1.534453956140692910e+00
-1.618886015301991055e+00,-1.618886015301991055e+00
-1.675960060210711866e+00,-1.675960060210711866e+00
1.220131245502935613e-01,1.220131245502935613e-01
2.462577370548868050e+00,2.462577370548868050e+00
-8.924028112155095727e-01,-8.924028112155095727e-01
2.718231357174811791e-01,2.718231357174811791e-01
-1.740426524490533033e+00,-1.740426524490533033e+00
1.721641854434530217e-02,1.721641854434530217e-02
7.369570654904409324e-01,7.369570654904409324e-01
-1.811140030193203465e-01,-1.811140030193203465e-01
2.203667573923464573e+00,2.203667573923464573e+00
6.685833733088708541e-02,6.685833733088708541e-02
1.326363558835546463e+00,1.326363558835546463e+00
7.538847109405937275e-01,7.538847109405937275e-01
-1.528562587802993367e+00,-1.528562587802993367e+00
1.265177576389997505e+00,1.265177576389997505e+00
3.301159640039585952e-01,3.301159640039585952e-01
1.376484722718481546e+00,1.376484722718481546e+00
-5.178763957402386708e+00,-5.178763957402386708e+00
2.974572968436647535e+00,2.974572968436647535e+00
-1.526875595210377412e+00,-1.526875595210377412e+00
1.081760906017261270e+00,1.081760906017261270e+00
1.279014107902082031e+00,1.279014107902082031e+00
-7.576523475746794745e-01,-7.576523475746794745e-01
1.789265107956140355e+00,1.789265107956140355e+00
1.396962807698267195e+00,1.396962807698267195e+00
5.860890806034801948e-01,5.860890806034801948e-01
-1.700297919192115703e+00,-1.700297919192115703e+00
-2.180636395683044348e+00,-2.180636395683044348e+00
2.025808782753722337e+00,2.025808782753722337e+00
-1.875544589227635228e+00,-1.875544589227635228e+00
-2.711803229220224765e+00,-2.711803229220224765e+00
-7.045714132233449334e-01,-7.045714132233449334e-01
3.956075046263998196e-01,3.956075046263998196e-01
1.258205760685371377e+00,1.258205760685371377e+00
-1.280176342852117344e-01,-1.280176342852117344e-01
1.085939750102467016e+00,1.085939750102467016e+00
-1.266784337787895343e+00,-1.266784337787895343e+00
-7.415273125620314154e-01,-7.415273125620314154e-01
2.398191898627661800e+00,2.398191898627661800e+00
-1.245433087137358896e+00,-1.245433087137358896e+00
-1.866797024896816204e+00,-1.866797024896816204e+00
-1.879344202390864638e-01,-1.879344202390864638e-01
-3.161481456036413729e+00,-3.161481456036413729e+00
-1.678654002579888616e+00,-1.678654002579888616e+00
-2.290259672112480160e-01,-2.290259672112480160e-01
-9.667392936552348104e-01,-9.667392936552348104e-01
-6.601635613119105628e-02,-6.601635613119105628e-02
-1.373489206551507635e+00,-1.373489206551507635e+00
-4.836352644754544627e-01,-4.836352644754544627e-01
-1.913236637513067606e+00,-1.913236637513067606e+00
4.597396679721312829e-01,4.597396679721312829e-01
-1.090424140430783506e+00,-1.090424140430783506e+00
-1.305506435858604597e+00,-1.305506435858604597e+00
-2.364752528232810125e+00,-2.364752528232810125e+00
-1.621281276219277423e+00,-1.621281276219277423e+00
-8.956170466106976313e-01,-8.956170466106976313e-01
6.641228878830078841e-01,6.641228878830078841e-01
1.282670646126390146e+00,1.282670646126390146e+00
-8.225582659060370894e-01,-8.225582659060370894e-01
-4.332890869493573049e-01,-4.332890869493573049e-01
-8.799405240427065067e-01,-8.799405240427065067e-01
-5.265622269919059129e-01,-5.265622269919059129e-01
1.616562575457995976e-01,1.616562575457995976e-01
-1.514681108091675110e+00,-1.514681108091675110e+00
9.781854923175048455e-01,9.781854923175048455e-01
1.726850140390592259e+00,1.726850140390592259e+00
2.084548237670547977e+00,2.084548237670547977e+00
1.129996311614240412e+00,1.129996311614240412e+00
4.246282636077083339e-01,4.246282636077083339e-01
-1.309364638711380646e+00,-1.309364638711380646e+00
-1.764923606842503379e+00,-1.764923606842503379e+00
5.765741777201478513e-01,5.765741777201478513e-01
1.075857465068814633e-01,1.075857465068814633e-01
7.622154798572191581e-01,7.622154798572191581e-01
-1.704135399523266869e+00,-1.704135399523266869e+00
1.462702658154052315e+00,1.462702658154052315e+00
1.202141620950003542e-01,1.202141620950003542e-01
-3.971342440211049762e-01,-3.971342440211049762e-01
-3.321544516787374501e+00,-3.321544516787374501e+00
-9.331767226270901716e-01,-9.331767226270901716e-01
1.517774242702919274e+00,1.517774242702919274e+00
-4.117885515536272578e-01,-4.117885515536272578e-01
2.736261745542458712e-01,2.736261745542458712e-01
-9.200807262932411135e-01,-9.200807262932411135e-01
-8.108794361512332571e-01,-8.108794361512332571e-01
9.107758319077081666e-01,9.107758319077081666e-01
-6.555648266783187239e-02,-6.555648266783187239e-02
-7.450525066625259818e-01,-7.450525066625259818e-01
1.738573281686545347e+00,1.738573281686545347e+00
-3.475094327540337424e+00,-3.475094327540337424e+00
-1.528226744467913178e-01,-1.528226744467913178e-01
-1.797812561051058466e+00,-1.797812561051058466e+00
1.134389173833389997e+00,1.134389173833389997e+00
2.840270258178414498e+00,2.840270258178414498e+00
9.240248269089188504e-01,9.240248269089188504e-01
-1.516718699517172197e+00,-1.516718699517172197e+00
4.693593161883184983e-01,4.693593161883184983e-01
1.830128526018233170e+00,1.830128526018233170e+00
-6.041008759059494082e-01,-6.041008759059494082e-01
1.302734241594465603e+00,1.302734241594465603e+00
-2.739165144520968376e+00,-2.739165144520968376e+00
2.058890813388035923e+00,2.058890813388035923e+00
1.612911954291551098e+00,1.612911954291551098e+00
6.313260563108329393e-01,6.313260563108329393e-01
-1.145184611929163765e+00,-1.145184611929163765e+00
6.206501991384842931e-01,6.206501991384842931e-01
3.804183442511307245e+00,3.804183442511307245e+00
7.103131388013661507e-03,7.103131388013661507e-03
2.684171244414248481e+00,2.684171244414248481e+00
-1.526176512842187805e-01,-1.526176512842187805e-01
3.817311153500391185e-02,3.817311153500391185e-02
-5.369749633430571656e-01,-5.369749633430571656e-01
4.810406802257096714e-01,4.810406802257096714e-01
-6.013203927023926809e-01,-6.013203927023926809e-01
-1.204719158208997332e+00,-1.204719158208997332e+00
-1.597245963425685034e+00,-1.597245963425685034e+00
1.237315135758062734e+00,1.237315135758062734e+00
5.703156613685500531e-02,5.703156613685500531e-02
-9.086666853895311036e-01,-9.086666853895311036e-01
3.518551246372960684e+00,3.518551246372960684e+00
2.948540275733271265e-01,2.948540275733271265e-01
-3.820306339757344460e-01,-3.820306339757344460e-01
-6.237189287511060165e-01,-6.237189287511060165e-01
1.258621462579220918e+00,1.258621462579220918e+00
5.668860898875052179e-01,5.668860898875052179e-01
6.197489561494644583e-01,6.197489561494644583e-01
-1.231153905574955409e+00,-1.231153905574955409e+00
1.113374037299929675e+00,1.113374037299929675e+00
-1.174121424225165633e+00,-1.174121424225165633e+00
-1.280860138118224523e+00,-1.280860138118224523e+00
-2.587383465808723582e+00,-2.587383465808723582e+00
-2.531648509779430345e+00,-2.531648509779430345e+00
-1.278286943221456529e+00,-1.278286943221456529e+00
2.423429690097406830e+00,2.423429690097406830e+00
-2.201405546110439371e+00,-2.201405546110439371e+00
-1.936533632001534500e+00,-1.936533632001534500e+00
2.873924263752591912e-01,2.873924263752591912e-01
-1.671500723946193201e+00,-1.671500723946193201e+00
1.138486661724359639e+00,1.138486661724359639e+00
-4.110020833301506471e-01,-4.110020833301506471e-01
1.143115050332234706e+00,1.143115050332234706e+00
-1.597814658377396668e+00,-1.597814658377396668e+00
-2.299031941448377303e-01,-2.299031941448377303e-01
7.995789525162511069e-02,7.995789525162511069e-02
-2.920966802194383760e+00,-2.920966802194383760e+00
-4.215851081514765397e-01,-4.215851081514765397e-01
-4.227547541226828187e-01,-4.227547541226828187e-01
-3.808206301880934674e+00,-3.808206301880934674e+00
-6.510407544299186000e-01,-6.510407544299186000e-01
-9.629106922155976633e-01,-9.629106922155976633e-01
-1.243873774813471833e+00,-1.243873774813471833e+00
1.330816344896250669e-01,1.330816344896250669e-01
-2.251109100801853558e-01,-2.251109100801853558e-01
1.344558818026024838e-01,1.344558818026024838e-01
-9.624537520507645549e-01,-9.624537520507645549e-01
2.168869032488344395e+00,2.168869032488344395e+00
-1.383259383049582070e+00,-1.383259383049582070e+00
5.459540165851195503e-01,5.459540165851195503e-01
1.679995741995195413e+00,1.679995741995195413e+00
-6.745450912493371476e-01,-6.745450912493371476e-01
8.998202248563917927e-01,8.998202248563917927e-01
2.853275160322902515e+00,2.853275160322902515e+00
-1.621899688343015455e+00,-1.621899688343015455e+00
1.413144348382517901e-01,1.413144348382517901e-01
-1.114018867010018621e+00,-1.114018867010018621e+00
8.008011986091467804e-03,8.008011986091467804e-03
8.110899877818149584e-01,8.110899877818149584e-01
1.198097281356303334e+00,1.198097281356303334e+00
-3.660177338879777142e+00,-3.660177338879777142e+00
-2.108064619728120981e+00,-2.108064619728120981e+00
-3.152537477200701321e+00,-3.152537477200701321e+00
-2.659528520071191338e+00,-2.659528520071191338e+00
1.688862054913720101e-01,1.688862054913720101e-01
4.423954855199607294e+00,4.423954855199607294e+00
-1.236047778583553303e+00,-1.236047778583553303e+00
8.561843681840373144e-01,8.561843681840373144e-01
2.095983429440167356e+00,2.095983429440167356e+00
-2.520438102724726015e+00,-2.520438102724726015e+00
-3.635723864359112767e-01,-3.635723864359112767e-01
-9.829772503712117526e-01,-9.829772503712117526e-01
3.104152292451414219e-01,3.104152292451414219e-01
1.434780702247622663e+00,1.434780702247622663e+00
1.851184961655222061e+00,1.851184961655222061e+00
-4.795843139398230370e-01,-4.795843139398230370e-01
2.855048252967253397e+00,2.855048252967253397e+00
1.728309012665885991e+00,1.728309012665885991e+00
-3.845210194624527400e+00,-3.845210194624527400e+00
-2.122044227730301991e+00,-2.122044227730301991e+00
-1.019890927555192395e+00,-1.019890927555192395e+00
-2.154524154739729802e+00,-2.154524154739729802e+00
-1.863856343618772282e+00,-1.863856343618772282e+00
2.751857095657039842e+00,2.751857095657039842e+00
-1.993823071390621315e-01,-1.993823071390621315e-01
-1.355541804570057351e-01,-1.355541804570057351e-01
1.016472686147432469e+00,1.016472686147432469e+00
9.866896948937746714e-01,9.866896948937746714e-01
6.644831750280144611e-01,6.644831750280144611e-01
-3.196053256335790849e+00,-3.196053256335790849e+00
8.093132898921644447e-01,8.093132898921644447e-01
1.314795526215536192e+00,1.314795526215536192e+00
-4.174630453284318143e-01,-4.174630453284318143e-01
3.285285835981509361e+00,3.285285835981509361e+00
-1.318167424923766262e-01,-1.318167424923766262e-01
3.274255295498758045e-01,3.274255295498758045e-01
-1.609410663616866799e+00,-1.609410663616866799e+00
7.264086949535775162e-02,7.264086949535775162e-02
-2.884326030126396212e-01,-2.884326030126396212e-01
-4.338309124548453966e+00,-4.338309124548453966e+00
-3.910273145823031093e+00,-3.910273145823031093e+00
-2.499899484673463235e+00,-2.499899484673463235e+00
-3.365244152673912303e+00,-3.365244152673912303e+00
-9.777785163710550620e-02,-9.777785163710550620e-02
-6.903788647576067916e-01,-6.903788647576067916e-01
-7.010369953146295963e-01,-7.010369953146295963e-01
1.973512397482102720e+00,1.973512397482102720e+00
-1.573561483098413039e+00,-1.573561483098413039e+00
-2.184377282466768211e+00,-2.184377282466768211e+00
3.884170290219941535e-01,3.884170290219941535e-01
1.709251722254032213e+00,1.709251722254032213e+00
4.114089904556554878e+00,4.114089904556554878e+00
-1.115244240156704869e+00,-1.115244240156704869e+00
1.430925135586452512e+00,1.430925135586452512e+00
1.699402515306805306e+00,1.699402515306805306e+00
2.092396059383185847e+00,2.092396059383185847e+00
-9.414973144090197366e-01,-9.414973144090197366e-01
-6.642607098618835693e-02,-6.642607098618835693e-02
1.039974986627934861e+00,1.039974986627934861e+00
6.089804870286914529e-01,6.089804870286914529e-01
-1.109878270678121392e+00,-1.109878270678121392e+00
-2.545116474545090490e+00,-2.545116474545090490e+00
2.329269244743308320e-01,2.329269244743308320e-01
1.927226773073198007e+00,1.927226773073198007e+00
-4.857069908096400823e-01,-4.857069908096400823e-01
3.674673922369131596e-01,3.674673922369131596e-01
-1.455829868761527202e+00,-1.455829868761527202e+00
-7.205346886409582652e-01,-7.205346886409582652e-01
-1.022475581569976200e+00,-1.022475581569976200e+00
-9.370711494333150426e-02,-9.370711494333150426e-02
-2.554951337384673504e+00,-2.554951337384673504e+00
1.476161954681381339e+00,1.476161954681381339e+00
-1.471175093105347997e-03,-1.471175093105347997e-03
3.008666466888496593e-01,3.008666466888496593e-01
-2.887389171413075051e+00,-2.887389171413075051e+00
-1.380803528087540588e+00,-1.380803528087540588e+00
1.020302662006203231e+00,1.020302662006203231e+00
1.426517200377535044e+00,1.426517200377535044e+00
5.538566398094078025e-01,5.538566398094078025e-01
2.531126083577288632e+00,2.531126083577288632e+00
2.660251759254334658e+00,2.660251759254334658e+00
7.291941293179200478e-01,7.291941293179200478e-01
-4.299377711770223875e+00,-4.299377711770223875e+00
-2.117049259126742911e+00,-2.117049259126742911e+00
9.093522920078052074e-01,9.093522920078052074e-01
-6.302730751821594701e-01,-6.302730751821594701e-01
-1.314532790694701525e+00,-1.314532790694701525e+00
3.359894978691442269e-01,3.359894978691442269e-01
8.328282215825222323e-01,8.328282215825222323e-01
8.750937510869145619e-01,8.750937510869145619e-01
-1.587443976355680242e-01,-1.587443976355680242e-01
-4.426220962649498603e-01,-4.426220962649498603e-01
2.319353147828413952e+00,2.319353147828413952e+00
-8.602604575079531024e-01,-8.602604575079531024e-01
-2.265870057000635818e+00,-2.265870057000635818e+00
2.624083190875676763e-01,2.624083190875676763e-01
-1.041666812004224507e+00,-1.041666812004224507e+00
1.291079082436963343e+00,1.291079082436963343e+00
1.215969468425036837e+00,1.215969468425036837e+00
-2.447044064606531233e+00,-2.447044064606531233e+00
-1.521873128490719207e+00,-1.521873128490719207e+00
2.108431813849316327e+00,2.108431813849316327e+00
4.910007091429733350e-01,4.910007091429733350e-01
2.557112853402391472e+00,2.557112853402391472e+00
1.085486709406921157e+00,1.085486709406921157e+00
-8.004260350975123117e-03,-8.004260350975123117e-03
4.699236153140127215e-01,4.699236153140127215e-01
1.874953437432457015e+00,1.874953437432457015e+00
4.396797766277937392e+00,4.396797766277937392e+00
2.669809314932454658e+00,2.669809314932454658e+00
5.824215824311900214e-01,5.824215824311900214e-01
1.690702997814135689e+00,1.690702997814135689e+00
-5.575731685907094004e+00,-5.575731685907094004e+00
-7.878212422660730851e-01,-7.878212422660730851e-01
2.300393151007888548e+00,2.300393151007888548e+00
4.454711277738048203e-01,4.454711277738048203e-01
-1.125775574408513169e+00,-1.125775574408513169e+00
-1.173309848103764708e+00,-1.173309848103764708e+00
1.276158172264998392e-01,1.276158172264998392e-01
5.762340910531014160e-01,5.762340910531014160e-01
-8.237964414499430177e-01,-8.237964414499430177e-01
-1.340660097190072841e+00,-1.340660097190072841e+00
-1.588025718727151148e+00,-1.588025718727151148e+00
-5.172803198446294104e-01,-5.172803198446294104e-01
-2.125132333831972087e+00,-2.125132333831972087e+00
-5.085851139609469662e-01,-5.085851139609469662e-01
-3.229655232806613263e+00,-3.229655232806613263e+00
2.796373922427036973e+00,2.796373922427036973e+00
2.469933421919185523e+00,2.469933421919185523e+00
1.257063656189305600e+00,1.257063656189305600e+00
5.529567769164884794e-01,5.529567769164884794e-01
7.181271843931451571e-01,7.181271843931451571e-01
2.127331141104654488e+00,2.127331141104654488e+00
1.046104673710866351e+00,1.046104673710866351e+00
4.174370902735973665e+00,4.174370902735973665e+00
8.977375722061919916e-02,8.977375722061919916e-02
8.886890950555841329e-01,8.886890950555841329e-01
-6.431474389280014137e-01,-6.431474389280014137e-01
-1.474196496636306808e+00,-1.474196496636306808e+00
-1.000297447611742996e+00,-1.000297447611742996e+00
-2.765411969360417999e+00,-2.765411969360417999e+00
5.238607135103547918e-01,5.238607135103547918e-01
4.083814995428243222e-01,4.083814995428243222e-01
-1.529447030939951269e+00,-1.529447030939951269e+00
3.394047605492902520e-01,3.394047605492902520e-01
-9.275122882721658080e-01,-9.275122882721658080e-01
-6.419174518198698109e-01,-6.419174518198698109e-01
-3.237947401321519258e-01,-3.237947401321519258e-01
9.632018858937507755e-01,9.632018858937507755e-01
-1.017669633558592635e+00,-1.017669633558592635e+00
1.031231594334660606e-01,1.031231594334660606e-01
-1.397694144139639327e+00,-1.397694144139639327e+00
7.896727709693696085e-01,7.896727709693696085e-01
-1.629746011650904602e+00,-1.629746011650904602e+00
-3.374031916342194570e+00,-3.374031916342194570e+00
-2.287753568651427649e+00,-2.287753568651427649e+00
-2.544673764793699000e+00,-2.544673764793699000e+00
1.000585754299111674e+00,1.000585754299111674e+00
8.444977581975479097e-01,8.444977581975479097e-01
-1.031400824760219770e+00,-1.031400824760219770e+00
-1.931623174168967338e+00,-1.931623174168967338e+00
-8.749013437713419883e-01,-8.749013437713419883e-01
-6.072801142388901674e-01,-6.072801142388901674e-01
1.687359685990914571e+00,1.687359685990914571e+00
-8.150482418640478954e-01,-8.150482418640478954e-01
2.451427820383189626e-02,2.451427820383189626e-02
-5.706940400297346727e-01,-5.706940400297346727e-01
1.672852787545640041e-01,1.672852787545640041e-01
-1.822651152569135125e+00,-1.822651152569135125e+00
1.286773917692159319e+00,1.286773917692159319e+00
-6.810693466485080450e-01,-6.810693466485080450e-01
-4.667193507403295527e-01,-4.667193507403295527e-01
-3.335960938470767800e-01,-3.335960938470767800e-01
-2.484706521605799967e+00,-2.484706521605799967e+00
-1.774069049884926308e+00,-1.774069049884926308e+00
-1.144485534823510342e+00,-1.144485534823510342e+00
-2.315073750087800697e+00,-2.315073750087800697e+00
-2.755577518362600120e+00,-2.755577518362600120e+00
1.334396199204137989e+00,1.334396199204137989e+00
-1.744786392577689416e+00,-1.744786392577689416e+00
4.878701447363824606e-01,4.878701447363824606e-01
3.951721167176089899e-01,3.951721167176089899e-01
-2.003194851111351760e+00,-2.003194851111351760e+00
-2.981529845283367397e+00,-2.981529845283367397e+00
-5.565831606659417119e-01,-5.565831606659417119e-01
1.862959783247203127e+00,1.862959783247203127e+00
8.723641710255027881e-01,8.723641710255027881e-01
-2.464833049972137147e-01,-2.464833049972137147e-01
2.269427753255688351e+00,2.269427753255688351e+00
2.753504978258591862e-01,2.753504978258591862e-01
6.407193403814792632e-01,6.407193403814792632e-01
-2.738517331492926310e+00,-2.738517331492926310e+00
3.243181720855197625e+00,3.243181720855197625e+00
1.337828094517920396e+00,1.337828094517920396e+00
-4.988812610576481177e+00,-4.988812610576481177e+00
4.875918219560769984e+00,4.875918219560769984e+00
3.615217565356645846e+00,3.615217565356645846e+00
-1.253095010202824433e+00,-1.253095010202824433e+00
-3.078791557638752341e+00,-3.078791557638752341e+00
-2.381889232450764116e+00,-2.381889232450764116e+00
-1.312787668326828694e+00,-1.312787668326828694e+00
3.009805985066883238e+00,3.009805985066883238e+00
-2.442395157983081155e+00,-2.442395157983081155e+00
-1.591972880471159701e+00,-1.591972880471159701e+00
-7.622561299414245539e-01,-7.622561299414245539e-01
-5.453654853937237590e-01,-5.453654853937237590e-01
-7.429430863976231869e-01,-7.429430863976231869e-01
-1.564745300925246774e+00,-1.564745300925246774e+00
1.484728220665580523e+00,1.484728220665580523e+00
-1.642262758884123652e+00,-1.642262758884123652e+00
1.635001381129446152e-01,1.635001381129446152e-01
1.102281075875946037e+00,1.102281075875946037e+00
2.241702800639838955e+00,2.241702800639838955e+00
-2.057327193044754310e+00,-2.057327193044754310e+00
1.033117534011632088e+00,1.033117534011632088e+00
-1.279665695454196062e+00,-1.279665695454196062e+00
-2.229190801706101510e+00,-2.229190801706101510e+00
-1.717804689249348371e+00,-1.717804689249348371e+00
-8.686255433127154646e-02,-8.686255433127154646e-02
-5.297051777506878167e-02,-5.297051777506878167e-02
-3.022738174459998817e+00,-3.022738174459998817e+00
-4.050272867454296488e-03,-4.050272867454296488e-03
-1.168126546923501152e+00,-1.168126546923501152e+00
-6.764717884801054737e-01,-6.764717884801054737e-01
3.761804310103840976e+00,3.761804310103840976e+00
-3.399709210396411052e-01,-3.399709210396411052e-01
2.070079113194081888e+00,2.070079113194081888e+00
7.073235350988671399e-01,7.073235350988671399e-01
1.197141438058214380e+00,1.197141438058214380e+00
1.486434324383378858e+00,1.486434324383378858e+00
2.439567387079881300e+00,2.439567387079881300e+00
1.391272761705114824e+00,1.391272761705114824e+00
1.115733403464988172e+00,1.115733403464988172e+00
-1.184356561238451455e+00,-1.184356561238451455e+00
9.648811561925678681e-01,9.648811561925678681e-01
-2.297719810873954494e+00,-2.297719810873954494e+00
-2.020370070038791876e+00,-2.020370070038791876e+00
3.335052437548047255e+00,3.335052437548047255e+00
2.559017976920201498e-01,2.559017976920201498e-01
1.984839549412481308e+00,1.984839549412481308e+00
1.991148242392527301e+00,1.991148242392527301e+00
6.962843699037128964e-01,6.962843699037128964e-01
1.403144430351730421e+00,1.403144430351730421e+00
-3.463224938920417273e-01,-3.463224938920417273e-01
-1.255650141034785339e+00,-1.255650141034785339e+00
1.272590434660504588e+00,1.272590434660504588e+00
2.483711610752074250e+00,2.483711610752074250e+00
-1.493578855296111563e+00,-1.493578855296111563e+00
8.980606141378197904e-01,8.980606141378197904e-01
6.910681687425435094e-01,6.910681687425435094e-01
5.452176400017565427e-01,5.452176400017565427e-01
-2.322284888177359896e+00,-2.322284888177359896e+00
-1.690549929079400826e+00,-1.690549929079400826e+00
-1.081590811770015481e+00,-1.081590811770015481e+00
-2.651838769649404348e+00,-2.651838769649404348e+00
-7.100159543601916035e-01,-7.100159543601916035e-01
2.853179677982590867e+00,2.853179677982590867e+00
-9.642702661095268191e-01,-9.642702661095268191e-01
-2.637897644064242098e+00,-2.637897644064242098e+00
1.142720642062297731e+00,1.142720642062297731e+00
3.292071242592879088e+00,3.292071242592879088e+00
2.184155261204944409e+00,2.184155261204944409e+00
1.061184125132704104e+00,1.061184125132704104e+00
1.798892310414486495e+00,1.798892310414486495e+00
-2.870387974593773261e+00,-2.870387974593773261e+00
-2.132766308700457802e+00,-2.132766308700457802e+00
-1.970935272953874051e+00,-1.970935272953874051e+00
1.384880190316410964e+00,1.384880190316410964e+00
-1.859900326612453192e+00,-1.859900326612453192e+00
-1.678703499098105123e+00,-1.678703499098105123e+00
-1.323620211910806699e+00,-1.323620211910806699e+00
1.135309650582485563e+00,1.135309650582485563e+00
-3.454034645086729860e-01,-3.454034645086729860e-01
-6.382279714768963608e-01,-6.382279714768963608e-01
-2.530879119446627357e+00,-2.530879119446627357e+00
1.675627342228693806e-01,1.675627342228693806e-01
3.316329790891052731e-01,3.316329790891052731e-01
-1.591399970143795084e+00,-1.591399970143795084e+00
1.633139752720930593e+00,1.633139752720930593e+00
1.870408454055448200e+00,1.870408454055448200e+00
-1.617067794731505970e-01,-1.617067794731505970e-01
1.461501632114643456e+00,1.461501632114643456e+00
7.138408509978466654e-01,7.138408509978466654e-01
-2.659791834309660263e+00,-2.659791834309660263e+00
-1.588909720300947459e+00,-1.588909720300947459e+00
9.246325959891450452e-01,9.246325959891450452e-01
1.302705876903872184e+00,1.302705876903872184e+00
-1.424324808661444841e+00,-1.424324808661444841e+00
5.041506907519650582e-01,5.041506907519650582e-01
-1.034359677944785449e+00,-1.034359677944785449e+00
4.984868996206710534e-01,4.984868996206710534e-01
2.707825130892335785e+00,2.707825130892335785e+00
6.118342997185646226e-01,6.118342997185646226e-01
-1.280545340929695630e+00,-1.280545340929695630e+00
-1.507058082003630339e+00,-1.507058082003630339e+00
-1.581146061490001919e+00,-1.581146061490001919e+00
2.251496370247383361e+00,2.251496370247383361e+00
-3.884279767688596507e-01,-3.884279767688596507e-01
7.058597098522225721e-01,7.058597098522225721e-01
1.572799475119364132e+00,1.572799475119364132e+00
9.387640517293269760e-01,9.387640517293269760e-01
1.086795348279353313e+00,1.086795348279353313e+00
-1.045440790339606352e+00,-1.045440790339606352e+00
-4.069489545289791899e+00,-4.069489545289791899e+00
1.849389284709146430e+00,1.849389284709146430e+00
2.033759923726449870e+00,2.033759923726449870e+00
-2.832858390270282190e+00,-2.832858390270282190e+00
-2.270133873195657515e+00,-2.270133873195657515e+00
-2.418125950826075510e-01,-2.418125950826075510e-01
-1.407486799646512576e+00,-1.407486799646512576e+00
1.870286345917895332e+00,1.870286345917895332e+00
-9.809957789432015574e-01,-9.809957789432015574e-01
-1.091202991562504998e+00,-1.091202991562504998e+00
-1.917109415310942033e+00,-1.917109415310942033e+00
-3.327713028398715522e-02,-3.327713028398715522e-02
2.005028829371247490e+00,2.005028829371247490e+00
-9.992324547303286231e-01,-9.992324547303286231e-01
-1.295158523588568755e-01,-1.295158523588568755e-01
2.078393062202972708e+00,2.078393062202972708e+00
8.023987855495295918e-03,8.023987855495295918e-03
-3.255173456479027561e+00,-3.255173456479027561e+00
-8.044930633396676356e-01,-8.044930633396676356e-01
2.534331645511138653e-01,2.534331645511138653e-01
-2.141840172711189094e+00,-2.141840172711189094e+00
-1.157214858400711144e+00,-1.157214858400711144e+00
-1.950353233671784814e+00,-1.950353233671784814e+00
6.918323407212243481e-01,6.918323407212243481e-01
1.031089517949672629e+00,1.031089517949672629e+00
2.318625535144467342e+00,2.318625535144467342e+00
9.482509173262219093e-01,9.482509173262219093e-01
5.279520982748713287e-01,5.279520982748713287e-01
2.150778320445448699e+00,2.150778320445448699e+00
2.582260531625577560e+00,2.582260531625577560e+00
-1.321644154441205199e+00,-1.321644154441205199e+00
9.115139119916984001e-01,9.115139119916984001e-01
-1.267351133309533751e+00,-1.267351133309533751e+00
1.938382955837960608e-01,1.938382955837960608e-01
-3.327706471976854541e+00,-3.327706471976854541e+00
-1.586629797050000956e+00,-1.586629797050000956e+00
3.405119438574657487e-01,3.405119438574657487e-01
3.326134062498597999e-02,3.326134062498597999e-02
-1.554642770349820236e+00,-1.554642770349820236e+00
-2.721852385582631761e+00,-2.721852385582631761e+00
-8.956244398905179871e-01,-8.956244398905179871e-01
8.324643250119838633e-01,8.324643250119838633e-01
7.428216347370577566e-01,7.428216347370577566e-01
1.385970423564062415e+00,1.385970423564062415e+00
-7.636588486903264084e-01,-7.636588486903264084e-01
2.086814101407794553e-01,2.086814101407794553e-01
-5.522685231813930784e-01,-5.522685231813930784e-01
1.365452040960297708e+00,1.365452040960297708e+00
1.442600716734565580e-01,1.442600716734565580e-01
-9.502095067766114234e-01,-9.502095067766114234e-01
1.379278659606310686e+00,1.379278659606310686e+00
-1.648324542019716343e+00,-1.648324542019716343e+00
1.476548447409907983e+00,1.476548447409907983e+00
-3.675838075000256833e+00,-3.675838075000256833e+00
-3.048062620099158071e+00,-3.048062620099158071e+00
2.999665775251969535e+00,2.999665775251969535e+00
-2.568350094706235875e+00,-2.568350094706235875e+00
-1.485217257252885670e+00,-1.485217257252885670e+00
-1.736535716809617824e+00,-1.736535716809617824e+00
2.029048219408243092e+00,2.029048219408243092e+00
-8.736877956342969931e-01,-8.736877956342969931e-01
-6.421172954293661306e-01,-6.421172954293661306e-01
-8.935973367570606563e-01,-8.935973367570606563e-01
1.899857974130648941e+00,1.899857974130648941e+00
2.179790220233797537e+00,2.179790220233797537e+00
2.675857822251454188e+00,2.675857822251454188e+00
-1.044190556104616974e+00,-1.044190556104616974e+00
-8.774801616078642397e-01,-8.774801616078642397e-01
-1.084553330256057269e+00,-1.084553330256057269e+00
1.493157404220596174e+00,1.493157404220596174e+00
3.379460127589256402e+00,3.379460127589256402e+00
3.072401595328861923e-01,3.072401595328861923e-01
1.945009043371734414e+00,1.945009043371734414e+00
-1.743074308699734676e+00,-1.743074308699734676e+00
1.289014098214928516e+00,1.289014098214928516e+00
2.719528382586264392e+00,2.719528382586264392e+00
-2.860407537503917297e-01,-2.860407537503917297e-01
1.542246622627012620e+00,1.542246622627012620e+00
-2.763950669424055206e+00,-2.763950669424055206e+00
-1.615011616326190502e+00,-1.615011616326190502e+00
-2.171547963607052267e-01,-2.171547963607052267e-01
1.139287100714246215e+00,1.139287100714246215e+00
-1.255516382558275801e+00,-1.255516382558275801e+00
1.059864581608035206e+00,1.059864581608035206e+00
2.991899689522563577e-01,2.991899689522563577e-01
-1.767541044240468651e+00,-1.767541044240468651e+00
-6.499370333648486486e-01,-6.499370333648486486e-01
6.105702500910816788e-01,6.105702500910816788e-01
-4.490719567856591432e-01,-4.490719567856591432e-01
1.065086325584622351e+00,1.065086325584622351e+00
-1.809318148070282462e-02,-1.809318148070282462e-02
2.318047104731643770e+00,2.318047104731643770e+00
8.713672097608422540e-01,8.713672097608422540e-01
9.231688977246319538e-01,9.231688977246319538e-01
-3.015345428735108246e+00,-3.015345428735108246e+00
1.997852282140621938e-02,1.997852282140621938e-02
2.210194327389421343e+00,2.210194327389421343e+00
-1.702659750641771996e+00,-1.702659750641771996e+00
-1.044420975472382107e+00,-1.044420975472382107e+00
-5.241406118927143254e-01,-5.241406118927143254e-01
7.565675013757111600e-01,7.565675013757111600e-01
1.284961682608511513e+00,1.284961682608511513e+00
1.607451895565100042e+00,1.607451895565100042e+00
-1.521358837809565934e+00,-1.521358837809565934e+00
1.936390426008876009e+00,1.936390426008876009e+00
-3.023455780653706793e+00,-3.023455780653706793e+00
4.221544916277686355e-02,4.221544916277686355e-02
-2.057205451831083831e+00,-2.057205451831083831e+00
1.048676331426445785e-01,1.048676331426445785e-01
-2.396654999156549337e+00,-2.396654999156549337e+00
-3.201940403518156675e+00,-3.201940403518156675e+00
-7.451783726189091794e-01,-7.451783726189091794e-01
-2.416800821436715818e+00,-2.416800821436715818e+00
2.380864260619742545e+00,2.380864260619742545e+00
7.087076031008656685e-01,7.087076031008656685e-01
1.558041550253992380e+00,1.558041550253992380e+00
-2.016324360715262110e+00,-2.016324360715262110e+00
-4.792017032234006102e-01,-4.792017032234006102e-01
-1.063193825507527279e+00,-1.063193825507527279e+00
-2.041252721298484563e+00,-2.041252721298484563e+00
-7.639883709841406301e-01,-7.639883709841406301e-01
-1.942971121494377229e+00,-1.942971121494377229e+00
-1.408361191766775988e-01,-1.408361191766775988e-01
2.502303531337710218e+00,2.502303531337710218e+00
1.755335151096009128e-01,1.755335151096009128e-01
-1.090206782807025210e+00,-1.090206782807025210e+00
5.264878504171255358e-01,5.264878504171255358e-01
3.727216542499092178e-01,3.727216542499092178e-01
-9.999512294045853622e-02,-9.999512294045853622e-02
-2.818389792357711254e+00,-2.818389792357711254e+00
2.309004895780207622e+00,2.309004895780207622e+00
1.291379558915477510e+00,1.291379558915477510e+00
-1.502131311210863185e+00,-1.502131311210863185e+00
1.319804510690522292e+00,1.319804510690522292e+00
-1.281322157489341862e-01,-1.281322157489341862e-01
2.198600792602993792e+00,2.198600792602993792e+00
-1.724934167603080049e+00,-1.724934167603080049e+00
-6.472780183819759614e-02,-6.472780183819759614e-02
-7.589492240939366141e-01,-7.589492240939366141e-01
1.762833485344765805e-01,1.762833485344765805e-01
7.802426419331625063e-01,7.802426419331625063e-01
7.515473219608210798e-01,7.515473219608210798e-01
4.382025388065891036e-02,4.382025388065891036e-02
2.237085115351417297e+00,2.237085115351417297e+00
-1.004206987147453489e+00,-1.004206987147453489e+00
-2.134147308661657583e+00,-2.134147308661657583e+00
-8.286870395529977174e-02,-8.286870395529977174e-02
7.000484332083889427e-03,7.000484332083889427e-03
-1.031971378900505165e+00,-1.031971378900505165e+00
-2.194997132407340512e+00,-2.194997132407340512e+00
7.185639674508510488e-01,7.185639674508510488e-01
1.152274016712429017e-01,1.152274016712429017e-01
-5.830225840244351865e-01,-5.830225840244351865e-01
3.323859813803432317e+00,3.323859813803432317e+00
5.137611223158260465e-01,5.137611223158260465e-01
1.321181718720174203e+00,1.321181718720174203e+00
-5.564057933499597652e-01,-5.564057933499597652e-01
3.420766314546779263e-01,3.420766314546779263e-01
1.197394167038993817e+00,1.197394167038993817e+00
-9.268803949135175912e-01,-9.268803949135175912e-01
-3.957832033098729774e+00,-3.957832033098729774e+00
-3.969478933556622735e-01,-3.969478933556622735e-01
2.531720489555797649e-01,2.531720489555797649e-01
5.514895000605650743e-01,5.514895000605650743e-01
-2.139732091008042403e+00,-2.139732091008042403e+00
2.521610606939419519e+00,2.521610606939419519e+00
8.351350779508828204e-01,8.351350779508828204e-01
8.114589612238409799e-01,8.114589612238409799e-01
3.101166338642413756e-01,3.101166338642413756e-01
-1.473682808654923626e-01,-1.473682808654923626e-01
7.268402562657652055e-01,7.268402562657652055e-01
-1.066857459420581744e+00,-1.066857459420581744e+00
2.852254478095259671e-01,2.852254478095259671e-01
7.582944052259330547e-01,7.582944052259330547e-01
-3.583159713568718097e+00,-3.583159713568718097e+00
1.860911570068318532e+00,1.860911570068318532e+00
-1.986665528484252263e+00,-1.986665528484252263e+00
-4.771170246416320815e-01,-4.771170246416320815e-01
2.145983260085779776e-01,2.145983260085779776e-01
2.308717867133977641e+00,2.308717867133977641e+00
-1.518771698992628316e+00,-1.518771698992628316e+00
2.081172092599729684e+00,2.081172092599729684e+00
1.483403980238487740e+00,1.483403980238487740e+00
4.665326630931874163e-01,4.665326630931874163e-01
-7.728242748508185045e-01,-7.728242748508185045e-01
-1.929068117602289689e+00,-1.929068117602289689e+00
-6.498025327736507428e-01,-6.498025327736507428e-01
1.374672498085489636e+00,1.374672498085489636e+00
-3.731475264120015289e+00,-3.731475264120015289e+00
1.549462630521114548e-01,1.549462630521114548e-01
-7.106599029179010429e-01,-7.106599029179010429e-01
2.245359017879696495e+00,2.245359017879696495e+00
2.062887798358113312e+00,2.062887798358113312e+00
-1.233281887861093828e+00,-1.233281887861093828e+00
7.091504899376941395e-01,7.091504899376941395e-01
-1.599320429766883933e+00,-1.599320429766883933e+00
1.545142744019988079e+00,1.545142744019988079e+00
-6.807461017174594176e-01,-6.807461017174594176e-01
-3.667170560492412079e-01,-3.667170560492412079e-01
-1.104345298633037320e+00,-1.104345298633037320e+00
3.513349242233199998e+00,3.513349242233199998e+00
3.901594387506528427e-01,3.901594387506528427e-01
-9.820846307850401580e-01,-9.820846307850401580e-01
5.317199932297795861e-01,5.317199932297795861e-01
-2.035232367688744048e-01,-2.035232367688744048e-01
8.316567387501345721e-01,8.316567387501345721e-01
-7.329879155462228901e-01,-7.329879155462228901e-01
-2.735542319087596042e-01,-2.735542319087596042e-01
4.015759995531014148e-01,4.015759995531014148e-01
7.658056471401204490e-01,7.658056471401204490e-01
-1.287803917246992391e+00,-1.287803917246992391e+00
-1.045737329008967542e+00,-1.045737329008967542e+00
-2.465017413272414082e+00,-2.465017413272414082e+00
-2.064592273342271689e-01,-2.064592273342271689e-01
1.018074904304775874e+00,1.018074904304775874e+00
1.949292202298968046e+00,1.949292202298968046e+00
9.202219891420355680e-01,9.202219891420355680e-01
-3.128006950058765501e+00,-3.128006950058765501e+00
-1.540465922934610710e+00,-1.540465922934610710e+00
6.278517933029146292e-01,6.278517933029146292e-01
7.868423497107581710e-01,7.868423497107581710e-01
1.012554123318505361e-01,1.012554123318505361e-01
-9.519194703121849344e-01,-9.519194703121849344e-01
-3.149969936575086837e+00,-3.149969936575086837e+00
-2.336695243033273250e+00,-2.336695243033273250e+00
1.442834067480321725e+00,1.442834067480321725e+00
4.143286933335295075e-01,4.143286933335295075e-01
-1.729074588953984026e+00,-1.729074588953984026e+00
-2.809798473916504946e-01,-2.809798473916504946e-01
-4.293586642702709177e-01,-4.293586642702709177e-01
-9.008495296165675015e-02,-9.008495296165675015e-02
-6.484474919501126422e-01,-6.484474919501126422e-01
-9.176591963565412513e-01,-9.176591963565412513e-01
-4.398720520412595647e-01,-4.398720520412595647e-01
-6.969880426214158931e-01,-6.969880426214158931e-01
-2.140885386548330160e-02,-2.140885386548330160e-02
-2.552095902613130018e+00,-2.552095902613130018e+00
-1.434938507612769865e+00,-1.434938507612769865e+00
-2.490751662191334592e+00,-2.490751662191334592e+00
1.767751603943767735e+00,1.767751603943767735e+00
2.299772513417005726e+00,2.299772513417005726e+00
-2.965044133769811907e-01,-2.965044133769811907e-01
2.100597977424003560e-01,2.100597977424003560e-01
3.177938064820767128e+00,3.177938064820767128e+00
-3.574625463108984214e+00,-3.574625463108984214e+00
1.486174902364030270e+00,1.486174902364030270e+00
-8.177233338450937694e-01,-8.177233338450937694e-01
-5.431185419427748684e-01,-5.431185419427748684e-01
-3.128968234266896076e+00,-3.128968234266896076e+00
-3.958901796161109488e-01,-3.958901796161109488e-01
-1.314206027190275794e+00,-1.314206027190275794e+00
4.811621546976274644e-01,4.811621546976274644e-01
2.837530426636593717e+00,2.837530426636593717e+00
-1.611662657194940174e+00,-1.611662657194940174e+00
-1.818071348493557338e-01,-1.818071348493557338e-01
1.373989559184455977e+00,1.373989559184455977e+00
1.224134617722308249e+00,1.224134617722308249e+00
-1.214607835881406750e+00,-1.214607835881406750e+00
7.502653016253608698e-01,7.502653016253608698e-01
-2.655871109831879906e+00,-2.655871109831879906e+00
1.830718331375106978e+00,1.830718331375106978e+00
6.353857187684490704e-01,6.353857187684490704e-01
-1.273977178954403211e+00,-1.273977178954403211e+00
-6.618233874834040797e-01,-6.618233874834040797e-01
9.782223545802208875e-01,9.782223545802208875e-01
-5.920236330542087977e-01,-5.920236330542087977e-01
2.871508629789048861e+00,2.871508629789048861e+00
1.585407748871521250e-01,1.585407748871521250e-01
-4.859278219143292610e-01,-4.859278219143292610e-01
-1.873983315637965497e+00,-1.873983315637965497e+00
2.237024858516593273e+00,2.237024858516593273e+00
-1.690458057396248659e+00,-1.690458057396248659e+00
9.440181480507892076e-02,9.440181480507892076e-02
-1.284097954605785574e+00,-1.284097954605785574e+00
-1.633313377662441113e+00,-1.633313377662441113e+00
-2.556073047106338425e+00,-2.556073047106338425e+00
-2.539706233152810633e+00,-2.539706233152810633e+00
1.551512698568497051e+00,1.551512698568497051e+00
-1.008856339840822791e+00,-1.008856339840822791e+00
1.793606840787775880e-01,1.793606840787775880e-01
-2.227293748439032939e+00,-2.227293748439032939e+00
3.006910222393321064e+00,3.006910222393321064e+00
-6.411039316814122202e-01,-6.411039316814122202e-01
5.261507847275872507e-01,5.261507847275872507e-01
-7.273026246683098606e-01,-7.273026246683098606e-01
8.823890143337949077e-01,8.823890143337949077e-01
-8.180739112311323780e-01,-8.180739112311323780e-01
6.484851346834084040e-01,6.484851346834084040e-01
-1.926866477259883137e+00,-1.926866477259883137e+00
-2.904616239541974121e+00,-2.904616239541974121e+00
-9.000662966179211466e-01,-9.000662966179211466e-01
-8.810112721611260689e-01,-8.810112721611260689e-01
1.881017638086242005e+00,1.881017638086242005e+00
-1.342571218776497322e+00,-1.342571218776497322e+00
7.021137881342496279e-01,7.021137881342496279e-01
-1.121268066151626552e+00,-1.121268066151626552e+00
-3.227514683700219322e+00,-3.227514683700219322e+00
2.315965098119908472e+00,2.315965098119908472e+00
4.022989568172143926e-01,4.022989568172143926e-01
-3.037327202939312798e-01,-3.037327202939312798e-01
-1.034867937844918817e+00,-1.034867937844918817e+00
1.484102577143748825e+00,1.484102577143748825e+00
-1.596348008749525427e+00,-1.596348008749525427e+00
2.911427400575204771e+00,2.911427400575204771e+00
-1.372827439022166196e-01,-1.372827439022166196e-01
-2.556265585137804663e-01,-2.556265585137804663e-01
8.041939301172353893e-01,8.041939301172353893e-01
-7.063343133217592218e-01,-7.063343133217592218e-01
-3.353462546331620331e-04,-3.353462546331620331e-04
-6.200960265487216461e-01,-6.200960265487216461e-01
-9.908781505021901914e-01,-9.908781505021901914e-01
-7.078063751643082213e-02,-7.078063751643082213e-02
-3.048972314642121706e+00,-3.048972314642121706e+00
8.637342353170680553e-01,8.637342353170680553e-01
5.228985799500249776e-01,5.228985799500249776e-01
-6.813704863870131412e-01,-6.813704863870131412e-01
8.367923014655476166e-01,8.367923014655476166e-01
3.346332342492559953e+00,3.346332342492559953e+00
-2.660254083369152145e+00,-2.660254083369152145e+00
-3.519212357863899410e+00,-3.519212357863899410e+00
2.503746961424635487e-02,2.503746961424635487e-02
-1.464946899137266279e+00,-1.464946899137266279e+00
-9.544270428354986180e-01,-9.544270428354986180e-01
1.035439104912208919e+00,1.035439104912208919e+00
-3.608507635273201508e+00,-3.608507635273201508e+00
3.376107715960642075e+00,3.376107715960642075e+00
1.219161718384430326e+00,1.219161718384430326e+00
-1.849374279328030113e+00,-1.849374279328030113e+00
1.726503230032640168e+00,1.726503230032640168e+00
-1.205980637991548754e+00,-1.205980637991548754e+00
-1.544658703674250066e+00,-1.544658703674250066e+00
2.380211800673163847e+00,2.380211800673163847e+00
-2.587620406637747283e+00,-2.587620406637747283e+00
-1.173730823331431417e+00,-1.173730823331431417e+00
-1.087396931205001138e+00,-1.087396931205001138e+00
-6.853729921464046804e-01,-6.853729921464046804e-01
-1.105436502848881286e+00,-1.105436502848881286e+00
2.820807469095675923e+00,2.820807469095675923e+00
1.944263849002360711e+00,1.944263849002360711e+00
-4.378669637508716406e-01,-4.378669637508716406e-01
1.491310322365045904e+00,1.491310322365045904e+00
-3.514445028704342278e+00,-3.514445028704342278e+00
-9.609942194058693765e-01,-9.609942194058693765e-01
-2.302839998013680223e+00,-2.302839998013680223e+00
-6.293411922274283476e-01,-6.293411922274283476e-01
3.230531736739782112e+00,3.230531736739782112e+00
1.998705084578760172e-01,1.998705084578760172e-01
-9.421600665758318449e-01,-9.421600665758318449e-01
7.695132093029166676e-01,7.695132093029166676e-01
-1.381824074534916846e+00,-1.381824074534916846e+00
-1.561221970462809416e+00,-1.561221970462809416e+00
-1.337514341782801708e-01,-1.337514341782801708e-01
9.437663404931551092e-01,9.437663404931551092e-01
-1.450746356507407686e+00,-1.450746356507407686e+00
-1.836467542699009137e+00,-1.836467542699009137e+00
3.491045304544151406e-01,3.491045304544151406e-01
-1.599074074171368487e+00,-1.599074074171368487e+00
-2.649322292699381354e+00,-2.649322292699381354e+00
-9.917868724636460520e-01,-9.917868724636460520e-01
-6.372701891783907335e-01,-6.372701891783907335e-01
-6.905849399757237883e-01,-6.905849399757237883e-01
-1.690390855898372902e+00,-1.690390855898372902e+00
1.671655650124552306e+00,1.671655650124552306e+00
-1.767094548545885324e+00,-1.767094548545885324e+00
-3.229557021919999826e-01,-3.229557021919999826e-01
9.698643914556113188e-01,9.698643914556113188e-01
-6.173817248715751660e-02,-6.173817248715751660e-02
7.915402454704842938e-01,7.915402454704842938e-01
-1.847305028659966375e+00,-1.847305028659966375e+00
-2.862766931936624459e-01,-2.862766931936624459e-01
-7.141445262191847831e-02,-7.141445262191847831e-02
-9.896742380755574331e-01,-9.896742380755574331e-01
-1.795441641620449946e+00,-1.795441641620449946e+00
1.508549327421775388e+00,1.508549327421775388e+00
-1.876538326732060113e-01,-1.876538326732060113e-01
5.618775774938526979e-01,5.618775774938526979e-01
-2.377447282161707420e+00,-2.377447282161707420e+00
1.210937980913104450e+00,1.210937980913104450e+00
-2.104549066929902956e+00,-2.104549066929902956e+00
-1.375774518363368504e+00,-1.375774518363368504e+00
-2.686962590740671786e+00,-2.686962590740671786e+00
4.763277245642747459e-01,4.763277245642747459e-01
1.208242118912925545e+00,1.208242118912925545e+00
4.403939718128517811e-01,4.403939718128517811e-01
1.544555941621650774e+00,1.544555941621650774e+00
1.493557102402709891e+00,1.493557102402709891e+00
-5.755114237144636213e-01,-5.755114237144636213e-01
1.268014841535041182e+00,1.268014841535041182e+00
-1.495410826872906718e+00,-1.495410826872906718e+00
-1.309035076859632163e+00,-1.309035076859632163e+00
5.582079804668080847e-01,5.582079804668080847e-01
-1.489651642509258522e+00,-1.489651642509258522e+00
8.110495568712137171e-01,8.110495568712137171e-01
2.107231840390872968e-01,2.107231840390872968e-01
-2.412315617960516079e+00,-2.412315617960516079e+00
-1.326859470003813435e+00,-1.326859470003813435e+00
-1.001813656941807462e+00,-1.001813656941807462e+00
-1.616032634286088232e+00,-1.616032634286088232e+00
-9.752952872073459289e-01,-9.752952872073459289e-01
-2.040101585085190905e+00,-2.040101585085190905e+00
4.460307744513585249e-01,4.460307744513585249e-01
-8.852324827777291461e-01,-8.852324827777291461e-01
-5.362751403901677705e-01,-5.362751403901677705e-01
-1.332745776841702146e+00,-1.332745776841702146e+00
-1.296572780809383652e+00,-1.296572780809383652e+00
-7.261354819843162112e-01,-7.261354819843162112e-01
-6.093499497688075195e-01,-6.093499497688075195e-01
-6.757394601839328274e-02,-6.757394601839328274e-02
-4.587739562598766696e+00,-4.587739562598766696e+00
1.985765873101825285e+00,1.985765873101825285e+00
-1.307580926307592151e-01,-1.307580926307592151e-01
-4.563572039910823719e-01,-4.563572039910823719e-01
7.320047331384982314e-02,7.320047331384982314e-02
-3.227053464984963149e+00,-3.227053464984963149e+00
1.325687642293449375e+00,1.325687642293449375e+00
-4.213902960443474122e-01,-4.213902960443474122e-01
-1.742308084211183772e+00,-1.742308084211183772e+00
-1.832480568642866903e+00,-1.832480568642866903e+00
-4.479551479906458411e-01,-4.479551479906458411e-01
1.191410843415988019e+00,1.191410843415988019e+00
-2.367120054757654302e-01,-2.367120054757654302e-01
1.109685559611794936e+00,1.109685559611794936e+00
4.918165471957891555e-03,4.918165471957891555e-03
-4.102059264218165247e-01,-4.102059264218165247e-01
1.163204639793891992e+00,1.163204639793891992e+00
2.791647546996579798e+00,2.791647546996579798e+00
-2.641873014359378935e+00,-2.641873014359378935e+00
-2.012941718841349203e+00,-2.012941718841349203e+00
-6.278546654628049950e-01,-6.278546654628049950e-01
-1.694105866901620239e+00,-1.694105866901620239e+00
5.419730344671975786e-01,5.419730344671975786e-01
2.808897255931758874e+00,2.808897255931758874e+00
2.526362059888548117e+00,2.526362059888548117e+00
-2.563423689965971697e+00,-2.563423689965971697e+00
2.696607375839172427e+00,2.696607375839172427e+00
-1.332574834582160861e-01,-1.332574834582160861e-01
-9.109829646111968771e-01,-9.109829646111968771e-01
1.510094496140048648e-01,1.510094496140048648e-01
-6.321819100642573908e-01,-6.321819100642573908e-01
-1.190216760758734615e+00,-1.190216760758734615e+00
2.335749825073293096e+00,2.335749825073293096e+00
-1.329395745059092526e+00,-1.329395745059092526e+00
2.836675378957336235e+00,2.836675378957336235e+00
6.898791477649131032e-01,6.898791477649131032e-01
7.580359852238380824e-01,7.580359852238380824e-01
-1.154672897747522242e+00,-1.154672897747522242e+00
-3.082181067079420522e+00,-3.082181067079420522e+00
-7.814367720631931746e-01,-7.814367720631931746e-01
-2.058672157974561046e+00,-2.058672157974561046e+00
-2.303172224496767839e-01,-2.303172224496767839e-01
2.614462144962772072e+00,2.614462144962772072e+00
-5.312778921993164261e-01,-5.312778921993164261e-01
-9.209075030578652843e-01,-9.209075030578652843e-01
-5.617055839530360473e-01,-5.617055839530360473e-01
-2.755624145659606228e+00,-2.755624145659606228e+00
1.990154283370283217e+00,1.990154283370283217e+00
6.262545813243241000e-01,6.262545813243241000e-01
-3.873578829903557619e+00,-3.873578829903557619e+00
-6.913940080909206642e-01,-6.913940080909206642e-01
1.330354585872857154e+00,1.330354585872857154e+00
-1.753196126401666000e-01,-1.753196126401666000e-01
-1.069307664474812292e+00,-1.069307664474812292e+00
-2.741714583404670336e+00,-2.741714583404670336e+00
-1.980793719982876233e+00,-1.980793719982876233e+00
-8.189972461090722078e-02,-8.189972461090722078e-02
1.774826380190360098e+00,1.774826380190360098e+00
-1.668654868431296290e+00,-1.668654868431296290e+00
-1.179663727656139471e-01,-1.179663727656139471e-01
1.761865131576456633e-02,1.761865131576456633e-02
3.078036888673647553e-01,3.078036888673647553e-01
-7.459871100016410850e-01,-7.459871100016410850e-01
9.940581327845756654e-01,9.940581327845756654e-01
-6.289349250163280836e-01,-6.289349250163280836e-01
1.021894292047363706e+00,1.021894292047363706e+00
1.586983096209373389e+00,1.586983096209373389e+00
1.205116853365999940e+00,1.205116853365999940e+00
1.180725666744648628e-01,1.180725666744648628e-01
-4.321744288050624050e-01,-4.321744288050624050e-01
7.759291449223892911e-02,7.759291449223892911e-02
6.213576373930882468e-01,6.213576373930882468e-01
-1.421936913333936126e+00,-1.421936913333936126e+00
7.005439602646350572e-01,7.005439602646350572e-01
3.459335336829294505e-02,3.459335336829294505e-02
6.532416518382344606e-02,6.532416518382344606e-02
-2.189326101728714669e-01,-2.189326101728714669e-01
1.010940390842154368e+00,1.010940390842154368e+00
-1.707448137472910243e+00,-1.707448137472910243e+00
-3.270430499845276895e+00,-3.270430499845276895e+00
-2.002553987512674549e+00,-2.002553987512674549e+00
-1.903672615662441725e+00,-1.903672615662441725e+00
2.983843864210240948e+00,2.983843864210240948e+00
-2.371365466458471793e+00,-2.371365466458471793e+00
-3.066302359476105188e+00,-3.066302359476105188e+00
8.955636491041261138e-01,8.955636491041261138e-01
2.040252103734213840e+00,2.040252103734213840e+00
1.531492142543466883e-02,1.531492142543466883e-02
2.758990122543711898e+00,2.758990122543711898e+00
6.439022802987306449e-01,6.439022802987306449e-01
-3.320617019299961559e+00,-3.320617019299961559e+00
-3.582396459024209889e+00,-3.582396459024209889e+00
-6.048923393347136468e-01,-6.048923393347136468e-01
1.184556462477619476e-01,1.184556462477619476e-01
2.017780778388331253e+00,2.017780778388331253e+00
8.644422974549366145e-01,8.644422974549366145e-01
1.064849499711836955e+00,1.064849499711836955e+00
-2.448412332356966203e+00,-2.448412332356966203e+00
-1.882129027566033397e+00,-1.882129027566033397e+00
-1.414979166151129508e+00,-1.414979166151129508e+00
-1.580528547343195811e+00,-1.580528547343195811e+00
3.905751120437632729e-01,3.905751120437632729e-01
3.148910976288268326e+00,3.148910976288268326e+00
-8.803811021960870065e-01,-8.803811021960870065e-01
-2.017441636836651231e+00,-2.017441636836651231e+00
1.171338926484813747e+00,1.171338926484813747e+00
-4.800325349339171765e-01,-4.800325349339171765e-01
-4.138718068327813526e-01,-4.138718068327813526e-01
-1.266000654371735923e+00,-1.266000654371735923e+00
3.784443574745509853e+00,3.784443574745509853e+00
-2.350135023428134851e-01,-2.350135023428134851e-01
-2.722847800210772551e+00,-2.722847800210772551e+00
-8.282191410121697572e-01,-8.282191410121697572e-01
1.575222531554212324e-01,1.575222531554212324e-01
-7.196246620659989546e-01,-7.196246620659989546e-01
-2.522989689570506844e+00,-2.522989689570506844e+00
4.615146119507027578e-01,4.615146119507027578e-01
-2.355726219743758953e+00,-2.355726219743758953e+00
-2.887810780363675889e+00,-2.887810780363675889e+00
-3.731074728891365933e+00,-3.731074728891365933e+00
-4.372933940209007275e-01,-4.372933940209007275e-01
-1.542995479881616117e+00,-1.542995479881616117e+00
-1.282692814347958787e+00,-1.282692814347958787e+00
3.014077896765886333e+00,3.014077896765886333e+00
3.426685734940623007e+00,3.426685734940623007e+00
1.883203290826669374e-01,1.883203290826669374e-01
-2.959218988191159916e+00,-2.959218988191159916e+00
6.721606895840035456e-01,6.721606895840035456e-01
2.638621829823389220e+00,2.638621829823389220e+00
-1.612273210581924410e+00,-1.612273210581924410e+00
-2.880563168383557748e+00,-2.880563168383557748e+00
-4.358763087387074187e-01,-4.358763087387074187e-01
-6.791411577102661745e-01,-6.791411577102661745e-01
1.699705189302800790e+00,1.699705189302800790e+00
-1.923901397796382806e+00,-1.923901397796382806e+00
1.037473113148323911e-01,1.037473113148323911e-01
2.129255890045158139e+00,2.129255890045158139e+00
-1.477666508679486679e+00,-1.477666508679486679e+00
-1.509467882354309509e-01,-1.509467882354309509e-01
1.261018265397788607e+00,1.261018265397788607e+00
2.366848051404941700e-01,2.366848051404941700e-01
3.966435382276563004e-01,3.966435382276563004e-01
-1.776944058975066021e+00,-1.776944058975066021e+00
-7.477228651798384362e-02,-7.477228651798384362e-02
