-4.679273960700857105e-01,-4.679273960700857105e-01
-4.975187889228703253e-01,-4.975187889228703253e-01
-9.072962175993857237e-01,-9.072962175993857237e-01
-1.681008582258431416e-01,-1.681008582258431416e-01
-8.516804640774453539e-01,-8.516804640774453539e-01
-5.993091317725803835e-01,-5.993091317725803835e-01
-6.588582062874088763e-01,-6.588582062874088763e-01
-4.071724005398210666e-01,-4.071724005398210666e-01
-3.500664209266135529e-01,-3.500664209266135529e-01
-1.193152652918310519e+00,-1.193152652918310519e+00
-9.299285872556193322e-01,-9.299285872556193322e-01
-1.085569975698954082e+00,-1.085569975698954082e+00
-7.635931484500322330e-01,-7.635931484500322330e-01
-1.051746386350888685e+00,-1.051746386350888685e+00
-3.835928307260562109e-01,-3.835928307260562109e-01
-6.033023655675622265e-01,-6.033023655675622265e-01
-9.235351806984375411e-01,-9.235351806984375411e-01
-4.110904117313566863e-01,-4.110904117313566863e-01
-5.336272752615538462e-01,-5.336272752615538462e-01
-9.885526044520425160e-01,-9.885526044520425160e-01
-6.196436333751422776e-01,-6.196436333751422776e-01
-7.860940710731314507e-01,-7.860940710731314507e-01
-9.851888252965039783e-01,-9.851888252965039783e-01
-3.488614323581264443e-01,-3.488614323581264443e-01
-9.780740479320045866e-01,-9.780740479320045866e-01
-8.465034597292194762e-01,-8.465034597292194762e-01
-6.637351570572611603e-01,-6.637351570572611603e-01
-8.986599120603062651e-01,-8.986599120603062651e-01
-1.190431288361126327e+00,-1.190431288361126327e+00
-9.077056712731559340e-01,-9.077056712731559340e-01
-6.063780111477705681e-01,-6.063780111477705681e-01
-7.525785146784655932e-01,-7.525785146784655932e-01
-6.229702486560924068e-01,-6.229702486560924068e-01
-4.485365110779600539e-01,-4.485365110779600539e-01
-5.488624869553599961e-01,-5.488624869553599961e-01
-2.687301882950058340e-01,-2.687301882950058340e-01
-8.063143396708938315e-01,-8.063143396708938315e-01
-5.434349954749959632e-01,-5.434349954749959632e-01
-9.617725152412235357e-01,-9.617725152412235357e-01
-1.279179391451003678e+00,-1.279179391451003678e+00
-2.895199432855650734e-01,-2.895199432855650734e-01
-1.361345660091888288e+00,-1.361345660091888288e+00
-5.359488801036174088e-01,-5.359488801036174088e-01
-4.191616816253831979e-01,-4.191616816253831979e-01
-8.502192549702756175e-01,-8.502192549702756175e-01
-5.376252659686668878e-01,-5.376252659686668878e-01
1.972855077669762314e-01,1.972855077669762314e-01
-3.781718811121762558e-01,-3.781718811121762558e-01
-9.583119856981859863e-01,-9.583119856981859863e-01
-1.131059738927403968e+00,-1.131059738927403968e+00
-1.228750929257839575e+00,-1.228750929257839575e+00
-7.218066789814114870e-01,-7.218066789814114870e-01
-4.464037369560435731e-01,-4.464037369560435731e-01
-3.020611376965648964e-01,-3.020611376965648964e-01
-3.874802203891012375e-01,-3.874802203891012375e-01
-1.326989051316280088e+00,-1.326989051316280088e+00
6.282427798579903744e-03,6.282427798579903744e-03
-4.572236709475335226e-01,-4.572236709475335226e-01
-1.180230406542712718e+00,-1.180230406542712718e+00
-5.029374374977766404e-01,-5.029374374977766404e-01
-6.418146713044656781e-01,-6.418146713044656781e-01
-4.628956867119524698e-01,-4.628956867119524698e-01
-2.570755794507581515e-01,-2.570755794507581515e-01
-9.142165558634549605e-01,-9.142165558634549605e-01
-2.373643734544882977e-01,-2.373643734544882977e-01
-1.177406197645586516e+00,-1.177406197645586516e+00
-1.080728823783476011e+00,-1.080728823783476011e+00
-7.192319331305627728e-01,-7.192319331305627728e-01
-7.167573995488905059e-01,-7.167573995488905059e-01
-8.585285093205003992e-01,-8.585285093205003992e-01
-8.897265287983244786e-01,-8.897265287983244786e-01
-1.088097448685284352e+00,-1.088097448685284352e+00
-7.435497588668165125e-01,-7.435497588668165125e-01
-2.525622634685262269e-01,-2.525622634685262269e-01
-1.406074427401607041e+00,-1.406074427401607041e+00
-4.157155239567906779e-01,-4.157155239567906779e-01
-4.579478405402878094e-01,-4.579478405402878094e-01
-4.727801123028716468e-01,-4.727801123028716468e-01
-7.110109870321966730e-01,-7.110109870321966730e-01
-1.083940325219044265e+00,-1.083940325219044265e+00
-4.021149049556578259e-01,-4.021149049556578259e-01
-4.005181333889762385e-01,-4.005181333889762385e-01
-6.172115268556129797e-01,-6.172115268556129797e-01
-8.811735657192205640e-01,-8.811735657192205640e-01
-5.034919297681854644e-01,-5.034919297681854644e-01
-4.508896652708710429e-01,-4.508896652708710429e-01
-3.911045008923274002e-01,-3.911045008923274002e-01
-8.905219780985252909e-01,-8.905219780985252909e-01
-1.029847787383953106e+00,-1.029847787383953106e+00
-5.632285402060595025e-01,-5.632285402060595025e-01
-5.136437148603683056e-01,-5.136437148603683056e-01
-1.112044710081361298e-02,-1.112044710081361298e-02
-7.655801661242943590e-01,-7.655801661242943590e-01
-7.884085525370601033e-01,-7.884085525370601033e-01
-1.765802884325246014e-01,-1.765802884325246014e-01
-1.125515782922787977e+00,-1.125515782922787977e+00
-5.808527969010939263e-01,-5.808527969010939263e-01
-5.783154828842842488e-01,-5.783154828842842488e-01
-8.563341829412320916e-01,-8.563341829412320916e-01
-5.577995163742748286e-01,-5.577995163742748286e-01
-1.023800275914248825e+00,-1.023800275914248825e+00
-1.050553806460783779e+00,-1.050553806460783779e+00
-5.743235850488901395e-01,-5.743235850488901395e-01
-2.242934727687240226e-01,-2.242934727687240226e-01
-6.339526612157841967e-01,-6.339526612157841967e-01
-3.446985897251595987e-01,-3.446985897251595987e-01
-6.464079657009097479e-01,-6.464079657009097479e-01
-7.258754105116695943e-01,-7.258754105116695943e-01
-6.105968991885902808e-01,-6.105968991885902808e-01
-9.027238363471314919e-01,-9.027238363471314919e-01
-1.018309255527021007e+00,-1.018309255527021007e+00
-2.529722863625803453e-01,-2.529722863625803453e-01
-4.646711351548005187e-01,-4.646711351548005187e-01
-8.283113553065145629e-01,-8.283113553065145629e-01
-3.977849632549212977e-01,-3.977849632549212977e-01
-8.869232592627041001e-01,-8.869232592627041001e-01
-8.877315390178055488e-01,-8.877315390178055488e-01
-8.070343347664794553e-01,-8.070343347664794553e-01
-3.003154822856899386e-01,-3.003154822856899386e-01
-9.278877797596440935e-01,-9.278877797596440935e-01
-5.283300035983122811e-01,-5.283300035983122811e-01
-9.228535419002524831e-01,-9.228535419002524831e-01
1.551827322689624533e-01,1.551827322689624533e-01
-7.448755741117438767e-01,-7.448755741117438767e-01
-6.444261710633749640e-01,-6.444261710633749640e-01
-7.298102295238331205e-01,-7.298102295238331205e-01
-2.165184498869723306e-01,-2.165184498869723306e-01
-7.264148505493193131e-01,-7.264148505493193131e-01
9.285257151385944985e-02,9.285257151385944985e-02
-7.224351741281976880e-01,-7.224351741281976880e-01
-5.762656990304284577e-01,-5.762656990304284577e-01
-1.079021553392349286e+00,-1.079021553392349286e+00
-9.162338800596960819e-01,-9.162338800596960819e-01
-3.922399710097431713e-01,-3.922399710097431713e-01
-6.731265796673560065e-01,-6.731265796673560065e-01
-5.057934331933294780e-01,-5.057934331933294780e-01
-1.103239459863721184e+00,-1.103239459863721184e+00
-9.142364842413348569e-01,-9.142364842413348569e-01
-3.172665472399595621e-01,-3.172665472399595621e-01
-7.099793927184684383e-01,-7.099793927184684383e-01
-7.780588319718536594e-01,-7.780588319718536594e-01
-7.563546069556359441e-01,-7.563546069556359441e-01
-3.725762912387589054e-01,-3.725762912387589054e-01
-4.940367960153955185e-01,-4.940367960153955185e-01
-3.844182624189599329e-01,-3.844182624189599329e-01
-2.419527899108777080e-01,-2.419527899108777080e-01
-7.608517190804289232e-01,-7.608517190804289232e-01
-3.205663145191806618e-01,-3.205663145191806618e-01
-9.214030320191821666e-01,-9.214030320191821666e-01
-6.594889896407116758e-01,-6.594889896407116758e-01
-8.034137508810581529e-01,-8.034137508810581529e-01
-3.001731073893835755e-01,-3.001731073893835755e-01
-8.483012189115604063e-01,-8.483012189115604063e-01
-8.845321345539099989e-01,-8.845321345539099989e-01
-7.668926348357018030e-01,-7.668926348357018030e-01
-1.031574709954986346e+00,-1.031574709954986346e+00
-1.582181663319174314e+00,-1.582181663319174314e+00
-4.896620152227104672e-01,-4.896620152227104672e-01
-1.545815241061000211e+00,-1.545815241061000211e+00
-1.079132017012846445e+00,-1.079132017012846445e+00
-1.240207934858997274e-01,-1.240207934858997274e-01
-6.649106304952437929e-01,-6.649106304952437929e-01
-4.577507571578737777e-01,-4.577507571578737777e-01
-8.564427737359183723e-01,-8.564427737359183723e-01
-4.017784055441269708e-01,-4.017784055441269708e-01
-8.401202003048894307e-01,-8.401202003048894307e-01
-1.482374224979575050e+00,-1.482374224979575050e+00
-5.766226171629849073e-01,-5.766226171629849073e-01
-9.665459409087211462e-01,-9.665459409087211462e-01
-6.237770979319289255e-01,-6.237770979319289255e-01
-5.205075116191052453e-01,-5.205075116191052453e-01
-1.230934632724167477e+00,-1.230934632724167477e+00
-7.958656857521594352e-01,-7.958656857521594352e-01
-7.080472996450360990e-01,-7.080472996450360990e-01
-3.724564557361067507e-01,-3.724564557361067507e-01
-4.218181616900142927e-01,-4.218181616900142927e-01
9.026437602519243875e-02,9.026437602519243875e-02
-4.562679187651663693e-01,-4.562679187651663693e-01
-2.798554948873042680e-01,-2.798554948873042680e-01
-6.646048062355019992e-01,-6.646048062355019992e-01
-1.173141752083922018e+00,-1.173141752083922018e+00
-1.190220090267628761e+00,-1.190220090267628761e+00
-9.290917982864274061e-01,-9.290917982864274061e-01
-9.113787276418834349e-01,-9.113787276418834349e-01
1.764736245540796111e-01,1.764736245540796111e-01
-3.193969675122652063e-01,-3.193969675122652063e-01
-7.744084188103603772e-01,-7.744084188103603772e-01
-1.291497541109782432e+00,-1.291497541109782432e+00
-9.115414254212702572e-01,-9.115414254212702572e-01
-4.758153686764197143e-01,-4.758153686764197143e-01
-2.321568584954074588e-01,-2.321568584954074588e-01
-4.889278641490756860e-01,-4.889278641490756860e-01
-4.588383937272998980e-01,-4.588383937272998980e-01
-5.804810880757808045e-01,-5.804810880757808045e-01
-8.333129352371624332e-01,-8.333129352371624332e-01
-2.424282511113489136e-01,-2.424282511113489136e-01
-2.235934465130182680e-01,-2.235934465130182680e-01
-4.626934985734275085e-01,-4.626934985734275085e-01
-1.034909378525298074e+00,-1.034909378525298074e+00
-1.037877907625417651e+00,-1.037877907625417651e+00
-4.835811318340312304e-01,-4.835811318340312304e-01
-7.213411208784316075e-01,-7.213411208784316075e-01
-6.296041194644257377e-01,-6.296041194644257377e-01
-4.697380017920137485e-01,-4.697380017920137485e-01
-1.152546354429178521e+00,-1.152546354429178521e+00
-6.857647595233639093e-01,-6.857647595233639093e-01
-4.550686811646191265e-01,-4.550686811646191265e-01
-7.060587875080278630e-01,-7.060587875080278630e-01
-2.124174322473816878e-01,-2.124174322473816878e-01
-2.516146432329494642e-01,-2.516146432329494642e-01
-2.438031528050368379e-01,-2.438031528050368379e-01
-5.013495539902526055e-01,-5.013495539902526055e-01
-9.780134531426503131e-01,-9.780134531426503131e-01
-3.903685408022627978e-01,-3.903685408022627978e-01
-3.636120240705894568e-01,-3.636120240705894568e-01
-6.990031457265487580e-01,-6.990031457265487580e-01
-9.911991543966987006e-01,-9.911991543966987006e-01
-7.305494623312958069e-01,-7.305494623312958069e-01
-5.585268333756132630e-01,-5.585268333756132630e-01
-6.975667776693590394e-01,-6.975667776693590394e-01
-7.975509576665267275e-01,-7.975509576665267275e-01
-9.398262214787440616e-01,-9.398262214787440616e-01
-5.057245344112809571e-01,-5.057245344112809571e-01
-3.650954941739066317e-01,-3.650954941739066317e-01
-3.522544800461169245e-01,-3.522544800461169245e-01
-3.075690585919078623e-01,-3.075690585919078623e-01
-1.160029669661845730e+00,-1.160029669661845730e+00
-9.903503795372597951e-02,-9.903503795372597951e-02
-3.646098934719855800e-01,-3.646098934719855800e-01
-6.451612739006005182e-01,-6.451612739006005182e-01
-1.028946139828733619e+00,-1.028946139828733619e+00
-6.006079099325403181e-01,-6.006079099325403181e-01
-6.505493312102218484e-01,-6.505493312102218484e-01
-8.227074755963948993e-01,-8.227074755963948993e-01
-8.300213334923290942e-01,-8.300213334923290942e-01
-6.583112890205771173e-01,-6.583112890205771173e-01
-1.329949998154544399e+00,-1.329949998154544399e+00
-1.368674123640443163e-01,-1.368674123640443163e-01
-3.858168148668236763e-01,-3.858168148668236763e-01
-5.751368150973036331e-01,-5.751368150973036331e-01
-4.172988049724369319e-01,-4.172988049724369319e-01
-3.828480827591232982e-01,-3.828480827591232982e-01
-7.629458221358559333e-01,-7.629458221358559333e-01
-8.317885978951794490e-01,-8.317885978951794490e-01
-2.097971466221000836e-01,-2.097971466221000836e-01
-8.045434323242195429e-01,-8.045434323242195429e-01
-1.561349354759486996e-01,-1.561349354759486996e-01
-1.101017614449832038e+00,-1.101017614449832038e+00
-3.256868663013226528e-01,-3.256868663013226528e-01
-8.243348331063132806e-01,-8.243348331063132806e-01
-8.221959400138134644e-01,-8.221959400138134644e-01
-4.348128340899057864e-01,-4.348128340899057864e-01
-1.285626587904048712e+00,-1.285626587904048712e+00
-7.183277525724682810e-01,-7.183277525724682810e-01
-7.234502159478408689e-01,-7.234502159478408689e-01
-9.016994596528438155e-01,-9.016994596528438155e-01
-5.407344740469616218e-01,-5.407344740469616218e-01
-8.061185583422898482e-01,-8.061185583422898482e-01
-6.870642155799404627e-01,-6.870642155799404627e-01
-3.035302597124262536e-01,-3.035302597124262536e-01
-5.487764582130747471e-01,-5.487764582130747471e-01
-2.246956972663159968e-01,-2.246956972663159968e-01
-8.427985557028712105e-01,-8.427985557028712105e-01
-1.508694104995251806e-01,-1.508694104995251806e-01
-8.643792302588099163e-01,-8.643792302588099163e-01
-6.594480278341209312e-01,-6.594480278341209312e-01
-1.433980655468024112e+00,-1.433980655468024112e+00
-5.269255394362106770e-01,-5.269255394362106770e-01
-7.761595606506102030e-01,-7.761595606506102030e-01
-1.098989702053194684e+00,-1.098989702053194684e+00
-5.690724807053625378e-01,-5.690724807053625378e-01
-7.970192920470883235e-01,-7.970192920470883235e-01
-1.251613634421673282e+00,-1.251613634421673282e+00
-1.193120685989697893e+00,-1.193120685989697893e+00
-7.277768405276457964e-01,-7.277768405276457964e-01
-6.412283932168156841e-01,-6.412283932168156841e-01
-9.334993640422664107e-01,-9.334993640422664107e-01
-9.217548742326642230e-01,-9.217548742326642230e-01
-1.612586877604808566e-01,-1.612586877604808566e-01
-6.214534719388069561e-01,-6.214534719388069561e-01
-5.128438363971898895e-01,-5.128438363971898895e-01
-9.683888196592382869e-01,-9.683888196592382869e-01
-2.726561338693966885e-01,-2.726561338693966885e-01
-6.999079160112972042e-01,-6.999079160112972042e-01
-9.653061487396235041e-01,-9.653061487396235041e-01
-8.918580203393411399e-01,-8.918580203393411399e-01
-7.153410613757443803e-01,-7.153410613757443803e-01
-5.983038301516675483e-01,-5.983038301516675483e-01
-5.638148956738679995e-01,-5.638148956738679995e-01
-5.115675456040820190e-01,-5.115675456040820190e-01
-5.242704684745622679e-01,-5.242704684745622679e-01
-3.613893149412331085e-01,-3.613893149412331085e-01
-9.279604213108152422e-01,-9.279604213108152422e-01
-1.336640149110929876e+00,-1.336640149110929876e+00
-1.013417708084921598e+00,-1.013417708084921598e+00
-5.318856469913029184e-01,-5.318856469913029184e-01
-9.111619860923155789e-01,-9.111619860923155789e-01
-6.564329497898385712e-01,-6.564329497898385712e-01
-6.028779941335646875e-01,-6.028779941335646875e-01
-7.829210434217548364e-01,-7.829210434217548364e-01
-6.728015438205333654e-01,-6.728015438205333654e-01
-8.167306651000326712e-01,-8.167306651000326712e-01
-4.528120697522822757e-01,-4.528120697522822757e-01
-5.061908168015356591e-01,-5.061908168015356591e-01
-9.186754307869526848e-01,-9.186754307869526848e-01
-1.082813527150182864e+00,-1.082813527150182864e+00
-6.927321204643985819e-01,-6.927321204643985819e-01
-7.531227239531796958e-01,-7.531227239531796958e-01
-5.605257718595174632e-01,-5.605257718595174632e-01
-5.381538612492381413e-01,-5.381538612492381413e-01
-1.046572944214260392e+00,-1.046572944214260392e+00
-1.242543977053132132e+00,-1.242543977053132132e+00
-7.570726528470903549e-01,-7.570726528470903549e-01
-6.157022807975015555e-01,-6.157022807975015555e-01
-6.865291525108445647e-01,-6.865291525108445647e-01
-9.866143573024181990e-01,-9.866143573024181990e-01
-8.644633853874634788e-01,-8.644633853874634788e-01
-2.427137035020024425e-01,-2.427137035020024425e-01
-3.306824106463075452e-01,-3.306824106463075452e-01
-7.429531746889850297e-01,-7.429531746889850297e-01
-8.845689533400555860e-01,-8.845689533400555860e-01
-1.429106514199315558e+00,-1.429106514199315558e+00
-5.670169715440027680e-01,-5.670169715440027680e-01
-5.438220446100964223e-01,-5.438220446100964223e-01
-9.701350863294520011e-01,-9.701350863294520011e-01
-1.213415729172747426e+00,-1.213415729172747426e+00
-5.805538031915826735e-01,-5.805538031915826735e-01
-3.934370385517549362e-01,-3.934370385517549362e-01
-5.752511360085490466e-01,-5.752511360085490466e-01
-6.700131425664549445e-01,-6.700131425664549445e-01
-3.867714453312732781e-01,-3.867714453312732781e-01
-6.990234528410388393e-01,-6.990234528410388393e-01
-1.016108317829774732e+00,-1.016108317829774732e+00
-8.536421380569955142e-01,-8.536421380569955142e-01
-7.487399166585680943e-01,-7.487399166585680943e-01
-9.232082878876868293e-01,-9.232082878876868293e-01
-8.114939848632697350e-01,-8.114939848632697350e-01
-8.398448498116897198e-01,-8.398448498116897198e-01
-6.324094259571527710e-01,-6.324094259571527710e-01
-7.989264447768466004e-01,-7.989264447768466004e-01
-4.341484806473773772e-01,-4.341484806473773772e-01
-4.497918365335878965e-01,-4.497918365335878965e-01
-4.151249611137225459e-01,-4.151249611137225459e-01
-9.906302674866187541e-01,-9.906302674866187541e-01
-1.009587478004459804e+00,-1.009587478004459804e+00
-9.966868775917718803e-01,-9.966868775917718803e-01
-3.858656422692559040e-01,-3.858656422692559040e-01
-8.020763908059752589e-01,-8.020763908059752589e-01
-1.022896556456114325e+00,-1.022896556456114325e+00
-4.228745429107639842e-01,-4.228745429107639842e-01
-6.218687661372197528e-01,-6.218687661372197528e-01
2.725322321697587480e-02,2.725322321697587480e-02
-4.646820553421969202e-01,-4.646820553421969202e-01
-6.023490804517036556e-01,-6.023490804517036556e-01
-5.933356690731426131e-01,-5.933356690731426131e-01
-6.670002118171145522e-01,-6.670002118171145522e-01
-5.961093526333646198e-01,-5.961093526333646198e-01
-1.723145211865967363e-01,-1.723145211865967363e-01
-4.710057187579236304e-01,-4.710057187579236304e-01
-8.368107813361471692e-01,-8.368107813361471692e-01
-9.145505567151921422e-01,-9.145505567151921422e-01
-5.149391896705832750e-01,-5.149391896705832750e-01
-7.007995535484690119e-01,-7.007995535484690119e-01
-4.965966611525811092e-01,-4.965966611525811092e-01
-3.979592745337773296e-02,-3.979592745337773296e-02
-6.563225332378966881e-01,-6.563225332378966881e-01
-4.140915680618090233e-01,-4.140915680618090233e-01
-5.780897351262508366e-01,-5.780897351262508366e-01
-4.693274142229135748e-01,-4.693274142229135748e-01
-6.169316972542737698e-01,-6.169316972542737698e-01
-7.241165289420441464e-01,-7.241165289420441464e-01
-6.801268779318316859e-01,-6.801268779318316859e-01
-6.107408567115988340e-01,-6.107408567115988340e-01
-1.820700566939499332e-01,-1.820700566939499332e-01
-2.566127777880564675e-01,-2.566127777880564675e-01
-1.009808311203395537e+00,-1.009808311203395537e+00
-4.891632412150349607e-01,-4.891632412150349607e-01
-6.784983982449148687e-01,-6.784983982449148687e-01
-7.266799621521458086e-01,-7.266799621521458086e-01
-8.639370638650238909e-01,-8.639370638650238909e-01
-1.027506834723487028e+00,-1.027506834723487028e+00
-6.204964815632421082e-01,-6.204964815632421082e-01
-2.553035663736354377e-01,-2.553035663736354377e-01
-6.711082914770725161e-01,-6.711082914770725161e-01
-9.516232175493807288e-01,-9.516232175493807288e-01
-6.125432323090552744e-01,-6.125432323090552744e-01
-9.968633029183917582e-01,-9.968633029183917582e-01
-9.340245627672056905e-01,-9.340245627672056905e-01
-4.761400589825163232e-01,-4.761400589825163232e-01
-8.307626856033426543e-01,-8.307626856033426543e-01
-6.264694875539238428e-01,-6.264694875539238428e-01
-1.124196634523348504e+00,-1.124196634523348504e+00
-1.147133823950138076e+00,-1.147133823950138076e+00
-1.092775681778816566e+00,-1.092775681778816566e+00
-7.657038622351899360e-01,-7.657038622351899360e-01
-2.546995185206912815e-01,-2.546995185206912815e-01
-8.029653870981648955e-01,-8.029653870981648955e-01
-6.570827886457331068e-01,-6.570827886457331068e-01
-6.373580618484131488e-01,-6.373580618484131488e-01
-6.821879965333557116e-01,-6.821879965333557116e-01
-4.219457037158186874e-01,-4.219457037158186874e-01
-7.554187023123355438e-01,-7.554187023123355438e-01
-2.795539259562381806e-01,-2.795539259562381806e-01
-5.408355716580286465e-01,-5.408355716580286465e-01
-9.077372505667370417e-01,-9.077372505667370417e-01
-5.792866927136259836e-01,-5.792866927136259836e-01
-9.781665192801666242e-01,-9.781665192801666242e-01
-4.748616055442703154e-01,-4.748616055442703154e-01
-7.443546330285232271e-01,-7.443546330285232271e-01
-1.288905523842867051e+00,-1.288905523842867051e+00
-8.752276974743770088e-01,-8.752276974743770088e-01
-1.011260686141545850e+00,-1.011260686141545850e+00
-1.192911960531603199e+00,-1.192911960531603199e+00
-9.000588701515119805e-01,-9.000588701515119805e-01
-9.776714039468716866e-01,-9.776714039468716866e-01
-5.846222755180039421e-01,-5.846222755180039421e-01
-8.103363811445959408e-01,-8.103363811445959408e-01
-7.757434061732497721e-01,-7.757434061732497721e-01
-7.204980900444020175e-01,-7.204980900444020175e-01
-1.063422862941233893e+00,-1.063422862941233893e+00
-2.962153418459862464e-01,-2.962153418459862464e-01
-8.088987016408606401e-01,-8.088987016408606401e-01
-8.667870092030256490e-01,-8.667870092030256490e-01
-1.113219289379223653e+00,-1.113219289379223653e+00
-6.836661979169411651e-01,-6.836661979169411651e-01
-2.432174142000365080e-02,-2.432174142000365080e-02
-1.791661169115324470e-01,-1.791661169115324470e-01
-8.386725268239498821e-01,-8.386725268239498821e-01
-3.044079522776820812e-01,-3.044079522776820812e-01
-6.413437489745196229e-01,-6.413437489745196229e-01
-5.467364114334812841e-01,-5.467364114334812841e-01
-6.853035912716923805e-01,-6.853035912716923805e-01
-5.286862176321017737e-01,-5.286862176321017737e-01
-1.283718146999375698e+00,-1.283718146999375698e+00
-8.037787984902858840e-01,-8.037787984902858840e-01
-8.920218258118747245e-01,-8.920218258118747245e-01
-1.122506026177580774e+00,-1.122506026177580774e+00
-4.223655134956978419e-01,-4.223655134956978419e-01
-3.232834706271496272e-01,-3.232834706271496272e-01
-2.968033735801708928e-01,-2.968033735801708928e-01
-9.985831727595044782e-01,-9.985831727595044782e-01
-7.517584522219793453e-01,-7.517584522219793453e-01
-3.863351544807915872e-01,-3.863351544807915872e-01
-7.773208697218362273e-01,-7.773208697218362273e-01
-9.811520156873301257e-01,-9.811520156873301257e-01
-5.182764877813712534e-01,-5.182764877813712534e-01
-1.841968459077321096e-01,-1.841968459077321096e-01
-2.853831601014033548e-01,-2.853831601014033548e-01
-3.335779211625564122e-01,-3.335779211625564122e-01
-3.323930725581654144e-01,-3.323930725581654144e-01
-5.875470087856581314e-01,-5.875470087856581314e-01
-7.899663647987054116e-01,-7.899663647987054116e-01
-7.532479098843871679e-01,-7.532479098843871679e-01
-8.046893634114751226e-01,-8.046893634114751226e-01
-1.099542931188790540e+00,-1.099542931188790540e+00
-5.173954674219276573e-01,-5.173954674219276573e-01
-4.542062875983337578e-01,-4.542062875983337578e-01
-9.996696324219601637e-01,-9.996696324219601637e-01
-4.120720615563873146e-01,-4.120720615563873146e-01
-3.579240012600356513e-01,-3.579240012600356513e-01
-8.199593846455963675e-01,-8.199593846455963675e-01
-6.656192369291482613e-01,-6.656192369291482613e-01
-7.055944414166432921e-01,-7.055944414166432921e-01
-5.994288276105956825e-01,-5.994288276105956825e-01
-7.333239532196993427e-01,-7.333239532196993427e-01
-6.340818384479298686e-01,-6.340818384479298686e-01
-1.075791171487612274e+00,-1.075791171487612274e+00
-1.185810560960619542e+00,-1.185810560960619542e+00
-1.406828066606165661e+00,-1.406828066606165661e+00
-2.046530737357796781e-01,-2.046530737357796781e-01
-6.374544027495377962e-01,-6.374544027495377962e-01
-5.842812521069998821e-01,-5.842812521069998821e-01
-2.525140426867548138e-01,-2.525140426867548138e-01
-7.467650088167641087e-01,-7.467650088167641087e-01
-4.933828291574793301e-01,-4.933828291574793301e-01
-8.463521280889128029e-01,-8.463521280889128029e-01
-4.950430013672815210e-01,-4.950430013672815210e-01
-7.539122221942209379e-01,-7.539122221942209379e-01
-7.050145224890858042e-01,-7.050145224890858042e-01
-2.434129433039916024e-01,-2.434129433039916024e-01
-7.233002272319983827e-01,-7.233002272319983827e-01
-7.012375757765083595e-01,-7.012375757765083595e-01
-3.536900945570268240e-01,-3.536900945570268240e-01
-4.163909375782673394e-01,-4.163909375782673394e-01
-2.666139823123782060e-01,-2.666139823123782060e-01
-7.556558098161114678e-01,-7.556558098161114678e-01
-1.084607754486232478e+00,-1.084607754486232478e+00
-5.734128655413099906e-01,-5.734128655413099906e-01
-5.192655882187606764e-01,-5.192655882187606764e-01
-5.032464057660208656e-01,-5.032464057660208656e-01
-1.110488389708127688e+00,-1.110488389708127688e+00
-1.058685304099715729e+00,-1.058685304099715729e+00
-5.012976934096073922e-01,-5.012976934096073922e-01
-6.582945503682688937e-01,-6.582945503682688937e-01
-2.186365672091243884e-01,-2.186365672091243884e-01
-1.347549141248917337e+00,-1.347549141248917337e+00
-4.216268546888279900e-01,-4.216268546888279900e-01
-2.342082210907755480e-01,-2.342082210907755480e-01
-5.443970791520751362e-01,-5.443970791520751362e-01
-6.374108512241818403e-01,-6.374108512241818403e-01
-5.773799739951237520e-01,-5.773799739951237520e-01
-7.390380775521645518e-01,-7.390380775521645518e-01
-8.498451144108383204e-01,-8.498451144108383204e-01
-8.538478029139353609e-01,-8.538478029139353609e-01
-1.212564525267330939e+00,-1.212564525267330939e+00
-6.224994096405924715e-01,-6.224994096405924715e-01
-6.980553251287632266e-01,-6.980553251287632266e-01
-2.588915706059963240e-01,-2.588915706059963240e-01
-9.425914805023665188e-01,-9.425914805023665188e-01
7.863720772448290486e-03,7.863720772448290486e-03
-7.771226269484277083e-01,-7.771226269484277083e-01
-1.150594305570964870e+00,-1.150594305570964870e+00
-3.691489891733281126e-01,-3.691489891733281126e-01
-4.959929383029489935e-01,-4.959929383029489935e-01
-5.810991521043621377e-01,-5.810991521043621377e-01
-7.176541864052359276e-01,-7.176541864052359276e-01
-1.776140229993221631e-01,-1.776140229993221631e-01
-7.871011053166498961e-01,-7.871011053166498961e-01
-9.020250705001141567e-01,-9.020250705001141567e-01
-7.071851587801754047e-01,-7.071851587801754047e-01
-8.631308980321590330e-01,-8.631308980321590330e-01
-8.387323871639484896e-01,-8.387323871639484896e-01
-9.443761853024510433e-01,-9.443761853024510433e-01
-6.229355260419725537e-01,-6.229355260419725537e-01
-7.349397284071469416e-01,-7.349397284071469416e-01
-9.809973204749865561e-01,-9.809973204749865561e-01
1.572519041325791678e-01,1.572519041325791678e-01
-5.668298207791417909e-01,-5.668298207791417909e-01
-5.873167986434799648e-01,-5.873167986434799648e-01
-8.016087110036007601e-01,-8.016087110036007601e-01
-2.806086302634983598e-01,-2.806086302634983598e-01
-5.124876506298972068e-01,-5.124876506298972068e-01
-9.616744324425889889e-01,-9.616744324425889889e-01
-3.035836188073600117e-01,-3.035836188073600117e-01
-5.692003456473384571e-01,-5.692003456473384571e-01
-3.320380706877419930e-01,-3.320380706877419930e-01
-4.449155202867748904e-01,-4.449155202867748904e-01
-2.350046652518673618e-01,-2.350046652518673618e-01
-1.156165516304633378e+00,-1.156165516304633378e+00
-9.100299980056052451e-01,-9.100299980056052451e-01
-2.984517309152879272e-01,-2.984517309152879272e-01
-6.793654977273210216e-01,-6.793654977273210216e-01
-6.743696504977994000e-01,-6.743696504977994000e-01
-6.800924249943708366e-01,-6.800924249943708366e-01
-1.003853224973761282e+00,-1.003853224973761282e+00
-8.199024243929708966e-01,-8.199024243929708966e-01
-3.504052820263310886e-01,-3.504052820263310886e-01
-1.475038272242408244e-01,-1.475038272242408244e-01
-6.905784442583159377e-01,-6.905784442583159377e-01
-5.045085089104706100e-01,-5.045085089104706100e-01
-5.525628989747777275e-01,-5.525628989747777275e-01
-6.131842856764353478e-01,-6.131842856764353478e-01
-2.142607682540086378e-01,-2.142607682540086378e-01
-4.589472054528800915e-01,-4.589472054528800915e-01
-6.368059196447095616e-01,-6.368059196447095616e-01
-7.689986236279851006e-01,-7.689986236279851006e-01
-5.998689206316568656e-01,-5.998689206316568656e-01
-4.469394690205344967e-01,-4.469394690205344967e-01
-1.364566253113157712e+00,-1.364566253113157712e+00
-6.395466906761562154e-01,-6.395466906761562154e-01
-6.971630568657527505e-01,-6.971630568657527505e-01
-1.711750402947362359e-01,-1.711750402947362359e-01
-2.506563582732358464e-01,-2.506563582732358464e-01
-9.611256573264178593e-01,-9.611256573264178593e-01
-2.899344746386882665e-01,-2.899344746386882665e-01
-1.278511840441987513e+00,-1.278511840441987513e+00
-8.674235870964041029e-01,-8.674235870964041029e-01
-1.001169812461489395e+00,-1.001169812461489395e+00
-2.201599429938011498e-01,-2.201599429938011498e-01
-5.117563326528142831e-01,-5.117563326528142831e-01
-7.929398765985304909e-01,-7.929398765985304909e-01
-7.421080193782091383e-01,-7.421080193782091383e-01
3.486809865484008508e-02,3.486809865484008508e-02
-6.173863796985183949e-01,-6.173863796985183949e-01
-7.255786671153312550e-01,-7.255786671153312550e-01
-4.712466278485392124e-01,-4.712466278485392124e-01
-7.026583318384370669e-01,-7.026583318384370669e-01
-4.271424137484073347e-01,-4.271424137484073347e-01
-2.572907051228928710e-01,-2.572907051228928710e-01
-1.098910701974112225e+00,-1.098910701974112225e+00
-9.950165371723030949e-01,-9.950165371723030949e-01
-1.254616799776874903e+00,-1.254616799776874903e+00
-2.457743901176517309e-01,-2.457743901176517309e-01
-9.439945308870676399e-01,-9.439945308870676399e-01
-3.429049404696841719e-01,-3.429049404696841719e-01
-3.802504968039689404e-01,-3.802504968039689404e-01
-1.004585370024064561e+00,-1.004585370024064561e+00
3.592602741205799810e-01,3.592602741205799810e-01
-5.459887072713560663e-01,-5.459887072713560663e-01
-4.425060862036646059e-01,-4.425060862036646059e-01
-1.065036409770632408e+00,-1.065036409770632408e+00
-4.663566344264813424e-01,-4.663566344264813424e-01
-6.070285884714706759e-01,-6.070285884714706759e-01
-5.529093161519612609e-01,-5.529093161519612609e-01
-7.244680103931477877e-01,-7.244680103931477877e-01
-9.162471733578847477e-01,-9.162471733578847477e-01
-9.225907082561476402e-01,-9.225907082561476402e-01
-4.928163390279080014e-01,-4.928163390279080014e-01
-4.946639827485979635e-01,-4.946639827485979635e-01
-9.530469370031622312e-01,-9.530469370031622312e-01
-6.722975019800452312e-01,-6.722975019800452312e-01
6.100282209584340087e-02,6.100282209584340087e-02
-3.534048169768376768e-01,-3.534048169768376768e-01
-6.488501432965603222e-01,-6.488501432965603222e-01
-1.006321831611435735e+00,-1.006321831611435735e+00
-6.705111390885960532e-01,-6.705111390885960532e-01
-6.334317935356472695e-01,-6.334317935356472695e-01
-9.512057310223179796e-01,-9.512057310223179796e-01
-8.241854412281476305e-01,-8.241854412281476305e-01
-2.633524944069386420e-01,-2.633524944069386420e-01
-9.084080897653195041e-01,-9.084080897653195041e-01
-7.288390021859687540e-01,-7.288390021859687540e-01
-6.105470390711498219e-01,-6.105470390711498219e-01
-3.466582708910030952e-01,-3.466582708910030952e-01
-5.147801689733830788e-01,-5.147801689733830788e-01
-1.144653346600462918e+00,-1.144653346600462918e+00
-6.558373927366023537e-03,-6.558373927366023537e-03
-4.951706775513243786e-01,-4.951706775513243786e-01
-9.288601441194896946e-01,-9.288601441194896946e-01
-2.356757585519974607e-01,-2.356757585519974607e-01
-8.736565509573541721e-01,-8.736565509573541721e-01
-6.606038746387137284e-01,-6.606038746387137284e-01
-1.301767740418075858e+00,-1.301767740418075858e+00
-7.958848294923006605e-01,-7.958848294923006605e-01
-1.168932973285816690e+00,-1.168932973285816690e+00
-6.075903065406512704e-01,-6.075903065406512704e-01
-9.818318064717957983e-01,-9.818318064717957983e-01
-1.017288970737515008e+00,-1.017288970737515008e+00
-7.642939389128555749e-01,-7.642939389128555749e-01
-6.934542644153158797e-01,-6.934542644153158797e-01
-4.535588209746147514e-01,-4.535588209746147514e-01
-8.319838906662307965e-01,-8.319838906662307965e-01
-7.306959499819424275e-01,-7.306959499819424275e-01
-4.928004058534022902e-01,-4.928004058534022902e-01
-5.828456464946007998e-01,-5.828456464946007998e-01
-8.443192338130856012e-01,-8.443192338130856012e-01
-2.392880402966739428e-01,-2.392880402966739428e-01
-1.213136282615594919e+00,-1.213136282615594919e+00
-5.650470281996082811e-01,-5.650470281996082811e-01
-7.416100713822872947e-01,-7.416100713822872947e-01
-4.798398391741814373e-01,-4.798398391741814373e-01
-1.081206088916240926e+00,-1.081206088916240926e+00
-3.378890347470338562e-01,-3.378890347470338562e-01
-7.044875198755986556e-01,-7.044875198755986556e-01
-1.026008446777048277e+00,-1.026008446777048277e+00
-5.059684853279522443e-01,-5.059684853279522443e-01
-9.169801888773849718e-01,-9.169801888773849718e-01
-9.930081699706623244e-01,-9.930081699706623244e-01
-7.407572069352030830e-01,-7.407572069352030830e-01
-8.095715118897408580e-01,-8.095715118897408580e-01
-7.116905361382956929e-01,-7.116905361382956929e-01
-5.223157144150820663e-01,-5.223157144150820663e-01
-5.517675128765318071e-01,-5.517675128765318071e-01
-5.945567337218753412e-01,-5.945567337218753412e-01
-4.372264711744801580e-01,-4.372264711744801580e-01
-5.245075637525929979e-01,-5.245075637525929979e-01
-1.243012718286756524e+00,-1.243012718286756524e+00
-2.552682777813156667e-01,-2.552682777813156667e-01
-6.997741097303022961e-01,-6.997741097303022961e-01
-4.546673807588423877e-01,-4.546673807588423877e-01
-7.037380046520482768e-01,-7.037380046520482768e-01
-4.490945049023477020e-01,-4.490945049023477020e-01
-6.799139518969213869e-01,-6.799139518969213869e-01
-6.467248942926548949e-01,-6.467248942926548949e-01
-8.332738491027769090e-01,-8.332738491027769090e-01
-8.755584061832720755e-01,-8.755584061832720755e-01
-1.677471286693742458e-01,-1.677471286693742458e-01
-7.795532296253682158e-01,-7.795532296253682158e-01
1.842291232563297854e-03,1.842291232563297854e-03
-2.222632714523801178e-01,-2.222632714523801178e-01
-6.671490761992702190e-01,-6.671490761992702190e-01
-8.239076302766693560e-01,-8.239076302766693560e-01
-4.138359485837791452e-01,-4.138359485837791452e-01
-3.894676559867868981e-01,-3.894676559867868981e-01
-1.168128409338049511e+00,-1.168128409338049511e+00
-1.934689657459935375e-01,-1.934689657459935375e-01
-2.463162524549176724e-01,-2.463162524549176724e-01
-3.313112328952360630e-01,-3.313112328952360630e-01
-1.297345906272614702e+00,-1.297345906272614702e+00
-6.971297905727633637e-01,-6.971297905727633637e-01
-6.599731164342742540e-01,-6.599731164342742540e-01
-1.958821231661392881e-01,-1.958821231661392881e-01
-6.809135190638815338e-01,-6.809135190638815338e-01
-2.649083985757897386e-01,-2.649083985757897386e-01
-6.849692600632606432e-01,-6.849692600632606432e-01
-8.359096247053713347e-01,-8.359096247053713347e-01
-4.831820225388758772e-01,-4.831820225388758772e-01
-1.137087147683393029e+00,-1.137087147683393029e+00
-7.075030673100857204e-01,-7.075030673100857204e-01
-5.306232856426952305e-01,-5.306232856426952305e-01
-1.531022987547766112e+00,-1.531022987547766112e+00
-1.248839902913567501e+00,-1.248839902913567501e+00
-9.982169251753398864e-01,-9.982169251753398864e-01
-7.562894501067176645e-01,-7.562894501067176645e-01
-9.075467077936838489e-01,-9.075467077936838489e-01
-2.760856452958386220e-01,-2.760856452958386220e-01
-4.956983458417347221e-01,-4.956983458417347221e-01
-1.043753438008143464e+00,-1.043753438008143464e+00
-7.748269953972638513e-01,-7.748269953972638513e-01
-4.494429902451846370e-02,-4.494429902451846370e-02
-6.793208794265565009e-01,-6.793208794265565009e-01
-6.708989448899861374e-01,-6.708989448899861374e-01
-5.610844498696330174e-01,-5.610844498696330174e-01
-6.135157522054248691e-01,-6.135157522054248691e-01
-2.428100754480863599e-01,-2.428100754480863599e-01
5.586652696142563324e-02,5.586652696142563324e-02
-8.728057325912516040e-01,-8.728057325912516040e-01
-9.786519188977977901e-01,-9.786519188977977901e-01
-8.050382898956182087e-01,-8.050382898956182087e-01
-6.904555955881908069e-01,-6.904555955881908069e-01
-8.572439599923540321e-01,-8.572439599923540321e-01
-6.634010240183374485e-01,-6.634010240183374485e-01
-3.195929832435874807e-01,-3.195929832435874807e-01
-9.433217430665301606e-01,-9.433217430665301606e-01
-8.423402258668887255e-01,-8.423402258668887255e-01
-5.917847118380951121e-01,-5.917847118380951121e-01
-1.042049189174309776e+00,-1.042049189174309776e+00
-5.901872869285753609e-01,-5.901872869285753609e-01
-4.667145986372039923e-01,-4.667145986372039923e-01
-7.119534033297725273e-01,-7.119534033297725273e-01
-6.215149115144379399e-01,-6.215149115144379399e-01
-9.149313115791399831e-01,-9.149313115791399831e-01
-6.284694670146805384e-01,-6.284694670146805384e-01
-6.655420944568108954e-01,-6.655420944568108954e-01
-7.366049609275853172e-01,-7.366049609275853172e-01
-4.386373576389835938e-01,-4.386373576389835938e-01
-1.418658103262888104e-01,-1.418658103262888104e-01
-8.704864434434492759e-01,-8.704864434434492759e-01
-5.470711610164534777e-01,-5.470711610164534777e-01
-9.552848632945754037e-01,-9.552848632945754037e-01
-2.127378134213699368e-01,-2.127378134213699368e-01
-2.203756335609984851e-01,-2.203756335609984851e-01
-4.881745558933964224e-01,-4.881745558933964224e-01
-7.066863623351168355e-01,-7.066863623351168355e-01
-4.437338832105445774e-01,-4.437338832105445774e-01
-9.676292643740116439e-01,-9.676292643740116439e-01
-1.455257050874368741e+00,-1.455257050874368741e+00
-5.592734244969702617e-01,-5.592734244969702617e-01
-7.408126351660300202e-01,-7.408126351660300202e-01
-1.120493757678830082e+00,-1.120493757678830082e+00
-9.593769038964505835e-01,-9.593769038964505835e-01
-1.064309815679087112e+00,-1.064309815679087112e+00
-1.120525869355142534e+00,-1.120525869355142534e+00
-7.869410433625878554e-02,-7.869410433625878554e-02
-6.954726016208179207e-01,-6.954726016208179207e-01
-1.715982011480551850e-01,-1.715982011480551850e-01
-7.213617607663818099e-01,-7.213617607663818099e-01
-2.733725271922602396e-01,-2.733725271922602396e-01
-8.105313223296140013e-01,-8.105313223296140013e-01
-7.133476447027325973e-01,-7.133476447027325973e-01
-1.724950060171794419e+00,-1.724950060171794419e+00
-6.373976722306100573e-01,-6.373976722306100573e-01
-5.209673335406648231e-01,-5.209673335406648231e-01
-4.687231589265687948e-01,-4.687231589265687948e-01
-5.518929132730556741e-01,-5.518929132730556741e-01
-6.640618134020317420e-01,-6.640618134020317420e-01
-9.936798940665907409e-01,-9.936798940665907409e-01
-9.392222480628799053e-01,-9.392222480628799053e-01
-3.681256212923647020e-01,-3.681256212923647020e-01
-7.159489235432037191e-01,-7.159489235432037191e-01
-5.275215269462234513e-01,-5.275215269462234513e-01
-8.944276447393288976e-01,-8.944276447393288976e-01
-6.132386923313424276e-01,-6.132386923313424276e-01
-3.764238178765630938e-01,-3.764238178765630938e-01
-7.295997230794722954e-01,-7.295997230794722954e-01
-4.313798361449770469e-01,-4.313798361449770469e-01
-1.015913555338370466e+00,-1.015913555338370466e+00
-7.514834796015810170e-01,-7.514834796015810170e-01
-1.109386672910351868e+00,-1.109386672910351868e+00
-7.967393253797767638e-01,-7.967393253797767638e-01
-7.254186122134469450e-01,-7.254186122134469450e-01
-1.038025341651209743e+00,-1.038025341651209743e+00
-1.061249832883099931e+00,-1.061249832883099931e+00
-7.291208590412818769e-01,-7.291208590412818769e-01
-3.730018445856957410e-01,-3.730018445856957410e-01
-5.912730129092946818e-01,-5.912730129092946818e-01
-2.446896327976708641e-01,-2.446896327976708641e-01
-7.016323607738896850e-01,-7.016323607738896850e-01
-1.332383773485855905e+00,-1.332383773485855905e+00
-8.336249506176101054e-01,-8.336249506176101054e-01
-8.255775194632059000e-01,-8.255775194632059000e-01
-8.865176700027054268e-01,-8.865176700027054268e-01
-5.766070638819853489e-01,-5.766070638819853489e-01
-3.288942243405602039e-01,-3.288942243405602039e-01
-5.236227931891388465e-01,-5.236227931891388465e-01
-9.322560885325406055e-01,-9.322560885325406055e-01
-3.581185374767215102e-01,-3.581185374767215102e-01
-7.914235737303153551e-01,-7.914235737303153551e-01
-3.156990998353233491e-01,-3.156990998353233491e-01
-2.618198708040624934e-01,-2.618198708040624934e-01
-2.691938772633643007e-01,-2.691938772633643007e-01
-1.171808688740535676e+00,-1.171808688740535676e+00
-9.178922567707548108e-01,-9.178922567707548108e-01
-1.024000426493486549e+00,-1.024000426493486549e+00
-7.700118407906235696e-01,-7.700118407906235696e-01
-5.991567673770831215e-01,-5.991567673770831215e-01
-9.167979987605110459e-01,-9.167979987605110459e-01
-3.949235478397269405e-01,-3.949235478397269405e-01
-1.725101179002352936e-01,-1.725101179002352936e-01
-5.886054279331793815e-01,-5.886054279331793815e-01
-8.775401630272883224e-01,-8.775401630272883224e-01
-3.767094870892230829e-01,-3.767094870892230829e-01
-9.803966757774669194e-01,-9.803966757774669194e-01
-8.311157172435205132e-01,-8.311157172435205132e-01
-7.143687110314482780e-01,-7.143687110314482780e-01
-2.732315883479491392e-01,-2.732315883479491392e-01
-8.510628190456110964e-01,-8.510628190456110964e-01
-5.403796075361804174e-01,-5.403796075361804174e-01
-8.781957313541117749e-01,-8.781957313541117749e-01
-9.889411621357596660e-01,-9.889411621357596660e-01
-3.375634746083144844e-01,-3.375634746083144844e-01
-3.925958172397864265e-01,-3.925958172397864265e-01
-9.045764221929331050e-01,-9.045764221929331050e-01
-1.404796126093341924e+00,-1.404796126093341924e+00
-4.267418804348404038e-01,-4.267418804348404038e-01
-5.619770807841391047e-01,-5.619770807841391047e-01
-2.265127385259328996e-01,-2.265127385259328996e-01
-8.371295930052888856e-01,-8.371295930052888856e-01
-7.393155885762732193e-01,-7.393155885762732193e-01
-5.804096291515228323e-01,-5.804096291515228323e-01
-4.038973404384856303e-01,-4.038973404384856303e-01
-8.105695724971639926e-01,-8.105695724971639926e-01
-3.308664749757004309e-01,-3.308664749757004309e-01
-4.755977120343015674e-01,-4.755977120343015674e-01
-2.744755485470661283e-01,-2.744755485470661283e-01
-8.796792701446131124e-01,-8.796792701446131124e-01
-7.836725685655920870e-01,-7.836725685655920870e-01
-3.558106927226596383e-01,-3.558106927226596383e-01
-1.040427595098477598e-01,-1.040427595098477598e-01
-9.615030207854973199e-01,-9.615030207854973199e-01
-5.495962209502462947e-01,-5.495962209502462947e-01
-1.300677181857342823e+00,-1.300677181857342823e+00
-9.712214817345103945e-01,-9.712214817345103945e-01
-3.838720687664584630e-01,-3.838720687664584630e-01
-3.393187779751970501e-01,-3.393187779751970501e-01
-1.014643730360772267e+00,-1.014643730360772267e+00
-7.240506269600456291e-01,-7.240506269600456291e-01
-6.788830205477418556e-01,-6.788830205477418556e-01
-3.695842833412366080e-01,-3.695842833412366080e-01
-1.185969228606296832e+00,-1.185969228606296832e+00
-1.162336871048822440e-01,-1.162336871048822440e-01
-8.972239217311557269e-01,-8.972239217311557269e-01
-6.720476945208088138e-01,-6.720476945208088138e-01
-6.228776214068061368e-01,-6.228776214068061368e-01
-9.287932563546225095e-02,-9.287932563546225095e-02
-1.102508226850574147e+00,-1.102508226850574147e+00
-1.178681395840594615e+00,-1.178681395840594615e+00
-2.706170156299874119e-01,-2.706170156299874119e-01
-6.458076772659042675e-01,-6.458076772659042675e-01
-3.430841437834222241e-01,-3.430841437834222241e-01
-8.635876201307287614e-01,-8.635876201307287614e-01
-4.558887539460876881e-01,-4.558887539460876881e-01
-9.307444676670704187e-01,-9.307444676670704187e-01
-4.462226545882929107e-01,-4.462226545882929107e-01
-3.480388191729938407e-01,-3.480388191729938407e-01
-5.909682653353527382e-01,-5.909682653353527382e-01
-4.179059618435870260e-01,-4.179059618435870260e-01
-4.542991066033311154e-01,-4.542991066033311154e-01
-4.323143971389982188e-01,-4.323143971389982188e-01
-5.743062150707248792e-01,-5.743062150707248792e-01
-7.732431151832723781e-01,-7.732431151832723781e-01
-3.902746888715724061e-01,-3.902746888715724061e-01
-1.319611575853805396e+00,-1.319611575853805396e+00
-3.200443794229179684e-02,-3.200443794229179684e-02
-1.248568541852030034e+00,-1.248568541852030034e+00
-7.967477289751588865e-01,-7.967477289751588865e-01
-9.399326521085463737e-01,-9.399326521085463737e-01
-1.038623120818667145e+00,-1.038623120818667145e+00
-2.658761130997697730e-01,-2.658761130997697730e-01
-6.349940325441469913e-01,-6.349940325441469913e-01
-2.158077339959159069e-01,-2.158077339959159069e-01
-8.367068373982973206e-01,-8.367068373982973206e-01
-2.501394998988523688e-01,-2.501394998988523688e-01
-5.155449395023025128e-01,-5.155449395023025128e-01
-1.066950572011980292e+00,-1.066950572011980292e+00
-8.285644012943318426e-01,-8.285644012943318426e-01
-2.946859897585892840e-01,-2.946859897585892840e-01
-4.107347660752629359e-01,-4.107347660752629359e-01
-6.430913863011118448e-01,-6.430913863011118448e-01
-1.351598506023061197e-01,-1.351598506023061197e-01
-1.092334120765114713e+00,-1.092334120765114713e+00
-8.980593756116816984e-01,-8.980593756116816984e-01
-3.304953857165144893e-01,-3.304953857165144893e-01
-6.916247243902002850e-01,-6.916247243902002850e-01
-5.710566400282314214e-01,-5.710566400282314214e-01
-7.096399397585564373e-01,-7.096399397585564373e-01
-3.678288405099761071e-01,-3.678288405099761071e-01
-7.092346724538008962e-01,-7.092346724538008962e-01
-6.021183632152009579e-01,-6.021183632152009579e-01
-1.533421829145875215e+00,-1.533421829145875215e+00
-5.007462532118583942e-01,-5.007462532118583942e-01
-4.168999588107409338e-01,-4.168999588107409338e-01
-1.119669198757247575e+00,-1.119669198757247575e+00
-7.052179537284541944e-01,-7.052179537284541944e-01
-9.388825299890690701e-01,-9.388825299890690701e-01
-9.959392926985026762e-01,-9.959392926985026762e-01
-3.771744772598806250e-01,-3.771744772598806250e-01
-6.972043799564140443e-01,-6.972043799564140443e-01
-1.002179718263535024e+00,-1.002179718263535024e+00
-6.645442390761331364e-01,-6.645442390761331364e-01
-7.082118863093356254e-01,-7.082118863093356254e-01
-9.457846465783239509e-01,-9.457846465783239509e-01
1.346628178229807848e-01,1.346628178229807848e-01
-3.066169961729243165e-01,-3.066169961729243165e-01
-7.710425127533069301e-01,-7.710425127533069301e-01
-5.609999890825771995e-01,-5.609999890825771995e-01
-2.255475131955753110e-01,-2.255475131955753110e-01
-1.327256732524976890e+00,-1.327256732524976890e+00
-6.963154731450890145e-01,-6.963154731450890145e-01
-1.136318956651087175e+00,-1.136318956651087175e+00
-7.560067358530400128e-01,-7.560067358530400128e-01
-8.825897032743819093e-01,-8.825897032743819093e-01
-5.964061739321915301e-01,-5.964061739321915301e-01
-7.051949528595313765e-01,-7.051949528595313765e-01
-7.814250354610292604e-01,-7.814250354610292604e-01
-6.747763637118291413e-01,-6.747763637118291413e-01
-6.097974362098146361e-01,-6.097974362098146361e-01
-4.139529961868713692e-01,-4.139529961868713692e-01
-8.932199132368551231e-01,-8.932199132368551231e-01
-2.785636988919921730e-01,-2.785636988919921730e-01
-8.298533904589948662e-01,-8.298533904589948662e-01
-1.737563810227371608e-02,-1.737563810227371608e-02
-4.373845022848556474e-01,-4.373845022848556474e-01
-2.853651486503692158e-01,-2.853651486503692158e-01
-3.419604875321987647e-01,-3.419604875321987647e-01
-8.385080974919205676e-01,-8.385080974919205676e-01
-4.000834997984577535e-01,-4.000834997984577535e-01
-6.051191271541966898e-01,-6.051191271541966898e-01
-1.197381277309762737e+00,-1.197381277309762737e+00
-3.728309842003449948e-01,-3.728309842003449948e-01
-1.369235944406812511e-01,-1.369235944406812511e-01
-3.080895841241989563e-01,-3.080895841241989563e-01
-8.580827913365203230e-01,-8.580827913365203230e-01
-4.768264361394267126e-01,-4.768264361394267126e-01
-3.344692635381004142e-01,-3.344692635381004142e-01
-8.710221382343075192e-01,-8.710221382343075192e-01
-3.870175888939111908e-01,-3.870175888939111908e-01
-5.387788950540256527e-01,-5.387788950540256527e-01
-3.846495319219596087e-01,-3.846495319219596087e-01
-9.749055461533562283e-01,-9.749055461533562283e-01
-9.831125374525744309e-01,-9.831125374525744309e-01
-2.961855457150350257e-01,-2.961855457150350257e-01
-3.025607252170126049e-01,-3.025607252170126049e-01
-7.459694869845819865e-01,-7.459694869845819865e-01
-8.960642275129850898e-01,-8.960642275129850898e-01
-9.736286559061043677e-01,-9.736286559061043677e-01
-6.700043424765749212e-01,-6.700043424765749212e-01
-5.204732873968491713e-01,-5.204732873968491713e-01
-1.224148175033097807e+00,-1.224148175033097807e+00
-1.278512167965870638e-01,-1.278512167965870638e-01
-5.629309761742360418e-01,-5.629309761742360418e-01
-6.331043668463327556e-01,-6.331043668463327556e-01
-5.971290808192022403e-01,-5.971290808192022403e-01
-6.564991793123250430e-01,-6.564991793123250430e-01
-1.020672987562732725e+00,-1.020672987562732725e+00
-1.161076685393048091e+00,-1.161076685393048091e+00
-4.998791780116638717e-01,-4.998791780116638717e-01
-8.549862326419916947e-01,-8.549862326419916947e-01
-4.005333052294345331e-01,-4.005333052294345331e-01
-1.039130197636695563e+00,-1.039130197636695563e+00
-5.424123695058338246e-01,-5.424123695058338246e-01
-3.384789197885802459e-01,-3.384789197885802459e-01
-4.707069354639120129e-01,-4.707069354639120129e-01
-2.289930767267450706e-01,-2.289930767267450706e-01
-5.662762725517849205e-01,-5.662762725517849205e-01
-5.154428078897732579e-02,-5.154428078897732579e-02
-5.717387524935086951e-01,-5.717387524935086951e-01
-5.025871373918193719e-01,-5.025871373918193719e-01
-8.140877180787096101e-01,-8.140877180787096101e-01
-5.210771671905810587e-01,-5.210771671905810587e-01
-8.632411623375221277e-01,-8.632411623375221277e-01
-1.161706801708403569e+00,-1.161706801708403569e+00
-3.836649755943619122e-01,-3.836649755943619122e-01
-2.444292628498838660e-01,-2.444292628498838660e-01
-8.883052370778800055e-01,-8.883052370778800055e-01
-2.490589299179962746e-01,-2.490589299179962746e-01
-4.291266178957490740e-01,-4.291266178957490740e-01
-1.098594685179303809e+00,-1.098594685179303809e+00
-4.455998708413766440e-01,-4.455998708413766440e-01
-1.164240806919471627e+00,-1.164240806919471627e+00
-8.571082158839806731e-01,-8.571082158839806731e-01
-6.528530899964590795e-01,-6.528530899964590795e-01
-8.750559339376952073e-01,-8.750559339376952073e-01
-5.978671386153320277e-01,-5.978671386153320277e-01
-8.554079680455874968e-01,-8.554079680455874968e-01
-3.052521906752325709e-02,-3.052521906752325709e-02
-1.082667011487620456e+00,-1.082667011487620456e+00
-6.111414341719572096e-01,-6.111414341719572096e-01
-5.496924012564269324e-01,-5.496924012564269324e-01
-7.363720388506769243e-01,-7.363720388506769243e-01
-1.316347575187509999e+00,-1.316347575187509999e+00
-2.925299381382331365e-01,-2.925299381382331365e-01
-7.340138967298271977e-01,-7.340138967298271977e-01
-5.471477284041065259e-01,-5.471477284041065259e-01
-1.317525785464056964e+00,-1.317525785464056964e+00
-4.865341743517429540e-01,-4.865341743517429540e-01
-8.924679479111797820e-01,-8.924679479111797820e-01
-1.156522149522871246e+00,-1.156522149522871246e+00
-1.487724853005128467e-01,-1.487724853005128467e-01
-1.340560944162917600e+00,-1.340560944162917600e+00
-8.883836653199568278e-01,-8.883836653199568278e-01
-1.035179181443906415e+00,-1.035179181443906415e+00
-9.728514089312673141e-01,-9.728514089312673141e-01
-1.255766462518389526e-01,-1.255766462518389526e-01
-4.142801289248354557e-01,-4.142801289248354557e-01
-2.288666469912047918e-01,-2.288666469912047918e-01
-4.764559299978321505e-01,-4.764559299978321505e-01
-1.270782447543035154e+00,-1.270782447543035154e+00
-9.425239258254785035e-01,-9.425239258254785035e-01
-9.106780845015643999e-02,-9.106780845015643999e-02
-6.720625407835782994e-01,-6.720625407835782994e-01
-6.934651297454118568e-01,-6.934651297454118568e-01
-6.542636731256403770e-01,-6.542636731256403770e-01
-8.284195664984599361e-01,-8.284195664984599361e-01
-6.448908245896329827e-01,-6.448908245896329827e-01
-7.918679376216946064e-01,-7.918679376216946064e-01
-6.785484399609972295e-01,-6.785484399609972295e-01
-6.445007282922250447e-01,-6.445007282922250447e-01
-8.719900212184624744e-01,-8.719900212184624744e-01
-9.989446005997739686e-01,-9.989446005997739686e-01
-1.067647930107958665e+00,-1.067647930107958665e+00
-4.887564499399730256e-01,-4.887564499399730256e-01
-7.984693919189023159e-01,-7.984693919189023159e-01
-3.353788411991525109e-01,-3.353788411991525109e-01
-8.169087227066205159e-01,-8.169087227066205159e-01
-5.433047784064433117e-01,-5.433047784064433117e-01
-8.744826910796414943e-01,-8.744826910796414943e-01
-8.338524258230846087e-01,-8.338524258230846087e-01
-3.826242475244080454e-01,-3.826242475244080454e-01
-1.008437385149787424e+00,-1.008437385149787424e+00
-7.543234348557477098e-01,-7.543234348557477098e-01
-1.153471459734817017e+00,-1.153471459734817017e+00
-1.087247167679195492e+00,-1.087247167679195492e+00
-2.000389902024670152e-01,-2.000389902024670152e-01
-7.736295057666066066e-01,-7.736295057666066066e-01
-9.458198799587503869e-01,-9.458198799587503869e-01
-1.032454729946640448e+00,-1.032454729946640448e+00
-2.710173347167112445e-01,-2.710173347167112445e-01
-8.246929396634256060e-01,-8.246929396634256060e-01
-1.183562508615966014e+00,-1.183562508615966014e+00
-4.116180102259477391e-01,-4.116180102259477391e-01
-1.040780058274127118e+00,-1.040780058274127118e+00
-4.315745690763106990e-01,-4.315745690763106990e-01
-1.521151137242336970e-01,-1.521151137242336970e-01
-3.895117650885053240e-01,-3.895117650885053240e-01
-4.914083107794394167e-01,-4.914083107794394167e-01
-8.757560050690347264e-01,-8.757560050690347264e-01
-4.777308575279144431e-01,-4.777308575279144431e-01
-8.523415029336605109e-01,-8.523415029336605109e-01
-3.699690551048461784e-01,-3.699690551048461784e-01
-6.544071095329382359e-01,-6.544071095329382359e-01
-7.092579247544865684e-01,-7.092579247544865684e-01
-6.986449745212482965e-01,-6.986449745212482965e-01
-7.329804236622339264e-01,-7.329804236622339264e-01
-5.051502467395962981e-01,-5.051502467395962981e-01
-7.495557584412552155e-01,-7.495557584412552155e-01
-7.576068386885206341e-01,-7.576068386885206341e-01
-6.605119831043042566e-01,-6.605119831043042566e-01
-1.742035261120657985e-01,-1.742035261120657985e-01
-8.088414514721449233e-01,-8.088414514721449233e-01
-8.323067227622293895e-01,-8.323067227622293895e-01
-4.653474643347994544e-01,-4.653474643347994544e-01
-6.026452011080299931e-01,-6.026452011080299931e-01
-5.588446467238077364e-01,-5.588446467238077364e-01
-7.591005738397162972e-01,-7.591005738397162972e-01
-1.000015581962037103e+00,-1.000015581962037103e+00
-4.399743859442871718e-01,-4.399743859442871718e-01
-3.513061661654847123e-01,-3.513061661654847123e-01
-3.446835479152879356e-01,-3.446835479152879356e-01
-1.058043135092975984e+00,-1.058043135092975984e+00
-4.114598582019211026e-01,-4.114598582019211026e-01
-5.755910170478304444e-01,-5.755910170478304444e-01
-2.905770396634096420e-01,-2.905770396634096420e-01
-4.045689808639063023e-01,-4.045689808639063023e-01
-2.999520088761044034e-01,-2.999520088761044034e-01
-5.849444018769697218e-01,-5.849444018769697218e-01
-7.893718861882363935e-01,-7.893718861882363935e-01
-6.736853864674319237e-01,-6.736853864674319237e-01
-9.370283299938243493e-01,-9.370283299938243493e-01
-7.775354770219496947e-01,-7.775354770219496947e-01
-4.786914677235247773e-01,-4.786914677235247773e-01
-8.154909978735335185e-01,-8.154909978735335185e-01
-8.933631408970876819e-01,-8.933631408970876819e-01
-4.156839466024216390e-01,-4.156839466024216390e-01
-2.379140464122688203e-01,-2.379140464122688203e-01
-5.639897442815648976e-01,-5.639897442815648976e-01
-3.621685365957677538e-02,-3.621685365957677538e-02
-8.924022947716594434e-01,-8.924022947716594434e-01
-1.080456232216148393e+00,-1.080456232216148393e+00
-3.566355220354970323e-01,-3.566355220354970323e-01
-4.292060318234741101e-01,-4.292060318234741101e-01
-8.671706088283881453e-01,-8.671706088283881453e-01
-5.605283479872481545e-01,-5.605283479872481545e-01
-2.460865242436530709e-01,-2.460865242436530709e-01
-4.266056847455457213e-01,-4.266056847455457213e-01
-6.851528643679635211e-01,-6.851528643679635211e-01
-8.173341172172474689e-01,-8.173341172172474689e-01
-4.829050180649114288e-01,-4.829050180649114288e-01
-7.607261068322109798e-01,-7.607261068322109798e-01
-9.230678350235100860e-01,-9.230678350235100860e-01
-8.470719271384751226e-01,-8.470719271384751226e-01
-6.752378731087127495e-01,-6.752378731087127495e-01
-3.050868731579738924e-01,-3.050868731579738924e-01
-7.992855580034975427e-01,-7.992855580034975427e-01
-5.759061977693002987e-01,-5.759061977693002987e-01
-7.415585286738841653e-01,-7.415585286738841653e-01
-6.631414202475032216e-01,-6.631414202475032216e-01
-1.134970337463792056e+00,-1.134970337463792056e+00
-8.602463460726905708e-01,-8.602463460726905708e-01
-9.701633851001030262e-01,-9.701633851001030262e-01
-5.001839685112748901e-01,-5.001839685112748901e-01
-4.792577733873550350e-01,-4.792577733873550350e-01
-7.021189270433603191e-01,-7.021189270433603191e-01
-4.982968446471240931e-01,-4.982968446471240931e-01
-8.768609957693520585e-01,-8.768609957693520585e-01
-6.560844253709099405e-01,-6.560844253709099405e-01
-3.427775955474399172e-02,-3.427775955474399172e-02
-5.234187818801157022e-01,-5.234187818801157022e-01
-9.031829997810005839e-01,-9.031829997810005839e-01
-4.539444357092335403e-01,-4.539444357092335403e-01
-6.412183898553671657e-01,-6.412183898553671657e-01
-1.533576030429377179e-01,-1.533576030429377179e-01
-5.358890068342747615e-01,-5.358890068342747615e-01
-8.272847155387221818e-01,-8.272847155387221818e-01
-3.144479472920596597e-01,-3.144479472920596597e-01
-1.229782387776099384e+00,-1.229782387776099384e+00
-8.479743693017413042e-01,-8.479743693017413042e-01
-5.509945084894133371e-01,-5.509945084894133371e-01
-5.214637078345659704e-01,-5.214637078345659704e-01
-1.058546131765313980e+00,-1.058546131765313980e+00
-9.771055870510335639e-01,-9.771055870510335639e-01
-7.181683647129983861e-01,-7.181683647129983861e-01
-1.324790831739026675e+00,-1.324790831739026675e+00
-8.645415480989828705e-01,-8.645415480989828705e-01
-7.014062924708139857e-01,-7.014062924708139857e-01
-4.082192624946644477e-01,-4.082192624946644477e-01
-3.237706803347653040e-01,-3.237706803347653040e-01
-4.371231135662552725e-01,-4.371231135662552725e-01
-3.278825752316252284e-01,-3.278825752316252284e-01
-4.394024675037507266e-01,-4.394024675037507266e-01
-3.953386088032840862e-01,-3.953386088032840862e-01
-8.003354254539802870e-01,-8.003354254539802870e-01
-4.406505580626632335e-01,-4.406505580626632335e-01
-1.005474535463101615e+00,-1.005474535463101615e+00
-6.622072240372928187e-01,-6.622072240372928187e-01
-4.086858081482194760e-01,-4.086858081482194760e-01
-5.295186168617214140e-01,-5.295186168617214140e-01
-5.114430451608934503e-01,-5.114430451608934503e-01
-7.558102732721269090e-01,-7.558102732721269090e-01
-1.050376226938520174e+00,-1.050376226938520174e+00
-8.309365799364399896e-01,-8.309365799364399896e-01
1.191107456326994107e-01,1.191107456326994107e-01
-7.013962927707598771e-01,-7.013962927707598771e-01
-6.159093281634815398e-01,-6.159093281634815398e-01
-5.535068371519444863e-01,-5.535068371519444863e-01
-7.929996412976885178e-01,-7.929996412976885178e-01
3.917179705597645389e-02,3.917179705597645389e-02
-4.760571105551069104e-01,-4.760571105551069104e-01
-5.730763543706880458e-01,-5.730763543706880458e-01
-6.346504370272358919e-01,-6.346504370272358919e-01
-3.600925501893851299e-01,-3.600925501893851299e-01
-5.743555484469746730e-01,-5.743555484469746730e-01
-5.761158731477549200e-01,-5.761158731477549200e-01
-1.919569442127186942e-01,-1.919569442127186942e-01
-4.486695470725332591e-03,-4.486695470725332591e-03
-6.787433871270696084e-01,-6.787433871270696084e-01
-3.809531951308508524e-01,-3.809531951308508524e-01
-1.109459833177192545e+00,-1.109459833177192545e+00
-8.341465435392108052e-01,-8.341465435392108052e-01
-4.657873812993980067e-01,-4.657873812993980067e-01
-3.587339757412645325e-01,-3.587339757412645325e-01
-6.944871178895901664e-01,-6.944871178895901664e-01
-1.127718537867859361e+00,-1.127718537867859361e+00
-8.270411408963600497e-01,-8.270411408963600497e-01
-5.672479000253642933e-01,-5.672479000253642933e-01
-2.722633053778990009e-01,-2.722633053778990009e-01
-5.427922433404182012e-01,-5.427922433404182012e-01
-7.152048755363994426e-01,-7.152048755363994426e-01
-1.378425619418066850e+00,-1.378425619418066850e+00
-1.087177331688996107e+00,-1.087177331688996107e+00
-1.446084883324549875e-01,-1.446084883324549875e-01
-8.532079884262432357e-01,-8.532079884262432357e-01
-4.313927656659783949e-01,-4.313927656659783949e-01
-4.396887090343880589e-01,-4.396887090343880589e-01
-7.350927599791170497e-01,-7.350927599791170497e-01
-8.701924675648740060e-01,-8.701924675648740060e-01
-9.162914652752263134e-01,-9.162914652752263134e-01
-1.013098684000290906e+00,-1.013098684000290906e+00
-8.494773103488104660e-01,-8.494773103488104660e-01
-5.683936570446493919e-01,-5.683936570446493919e-01
-8.480528705382688326e-01,-8.480528705382688326e-01
-4.660781985231254865e-01,-4.660781985231254865e-01
-1.091092369914171689e+00,-1.091092369914171689e+00
-5.056292692715080861e-01,-5.056292692715080861e-01
-6.021456579941040221e-01,-6.021456579941040221e-01
-4.321250256246233490e-01,-4.321250256246233490e-01
2.597122217389147281e-02,2.597122217389147281e-02
-5.126232998307940214e-01,-5.126232998307940214e-01
-1.415615459658221331e+00,-1.415615459658221331e+00
7.292783123582280425e-03,7.292783123582280425e-03
-8.099689158357278318e-01,-8.099689158357278318e-01
-1.059042293107564259e+00,-1.059042293107564259e+00
-7.698100562196898977e-01,-7.698100562196898977e-01
-8.820921526914105026e-01,-8.820921526914105026e-01
-1.019124711401063754e+00,-1.019124711401063754e+00
-7.694353990114806141e-01,-7.694353990114806141e-01
-5.623837481994757859e-01,-5.623837481994757859e-01
-9.167233064204847182e-01,-9.167233064204847182e-01
-1.025559299910266287e+00,-1.025559299910266287e+00
-6.961197846918416587e-01,-6.961197846918416587e-01
-8.839553134926311229e-01,-8.839553134926311229e-01
-1.210157846117865477e+00,-1.210157846117865477e+00
-9.818023136309297350e-01,-9.818023136309297350e-01
-6.239538696991244748e-01,-6.239538696991244748e-01
-1.001297898202880177e+00,-1.001297898202880177e+00
-5.072499442103186595e-01,-5.072499442103186595e-01
-8.382491998676964151e-01,-8.382491998676964151e-01
-4.993977176677973362e-01,-4.993977176677973362e-01
-9.009188019063811836e-01,-9.009188019063811836e-01
-8.435819181162353964e-01,-8.435819181162353964e-01
-1.538800186428509686e+00,-1.538800186428509686e+00
-1.028090603771668388e+00,-1.028090603771668388e+00
-5.611808845332548756e-01,-5.611808845332548756e-01
-4.799303975761881613e-02,-4.799303975761881613e-02
-7.895417110841451702e-01,-7.895417110841451702e-01
-1.132062133368182399e+00,-1.132062133368182399e+00
-6.780066264341615412e-01,-6.780066264341615412e-01
-5.425922015834622192e-01,-5.425922015834622192e-01
-8.434892359205908852e-01,-8.434892359205908852e-01
-8.102836690960126820e-01,-8.102836690960126820e-01
5.134368208202455541e-03,5.134368208202455541e-03
-7.265990899927443625e-02,-7.265990899927443625e-02
-2.534104050681562081e-01,-2.534104050681562081e-01
-7.497035667823427341e-01,-7.497035667823427341e-01
-1.209926148204282681e+00,-1.209926148204282681e+00
-1.235012055318138291e+00,-1.235012055318138291e+00
-6.452278447856767407e-01,-6.452278447856767407e-01
-4.167444223553770088e-01,-4.167444223553770088e-01
-8.708244533225197870e-01,-8.708244533225197870e-01
-7.074756290649468760e-01,-7.074756290649468760e-01
-1.031781416655489281e+00,-1.031781416655489281e+00
-7.824565047126630368e-01,-7.824565047126630368e-01
-6.968866850685766501e-01,-6.968866850685766501e-01
-4.175052901543886419e-01,-4.175052901543886419e-01
-8.595634856714746697e-01,-8.595634856714746697e-01
-5.030648832451103392e-01,-5.030648832451103392e-01
-9.621592608893367871e-01,-9.621592608893367871e-01
-6.086510990240191488e-01,-6.086510990240191488e-01
-1.545082043857980980e-01,-1.545082043857980980e-01
-5.063457721685593604e-01,-5.063457721685593604e-01
-4.604428060596777450e-01,-4.604428060596777450e-01
-7.988956123552243271e-01,-7.988956123552243271e-01
-1.005031154043300345e+00,-1.005031154043300345e+00
-4.632197805329567597e-01,-4.632197805329567597e-01
-4.501940001775135980e-01,-4.501940001775135980e-01
-3.449731560919022111e-01,-3.449731560919022111e-01
-5.763676083405948614e-01,-5.763676083405948614e-01
-3.036188666008172721e-01,-3.036188666008172721e-01
-7.922238286388341155e-01,-7.922238286388341155e-01
-7.600910427889648879e-01,-7.600910427889648879e-01
-3.926253345118032589e-01,-3.926253345118032589e-01
-4.984577582253154060e-01,-4.984577582253154060e-01
-4.831217417533605341e-01,-4.831217417533605341e-01
-2.968448492546698070e-01,-2.968448492546698070e-01
-7.240444098318119526e-01,-7.240444098318119526e-01
-3.012815182336882058e-01,-3.012815182336882058e-01
-7.659918588393295202e-01,-7.659918588393295202e-01
-4.784472047142925843e-01,-4.784472047142925843e-01
-6.263200833746291885e-01,-6.263200833746291885e-01
-8.339528513670821930e-01,-8.339528513670821930e-01
-5.039241381796460972e-01,-5.039241381796460972e-01
-6.906239111139607090e-01,-6.906239111139607090e-01
-9.061012941042948521e-01,-9.061012941042948521e-01
-1.061094126098822699e+00,-1.061094126098822699e+00
-9.617586530833870384e-01,-9.617586530833870384e-01
-4.082095003193144112e-01,-4.082095003193144112e-01
-1.060886821212974063e+00,-1.060886821212974063e+00
-6.091845897183401082e-01,-6.091845897183401082e-01
-1.149942417359336000e+00,-1.149942417359336000e+00
-9.695659401952871903e-01,-9.695659401952871903e-01
-1.196593193441729541e-01,-1.196593193441729541e-01
-5.441280946884197167e-01,-5.441280946884197167e-01
-1.495399494815260466e-01,-1.495399494815260466e-01
-5.397628144041534126e-01,-5.397628144041534126e-01
-1.099148503514905340e+00,-1.099148503514905340e+00
-5.374146776696582251e-01,-5.374146776696582251e-01
-4.917962700153807321e-01,-4.917962700153807321e-01
-1.234812791091263184e-01,-1.234812791091263184e-01
-7.808544128693428732e-01,-7.808544128693428732e-01
-1.008242857154572958e+00,-1.008242857154572958e+00
-6.835690055825658362e-01,-6.835690055825658362e-01
-1.717222017553317048e-01,-1.717222017553317048e-01
-3.990949685290017812e-01,-3.990949685290017812e-01
-7.547248231963934462e-01,-7.547248231963934462e-01
-5.371361029088078665e-01,-5.371361029088078665e-01
-9.022221815630644404e-01,-9.022221815630644404e-01
-9.705903900452776956e-01,-9.705903900452776956e-01
-9.198256724226714365e-01,-9.198256724226714365e-01
-7.182686136446160274e-01,-7.182686136446160274e-01
-3.384646138633655155e-01,-3.384646138633655155e-01
-1.306550175393788038e+00,-1.306550175393788038e+00
-4.236461837484028492e-01,-4.236461837484028492e-01
-1.088774276656171436e+00,-1.088774276656171436e+00
-4.613483789444831062e-01,-4.613483789444831062e-01
-8.085396823440978986e-01,-8.085396823440978986e-01
-3.738116401990578819e-01,-3.738116401990578819e-01
-7.924068140611169042e-01,-7.924068140611169042e-01
-8.402735547239326142e-01,-8.402735547239326142e-01
-5.320428806177310843e-01,-5.320428806177310843e-01
-7.265659439939559094e-01,-7.265659439939559094e-01
-6.182252724438831448e-01,-6.182252724438831448e-01
-5.348454881864765920e-01,-5.348454881864765920e-01
-1.086738548907430157e+00,-1.086738548907430157e+00
-7.176589808241321533e-01,-7.176589808241321533e-01
-5.529640019867412271e-01,-5.529640019867412271e-01
-2.420782006923519747e-01,-2.420782006923519747e-01
-8.520840060761547541e-01,-8.520840060761547541e-01
-8.569129897892455716e-01,-8.569129897892455716e-01
-6.058874727125681536e-01,-6.058874727125681536e-01
-3.262315430378400771e-01,-3.262315430378400771e-01
-8.825584725418220700e-01,-8.825584725418220700e-01
-6.709313626345205783e-01,-6.709313626345205783e-01
-5.440762675161368023e-01,-5.440762675161368023e-01
-4.302695360877982766e-01,-4.302695360877982766e-01
-1.310691490484927169e+00,-1.310691490484927169e+00
-4.672137537031176846e-01,-4.672137537031176846e-01
-6.601636575970856180e-01,-6.601636575970856180e-01
-1.239464485975933172e+00,-1.239464485975933172e+00
-2.942986317617842795e-01,-2.942986317617842795e-01
-7.132885065037324335e-01,-7.132885065037324335e-01
-5.958009535849619898e-01,-5.958009535849619898e-01
-9.187789401479258267e-01,-9.187789401479258267e-01
-1.236137736294858680e+00,-1.236137736294858680e+00
-1.247166055943238927e+00,-1.247166055943238927e+00
-4.747641635617136924e-01,-4.747641635617136924e-01
-3.839281438169917515e-01,-3.839281438169917515e-01
-2.928785061312152438e-01,-2.928785061312152438e-01
-8.869528465774177972e-01,-8.869528465774177972e-01
-6.810153358946129387e-01,-6.810153358946129387e-01
-5.958277889994183507e-01,-5.958277889994183507e-01
-8.750813048009518091e-01,-8.750813048009518091e-01
-3.108269264557114164e-01,-3.108269264557114164e-01
-5.875874553748811069e-01,-5.875874553748811069e-01
-5.410299120334742806e-01,-5.410299120334742806e-01
-9.338002121553459212e-01,-9.338002121553459212e-01
-8.004300862879643041e-01,-8.004300862879643041e-01
-4.227596890784461880e-01,-4.227596890784461880e-01
-6.846038813356858377e-02,-6.846038813356858377e-02
-5.141450822144109090e-01,-5.141450822144109090e-01
-9.372135855094259060e-01,-9.372135855094259060e-01
-1.191891301058604524e+00,-1.191891301058604524e+00
-1.103646847399350595e+00,-1.103646847399350595e+00
-1.136930992167087817e+00,-1.136930992167087817e+00
-6.540190238526905064e-01,-6.540190238526905064e-01
-1.083060374953759286e+00,-1.083060374953759286e+00
-8.759055041130852093e-01,-8.759055041130852093e-01
-8.028946437447944673e-01,-8.028946437447944673e-01
-7.538732738446385362e-01,-7.538732738446385362e-01
-6.044523034941544637e-01,-6.044523034941544637e-01
-1.227695598816134215e+00,-1.227695598816134215e+00
-4.896407793292497646e-01,-4.896407793292497646e-01
-6.729383715518463260e-01,-6.729383715518463260e-01
-4.579145706310284725e-01,-4.579145706310284725e-01
-1.126558483909787300e+00,-1.126558483909787300e+00
-9.358478642854639595e-01,-9.358478642854639595e-01
-3.565618428334692003e-01,-3.565618428334692003e-01
-8.984656047262056244e-01,-8.984656047262056244e-01
-1.173155582595867275e+00,-1.173155582595867275e+00
-7.887255999383178118e-01,-7.887255999383178118e-01
-6.552078000822850745e-01,-6.552078000822850745e-01
-8.595463030351950806e-01,-8.595463030351950806e-01
-9.360891202383974097e-01,-9.360891202383974097e-01
-9.021260358449879613e-01,-9.021260358449879613e-01
-4.897867836774995043e-01,-4.897867836774995043e-01
-8.456881375328905159e-01,-8.456881375328905159e-01
-9.420941281499695119e-01,-9.420941281499695119e-01
-1.456616488208576810e+00,-1.456616488208576810e+00
-6.720148503075650259e-01,-6.720148503075650259e-01
-3.346625395507281109e-01,-3.346625395507281109e-01
-8.351417363437375618e-01,-8.351417363437375618e-01
-9.182869981475578758e-01,-9.182869981475578758e-01
-6.913695204710988973e-01,-6.913695204710988973e-01
-5.342909792574371819e-01,-5.342909792574371819e-01
-7.979246130072294996e-01,-7.979246130072294996e-01
-5.882520124633903169e-01,-5.882520124633903169e-01
-1.325298887826477312e+00,-1.325298887826477312e+00
-2.848610827458243899e-01,-2.848610827458243899e-01
-3.214798474418683605e-01,-3.214798474418683605e-01
-8.410088156392747649e-01,-8.410088156392747649e-01
-4.600724005934981320e-01,-4.600724005934981320e-01
-7.476481608372843590e-01,-7.476481608372843590e-01
-4.490296281390820932e-01,-4.490296281390820932e-01
-2.568836036202440387e-01,-2.568836036202440387e-01
-7.040293049851743534e-01,-7.040293049851743534e-01
-9.968343962923067458e-01,-9.968343962923067458e-01
-3.024699387993292077e-01,-3.024699387993292077e-01
-8.427192461019317182e-01,-8.427192461019317182e-01
-8.884083081741698251e-01,-8.884083081741698251e-01
1.152067968563087463e-01,1.152067968563087463e-01
-4.363561809257015534e-01,-4.363561809257015534e-01
-4.699691337904158273e-01,-4.699691337904158273e-01
-7.836927608798759382e-01,-7.836927608798759382e-01
-8.807789664676357599e-02,-8.807789664676357599e-02
-5.565798369101218057e-01,-5.565798369101218057e-01
-6.572006621173567265e-01,-6.572006621173567265e-01
-6.659038956031311240e-01,-6.659038956031311240e-01
-7.544574876534098085e-01,-7.544574876534098085e-01
-7.278685368709043590e-01,-7.278685368709043590e-01
-9.102043946620295145e-01,-9.102043946620295145e-01
-5.989102958354010076e-01,-5.989102958354010076e-01
-4.601012743720988007e-01,-4.601012743720988007e-01
-5.006370650601239536e-01,-5.006370650601239536e-01
-3.080126867502943622e-01,-3.080126867502943622e-01
-7.765327131855841447e-01,-7.765327131855841447e-01
-1.138483513836742844e+00,-1.138483513836742844e+00
-4.696751510497083060e-01,-4.696751510497083060e-01
-9.434716390152033672e-01,-9.434716390152033672e-01
-8.718263181984327037e-01,-8.718263181984327037e-01
-9.470862049204680222e-01,-9.470862049204680222e-01
-4.972606851504770553e-01,-4.972606851504770553e-01
-1.298815912026618502e+00,-1.298815912026618502e+00
-9.655363106243524118e-01,-9.655363106243524118e-01
-1.338142774778391608e+00,-1.338142774778391608e+00
2.267916835665851893e-01,2.267916835665851893e-01
-4.782021760507732533e-01,-4.782021760507732533e-01
-1.258843693510786732e+00,-1.258843693510786732e+00
-7.132198849003462682e-01,-7.132198849003462682e-01
-5.372829107187100384e-01,-5.372829107187100384e-01
-9.633419570087639050e-01,-9.633419570087639050e-01
-5.898410350604932351e-01,-5.898410350604932351e-01
-1.213142120158543280e+00,-1.213142120158543280e+00
-6.563986810235431513e-01,-6.563986810235431513e-01
4.332291838158774944e-02,4.332291838158774944e-02
-6.241535208899477993e-01,-6.241535208899477993e-01
-4.324101884248977568e-01,-4.324101884248977568e-01
-5.582256000317860067e-01,-5.582256000317860067e-01
-1.198333854073087457e+00,-1.198333854073087457e+00
-1.567027183156257442e+00,-1.567027183156257442e+00
-8.838938779483568320e-02,-8.838938779483568320e-02
-6.512174119986581244e-01,-6.512174119986581244e-01
-2.463011606610332471e-01,-2.463011606610332471e-01
-1.243053614580793775e+00,-1.243053614580793775e+00
-1.141985855149342477e+00,-1.141985855149342477e+00
-9.451536882028150899e-01,-9.451536882028150899e-01
-7.585139459939216344e-01,-7.585139459939216344e-01
-5.143697195807888090e-01,-5.143697195807888090e-01
-6.285526518360755599e-01,-6.285526518360755599e-01
-8.105843963976577804e-01,-8.105843963976577804e-01
-4.420498409126667472e-01,-4.420498409126667472e-01
-8.271443798549003024e-01,-8.271443798549003024e-01
-1.010393346569031792e+00,-1.010393346569031792e+00
-1.100919005793068006e+00,-1.100919005793068006e+00
-2.873425504175651790e-01,-2.873425504175651790e-01
-6.477298815520764474e-01,-6.477298815520764474e-01
-9.578658951690011136e-01,-9.578658951690011136e-01
-4.910660925019195711e-01,-4.910660925019195711e-01
-1.120306829348710620e+00,-1.120306829348710620e+00
-7.063406587618693555e-01,-7.063406587618693555e-01
-7.248140537922399540e-01,-7.248140537922399540e-01
-3.362313893588674274e-01,-3.362313893588674274e-01
-7.863427353023015876e-01,-7.863427353023015876e-01
-1.197128805291289844e+00,-1.197128805291289844e+00
-1.031841319337880813e+00,-1.031841319337880813e+00
-7.920170354905664567e-01,-7.920170354905664567e-01
-7.968267544356144594e-01,-7.968267544356144594e-01
-3.166474659396224522e-01,-3.166474659396224522e-01
-6.463917574170670033e-01,-6.463917574170670033e-01
-9.600344912983139745e-01,-9.600344912983139745e-01
-1.033942013071554422e+00,-1.033942013071554422e+00
-8.019820394506991246e-01,-8.019820394506991246e-01
-1.115298813979690884e+00,-1.115298813979690884e+00
-6.091492310614150529e-01,-6.091492310614150529e-01
-1.390746149130220877e-01,-1.390746149130220877e-01
-9.164198772086306066e-01,-9.164198772086306066e-01
-8.763051279337712440e-01,-8.763051279337712440e-01
-3.297659715987755202e-01,-3.297659715987755202e-01
-4.001375846216155274e-01,-4.001375846216155274e-01
-8.965143035438036812e-01,-8.965143035438036812e-01
-9.249610805536621072e-01,-9.249610805536621072e-01
-1.396715772829710822e+00,-1.396715772829710822e+00
-1.218568641671558650e+00,-1.218568641671558650e+00
-1.099980653623330085e+00,-1.099980653623330085e+00
-7.946666089991860638e-01,-7.946666089991860638e-01
-7.024763746417436172e-01,-7.024763746417436172e-01
-7.765307476996705649e-01,-7.765307476996705649e-01
1.749434519121601528e-01,1.749434519121601528e-01
-6.803739499249062961e-01,-6.803739499249062961e-01
-7.008569793352802391e-01,-7.008569793352802391e-01
-9.378441269200845642e-01,-9.378441269200845642e-01
-5.631975238462942901e-01,-5.631975238462942901e-01
-6.192892749030591837e-01,-6.192892749030591837e-01
-1.076485157506257284e+00,-1.076485157506257284e+00
-1.242623365521527079e+00,-1.242623365521527079e+00
-1.045936839670203122e+00,-1.045936839670203122e+00
-8.028116501161824958e-01,-8.028116501161824958e-01
-6.951333721751806749e-01,-6.951333721751806749e-01
-7.614611020921363549e-01,-7.614611020921363549e-01
-6.639134892066298477e-01,-6.639134892066298477e-01
-9.447624801739760159e-01,-9.447624801739760159e-01
-5.524764092076193123e-01,-5.524764092076193123e-01
-6.403003625100252005e-01,-6.403003625100252005e-01
-6.956652547749124782e-01,-6.956652547749124782e-01
-2.736176680944963358e-01,-2.736176680944963358e-01
-9.549840261416886467e-01,-9.549840261416886467e-01
-8.587882162696063304e-01,-8.587882162696063304e-01
-1.707867179137350644e-01,-1.707867179137350644e-01
-5.708177802290430591e-01,-5.708177802290430591e-01
-8.422982841269766041e-01,-8.422982841269766041e-01
-6.091732122598674248e-01,-6.091732122598674248e-01
-4.622406144242337533e-01,-4.622406144242337533e-01
-9.200431052416092603e-01,-9.200431052416092603e-01
-7.241353594686429362e-01,-7.241353594686429362e-01
-1.155981569106733664e+00,-1.155981569106733664e+00
-3.073022802791064989e-01,-3.073022802791064989e-01
-1.198486171426854430e+00,-1.198486171426854430e+00
-6.886073548629018104e-01,-6.886073548629018104e-01
-8.067100268889597636e-01,-8.067100268889597636e-01
-5.969581643249548542e-01,-5.969581643249548542e-01
-9.026674794537264956e-01,-9.026674794537264956e-01
-6.277537835919813070e-01,-6.277537835919813070e-01
-8.363091192526871387e-01,-8.363091192526871387e-01
-8.572777245813997249e-01,-8.572777245813997249e-01
-5.658994087085877922e-01,-5.658994087085877922e-01
-9.079275689788208759e-01,-9.079275689788208759e-01
-9.295317529686892843e-01,-9.295317529686892843e-01
-6.015704178913793276e-01,-6.015704178913793276e-01
-8.605087459953808526e-01,-8.605087459953808526e-01
-1.370898004117467317e-01,-1.370898004117467317e-01
-7.508356266991413897e-01,-7.508356266991413897e-01
-6.132643260505430405e-01,-6.132643260505430405e-01
-1.213679539056384260e-01,-1.213679539056384260e-01
-1.883028348355597070e-01,-1.883028348355597070e-01
-4.335067766085334284e-01,-4.335067766085334284e-01
-6.850325260631821012e-01,-6.850325260631821012e-01
-5.271774333647407662e-01,-5.271774333647407662e-01
-9.167456389816743823e-01,-9.167456389816743823e-01
-1.066635764686051591e+00,-1.066635764686051591e+00
-7.945210109707268042e-01,-7.945210109707268042e-01
-1.280944397278950486e+00,-1.280944397278950486e+00
-6.831102666129821310e-01,-6.831102666129821310e-01
-7.494032110083822529e-01,-7.494032110083822529e-01
-1.023078582695606142e+00,-1.023078582695606142e+00
-1.088937474503606673e+00,-1.088937474503606673e+00
-6.184269197378846616e-01,-6.184269197378846616e-01
-9.598005851218089912e-01,-9.598005851218089912e-01
-9.676228426288038253e-01,-9.676228426288038253e-01
-5.950473205900901341e-01,-5.950473205900901341e-01
-1.010554264674398350e+00,-1.010554264674398350e+00
-7.223785700019887956e-01,-7.223785700019887956e-01
-9.956694492249604789e-01,-9.956694492249604789e-01
-7.160406183523140289e-01,-7.160406183523140289e-01
-4.911219907048852140e-01,-4.911219907048852140e-01
-5.513776584765764932e-01,-5.513776584765764932e-01
-5.207881449342673941e-01,-5.207881449342673941e-01
-3.034561285091251781e-01,-3.034561285091251781e-01
-7.438266603590929504e-01,-7.438266603590929504e-01
-1.155334349265737748e+00,-1.155334349265737748e+00
-1.362080678995278848e+00,-1.362080678995278848e+00
-6.812053288629056347e-01,-6.812053288629056347e-01
-8.136725289580776233e-01,-8.136725289580776233e-01
-8.094376982405200316e-01,-8.094376982405200316e-01
-6.384084555734020894e-01,-6.384084555734020894e-01
-7.947926244038379107e-01,-7.947926244038379107e-01
-6.768220223615745157e-01,-6.768220223615745157e-01
-7.093170721223125419e-01,-7.093170721223125419e-01
-6.965026097422348794e-01,-6.965026097422348794e-01
-5.701926548660922744e-01,-5.701926548660922744e-01
1.034425803802169197e-02,1.034425803802169197e-02
-5.884866127091840093e-01,-5.884866127091840093e-01
-1.101205943666923925e+00,-1.101205943666923925e+00
-7.268784895374704735e-01,-7.268784895374704735e-01
-6.909742289132358994e-01,-6.909742289132358994e-01
-1.338551587793468389e-01,-1.338551587793468389e-01
-4.613940897669067676e-01,-4.613940897669067676e-01
-2.049375941887870978e-01,-2.049375941887870978e-01
-8.906627189767184483e-01,-8.906627189767184483e-01
-1.305651656405514061e+00,-1.305651656405514061e+00
-4.601222948640092403e-01,-4.601222948640092403e-01
-4.977522206466790111e-01,-4.977522206466790111e-01
-1.696307355910813275e-01,-1.696307355910813275e-01
-1.041733493919341669e+00,-1.041733493919341669e+00
-6.454443245303582710e-01,-6.454443245303582710e-01
-7.253972102713002190e-01,-7.253972102713002190e-01
-8.446187699246419101e-01,-8.446187699246419101e-01
-8.758460013598649008e-01,-8.758460013598649008e-01
-8.473534091974783689e-01,-8.473534091974783689e-01
-8.870024636195197321e-01,-8.870024636195197321e-01
-6.064939371362108034e-01,-6.064939371362108034e-01
-1.027248889113963504e+00,-1.027248889113963504e+00
-1.175272893801768692e+00,-1.175272893801768692e+00
-1.217909382118648409e+00,-1.217909382118648409e+00
-5.978787439425730099e-01,-5.978787439425730099e-01
-4.544392139726588509e-01,-4.544392139726588509e-01
-8.551980458425658682e-01,-8.551980458425658682e-01
-9.333646293016796269e-01,-9.333646293016796269e-01
-3.488362466585840371e-01,-3.488362466585840371e-01
-7.087394546836741638e-01,-7.087394546836741638e-01
-7.717390635817074074e-01,-7.717390635817074074e-01
-5.248829818941181946e-01,-5.248829818941181946e-01
-1.231814207183445031e+00,-1.231814207183445031e+00
-6.661599914459238603e-01,-6.661599914459238603e-01
-7.549265917771497136e-01,-7.549265917771497136e-01
-2.749515465725773655e-01,-2.749515465725773655e-01
-1.136735841277286996e+00,-1.136735841277286996e+00
-3.443549673865832217e-01,-3.443549673865832217e-01
-1.037311089831627564e+00,-1.037311089831627564e+00
-2.571625829212662029e-01,-2.571625829212662029e-01
-7.310508234670268779e-01,-7.310508234670268779e-01
-3.802272120518460641e-01,-3.802272120518460641e-01
-7.946168952311838396e-01,-7.946168952311838396e-01
-8.177086997504806609e-01,-8.177086997504806609e-01
-6.432340402757282805e-01,-6.432340402757282805e-01
-8.343253042218807813e-01,-8.343253042218807813e-01
-4.370999258396857101e-01,-4.370999258396857101e-01
-9.632688861212757025e-01,-9.632688861212757025e-01
-9.203035020407250855e-01,-9.203035020407250855e-01
-9.062621683121254712e-01,-9.062621683121254712e-01
-8.795050219095390531e-01,-8.795050219095390531e-01
-9.689249605029446322e-01,-9.689249605029446322e-01
-8.065278087341120061e-01,-8.065278087341120061e-01
-6.416680607905416167e-01,-6.416680607905416167e-01
-4.802195323553795081e-01,-4.802195323553795081e-01
-8.719799949140598638e-01,-8.719799949140598638e-01
-7.610859213699995296e-01,-7.610859213699995296e-01
-1.085760404605820018e+00,-1.085760404605820018e+00
-1.185674812499806663e+00,-1.185674812499806663e+00
-8.893298843737349468e-01,-8.893298843737349468e-01
-2.865118715539528016e-01,-2.865118715539528016e-01
-8.401025230407326294e-01,-8.401025230407326294e-01
-8.840804887616475760e-01,-8.840804887616475760e-01
-1.097781509038850523e+00,-1.097781509038850523e+00
-1.159856970102738138e+00,-1.159856970102738138e+00
-1.023097023314366805e+00,-1.023097023314366805e+00
-6.864703275585353204e-01,-6.864703275585353204e-01
-3.749453171639097748e-01,-3.749453171639097748e-01
-8.941472905940596183e-01,-8.941472905940596183e-01
-9.765566102546128224e-01,-9.765566102546128224e-01
-4.947845755820874936e-01,-4.947845755820874936e-01
-8.352300481636790730e-01,-8.352300481636790730e-01
-7.776310906090087016e-01,-7.776310906090087016e-01
-8.180363691502334778e-01,-8.180363691502334778e-01
-1.517607109963515777e-01,-1.517607109963515777e-01
-4.365932882004025517e-01,-4.365932882004025517e-01
-4.052984678332461899e-01,-4.052984678332461899e-01
-2.336161684720782228e-01,-2.336161684720782228e-01
-3.899102946652820423e-01,-3.899102946652820423e-01
-7.372618684096947650e-01,-7.372618684096947650e-01
-8.334592466655152965e-01,-8.334592466655152965e-01
-5.916276063219745307e-01,-5.916276063219745307e-01
-7.876690957107221891e-01,-7.876690957107221891e-01
-8.556441891786961129e-01,-8.556441891786961129e-01
-1.173630637910261232e+00,-1.173630637910261232e+00
-1.020055661639077904e+00,-1.020055661639077904e+00
-1.216299308083200748e-01,-1.216299308083200748e-01
-7.014348107740207006e-01,-7.014348107740207006e-01
-8.889380118907407313e-01,-8.889380118907407313e-01
-5.794775740502063899e-01,-5.794775740502063899e-01
-9.015598362479801953e-01,-9.015598362479801953e-01
-9.718637556119208432e-02,-9.718637556119208432e-02
-6.390908687545786560e-01,-6.390908687545786560e-01
-1.553107729578788287e+00,-1.553107729578788287e+00
-4.656658941637586424e-01,-4.656658941637586424e-01
-9.714741547686752687e-01,-9.714741547686752687e-01
-2.515546922065725610e-02,-2.515546922065725610e-02
-1.012086593516958732e-01,-1.012086593516958732e-01
-6.000156695488608749e-01,-6.000156695488608749e-01
-6.395735193139546748e-01,-6.395735193139546748e-01
-5.845278385454499848e-02,-5.845278385454499848e-02
-4.804480887886875551e-01,-4.804480887886875551e-01
-4.735248542402702987e-01,-4.735248542402702987e-01
-2.803616894262369597e-01,-2.803616894262369597e-01
-7.039237283085324481e-01,-7.039237283085324481e-01
-4.155453643706611411e-01,-4.155453643706611411e-01
-6.446917122740113415e-01,-6.446917122740113415e-01
-1.137826423420822408e+00,-1.137826423420822408e+00
-9.711977812619198014e-01,-9.711977812619198014e-01
-7.482311182978413910e-01,-7.482311182978413910e-01
-9.016760450774023994e-01,-9.016760450774023994e-01
-4.018317164764574345e-01,-4.018317164764574345e-01
-1.168062143657142560e+00,-1.168062143657142560e+00
-1.274657606871468341e+00,-1.274657606871468341e+00
-9.844850261442363859e-01,-9.844850261442363859e-01
-3.184661461625531431e-01,-3.184661461625531431e-01
-3.674377542450718570e-02,-3.674377542450718570e-02
-1.120291004316884331e+00,-1.120291004316884331e+00
-6.339701032342092146e-01,-6.339701032342092146e-01
-7.584463362714484180e-01,-7.584463362714484180e-01
-1.251967562869945372e+00,-1.251967562869945372e+00
-6.950667713621010435e-01,-6.950667713621010435e-01
-2.754102215227108852e-01,-2.754102215227108852e-01
-9.181276649766709763e-01,-9.181276649766709763e-01
-7.766968500325024394e-01,-7.766968500325024394e-01
-5.944576161183632301e-01,-5.944576161183632301e-01
-1.184604799473718550e+00,-1.184604799473718550e+00
-9.516325314959535042e-01,-9.516325314959535042e-01
-1.594734079476330724e+00,-1.594734079476330724e+00
-2.885488218709064689e-02,-2.885488218709064689e-02
-8.921369102960803321e-01,-8.921369102960803321e-01
-1.222822490425315989e+00,-1.222822490425315989e+00
-6.176171919904990260e-01,-6.176171919904990260e-01
-3.462403106051624713e-01,-3.462403106051624713e-01
-7.868990121576064922e-01,-7.868990121576064922e-01
-1.163239583473740346e+00,-1.163239583473740346e+00
-1.513706691112204350e-01,-1.513706691112204350e-01
-3.334572245534712653e-01,-3.334572245534712653e-01
-8.441174940879991873e-01,-8.441174940879991873e-01
-8.170015749158296980e-01,-8.170015749158296980e-01
-7.867393193593091860e-02,-7.867393193593091860e-02
-1.029715986363819891e+00,-1.029715986363819891e+00
-9.702789749735725167e-01,-9.702789749735725167e-01
-2.082404941710859214e-01,-2.082404941710859214e-01
-1.491136506050154686e-01,-1.491136506050154686e-01
-2.425251701729276288e-01,-2.425251701729276288e-01
-7.250024440985314289e-01,-7.250024440985314289e-01
-6.091014151639353447e-01,-6.091014151639353447e-01
-8.370831502585275308e-01,-8.370831502585275308e-01
-8.596058647659587937e-01,-8.596058647659587937e-01
4.446776111987977842e-01,4.446776111987977842e-01
-6.718128110438870149e-01,-6.718128110438870149e-01
-7.242773304247827060e-01,-7.242773304247827060e-01
