-6.777350305159533794e-02,-6.777350305159533794e-02
-4.978585928749196254e-02,-4.978585928749196254e-02
-3.350695903895143518e-02,-3.350695903895143518e-02
-5.168268217162858003e-02,-5.168268217162858003e-02
-5.652666942787777649e-02,-5.652666942787777649e-02
-5.080809071119960635e-02,-5.080809071119960635e-02
-4.309165958280770925e-02,-4.309165958280770925e-02
-7.456564445944298403e-02,-7.456564445944298403e-02
-5.567819182788624754e-02,-5.567819182788624754e-02
-6.680538941992833490e-02,-6.680538941992833490e-02
-6.769034867397301369e-02,-6.769034867397301369e-02
-5.244790768634288725e-02,-5.244790768634288725e-02
-4.737372761885403488e-02,-4.737372761885403488e-02
-4.550434362169222813e-02,-4.550434362169222813e-02
-3.699761005577892337e-02,-3.699761005577892337e-02
-3.188264569288094818e-02,-3.188264569288094818e-02
-2.320733877280426599e-02,-2.320733877280426599e-02
-7.327009486345169298e-02,-7.327009486345169298e-02
-5.280894371779902563e-02,-5.280894371779902563e-02
-4.746160500288654910e-02,-4.746160500288654910e-02
-3.425136422778355533e-02,-3.425136422778355533e-02
-5.681959857948262055e-02,-5.681959857948262055e-02
-8.005312202154288292e-02,-8.005312202154288292e-02
-6.188346322445629349e-02,-6.188346322445629349e-02
-4.567494672084448926e-02,-4.567494672084448926e-02
-7.546994979674478965e-02,-7.546994979674478965e-02
-7.153770493431131638e-02,-7.153770493431131638e-02
-7.164125109975620631e-02,-7.164125109975620631e-02
-4.732670883654942900e-02,-4.732670883654942900e-02
-5.331818459647572755e-02,-5.331818459647572755e-02
-6.870148687360033701e-02,-6.870148687360033701e-02
-6.087503821187811859e-02,-6.087503821187811859e-02
-7.272007542327993401e-02,-7.272007542327993401e-02
-7.769616026615548676e-02,-7.769616026615548676e-02
-3.843750192535764360e-02,-3.843750192535764360e-02
-3.829123232305215591e-02,-3.829123232305215591e-02
-4.298740436048507918e-02,-4.298740436048507918e-02
-6.147592091091839961e-02,-6.147592091091839961e-02
-4.195557891696120173e-02,-4.195557891696120173e-02
-6.749584445548878486e-02,-6.749584445548878486e-02
-5.293176518763635652e-02,-5.293176518763635652e-02
-6.786405175193814532e-02,-6.786405175193814532e-02
-8.354133379506320511e-02,-8.354133379506320511e-02
-6.103502032289911255e-02,-6.103502032289911255e-02
-4.104329531538232489e-02,-4.104329531538232489e-02
-3.816586298659429416e-02,-3.816586298659429416e-02
-5.573226648912417425e-02,-5.573226648912417425e-02
-6.515761373726453032e-02,-6.515761373726453032e-02
-4.711498314128400450e-02,-4.711498314128400450e-02
-5.388468467610309232e-02,-5.388468467610309232e-02
-6.120496750299097427e-02,-6.120496750299097427e-02
-4.718840176063153480e-02,-4.718840176063153480e-02
-7.960372836609608260e-02,-7.960372836609608260e-02
-5.374658920130323536e-02,-5.374658920130323536e-02
-7.000902443552391163e-02,-7.000902443552391163e-02
-7.318301291556957022e-02,-7.318301291556957022e-02
-7.207773654693629128e-02,-7.207773654693629128e-02
-1.257400559627009501e-02,-1.257400559627009501e-02
-6.134672068462088124e-02,-6.134672068462088124e-02
-7.725500117600139771e-02,-7.725500117600139771e-02
-6.791538579886280402e-02,-6.791538579886280402e-02
-3.818492485765179884e-02,-3.818492485765179884e-02
-5.962441281786058644e-02,-5.962441281786058644e-02
-7.656129337442163507e-02,-7.656129337442163507e-02
-8.122210800440568534e-02,-8.122210800440568534e-02
-5.275789251499373583e-02,-5.275789251499373583e-02
-5.017729446410452987e-02,-5.017729446410452987e-02
-5.688416631573148252e-02,-5.688416631573148252e-02
-5.996014638258678753e-02,-5.996014638258678753e-02
-5.667678028657063133e-02,-5.667678028657063133e-02
-7.200159368650996261e-02,-7.200159368650996261e-02
-7.356757662584816060e-02,-7.356757662584816060e-02
-5.495259874879497575e-02,-5.495259874879497575e-02
-2.511240673368571666e-02,-2.511240673368571666e-02
-5.836684988989805645e-02,-5.836684988989805645e-02
-4.786086149236876836e-02,-4.786086149236876836e-02
-2.516198252172471145e-02,-2.516198252172471145e-02
-7.144169732973820741e-02,-7.144169732973820741e-02
-7.087369502246251840e-02,-7.087369502246251840e-02
-2.719163082712992840e-02,-2.719163082712992840e-02
-3.543370875913154361e-02,-3.543370875913154361e-02
-3.794359530051028689e-02,-3.794359530051028689e-02
-6.017579461232812343e-02,-6.017579461232812343e-02
-1.635749206386602136e-02,-1.635749206386602136e-02
-5.759621847188980265e-02,-5.759621847188980265e-02
-4.596571060648707574e-02,-4.596571060648707574e-02
-7.939757612092328276e-02,-7.939757612092328276e-02
-6.775985619266813864e-02,-6.775985619266813864e-02
-5.238886221029045304e-02,-5.238886221029045304e-02
-5.459451617584236416e-02,-5.459451617584236416e-02
-5.973275614860926175e-02,-5.973275614860926175e-02
-5.884942069724395652e-02,-5.884942069724395652e-02
-5.033474358423321166e-02,-5.033474358423321166e-02
-4.500627224315370545e-02,-4.500627224315370545e-02
-3.791045251452088843e-02,-3.791045251452088843e-02
-6.431602436986076643e-02,-6.431602436986076643e-02
-5.251221331572460821e-02,-5.251221331572460821e-02
-5.788636241850686481e-02,-5.788636241850686481e-02
-4.515662683787352583e-02,-4.515662683787352583e-02
-8.606269263251267732e-02,-8.606269263251267732e-02
-3.790852380808603511e-02,-3.790852380808603511e-02
-6.502833374022518043e-02,-6.502833374022518043e-02
-4.663994601081986047e-02,-4.663994601081986047e-02
-7.263670781997975945e-02,-7.263670781997975945e-02
-7.349349380887094940e-02,-7.349349380887094940e-02
-5.185177684395020359e-02,-5.185177684395020359e-02
-5.391759382597537120e-02,-5.391759382597537120e-02
-2.971950692462829030e-02,-2.971950692462829030e-02
-5.696576988482545539e-02,-5.696576988482545539e-02
-3.590021791720369310e-02,-3.590021791720369310e-02
-4.912352908184342004e-02,-4.912352908184342004e-02
-5.608946585507489785e-02,-5.608946585507489785e-02
-5.637723884072860792e-02,-5.637723884072860792e-02
-3.181010517795889586e-02,-3.181010517795889586e-02
-5.329372120805962038e-02,-5.329372120805962038e-02
-1.333337738692414592e-02,-1.333337738692414592e-02
-4.507278786449955832e-02,-4.507278786449955832e-02
-5.786865675829717254e-02,-5.786865675829717254e-02
-7.692221128926057805e-02,-7.692221128926057805e-02
-7.324289914388354417e-02,-7.324289914388354417e-02
-5.717754105845136714e-02,-5.717754105845136714e-02
-3.173903633223687515e-02,-3.173903633223687515e-02
-4.725155314982583399e-02,-4.725155314982583399e-02
-4.515284289670199597e-02,-4.515284289670199597e-02
-4.598011419640704589e-02,-4.598011419640704589e-02
-3.848185632709714976e-02,-3.848185632709714976e-02
-7.635847583608443290e-02,-7.635847583608443290e-02
-6.490764745692487181e-02,-6.490764745692487181e-02
-3.356253006539465511e-02,-3.356253006539465511e-02
-2.289480854340588539e-02,-2.289480854340588539e-02
-5.850906272603864644e-02,-5.850906272603864644e-02
-6.060759889128969347e-02,-6.060759889128969347e-02
-5.763707418562416529e-02,-5.763707418562416529e-02
-8.249162366774845379e-02,-8.249162366774845379e-02
-4.749304740003305186e-02,-4.749304740003305186e-02
-3.591149660706455249e-02,-3.591149660706455249e-02
-6.552234376065464716e-02,-6.552234376065464716e-02
-5.084156168435227663e-02,-5.084156168435227663e-02
-5.850921801766372637e-02,-5.850921801766372637e-02
-4.921071668154516909e-02,-4.921071668154516909e-02
-7.716200954928463529e-02,-7.716200954928463529e-02
-6.663776350493957890e-02,-6.663776350493957890e-02
-5.806391804983183219e-02,-5.806391804983183219e-02
-7.525588115367638775e-02,-7.525588115367638775e-02
-8.699734318863550087e-02,-8.699734318863550087e-02
-8.154293962561384723e-02,-8.154293962561384723e-02
-5.861247402571068132e-02,-5.861247402571068132e-02
-4.657991738143039961e-02,-4.657991738143039961e-02
-6.910251470967250509e-02,-6.910251470967250509e-02
-3.703997365948129283e-02,-3.703997365948129283e-02
-6.773360848376633325e-02,-6.773360848376633325e-02
-3.990353384719805968e-02,-3.990353384719805968e-02
-6.424622377825882358e-02,-6.424622377825882358e-02
-5.019441865117661022e-02,-5.019441865117661022e-02
-3.668595698081371370e-02,-3.668595698081371370e-02
-2.937727987836170201e-02,-2.937727987836170201e-02
-1.887770506567180984e-02,-1.887770506567180984e-02
-3.336977310400681546e-02,-3.336977310400681546e-02
-6.942353751667607042e-02,-6.942353751667607042e-02
-2.718901633755902228e-02,-2.718901633755902228e-02
-6.954362240100947501e-02,-6.954362240100947501e-02
-5.417417906155998220e-02,-5.417417906155998220e-02
-2.811914000390563703e-02,-2.811914000390563703e-02
-5.832243436052256258e-02,-5.832243436052256258e-02
-3.323046466260824727e-02,-3.323046466260824727e-02
-7.235426144274656468e-02,-7.235426144274656468e-02
-5.929659292867849735e-02,-5.929659292867849735e-02
-6.169412390920929468e-02,-6.169412390920929468e-02
-3.188258584006149060e-02,-3.188258584006149060e-02
-4.197449360369978621e-02,-4.197449360369978621e-02
-4.195184108164735221e-02,-4.195184108164735221e-02
-7.461306447611705528e-02,-7.461306447611705528e-02
-4.889667197541534838e-02,-4.889667197541534838e-02
-4.838739271958625299e-02,-4.838739271958625299e-02
-2.493576211958929006e-02,-2.493576211958929006e-02
-4.864514377094830699e-02,-4.864514377094830699e-02
-5.284480965179889911e-02,-5.284480965179889911e-02
-4.307895277409434093e-02,-4.307895277409434093e-02
-4.812627301020788728e-02,-4.812627301020788728e-02
-6.063549801021381191e-02,-6.063549801021381191e-02
-7.616573588280244056e-02,-7.616573588280244056e-02
-5.764716802484685931e-02,-5.764716802484685931e-02
-2.606285088843659711e-02,-2.606285088843659711e-02
-6.441860613760477805e-02,-6.441860613760477805e-02
-7.504622467126124963e-02,-7.504622467126124963e-02
-1.260540259491444923e-02,-1.260540259491444923e-02
-4.533385597478356566e-02,-4.533385597478356566e-02
-5.733401988994764331e-02,-5.733401988994764331e-02
-5.693538825893376676e-02,-5.693538825893376676e-02
-5.703276878361555197e-02,-5.703276878361555197e-02
-8.541053453422184361e-02,-8.541053453422184361e-02
-6.650677306505489716e-02,-6.650677306505489716e-02
-6.929618336982286408e-02,-6.929618336982286408e-02
-6.030609803293049409e-02,-6.030609803293049409e-02
-6.597383530209427471e-02,-6.597383530209427471e-02
-5.434539718881013781e-02,-5.434539718881013781e-02
-4.913576358150207463e-02,-4.913576358150207463e-02
-5.647972670912775051e-02,-5.647972670912775051e-02
-4.075346320649866211e-02,-4.075346320649866211e-02
-6.141479475708877533e-02,-6.141479475708877533e-02
-6.248504319703873655e-02,-6.248504319703873655e-02
-5.742425680098570129e-02,-5.742425680098570129e-02
-5.114676720801505233e-02,-5.114676720801505233e-02
-5.691288857714382754e-02,-5.691288857714382754e-02
-5.100733021892929486e-02,-5.100733021892929486e-02
-6.946765814200854539e-02,-6.946765814200854539e-02
-6.704368771275220906e-02,-6.704368771275220906e-02
-5.684566739166226068e-02,-5.684566739166226068e-02
-4.986652838458106862e-02,-4.986652838458106862e-02
-6.136933925330363693e-02,-6.136933925330363693e-02
-3.776315706896857249e-02,-3.776315706896857249e-02
-5.631066845021999445e-02,-5.631066845021999445e-02
-3.851208758944623528e-02,-3.851208758944623528e-02
-5.936936420057792319e-02,-5.936936420057792319e-02
-4.476445537786731543e-02,-4.476445537786731543e-02
-4.240466471023105616e-02,-4.240466471023105616e-02
-5.529191779927745964e-02,-5.529191779927745964e-02
-4.887726727636782648e-02,-4.887726727636782648e-02
-6.387633211167154101e-02,-6.387633211167154101e-02
-3.160015831207522996e-02,-3.160015831207522996e-02
-5.686969981758550896e-02,-5.686969981758550896e-02
-3.170953755314871725e-02,-3.170953755314871725e-02
-4.300011225860426306e-02,-4.300011225860426306e-02
-4.332418103200615100e-02,-4.332418103200615100e-02
-6.003111550854192680e-02,-6.003111550854192680e-02
-3.561007419466697549e-02,-3.561007419466697549e-02
-6.000370317555832334e-02,-6.000370317555832334e-02
-6.151169568871031612e-02,-6.151169568871031612e-02
-7.697704716511415135e-02,-7.697704716511415135e-02
-7.059764738237658821e-02,-7.059764738237658821e-02
-6.500295997200253306e-02,-6.500295997200253306e-02
-4.221398460226497007e-02,-4.221398460226497007e-02
-6.915664733391599373e-02,-6.915664733391599373e-02
-6.576979529777643441e-02,-6.576979529777643441e-02
-5.371525661002430480e-02,-5.371525661002430480e-02
-6.098165975892060053e-02,-6.098165975892060053e-02
-3.776446866586585099e-02,-3.776446866586585099e-02
-8.798133621312208275e-02,-8.798133621312208275e-02
-6.600270368461089165e-02,-6.600270368461089165e-02
-4.933377593226252744e-02,-4.933377593226252744e-02
-4.420953479356908022e-02,-4.420953479356908022e-02
-4.901443066277842014e-02,-4.901443066277842014e-02
-4.637343899291117288e-02,-4.637343899291117288e-02
-7.296523748735404824e-02,-7.296523748735404824e-02
-5.020039985698944440e-02,-5.020039985698944440e-02
-6.729433575092548525e-02,-6.729433575092548525e-02
-6.552929651150087020e-02,-6.552929651150087020e-02
-2.300221854717338435e-02,-2.300221854717338435e-02
-8.621980164258070956e-02,-8.621980164258070956e-02
-4.745999763452400655e-02,-4.745999763452400655e-02
-6.756472996648743568e-02,-6.756472996648743568e-02
-3.644935866234944033e-02,-3.644935866234944033e-02
-5.328393058041216990e-02,-5.328393058041216990e-02
-4.413425899702952404e-02,-4.413425899702952404e-02
-7.109177212885096908e-02,-7.109177212885096908e-02
-6.915042974955246113e-02,-6.915042974955246113e-02
-5.111522513057081829e-02,-5.111522513057081829e-02
-6.554021715987447261e-02,-6.554021715987447261e-02
-6.331297007628514106e-02,-6.331297007628514106e-02
-5.004307550879535937e-02,-5.004307550879535937e-02
-6.680112101265180125e-02,-6.680112101265180125e-02
-8.977410746322245227e-02,-8.977410746322245227e-02
-3.501853250590721001e-02,-3.501853250590721001e-02
-5.054400872027406399e-02,-5.054400872027406399e-02
-5.180311794846163831e-02,-5.180311794846163831e-02
-7.577373148689578453e-02,-7.577373148689578453e-02
-4.613154417655615513e-02,-4.613154417655615513e-02
-4.438622571289983082e-02,-4.438622571289983082e-02
-3.927586063426338064e-02,-3.927586063426338064e-02
-4.038884710378974618e-02,-4.038884710378974618e-02
-6.024597711567321323e-02,-6.024597711567321323e-02
-4.231648056231041011e-02,-4.231648056231041011e-02
-6.041469296783284065e-02,-6.041469296783284065e-02
-4.906720586309777643e-02,-4.906720586309777643e-02
-4.066712854993209669e-02,-4.066712854993209669e-02
-4.141665455025461684e-02,-4.141665455025461684e-02
-5.465258563700881728e-02,-5.465258563700881728e-02
-5.447743337906527095e-02,-5.447743337906527095e-02
-5.500677427578557627e-02,-5.500677427578557627e-02
-6.476415967380215466e-02,-6.476415967380215466e-02
-1.009577325142908266e-01,-1.009577325142908266e-01
-5.633288385825085259e-02,-5.633288385825085259e-02
-5.665958218209562330e-02,-5.665958218209562330e-02
-4.078594427290546665e-02,-4.078594427290546665e-02
-5.329038465891053344e-02,-5.329038465891053344e-02
-6.201628864583407647e-02,-6.201628864583407647e-02
-5.581341271607823118e-02,-5.581341271607823118e-02
-8.549930950849429778e-02,-8.549930950849429778e-02
-3.566420512129751808e-02,-3.566420512129751808e-02
-5.795421794373200458e-02,-5.795421794373200458e-02
-4.340219454013428957e-02,-4.340219454013428957e-02
-5.946048173201109316e-02,-5.946048173201109316e-02
-4.650141640892706263e-02,-4.650141640892706263e-02
-6.933871916954803538e-02,-6.933871916954803538e-02
-6.273834455001914279e-02,-6.273834455001914279e-02
-4.836813253383176470e-02,-4.836813253383176470e-02
-6.199178362449131452e-02,-6.199178362449131452e-02
-4.871423941778820627e-02,-4.871423941778820627e-02
-5.708734699982663530e-02,-5.708734699982663530e-02
-4.921709604493403056e-02,-4.921709604493403056e-02
-6.482118540629848435e-02,-6.482118540629848435e-02
-4.959399702816036370e-02,-4.959399702816036370e-02
-5.046352812453398784e-02,-5.046352812453398784e-02
-4.085022172656267714e-02,-4.085022172656267714e-02
-8.264708586936571344e-02,-8.264708586936571344e-02
-4.974628134818914749e-02,-4.974628134818914749e-02
-3.949058757571525385e-02,-3.949058757571525385e-02
-5.776221591634716351e-02,-5.776221591634716351e-02
-6.831151942071873873e-02,-6.831151942071873873e-02
-6.105231305885827631e-02,-6.105231305885827631e-02
-4.515565393392978466e-02,-4.515565393392978466e-02
-5.011560474948743155e-02,-5.011560474948743155e-02
-6.706204240172029818e-02,-6.706204240172029818e-02
-6.956924112906091862e-02,-6.956924112906091862e-02
-6.271780718259235832e-02,-6.271780718259235832e-02
-2.984695281214269288e-02,-2.984695281214269288e-02
-4.463228158324809153e-02,-4.463228158324809153e-02
-3.961000528578854235e-02,-3.961000528578854235e-02
-6.349508357119207358e-02,-6.349508357119207358e-02
-4.580239547367016828e-02,-4.580239547367016828e-02
-4.811345171239893997e-02,-4.811345171239893997e-02
-5.575012149977989773e-02,-5.575012149977989773e-02
-4.701515042640599246e-02,-4.701515042640599246e-02
-4.674667014908647639e-02,-4.674667014908647639e-02
-7.035748292139645810e-02,-7.035748292139645810e-02
-5.659784327790463171e-02,-5.659784327790463171e-02
-3.136805412496174866e-02,-3.136805412496174866e-02
-2.709932873578220491e-02,-2.709932873578220491e-02
-5.282173934919064812e-02,-5.282173934919064812e-02
-4.508627749860803086e-02,-4.508627749860803086e-02
-7.310645955438598020e-02,-7.310645955438598020e-02
-9.438432024121955199e-02,-9.438432024121955199e-02
-6.947107543615102521e-02,-6.947107543615102521e-02
-5.310030988929791140e-02,-5.310030988929791140e-02
-5.383786467095293127e-02,-5.383786467095293127e-02
-6.197026076467644640e-02,-6.197026076467644640e-02
-5.501356435480792006e-02,-5.501356435480792006e-02
-6.981798814291548250e-02,-6.981798814291548250e-02
-6.360263013314640390e-02,-6.360263013314640390e-02
-3.894299018537784179e-02,-3.894299018537784179e-02
-3.529092128276535567e-02,-3.529092128276535567e-02
-5.010561475359477657e-02,-5.010561475359477657e-02
-5.144139342997518238e-02,-5.144139342997518238e-02
-7.583017219196372394e-02,-7.583017219196372394e-02
-5.397648024579588394e-02,-5.397648024579588394e-02
-5.428705980833831851e-02,-5.428705980833831851e-02
-6.607086516564478207e-02,-6.607086516564478207e-02
-7.263211180348558282e-02,-7.263211180348558282e-02
-7.499391214679160256e-02,-7.499391214679160256e-02
-4.668010551180122591e-02,-4.668010551180122591e-02
-5.188270007588220017e-02,-5.188270007588220017e-02
-4.257305228376048745e-02,-4.257305228376048745e-02
-4.192010337266926373e-02,-4.192010337266926373e-02
-5.572841034443358488e-02,-5.572841034443358488e-02
-5.342707585726916286e-02,-5.342707585726916286e-02
-6.292625179631539112e-02,-6.292625179631539112e-02
-6.263182984232865125e-02,-6.263182984232865125e-02
-5.483763513419739194e-02,-5.483763513419739194e-02
-3.920933805575218395e-02,-3.920933805575218395e-02
-5.975682321918517059e-02,-5.975682321918517059e-02
-3.745480163556814956e-02,-3.745480163556814956e-02
-2.967868652549597933e-02,-2.967868652549597933e-02
-5.795380866866585434e-02,-5.795380866866585434e-02
-2.251988925878870701e-02,-2.251988925878870701e-02
-6.942373483927316569e-02,-6.942373483927316569e-02
-2.714831967841983829e-02,-2.714831967841983829e-02
-6.324975559526055391e-02,-6.324975559526055391e-02
-5.109860809430531031e-02,-5.109860809430531031e-02
-5.760265547148309823e-02,-5.760265547148309823e-02
-4.312739348265019756e-02,-4.312739348265019756e-02
-5.582755321122032793e-02,-5.582755321122032793e-02
-5.783453588981703197e-02,-5.783453588981703197e-02
-5.104594546054728316e-02,-5.104594546054728316e-02
-3.905180233182310029e-02,-3.905180233182310029e-02
-5.074691350957018926e-02,-5.074691350957018926e-02
-4.900861061290619908e-02,-4.900861061290619908e-02
-5.452527294153170639e-02,-5.452527294153170639e-02
-4.237265796006545182e-02,-4.237265796006545182e-02
-2.810815629035674085e-02,-2.810815629035674085e-02
-6.498126296735230734e-02,-6.498126296735230734e-02
-7.095881746770482668e-02,-7.095881746770482668e-02
-3.779403411823183123e-02,-3.779403411823183123e-02
-5.314541369552951144e-02,-5.314541369552951144e-02
-3.658925345415636743e-02,-3.658925345415636743e-02
-5.286667566222386788e-02,-5.286667566222386788e-02
-2.839677892650674731e-02,-2.839677892650674731e-02
-6.466382521659364002e-02,-6.466382521659364002e-02
-6.004268843256545946e-02,-6.004268843256545946e-02
-6.249060250527233018e-02,-6.249060250527233018e-02
-4.904476289407679740e-02,-4.904476289407679740e-02
-4.004959538756986542e-02,-4.004959538756986542e-02
-6.618776229847717074e-02,-6.618776229847717074e-02
-2.964995693560536910e-02,-2.964995693560536910e-02
-4.320926522987355439e-02,-4.320926522987355439e-02
-4.710206531458504403e-02,-4.710206531458504403e-02
-8.122079265635274992e-02,-8.122079265635274992e-02
-6.237090974730368637e-02,-6.237090974730368637e-02
-3.849110946413865364e-02,-3.849110946413865364e-02
-3.606407187642352019e-02,-3.606407187642352019e-02
-5.472013279738206087e-02,-5.472013279738206087e-02
-5.218933822932075861e-02,-5.218933822932075861e-02
-6.191339579043157043e-02,-6.191339579043157043e-02
-5.918141044528843486e-02,-5.918141044528843486e-02
-4.071098350958095996e-02,-4.071098350958095996e-02
-7.292394420466320748e-02,-7.292394420466320748e-02
-6.468493099586083983e-02,-6.468493099586083983e-02
-7.383411041900470040e-02,-7.383411041900470040e-02
-6.449188307216770222e-02,-6.449188307216770222e-02
-7.112659605653810779e-02,-7.112659605653810779e-02
-7.976399177392679007e-02,-7.976399177392679007e-02
-4.610604132112185866e-02,-4.610604132112185866e-02
-5.364537762551504357e-02,-5.364537762551504357e-02
-5.520493065971319308e-02,-5.520493065971319308e-02
-6.166868244941713095e-02,-6.166868244941713095e-02
-6.097737250465310593e-02,-6.097737250465310593e-02
-5.639911926050555913e-02,-5.639911926050555913e-02
-4.388980556583938625e-02,-4.388980556583938625e-02
-7.941080490672315639e-02,-7.941080490672315639e-02
-5.904507283636663967e-02,-5.904507283636663967e-02
-6.584455300549761636e-02,-6.584455300549761636e-02
-4.101545522459043580e-02,-4.101545522459043580e-02
-3.910536432842852406e-02,-3.910536432842852406e-02
-8.985023023867687308e-02,-8.985023023867687308e-02
-5.199445833218650781e-02,-5.199445833218650781e-02
-4.952809105131775885e-02,-4.952809105131775885e-02
-5.589202765127512795e-02,-5.589202765127512795e-02
-4.143631760893311256e-02,-4.143631760893311256e-02
-4.748949475510726159e-02,-4.748949475510726159e-02
-8.132485109150509872e-02,-8.132485109150509872e-02
-6.814414759908843378e-02,-6.814414759908843378e-02
-5.932975706670486071e-02,-5.932975706670486071e-02
-5.969206988631337030e-02,-5.969206988631337030e-02
-1.875307608957909461e-02,-1.875307608957909461e-02
-6.179336942288438800e-02,-6.179336942288438800e-02
-8.621428577360361334e-02,-8.621428577360361334e-02
-3.974823194961703970e-02,-3.974823194961703970e-02
-6.918864197470715738e-02,-6.918864197470715738e-02
-6.451779724808083538e-02,-6.451779724808083538e-02
-4.821095175192635640e-02,-4.821095175192635640e-02
-4.909351211027390693e-02,-4.909351211027390693e-02
-5.324627579183556503e-02,-5.324627579183556503e-02
-5.986194570799453080e-02,-5.986194570799453080e-02
-5.651539275320111022e-02,-5.651539275320111022e-02
-7.262327898318567121e-02,-7.262327898318567121e-02
-6.501472082075018810e-02,-6.501472082075018810e-02
-5.002751880735704926e-02,-5.002751880735704926e-02
-7.060355556903109842e-02,-7.060355556903109842e-02
-1.793261386756590109e-02,-1.793261386756590109e-02
-4.290263830974667958e-02,-4.290263830974667958e-02
-7.168537537167551932e-02,-7.168537537167551932e-02
-6.020149860562478555e-02,-6.020149860562478555e-02
-5.262936219106692515e-02,-5.262936219106692515e-02
-5.910600780121147424e-02,-5.910600780121147424e-02
-4.699236107939339796e-02,-4.699236107939339796e-02
-7.024181333119193515e-02,-7.024181333119193515e-02
-7.066315769779395184e-02,-7.066315769779395184e-02
-6.380737347570003548e-02,-6.380737347570003548e-02
-5.756484674801923968e-02,-5.756484674801923968e-02
-5.856645924655671381e-02,-5.856645924655671381e-02
-7.742765115410281396e-02,-7.742765115410281396e-02
-4.581314213584246342e-02,-4.581314213584246342e-02
-2.994453977597355196e-02,-2.994453977597355196e-02
-5.522523685086440370e-02,-5.522523685086440370e-02
-6.013449508063931082e-02,-6.013449508063931082e-02
-7.159169919435130758e-02,-7.159169919435130758e-02
-3.668102140130031358e-02,-3.668102140130031358e-02
-5.119014169169227441e-02,-5.119014169169227441e-02
-7.142999571574232265e-02,-7.142999571574232265e-02
-3.671530687668082826e-02,-3.671530687668082826e-02
-6.528562896240569513e-02,-6.528562896240569513e-02
-5.638231536516636472e-02,-5.638231536516636472e-02
-6.853824004244590817e-02,-6.853824004244590817e-02
-4.418458003228428743e-02,-4.418458003228428743e-02
-3.775043870952649039e-02,-3.775043870952649039e-02
-6.989091820685219836e-02,-6.989091820685219836e-02
-6.305683759071355199e-02,-6.305683759071355199e-02
-4.702391947194687477e-02,-4.702391947194687477e-02
-6.801505371888293128e-02,-6.801505371888293128e-02
-7.007739452097354327e-02,-7.007739452097354327e-02
-3.417920208846227798e-02,-3.417920208846227798e-02
-6.270638247546159172e-02,-6.270638247546159172e-02
-3.847663783525098746e-02,-3.847663783525098746e-02
-6.298368318973904256e-02,-6.298368318973904256e-02
-5.214928958016040728e-02,-5.214928958016040728e-02
-5.976417053963066495e-02,-5.976417053963066495e-02
-5.982554872140619096e-02,-5.982554872140619096e-02
-5.260860262504422208e-02,-5.260860262504422208e-02
-4.385065853557651439e-02,-4.385065853557651439e-02
-4.706570849239672533e-02,-4.706570849239672533e-02
-7.284040463784248465e-02,-7.284040463784248465e-02
-2.786741617026540149e-02,-2.786741617026540149e-02
-7.775396176686494298e-02,-7.775396176686494298e-02
-7.864767725006176213e-02,-7.864767725006176213e-02
-4.980522822536537220e-02,-4.980522822536537220e-02
-5.844790238381386560e-02,-5.844790238381386560e-02
-4.024938637401019592e-02,-4.024938637401019592e-02
-5.789436698175031565e-02,-5.789436698175031565e-02
-5.804524135115174399e-02,-5.804524135115174399e-02
-3.264980961564291351e-02,-3.264980961564291351e-02
-7.147473974865742319e-02,-7.147473974865742319e-02
-5.391132346137865461e-02,-5.391132346137865461e-02
-6.256932841654495869e-02,-6.256932841654495869e-02
-6.661155113475686340e-02,-6.661155113475686340e-02
-3.866291998306809613e-02,-3.866291998306809613e-02
-4.459666793936968576e-02,-4.459666793936968576e-02
-4.382248079154830306e-02,-4.382248079154830306e-02
-4.512719221043759443e-02,-4.512719221043759443e-02
-6.011317751504373363e-02,-6.011317751504373363e-02
-4.290256801914937856e-02,-4.290256801914937856e-02
-3.159085793815096660e-02,-3.159085793815096660e-02
-5.204489734684017432e-02,-5.204489734684017432e-02
-4.429674807752977117e-02,-4.429674807752977117e-02
-5.279142032812585844e-02,-5.279142032812585844e-02
-3.307979408011679778e-02,-3.307979408011679778e-02
-3.823967992319109860e-02,-3.823967992319109860e-02
-3.451859847644013490e-02,-3.451859847644013490e-02
-6.331998334465632761e-02,-6.331998334465632761e-02
-7.253633012789374723e-02,-7.253633012789374723e-02
-5.137880210593744057e-02,-5.137880210593744057e-02
-4.835482193086595992e-02,-4.835482193086595992e-02
-5.932172945681293136e-02,-5.932172945681293136e-02
-4.216556573622762261e-02,-4.216556573622762261e-02
-5.216267157462692317e-02,-5.216267157462692317e-02
-6.160400950230805056e-02,-6.160400950230805056e-02
-3.984086604392331893e-02,-3.984086604392331893e-02
-4.230852589162094335e-02,-4.230852589162094335e-02
-5.251132021693664942e-02,-5.251132021693664942e-02
-4.701383747953845338e-02,-4.701383747953845338e-02
-5.638273868955572671e-02,-5.638273868955572671e-02
-6.687203527983798246e-02,-6.687203527983798246e-02
-5.440429634756788202e-02,-5.440429634756788202e-02
-4.985842791998404411e-02,-4.985842791998404411e-02
-2.675080217858085904e-02,-2.675080217858085904e-02
-4.789042784867415803e-02,-4.789042784867415803e-02
-4.545465920769847790e-02,-4.545465920769847790e-02
-4.222064852406019753e-02,-4.222064852406019753e-02
-5.998892337293487698e-02,-5.998892337293487698e-02
-4.815624524766173864e-02,-4.815624524766173864e-02
-6.498575173774943578e-03,-6.498575173774943578e-03
-3.172760456101073739e-02,-3.172760456101073739e-02
-6.654788386658620769e-02,-6.654788386658620769e-02
-6.300137308583499129e-02,-6.300137308583499129e-02
-4.371834376332301569e-02,-4.371834376332301569e-02
-3.049998670839902670e-02,-3.049998670839902670e-02
-4.521037151843408652e-02,-4.521037151843408652e-02
-2.335670263780956213e-02,-2.335670263780956213e-02
-5.279988695296999185e-02,-5.279988695296999185e-02
-4.122124506249880832e-02,-4.122124506249880832e-02
-7.407625675745538318e-02,-7.407625675745538318e-02
-5.362809488121868251e-02,-5.362809488121868251e-02
-4.681403946029068230e-02,-4.681403946029068230e-02
-5.173293370970949434e-02,-5.173293370970949434e-02
-4.885168235317801505e-02,-4.885168235317801505e-02
-5.553041063958366608e-02,-5.553041063958366608e-02
-5.565248794400896870e-02,-5.565248794400896870e-02
-7.834582952412581791e-02,-7.834582952412581791e-02
-7.178422721143794261e-02,-7.178422721143794261e-02
-4.927706163298877645e-02,-4.927706163298877645e-02
-6.203621787181551328e-02,-6.203621787181551328e-02
-7.826716699825704560e-02,-7.826716699825704560e-02
-6.939895224763735493e-02,-6.939895224763735493e-02
-4.458120169253775716e-02,-4.458120169253775716e-02
-6.409016493793501246e-02,-6.409016493793501246e-02
-6.172017783245971681e-03,-6.172017783245971681e-03
-4.608226980278057328e-02,-4.608226980278057328e-02
-5.410323788342281948e-02,-5.410323788342281948e-02
-9.825408414823998127e-02,-9.825408414823998127e-02
-5.359281500549874927e-02,-5.359281500549874927e-02
-5.899946084363664328e-02,-5.899946084363664328e-02
-3.403268622649664038e-02,-3.403268622649664038e-02
-6.344475426088723446e-02,-6.344475426088723446e-02
-6.768379235861109178e-02,-6.768379235861109178e-02
-3.312791552358426012e-02,-3.312791552358426012e-02
-6.148616403491778681e-02,-6.148616403491778681e-02
-4.922055962687894859e-02,-4.922055962687894859e-02
-6.151975043097208939e-02,-6.151975043097208939e-02
-6.378785352159102584e-02,-6.378785352159102584e-02
-5.109941773087436911e-02,-5.109941773087436911e-02
-5.016604436454830812e-02,-5.016604436454830812e-02
-3.944717543144050931e-02,-3.944717543144050931e-02
-9.758228324683626206e-03,-9.758228324683626206e-03
-5.772324830019387454e-02,-5.772324830019387454e-02
-3.164896363645779143e-02,-3.164896363645779143e-02
-7.849285554969313849e-02,-7.849285554969313849e-02
-4.465065496976094311e-02,-4.465065496976094311e-02
-3.370881242878248640e-02,-3.370881242878248640e-02
-7.875275238604635686e-02,-7.875275238604635686e-02
-5.840968860944566188e-02,-5.840968860944566188e-02
-2.552848300588272945e-02,-2.552848300588272945e-02
-5.019951240789644054e-02,-5.019951240789644054e-02
-7.116067959633003148e-02,-7.116067959633003148e-02
-3.061352774965795179e-02,-3.061352774965795179e-02
-5.853560993505538268e-02,-5.853560993505538268e-02
-3.584760121883232009e-02,-3.584760121883232009e-02
-4.793567855522094107e-02,-4.793567855522094107e-02
-3.665921265288085013e-02,-3.665921265288085013e-02
-3.539359536627655761e-02,-3.539359536627655761e-02
-4.331677963852993002e-02,-4.331677963852993002e-02
-4.727908825171638074e-02,-4.727908825171638074e-02
-3.812204294525262799e-02,-3.812204294525262799e-02
-4.133929524589052829e-02,-4.133929524589052829e-02
-4.638846981875782705e-02,-4.638846981875782705e-02
-8.259415842975578737e-02,-8.259415842975578737e-02
-6.482763437427929709e-02,-6.482763437427929709e-02
-5.780678465451594139e-02,-5.780678465451594139e-02
-5.470738725631685978e-02,-5.470738725631685978e-02
-7.248727203701026134e-02,-7.248727203701026134e-02
-6.024574345159435657e-02,-6.024574345159435657e-02
-5.762821574650864309e-02,-5.762821574650864309e-02
-5.161666287080708682e-02,-5.161666287080708682e-02
-6.393422717030987357e-02,-6.393422717030987357e-02
-6.414156722698691193e-02,-6.414156722698691193e-02
-4.351603202905102857e-02,-4.351603202905102857e-02
-6.485245862493461966e-02,-6.485245862493461966e-02
-4.926404743834840450e-02,-4.926404743834840450e-02
-4.356131146731168774e-02,-4.356131146731168774e-02
-2.639056652655436333e-02,-2.639056652655436333e-02
-3.495288727676276047e-02,-3.495288727676276047e-02
-4.189609732688432536e-02,-4.189609732688432536e-02
-6.416567066402033281e-02,-6.416567066402033281e-02
-6.357854553507197304e-02,-6.357854553507197304e-02
-3.443674343533244947e-02,-3.443674343533244947e-02
-5.260560866060814272e-02,-5.260560866060814272e-02
-5.442308689477123179e-02,-5.442308689477123179e-02
-5.922779116527252669e-02,-5.922779116527252669e-02
-4.821479344637159825e-02,-4.821479344637159825e-02
-5.521508543824624193e-02,-5.521508543824624193e-02
-5.274452167569843725e-02,-5.274452167569843725e-02
-4.671210114031732613e-02,-4.671210114031732613e-02
-5.914293148671857098e-02,-5.914293148671857098e-02
-6.414171354299015582e-02,-6.414171354299015582e-02
-4.421474115599841742e-02,-4.421474115599841742e-02
-4.791641182410171645e-02,-4.791641182410171645e-02
-6.296530663075014522e-02,-6.296530663075014522e-02
-5.379702045168940905e-02,-5.379702045168940905e-02
-4.550910609998685963e-02,-4.550910609998685963e-02
-4.295397992523050656e-02,-4.295397992523050656e-02
-6.039425509548041610e-02,-6.039425509548041610e-02
-5.173679462300743992e-02,-5.173679462300743992e-02
-8.115739221530618441e-02,-8.115739221530618441e-02
-4.722547008394162998e-02,-4.722547008394162998e-02
-5.828908414575013908e-02,-5.828908414575013908e-02
-6.015852934489879233e-02,-6.015852934489879233e-02
-8.241400978247270803e-02,-8.241400978247270803e-02
-6.604906029530585587e-02,-6.604906029530585587e-02
-6.267896266682174145e-02,-6.267896266682174145e-02
-4.689821707380555094e-02,-4.689821707380555094e-02
-5.577266268314137049e-02,-5.577266268314137049e-02
-4.257080431912522306e-02,-4.257080431912522306e-02
-7.080039312267158436e-02,-7.080039312267158436e-02
-4.144671375268213498e-02,-4.144671375268213498e-02
-4.784302228255497835e-02,-4.784302228255497835e-02
-4.070365614965044954e-02,-4.070365614965044954e-02
-7.383616997153963357e-02,-7.383616997153963357e-02
-7.135123377935084776e-02,-7.135123377935084776e-02
-6.217811148386007125e-02,-6.217811148386007125e-02
-5.054476896239612493e-02,-5.054476896239612493e-02
-7.165088797485308358e-02,-7.165088797485308358e-02
-2.935271309708250079e-02,-2.935271309708250079e-02
-4.596048463358120423e-02,-4.596048463358120423e-02
-6.186066129101965710e-02,-6.186066129101965710e-02
-5.460698474288561144e-02,-5.460698474288561144e-02
-5.205889748188705091e-02,-5.205889748188705091e-02
-4.481689900513069480e-02,-4.481689900513069480e-02
-5.542798049743408867e-02,-5.542798049743408867e-02
-5.747634631281787337e-02,-5.747634631281787337e-02
-6.272981358762158566e-02,-6.272981358762158566e-02
-5.264084757740172815e-02,-5.264084757740172815e-02
-6.184808826767081852e-02,-6.184808826767081852e-02
-5.435826125623138133e-02,-5.435826125623138133e-02
-6.441529053322384013e-02,-6.441529053322384013e-02
-4.675252180683252962e-02,-4.675252180683252962e-02
-4.754180707298787806e-02,-4.754180707298787806e-02
-5.440441283416676960e-02,-5.440441283416676960e-02
-6.302758718949937056e-02,-6.302758718949937056e-02
-7.797546935541961599e-02,-7.797546935541961599e-02
-4.616620983442390469e-02,-4.616620983442390469e-02
-7.400026380820239058e-02,-7.400026380820239058e-02
-6.012249689159999966e-02,-6.012249689159999966e-02
-5.197676315606553771e-02,-5.197676315606553771e-02
-7.065139067636512504e-02,-7.065139067636512504e-02
-7.837913869987306326e-02,-7.837913869987306326e-02
-6.674943479818816472e-02,-6.674943479818816472e-02
-4.728971494610078458e-02,-4.728971494610078458e-02
-4.989839982611593561e-02,-4.989839982611593561e-02
-4.989046887185898116e-02,-4.989046887185898116e-02
-6.376940539418800291e-02,-6.376940539418800291e-02
-2.582522671114729704e-02,-2.582522671114729704e-02
-6.356998617131716378e-02,-6.356998617131716378e-02
-4.565390859627328768e-02,-4.565390859627328768e-02
-3.768253787542535233e-02,-3.768253787542535233e-02
-5.001026743768395566e-02,-5.001026743768395566e-02
-6.490132912769369655e-02,-6.490132912769369655e-02
-6.226570592055239578e-02,-6.226570592055239578e-02
-6.367670360961195930e-02,-6.367670360961195930e-02
-4.312903135083270834e-02,-4.312903135083270834e-02
-2.559065217498402225e-02,-2.559065217498402225e-02
-6.746758024174562274e-02,-6.746758024174562274e-02
-3.899959110322842593e-02,-3.899959110322842593e-02
-7.971345535419521733e-02,-7.971345535419521733e-02
-4.814818340113219408e-02,-4.814818340113219408e-02
-6.511716849425824849e-02,-6.511716849425824849e-02
-5.680585655744939400e-02,-5.680585655744939400e-02
-6.261786522788471976e-02,-6.261786522788471976e-02
-5.060805417960095171e-02,-5.060805417960095171e-02
-5.840337572116720277e-02,-5.840337572116720277e-02
-5.487780046965166220e-02,-5.487780046965166220e-02
-4.470383546421056314e-02,-4.470383546421056314e-02
-7.068530841185134694e-02,-7.068530841185134694e-02
-5.441032013504254472e-02,-5.441032013504254472e-02
-4.431095400517059968e-02,-4.431095400517059968e-02
-6.340738804720791322e-02,-6.340738804720791322e-02
-7.216915914918912989e-02,-7.216915914918912989e-02
-4.924732694952954626e-02,-4.924732694952954626e-02
-4.173890007503734678e-02,-4.173890007503734678e-02
-2.965780652048816135e-02,-2.965780652048816135e-02
-5.947784273598831495e-02,-5.947784273598831495e-02
-2.996276448477148968e-02,-2.996276448477148968e-02
-6.179799366339004674e-02,-6.179799366339004674e-02
-6.520852194547353819e-02,-6.520852194547353819e-02
-5.976293227054792212e-02,-5.976293227054792212e-02
-5.165330435920057611e-02,-5.165330435920057611e-02
-6.686732839787309923e-02,-6.686732839787309923e-02
-5.701037462491522628e-02,-5.701037462491522628e-02
-5.358715071743281461e-02,-5.358715071743281461e-02
-8.111233766020611857e-02,-8.111233766020611857e-02
-6.017191474587055278e-02,-6.017191474587055278e-02
-4.738182048358533655e-02,-4.738182048358533655e-02
-5.435969785565235302e-02,-5.435969785565235302e-02
-6.901549745200939723e-02,-6.901549745200939723e-02
-6.615705685495160138e-02,-6.615705685495160138e-02
-6.681970641080872686e-02,-6.681970641080872686e-02
-5.689727831917076872e-02,-5.689727831917076872e-02
-5.713868270874387228e-02,-5.713868270874387228e-02
-7.543968271609702292e-02,-7.543968271609702292e-02
-5.609367622275232557e-02,-5.609367622275232557e-02
-6.614345236175175891e-02,-6.614345236175175891e-02
-3.849356727683289625e-02,-3.849356727683289625e-02
-4.836061125642730080e-02,-4.836061125642730080e-02
-4.883107644783273027e-02,-4.883107644783273027e-02
-4.683617728653965973e-02,-4.683617728653965973e-02
-3.108326587836022364e-02,-3.108326587836022364e-02
-5.075136452983479429e-02,-5.075136452983479429e-02
-7.247199486935824997e-02,-7.247199486935824997e-02
-3.593791609929955500e-02,-3.593791609929955500e-02
-6.531882179258545473e-02,-6.531882179258545473e-02
-5.420968431156866774e-02,-5.420968431156866774e-02
-5.255172963760001981e-02,-5.255172963760001981e-02
-3.423980812947830660e-02,-3.423980812947830660e-02
-5.661990042233008835e-02,-5.661990042233008835e-02
-6.167361557436416147e-02,-6.167361557436416147e-02
-3.823897706740997382e-02,-3.823897706740997382e-02
-2.966154390915144018e-02,-2.966154390915144018e-02
-8.092466444078849630e-02,-8.092466444078849630e-02
-4.169362883506483319e-02,-4.169362883506483319e-02
-4.132815386989984602e-02,-4.132815386989984602e-02
-5.865944137468298569e-02,-5.865944137468298569e-02
-5.489575393559592564e-02,-5.489575393559592564e-02
-5.216212430904672986e-02,-5.216212430904672986e-02
-4.953075193828501005e-02,-4.953075193828501005e-02
-5.219847861737147293e-02,-5.219847861737147293e-02
-2.714127913400249045e-02,-2.714127913400249045e-02
-8.305357943434825418e-02,-8.305357943434825418e-02
-7.646482328127314487e-02,-7.646482328127314487e-02
-5.367280707707131060e-02,-5.367280707707131060e-02
-6.855782322942120810e-02,-6.855782322942120810e-02
-7.014174491289146274e-02,-7.014174491289146274e-02
-2.313475368625066836e-02,-2.313475368625066836e-02
-5.723235147348210150e-02,-5.723235147348210150e-02
-7.129071664402183983e-02,-7.129071664402183983e-02
-3.230432233332885400e-02,-3.230432233332885400e-02
-6.172994045342342084e-02,-6.172994045342342084e-02
-6.645602898698951821e-02,-6.645602898698951821e-02
-3.249363613272935464e-02,-3.249363613272935464e-02
-6.710071926165647738e-02,-6.710071926165647738e-02
-4.996343372838928792e-02,-4.996343372838928792e-02
-4.603908352224626854e-02,-4.603908352224626854e-02
-4.832317689269877842e-02,-4.832317689269877842e-02
-4.730428016450451134e-02,-4.730428016450451134e-02
-4.750540304708100736e-02,-4.750540304708100736e-02
-4.571846297266000947e-02,-4.571846297266000947e-02
-4.896105731152197021e-02,-4.896105731152197021e-02
-5.148528544154551412e-02,-5.148528544154551412e-02
-7.647680927263696138e-02,-7.647680927263696138e-02
-5.794591282723812742e-02,-5.794591282723812742e-02
-7.314009073272058348e-02,-7.314009073272058348e-02
-3.494888460207332820e-02,-3.494888460207332820e-02
-5.270759015719539420e-02,-5.270759015719539420e-02
-3.880060617698599668e-02,-3.880060617698599668e-02
-4.289115461433518073e-02,-4.289115461433518073e-02
-7.797250741448083500e-02,-7.797250741448083500e-02
-4.099724361600572825e-02,-4.099724361600572825e-02
-4.691923658947558251e-02,-4.691923658947558251e-02
-8.215091757670359152e-02,-8.215091757670359152e-02
-4.688915749820570661e-02,-4.688915749820570661e-02
-7.906226837432625554e-02,-7.906226837432625554e-02
-3.630647324087164785e-02,-3.630647324087164785e-02
-4.543338835531899461e-02,-4.543338835531899461e-02
-4.443633659030940541e-02,-4.443633659030940541e-02
-5.718111149126276632e-02,-5.718111149126276632e-02
-5.108532843695067632e-02,-5.108532843695067632e-02
-6.247720541502965741e-02,-6.247720541502965741e-02
-7.140770513236900652e-02,-7.140770513236900652e-02
-5.779107544367680094e-02,-5.779107544367680094e-02
-6.073699063272597343e-02,-6.073699063272597343e-02
-4.656640895082549136e-02,-4.656640895082549136e-02
-6.369765600792565152e-02,-6.369765600792565152e-02
-6.336684688556945555e-02,-6.336684688556945555e-02
-5.134477698650136146e-02,-5.134477698650136146e-02
-5.164064703196170891e-02,-5.164064703196170891e-02
-3.913035438445235797e-02,-3.913035438445235797e-02
-6.342691055150191659e-02,-6.342691055150191659e-02
-7.783547075187681463e-02,-7.783547075187681463e-02
-3.804077111726685001e-02,-3.804077111726685001e-02
-3.374600490255134227e-02,-3.374600490255134227e-02
-5.781860973697024869e-02,-5.781860973697024869e-02
-5.321594390112773659e-02,-5.321594390112773659e-02
-6.481692616321854672e-02,-6.481692616321854672e-02
-7.985980371173903580e-02,-7.985980371173903580e-02
-5.270431337510279868e-02,-5.270431337510279868e-02
-5.216250431424364342e-02,-5.216250431424364342e-02
-6.526243697679622036e-02,-6.526243697679622036e-02
-3.452896127337401477e-02,-3.452896127337401477e-02
-5.907554369078611006e-02,-5.907554369078611006e-02
-5.194244080288680510e-02,-5.194244080288680510e-02
-6.128134940655152046e-02,-6.128134940655152046e-02
-4.944898587775181653e-02,-4.944898587775181653e-02
-7.925590189615133729e-02,-7.925590189615133729e-02
-4.081552355662228931e-02,-4.081552355662228931e-02
-4.768886286828743354e-02,-4.768886286828743354e-02
-5.784243883637070482e-02,-5.784243883637070482e-02
-6.196920223857759619e-02,-6.196920223857759619e-02
-3.390024925362633557e-02,-3.390024925362633557e-02
-6.914440935885202144e-02,-6.914440935885202144e-02
-3.148996702611699811e-02,-3.148996702611699811e-02
-4.883708041923665033e-02,-4.883708041923665033e-02
-4.079802773517599013e-02,-4.079802773517599013e-02
-4.288233038617669801e-02,-4.288233038617669801e-02
-4.969885980478325888e-02,-4.969885980478325888e-02
-3.486388686875514786e-02,-3.486388686875514786e-02
-5.652398484465260414e-02,-5.652398484465260414e-02
-4.780765784702385723e-02,-4.780765784702385723e-02
-4.347272251747302807e-02,-4.347272251747302807e-02
-6.208617779808588144e-02,-6.208617779808588144e-02
-6.331421011158901158e-02,-6.331421011158901158e-02
-5.222357832272540856e-02,-5.222357832272540856e-02
-8.301641974066178986e-02,-8.301641974066178986e-02
-5.057369702579310455e-02,-5.057369702579310455e-02
-4.733051145307963503e-02,-4.733051145307963503e-02
-5.524510092521408428e-02,-5.524510092521408428e-02
-5.330016906962503631e-02,-5.330016906962503631e-02
-5.815641072521869626e-02,-5.815641072521869626e-02
-2.939901707409890708e-02,-2.939901707409890708e-02
-3.069552341162093759e-02,-3.069552341162093759e-02
-4.953285105466390115e-02,-4.953285105466390115e-02
-5.193205632598010824e-02,-5.193205632598010824e-02
-6.680129456673027100e-02,-6.680129456673027100e-02
-4.801553981088137885e-02,-4.801553981088137885e-02
-6.862554924812694357e-02,-6.862554924812694357e-02
-6.462919694732698062e-02,-6.462919694732698062e-02
-9.044200130120297332e-02,-9.044200130120297332e-02
-6.781679835628134922e-02,-6.781679835628134922e-02
-7.708031794385525326e-02,-7.708031794385525326e-02
-5.184190483258226817e-02,-5.184190483258226817e-02
-5.574413288466498889e-02,-5.574413288466498889e-02
-4.982611135573761230e-02,-4.982611135573761230e-02
-4.649235872935683633e-02,-4.649235872935683633e-02
-5.349785665197683004e-02,-5.349785665197683004e-02
-7.244023329420262725e-02,-7.244023329420262725e-02
-4.694432896939840227e-02,-4.694432896939840227e-02
-7.174701820394563390e-02,-7.174701820394563390e-02
-5.703879925570154441e-02,-5.703879925570154441e-02
-8.223583716950561007e-02,-8.223583716950561007e-02
-7.647825758934587159e-02,-7.647825758934587159e-02
-7.625449742204647163e-02,-7.625449742204647163e-02
-3.866054932457357873e-02,-3.866054932457357873e-02
-6.061883866112215136e-02,-6.061883866112215136e-02
-6.303436054503394614e-02,-6.303436054503394614e-02
-5.496731793207598055e-02,-5.496731793207598055e-02
-5.955504293174995051e-02,-5.955504293174995051e-02
-5.728816551727441975e-02,-5.728816551727441975e-02
-6.451719300808142488e-02,-6.451719300808142488e-02
-5.644113697345677638e-02,-5.644113697345677638e-02
-5.522248991661567186e-02,-5.522248991661567186e-02
-6.596562250940593564e-02,-6.596562250940593564e-02
-6.222826255996091738e-02,-6.222826255996091738e-02
-4.202438994556115248e-02,-4.202438994556115248e-02
-8.306146917602963420e-02,-8.306146917602963420e-02
-5.664374794958888099e-02,-5.664374794958888099e-02
-6.337913988772229945e-02,-6.337913988772229945e-02
-5.078369573160049916e-02,-5.078369573160049916e-02
-2.866312123108741977e-02,-2.866312123108741977e-02
-3.088821241163655640e-02,-3.088821241163655640e-02
-5.633514551879023613e-02,-5.633514551879023613e-02
-4.004014354105042695e-02,-4.004014354105042695e-02
-6.016256253105665974e-02,-6.016256253105665974e-02
-4.461430483025458776e-02,-4.461430483025458776e-02
-3.099333890454230439e-02,-3.099333890454230439e-02
-4.455001214316237079e-02,-4.455001214316237079e-02
-4.210260092009511512e-02,-4.210260092009511512e-02
-7.166113277825493511e-02,-7.166113277825493511e-02
-5.366675540809259098e-02,-5.366675540809259098e-02
-4.425640930297174841e-02,-4.425640930297174841e-02
-4.146571990378830619e-02,-4.146571990378830619e-02
-6.195401141770372905e-02,-6.195401141770372905e-02
-7.818068794617250017e-02,-7.818068794617250017e-02
-3.374053230247244656e-02,-3.374053230247244656e-02
-4.561737657911168337e-02,-4.561737657911168337e-02
-6.628679360737046999e-02,-6.628679360737046999e-02
-3.766612259666595602e-02,-3.766612259666595602e-02
-3.908531281469633523e-02,-3.908531281469633523e-02
-3.584146443801099896e-02,-3.584146443801099896e-02
-6.255307867355375251e-02,-6.255307867355375251e-02
-5.748581773559999220e-02,-5.748581773559999220e-02
-5.677622953730034061e-02,-5.677622953730034061e-02
-6.741710125323430169e-02,-6.741710125323430169e-02
-5.926760014647355912e-02,-5.926760014647355912e-02
-5.263955489659164627e-02,-5.263955489659164627e-02
-6.267152571325682042e-02,-6.267152571325682042e-02
-7.898697532171364277e-02,-7.898697532171364277e-02
-4.718680024778010296e-02,-4.718680024778010296e-02
-5.253236288864432391e-02,-5.253236288864432391e-02
-7.096213060934596084e-02,-7.096213060934596084e-02
-4.737366538214744793e-02,-4.737366538214744793e-02
-5.556967878056363885e-02,-5.556967878056363885e-02
-5.280398675542269382e-02,-5.280398675542269382e-02
-6.460167644147780941e-02,-6.460167644147780941e-02
-3.339139871140077431e-02,-3.339139871140077431e-02
-3.798223911963910515e-02,-3.798223911963910515e-02
-8.168105004046391504e-02,-8.168105004046391504e-02
-6.230998940758025739e-02,-6.230998940758025739e-02
-7.520907352619819741e-02,-7.520907352619819741e-02
-6.357865174389056018e-02,-6.357865174389056018e-02
-3.906255995306903012e-02,-3.906255995306903012e-02
-7.308600912600632382e-02,-7.308600912600632382e-02
-4.919975256215063097e-02,-4.919975256215063097e-02
-4.203998178718425238e-02,-4.203998178718425238e-02
-4.702289813221878501e-02,-4.702289813221878501e-02
-5.079133603280738818e-02,-5.079133603280738818e-02
-4.949317040677016222e-02,-4.949317040677016222e-02
-4.718722277700292123e-02,-4.718722277700292123e-02
-5.193394966548092739e-02,-5.193394966548092739e-02
-6.547524153492405297e-02,-6.547524153492405297e-02
-4.500761204968846407e-02,-4.500761204968846407e-02
-5.243582618252612404e-02,-5.243582618252612404e-02
-6.880237683307680041e-02,-6.880237683307680041e-02
-4.675194775209879500e-02,-4.675194775209879500e-02
-7.926323497399066775e-02,-7.926323497399066775e-02
-4.829855772852363616e-02,-4.829855772852363616e-02
-2.564832987485060264e-02,-2.564832987485060264e-02
-4.897133202306606231e-02,-4.897133202306606231e-02
-5.069938276714770070e-02,-5.069938276714770070e-02
-5.250309208761989865e-02,-5.250309208761989865e-02
-7.768711038373113387e-02,-7.768711038373113387e-02
-5.839551091507608205e-02,-5.839551091507608205e-02
-7.203759295357839432e-02,-7.203759295357839432e-02
-5.789085084610106485e-02,-5.789085084610106485e-02
-5.669424832572247941e-02,-5.669424832572247941e-02
-5.492183867474818154e-02,-5.492183867474818154e-02
-4.810057908010479527e-02,-4.810057908010479527e-02
-5.027826846573647118e-02,-5.027826846573647118e-02
-6.727549178978473043e-02,-6.727549178978473043e-02
-5.477162318423931670e-02,-5.477162318423931670e-02
-7.060439120530774548e-02,-7.060439120530774548e-02
-7.121392168202662909e-02,-7.121392168202662909e-02
-6.574529774494512757e-02,-6.574529774494512757e-02
-4.118160613109478341e-02,-4.118160613109478341e-02
-3.686084336355024277e-02,-3.686084336355024277e-02
-5.576322806835051771e-02,-5.576322806835051771e-02
-3.014076069872821326e-02,-3.014076069872821326e-02
-3.820712709287937825e-02,-3.820712709287937825e-02
-6.093794382061095555e-02,-6.093794382061095555e-02
-2.300109221783076460e-02,-2.300109221783076460e-02
-4.891052792424317730e-02,-4.891052792424317730e-02
-5.599111868593299735e-02,-5.599111868593299735e-02
-4.045699621754564324e-02,-4.045699621754564324e-02
-5.283640145176903002e-02,-5.283640145176903002e-02
-6.285759292999447412e-02,-6.285759292999447412e-02
-4.393256603744431082e-02,-4.393256603744431082e-02
-4.490564657391368092e-02,-4.490564657391368092e-02
-7.896040223037008310e-02,-7.896040223037008310e-02
-4.789563095386667468e-02,-4.789563095386667468e-02
-5.919649239224360204e-02,-5.919649239224360204e-02
-5.892519417543289062e-02,-5.892519417543289062e-02
-6.119973048905799629e-02,-6.119973048905799629e-02
-6.248824060869864749e-02,-6.248824060869864749e-02
-3.899354722610817031e-02,-3.899354722610817031e-02
-4.597831885636245036e-02,-4.597831885636245036e-02
-3.944572664425891051e-02,-3.944572664425891051e-02
-5.045862731044985922e-02,-5.045862731044985922e-02
-6.905516105942394178e-02,-6.905516105942394178e-02
-6.222578798281517415e-02,-6.222578798281517415e-02
-3.844502877594730555e-02,-3.844502877594730555e-02
-4.218682172656146312e-02,-4.218682172656146312e-02
-5.437570234651396828e-02,-5.437570234651396828e-02
-3.023043265637662125e-02,-3.023043265637662125e-02
-3.685074326784560511e-02,-3.685074326784560511e-02
-9.050934279530148396e-02,-9.050934279530148396e-02
-5.063681191488885597e-02,-5.063681191488885597e-02
-6.420038033965191904e-02,-6.420038033965191904e-02
-7.027682888269283501e-02,-7.027682888269283501e-02
-5.019827047473533754e-02,-5.019827047473533754e-02
-5.266372184395017031e-02,-5.266372184395017031e-02
-7.016872275065375031e-02,-7.016872275065375031e-02
-6.960139905287728024e-02,-6.960139905287728024e-02
-4.688551089660993043e-02,-4.688551089660993043e-02
-5.071995668374925520e-02,-5.071995668374925520e-02
-1.858055755540384546e-02,-1.858055755540384546e-02
-7.411325331322557441e-02,-7.411325331322557441e-02
-5.062516765973189281e-02,-5.062516765973189281e-02
-8.122145207911178610e-02,-8.122145207911178610e-02
-6.242142035177758452e-02,-6.242142035177758452e-02
-4.658444701898201840e-02,-4.658444701898201840e-02
-4.095701224189974426e-02,-4.095701224189974426e-02
-6.097277391159268423e-02,-6.097277391159268423e-02
-3.989341791742915394e-02,-3.989341791742915394e-02
-7.009139748834938843e-02,-7.009139748834938843e-02
-5.556240452295684029e-02,-5.556240452295684029e-02
-7.084044240146689098e-02,-7.084044240146689098e-02
-4.645895501670808947e-02,-4.645895501670808947e-02
-5.586156658152711951e-02,-5.586156658152711951e-02
-6.666127051997675079e-02,-6.666127051997675079e-02
-4.705652779738016267e-02,-4.705652779738016267e-02
-3.784166088928278548e-02,-3.784166088928278548e-02
-6.572922793843610778e-02,-6.572922793843610778e-02
-3.935588322867412947e-02,-3.935588322867412947e-02
-6.044214867101799227e-02,-6.044214867101799227e-02
-4.543623479959811584e-02,-4.543623479959811584e-02
-6.330387175361380792e-02,-6.330387175361380792e-02
-5.807212872242292073e-02,-5.807212872242292073e-02
-5.331986369658209962e-02,-5.331986369658209962e-02
-4.532000760945938816e-02,-4.532000760945938816e-02
-1.674562700912659088e-02,-1.674562700912659088e-02
-5.322632381802775564e-02,-5.322632381802775564e-02
-6.799015067481962993e-02,-6.799015067481962993e-02
-6.182497984078347969e-02,-6.182497984078347969e-02
-6.695708260399031719e-02,-6.695708260399031719e-02
-7.313830598772634584e-02,-7.313830598772634584e-02
-6.856815164159749121e-02,-6.856815164159749121e-02
-4.223175195221548495e-02,-4.223175195221548495e-02
-6.107860438559857552e-02,-6.107860438559857552e-02
-4.843351972982207210e-02,-4.843351972982207210e-02
-4.999092738894226479e-02,-4.999092738894226479e-02
-6.471735055015968852e-02,-6.471735055015968852e-02
-6.936170725341610221e-02,-6.936170725341610221e-02
-6.760892495471441943e-02,-6.760892495471441943e-02
-3.347803865374081311e-02,-3.347803865374081311e-02
-4.809115347559909937e-02,-4.809115347559909937e-02
-3.182497849773245624e-02,-3.182497849773245624e-02
-6.923823246281284038e-02,-6.923823246281284038e-02
-6.588561527820041563e-02,-6.588561527820041563e-02
-6.048592143372000934e-02,-6.048592143372000934e-02
-7.107747306644207619e-02,-7.107747306644207619e-02
-2.300678307928896715e-02,-2.300678307928896715e-02
-4.060510518696711785e-02,-4.060510518696711785e-02
-6.287663262569040401e-02,-6.287663262569040401e-02
-6.093928610170118443e-02,-6.093928610170118443e-02
-6.184609220074180347e-02,-6.184609220074180347e-02
-7.238964577096340669e-02,-7.238964577096340669e-02
-6.662854957995188732e-02,-6.662854957995188732e-02
-5.091476968544653148e-02,-5.091476968544653148e-02
-5.261414188526904179e-02,-5.261414188526904179e-02
-2.585286366954910389e-02,-2.585286366954910389e-02
-3.863911317166236065e-02,-3.863911317166236065e-02
-4.816375658723147379e-02,-4.816375658723147379e-02
-7.242356917043235587e-02,-7.242356917043235587e-02
-4.803003358199982309e-02,-4.803003358199982309e-02
-2.346853308794503296e-02,-2.346853308794503296e-02
-4.630405827679544284e-02,-4.630405827679544284e-02
-5.498340359674597916e-02,-5.498340359674597916e-02
-6.352825814535889570e-02,-6.352825814535889570e-02
-3.128873288535775898e-02,-3.128873288535775898e-02
-5.373286495155150250e-02,-5.373286495155150250e-02
-3.247062705810448840e-02,-3.247062705810448840e-02
-5.022978990423482976e-02,-5.022978990423482976e-02
-1.787007106019448954e-02,-1.787007106019448954e-02
-6.222004361557084695e-02,-6.222004361557084695e-02
-3.812396282260319819e-02,-3.812396282260319819e-02
-9.757293285033177832e-02,-9.757293285033177832e-02
-6.119600376483772669e-02,-6.119600376483772669e-02
-5.361729777575430927e-02,-5.361729777575430927e-02
-4.255867865637508879e-02,-4.255867865637508879e-02
-3.955917199016299735e-02,-3.955917199016299735e-02
-5.458638582136270123e-02,-5.458638582136270123e-02
-5.390996959795938542e-02,-5.390996959795938542e-02
-4.926200338317437977e-02,-4.926200338317437977e-02
-3.072612040031130407e-02,-3.072612040031130407e-02
-6.447214851542615310e-02,-6.447214851542615310e-02
-5.878389121086824431e-02,-5.878389121086824431e-02
-7.364158282102675757e-02,-7.364158282102675757e-02
-4.092295034986524749e-02,-4.092295034986524749e-02
-4.222543380990794598e-02,-4.222543380990794598e-02
-6.973984944008015940e-02,-6.973984944008015940e-02
-4.651137140628611166e-02,-4.651137140628611166e-02
-5.202455163687171730e-02,-5.202455163687171730e-02
-3.266816613843454703e-02,-3.266816613843454703e-02
-5.387252065675914026e-02,-5.387252065675914026e-02
-3.549016955026595282e-02,-3.549016955026595282e-02
-4.117248945114397596e-02,-4.117248945114397596e-02
-8.104990950451063103e-02,-8.104990950451063103e-02
-4.168746630883997384e-02,-4.168746630883997384e-02
-4.648487607455525916e-02,-4.648487607455525916e-02
-4.883079314138032145e-02,-4.883079314138032145e-02
-7.107471131421708166e-02,-7.107471131421708166e-02
-3.028286369590291877e-02,-3.028286369590291877e-02
-4.096829324093897301e-02,-4.096829324093897301e-02
-8.614484660924981441e-02,-8.614484660924981441e-02
-5.334164400490808838e-02,-5.334164400490808838e-02
-6.289657902996476091e-02,-6.289657902996476091e-02
-7.063202547457447800e-02,-7.063202547457447800e-02
-4.265048696609768236e-02,-4.265048696609768236e-02
-5.003013666953136374e-02,-5.003013666953136374e-02
-6.748272345310163400e-02,-6.748272345310163400e-02
-3.273938073601281168e-02,-3.273938073601281168e-02
-6.266878496322574044e-02,-6.266878496322574044e-02
-6.943619455423433173e-02,-6.943619455423433173e-02
-4.406315493726223331e-02,-4.406315493726223331e-02
-7.732513491749613832e-02,-7.732513491749613832e-02
-4.365808414996685816e-02,-4.365808414996685816e-02
-6.971849865060450457e-02,-6.971849865060450457e-02
-3.653200695528244224e-02,-3.653200695528244224e-02
-3.572250677579939110e-02,-3.572250677579939110e-02
-6.374958708951053432e-02,-6.374958708951053432e-02
-6.077330000831302620e-02,-6.077330000831302620e-02
-4.358353289320210378e-02,-4.358353289320210378e-02
-4.349648300619932129e-02,-4.349648300619932129e-02
-6.308652743146167530e-02,-6.308652743146167530e-02
-6.596071088841906627e-02,-6.596071088841906627e-02
-5.090656825412170905e-02,-5.090656825412170905e-02
-2.096541598827888347e-02,-2.096541598827888347e-02
-4.951734434719052419e-02,-4.951734434719052419e-02
-3.440438025579395376e-02,-3.440438025579395376e-02
-5.861927051314694270e-02,-5.861927051314694270e-02
-3.665047828746380298e-02,-3.665047828746380298e-02
-5.446846728377208180e-02,-5.446846728377208180e-02
-6.102983432146903697e-02,-6.102983432146903697e-02
-4.605072637910224975e-02,-4.605072637910224975e-02
-6.062754737077999390e-02,-6.062754737077999390e-02
-6.825222541336753435e-02,-6.825222541336753435e-02
-3.020107226270614051e-02,-3.020107226270614051e-02
-6.973428125599206995e-02,-6.973428125599206995e-02
-5.218535070813624943e-02,-5.218535070813624943e-02
-5.809419493870605217e-02,-5.809419493870605217e-02
-7.392932051922117276e-02,-7.392932051922117276e-02
-4.202409587318099715e-02,-4.202409587318099715e-02
-4.071544562974574455e-02,-4.071544562974574455e-02
-5.319141082152181732e-02,-5.319141082152181732e-02
-5.352954591452605687e-02,-5.352954591452605687e-02
-5.666964823236404075e-02,-5.666964823236404075e-02
-5.261297637222277918e-02,-5.261297637222277918e-02
-4.724281323495568841e-02,-4.724281323495568841e-02
-6.063406284400223167e-02,-6.063406284400223167e-02
-4.538562689173238768e-02,-4.538562689173238768e-02
-6.556557730666376371e-02,-6.556557730666376371e-02
-7.264949153836181006e-02,-7.264949153836181006e-02
-3.741245140790788737e-02,-3.741245140790788737e-02
-5.250623024003468753e-02,-5.250623024003468753e-02
-3.278331884039423910e-02,-3.278331884039423910e-02
-7.483038960068856549e-02,-7.483038960068856549e-02
-6.999475993378234673e-02,-6.999475993378234673e-02
-5.928732560705583798e-02,-5.928732560705583798e-02
-4.257287293939105571e-02,-4.257287293939105571e-02
-7.637646831490368937e-02,-7.637646831490368937e-02
-5.534913060567139137e-02,-5.534913060567139137e-02
-4.448634221686200568e-02,-4.448634221686200568e-02
-5.603960572197302231e-02,-5.603960572197302231e-02
-5.938542830138136136e-02,-5.938542830138136136e-02
-3.092947293104846007e-02,-3.092947293104846007e-02
-4.612203501703697472e-02,-4.612203501703697472e-02
-6.033909485610360057e-02,-6.033909485610360057e-02
-4.858108558890568418e-02,-4.858108558890568418e-02
-1.454587948634137630e-02,-1.454587948634137630e-02
-6.238966558541503282e-02,-6.238966558541503282e-02
-4.720584924581792963e-02,-4.720584924581792963e-02
-5.436934869702170908e-02,-5.436934869702170908e-02
-5.621180210453009113e-02,-5.621180210453009113e-02
-5.438237578390649196e-02,-5.438237578390649196e-02
-4.222183968423452727e-02,-4.222183968423452727e-02
-5.845433379264475954e-02,-5.845433379264475954e-02
-5.242351342976770551e-02,-5.242351342976770551e-02
-4.531324288784110976e-02,-4.531324288784110976e-02
-4.933792629457472295e-02,-4.933792629457472295e-02
-7.974187056881831825e-02,-7.974187056881831825e-02
-5.187624486489124387e-02,-5.187624486489124387e-02
-5.652901694718773934e-02,-5.652901694718773934e-02
-2.870941227472264407e-02,-2.870941227472264407e-02
-5.498592450914086688e-02,-5.498592450914086688e-02
-6.079666585658227707e-02,-6.079666585658227707e-02
-7.223531811771174982e-02,-7.223531811771174982e-02
-8.180720066044470939e-02,-8.180720066044470939e-02
-5.587992644766901634e-02,-5.587992644766901634e-02
-4.447981041416267101e-02,-4.447981041416267101e-02
-5.096395672624053769e-02,-5.096395672624053769e-02
-6.244887816822373983e-02,-6.244887816822373983e-02
-7.367257726989777378e-02,-7.367257726989777378e-02
-4.498337017280863714e-02,-4.498337017280863714e-02
-6.396357258873795748e-02,-6.396357258873795748e-02
-5.325871022784694347e-02,-5.325871022784694347e-02
-3.872529497367970669e-02,-3.872529497367970669e-02
-5.664131870737357938e-02,-5.664131870737357938e-02
-4.608414748693200752e-02,-4.608414748693200752e-02
-5.009098311703374939e-02,-5.009098311703374939e-02
-4.292556279547668496e-02,-4.292556279547668496e-02
-5.749936237666809780e-02,-5.749936237666809780e-02
-5.906893103000745299e-02,-5.906893103000745299e-02
-5.861188728146753818e-02,-5.861188728146753818e-02
-7.637205478168102024e-02,-7.637205478168102024e-02
-5.888133427893180866e-02,-5.888133427893180866e-02
-3.704640590204673345e-02,-3.704640590204673345e-02
-5.674077383568608413e-02,-5.674077383568608413e-02
-4.775255737293932629e-02,-4.775255737293932629e-02
-7.546366943342303069e-02,-7.546366943342303069e-02
-6.552949350734460499e-02,-6.552949350734460499e-02
-4.616842593089616475e-02,-4.616842593089616475e-02
-6.677943351876539091e-02,-6.677943351876539091e-02
-4.082009096733662384e-02,-4.082009096733662384e-02
-4.484889281124657817e-02,-4.484889281124657817e-02
-6.526545456252673405e-02,-6.526545456252673405e-02
-5.014390849481545342e-02,-5.014390849481545342e-02
-7.387994367457866030e-02,-7.387994367457866030e-02
-4.306067094477023655e-02,-4.306067094477023655e-02
-5.669053238134254269e-02,-5.669053238134254269e-02
-2.924490396818952773e-02,-2.924490396818952773e-02
-6.840632291805998078e-02,-6.840632291805998078e-02
-5.771976305864955081e-02,-5.771976305864955081e-02
-6.550333480230162431e-02,-6.550333480230162431e-02
-3.416199342536171968e-02,-3.416199342536171968e-02
-8.593750128718548320e-02,-8.593750128718548320e-02
-5.724221644022287059e-02,-5.724221644022287059e-02
-5.024947476827028303e-02,-5.024947476827028303e-02
-6.340046321777645377e-02,-6.340046321777645377e-02
-5.501421570277408718e-02,-5.501421570277408718e-02
-4.041056689354231152e-02,-4.041056689354231152e-02
-8.136802797526862530e-02,-8.136802797526862530e-02
-4.874708453699078126e-02,-4.874708453699078126e-02
-4.058275496197540078e-02,-4.058275496197540078e-02
-5.449044720795278435e-02,-5.449044720795278435e-02
-4.483301503710417080e-02,-4.483301503710417080e-02
-5.167504740889096448e-02,-5.167504740889096448e-02
-1.994262855415639829e-02,-1.994262855415639829e-02
-5.190536400036036696e-02,-5.190536400036036696e-02
-8.353545445926158219e-02,-8.353545445926158219e-02
-5.252698450276716002e-02,-5.252698450276716002e-02
-5.034980460282605097e-02,-5.034980460282605097e-02
-8.000436586010163664e-02,-8.000436586010163664e-02
-7.637297495160322303e-02,-7.637297495160322303e-02
-6.377449929086119462e-02,-6.377449929086119462e-02
-4.313821277406611199e-02,-4.313821277406611199e-02
-3.977554867006605904e-02,-3.977554867006605904e-02
-5.372793787115114073e-02,-5.372793787115114073e-02
-6.018023895853151506e-02,-6.018023895853151506e-02
-3.076432302515656747e-02,-3.076432302515656747e-02
-3.574449217993813654e-02,-3.574449217993813654e-02
-5.941207869164712163e-02,-5.941207869164712163e-02
-5.070735669000317469e-02,-5.070735669000317469e-02
-6.933037790217352891e-02,-6.933037790217352891e-02
-6.677842502514731715e-02,-6.677842502514731715e-02
-5.818675246839682957e-02,-5.818675246839682957e-02
-2.485687280117915635e-02,-2.485687280117915635e-02
-6.409985111575376704e-02,-6.409985111575376704e-02
-7.965433585839153119e-02,-7.965433585839153119e-02
-5.473362155137180551e-02,-5.473362155137180551e-02
-6.266997140275942790e-02,-6.266997140275942790e-02
-6.613645482820072752e-02,-6.613645482820072752e-02
-4.954040356977519599e-02,-4.954040356977519599e-02
-3.855741160170628179e-02,-3.855741160170628179e-02
-6.276665608508530392e-02,-6.276665608508530392e-02
-4.577280247446705030e-02,-4.577280247446705030e-02
-5.912104259130764733e-02,-5.912104259130764733e-02
-4.895601281506899161e-02,-4.895601281506899161e-02
-5.245380882672014827e-02,-5.245380882672014827e-02
-5.800037573806798158e-02,-5.800037573806798158e-02
-3.269321549434676261e-02,-3.269321549434676261e-02
-4.310367104888293555e-02,-4.310367104888293555e-02
-2.781814985922475419e-02,-2.781814985922475419e-02
-4.606191029104959866e-02,-4.606191029104959866e-02
-7.772402836667080539e-02,-7.772402836667080539e-02
-4.276899210810974905e-02,-4.276899210810974905e-02
-5.327782569981640015e-02,-5.327782569981640015e-02
-4.633870972992493870e-02,-4.633870972992493870e-02
-4.736976804703653399e-02,-4.736976804703653399e-02
-6.029746558537538159e-02,-6.029746558537538159e-02
-5.307387366116583099e-02,-5.307387366116583099e-02
-7.038206621377812722e-02,-7.038206621377812722e-02
-4.583796324149537471e-02,-4.583796324149537471e-02
-3.246414759738557726e-02,-3.246414759738557726e-02
-4.172155402929907109e-02,-4.172155402929907109e-02
-5.176312619865321152e-02,-5.176312619865321152e-02
-3.250670493656925703e-02,-3.250670493656925703e-02
-5.239997174787103945e-02,-5.239997174787103945e-02
-7.760979116455316018e-02,-7.760979116455316018e-02
-3.146448592302412972e-02,-3.146448592302412972e-02
-3.723135574815491372e-02,-3.723135574815491372e-02
-7.260063644220668411e-02,-7.260063644220668411e-02
-5.594242460033375941e-02,-5.594242460033375941e-02
-4.764993728254950101e-02,-4.764993728254950101e-02
-7.579018128159054069e-02,-7.579018128159054069e-02
-7.189122650820690963e-02,-7.189122650820690963e-02
-5.891286658992121034e-02,-5.891286658992121034e-02
-8.429827696778048607e-02,-8.429827696778048607e-02
-6.215355332676884142e-02,-6.215355332676884142e-02
-4.608879041404125021e-02,-4.608879041404125021e-02
-5.289207869318654498e-02,-5.289207869318654498e-02
-7.232453110052948497e-02,-7.232453110052948497e-02
-5.762814755514161780e-02,-5.762814755514161780e-02
-6.173202300091044925e-02,-6.173202300091044925e-02
-3.897525298917805386e-02,-3.897525298917805386e-02
-5.113768164093152047e-02,-5.113768164093152047e-02
-4.509047285386668519e-02,-4.509047285386668519e-02
-5.378473410490124812e-02,-5.378473410490124812e-02
-2.951948925573243815e-02,-2.951948925573243815e-02
-4.782246704764068351e-02,-4.782246704764068351e-02
-4.176049172287667199e-02,-4.176049172287667199e-02
-8.544835355021883350e-02,-8.544835355021883350e-02
-4.741822746854126164e-02,-4.741822746854126164e-02
-5.146850542439735526e-02,-5.146850542439735526e-02
-5.573357437132034353e-02,-5.573357437132034353e-02
-3.648190040839757731e-02,-3.648190040839757731e-02
-4.437082615315364464e-02,-4.437082615315364464e-02
-5.814449436941228344e-02,-5.814449436941228344e-02
-5.627074008794163279e-02,-5.627074008794163279e-02
-5.471934543992425237e-02,-5.471934543992425237e-02
-5.746260759592994316e-02,-5.746260759592994316e-02
-3.827054364087488503e-02,-3.827054364087488503e-02
-3.739289517399770058e-02,-3.739289517399770058e-02
-3.925349699284931548e-02,-3.925349699284931548e-02
-3.078541333667050156e-02,-3.078541333667050156e-02
-4.928981245262261529e-02,-4.928981245262261529e-02
-5.681864189289662082e-02,-5.681864189289662082e-02
-5.217748484226364392e-02,-5.217748484226364392e-02
-4.445943506628408093e-02,-4.445943506628408093e-02
-3.995657230392106463e-02,-3.995657230392106463e-02
-4.997377865479116221e-02,-4.997377865479116221e-02
-6.841540291362553650e-02,-6.841540291362553650e-02
-3.408591748484703782e-02,-3.408591748484703782e-02
-4.677474311188919986e-02,-4.677474311188919986e-02
-7.009040071892796986e-02,-7.009040071892796986e-02
-5.053653313409563197e-02,-5.053653313409563197e-02
-4.958914226606262604e-02,-4.958914226606262604e-02
-5.584119882692322595e-02,-5.584119882692322595e-02
-9.025303907974166484e-02,-9.025303907974166484e-02
-6.151852899363022958e-02,-6.151852899363022958e-02
-4.889607750842132200e-02,-4.889607750842132200e-02
-5.241456453217899908e-02,-5.241456453217899908e-02
-6.802743262227184395e-02,-6.802743262227184395e-02
-1.281519854058276418e-02,-1.281519854058276418e-02
-5.192512799729685075e-02,-5.192512799729685075e-02
-5.295511819032899803e-02,-5.295511819032899803e-02
-5.801050529015818608e-02,-5.801050529015818608e-02
-7.094751285070520497e-02,-7.094751285070520497e-02
-4.692976355733637084e-02,-4.692976355733637084e-02
-5.317387054805138707e-02,-5.317387054805138707e-02
-2.855718088355833212e-02,-2.855718088355833212e-02
-5.413779022495565640e-02,-5.413779022495565640e-02
-8.426362702377802882e-02,-8.426362702377802882e-02
-6.947941140615457312e-02,-6.947941140615457312e-02
-6.255637690451475164e-02,-6.255637690451475164e-02
-6.370493157282473839e-02,-6.370493157282473839e-02
-5.163182846841739282e-02,-5.163182846841739282e-02
-6.193258981530684604e-02,-6.193258981530684604e-02
-5.411601230371586302e-02,-5.411601230371586302e-02
-5.264441515295833346e-02,-5.264441515295833346e-02
-4.715605504117086066e-02,-4.715605504117086066e-02
-3.836485993640841030e-02,-3.836485993640841030e-02
-5.034794835928099038e-02,-5.034794835928099038e-02
-4.439323102297262902e-02,-4.439323102297262902e-02
-4.560373011926287246e-02,-4.560373011926287246e-02
-4.430646320303864572e-02,-4.430646320303864572e-02
-5.238733443836843251e-02,-5.238733443836843251e-02
-1.434311644264545452e-02,-1.434311644264545452e-02
-5.116765771745828556e-02,-5.116765771745828556e-02
-5.725941786792819455e-02,-5.725941786792819455e-02
-4.023752427017014688e-02,-4.023752427017014688e-02
-5.237174236212262246e-02,-5.237174236212262246e-02
-3.748020859017274498e-02,-3.748020859017274498e-02
-6.787510284548838035e-02,-6.787510284548838035e-02
-3.964956314067113324e-02,-3.964956314067113324e-02
-4.309918708660409603e-02,-4.309918708660409603e-02
-4.763101220246300505e-02,-4.763101220246300505e-02
-4.202481222923198922e-02,-4.202481222923198922e-02
-4.973481177166470812e-02,-4.973481177166470812e-02
-4.494357705668002023e-02,-4.494357705668002023e-02
-6.010136244765083846e-02,-6.010136244765083846e-02
-2.976924353671341755e-02,-2.976924353671341755e-02
-5.893868014559715263e-02,-5.893868014559715263e-02
-6.084638960026772514e-02,-6.084638960026772514e-02
-6.271942957768980587e-02,-6.271942957768980587e-02
-3.078421142692940732e-02,-3.078421142692940732e-02
-4.621758796436636202e-02,-4.621758796436636202e-02
-3.551548263748088852e-02,-3.551548263748088852e-02
-3.581684764343066874e-02,-3.581684764343066874e-02
-7.004060593521996281e-02,-7.004060593521996281e-02
-3.843335337299470800e-02,-3.843335337299470800e-02
-6.649490437384771024e-02,-6.649490437384771024e-02
-7.210999720099452170e-02,-7.210999720099452170e-02
-2.611760202626130928e-02,-2.611760202626130928e-02
-2.717000033158402383e-02,-2.717000033158402383e-02
-6.323169917347794267e-02,-6.323169917347794267e-02
-5.182862484047640744e-02,-5.182862484047640744e-02
-5.712753792765017102e-02,-5.712753792765017102e-02
-7.222020689562042017e-02,-7.222020689562042017e-02
-6.046018402354380594e-02,-6.046018402354380594e-02
-5.811693333379479992e-02,-5.811693333379479992e-02
-4.088213414644064486e-02,-4.088213414644064486e-02
-7.443386510281137236e-02,-7.443386510281137236e-02
-4.371125934085280662e-02,-4.371125934085280662e-02
-6.465356787222192869e-02,-6.465356787222192869e-02
-2.713457467077104099e-02,-2.713457467077104099e-02
-4.040789086912880551e-02,-4.040789086912880551e-02
-2.888986525346245657e-02,-2.888986525346245657e-02
-4.711338535849261128e-02,-4.711338535849261128e-02
-4.852732276209314327e-02,-4.852732276209314327e-02
-6.728856300884390740e-02,-6.728856300884390740e-02
-6.638792704602192174e-02,-6.638792704602192174e-02
-7.047067549766020123e-02,-7.047067549766020123e-02
-5.344603846287425408e-02,-5.344603846287425408e-02
-6.426387907006964051e-02,-6.426387907006964051e-02
-3.821870477485575512e-02,-3.821870477485575512e-02
-7.319245591389612893e-02,-7.319245591389612893e-02
-4.502223587916551195e-02,-4.502223587916551195e-02
-5.594608059695613950e-02,-5.594608059695613950e-02
-4.683137772623369860e-02,-4.683137772623369860e-02
-3.697104499391047627e-02,-3.697104499391047627e-02
-7.048977955018714825e-02,-7.048977955018714825e-02
-5.359526458972735385e-02,-5.359526458972735385e-02
-6.067066150274748326e-02,-6.067066150274748326e-02
-6.744418670756294198e-02,-6.744418670756294198e-02
-3.872755605900725373e-02,-3.872755605900725373e-02
-6.922417398600769212e-02,-6.922417398600769212e-02
-5.448808571840193377e-02,-5.448808571840193377e-02
-4.597952566245284978e-02,-4.597952566245284978e-02
-3.797724279870966224e-02,-3.797724279870966224e-02
-6.199568360096945063e-02,-6.199568360096945063e-02
-4.194500378627333270e-02,-4.194500378627333270e-02
-4.984599179382750989e-02,-4.984599179382750989e-02
-6.693456923230914346e-02,-6.693456923230914346e-02
-4.871283947226303507e-02,-4.871283947226303507e-02
-1.087092752350183184e-01,-1.087092752350183184e-01
-6.502003469493300436e-02,-6.502003469493300436e-02
-8.138619932415708247e-02,-8.138619932415708247e-02
-5.952601858976227372e-02,-5.952601858976227372e-02
-4.876855136098596361e-02,-4.876855136098596361e-02
-4.256782935672923790e-02,-4.256782935672923790e-02
-4.559176564422617872e-02,-4.559176564422617872e-02
-5.374044281123434991e-02,-5.374044281123434991e-02
-4.668449757795675725e-02,-4.668449757795675725e-02
-5.284547026840458878e-02,-5.284547026840458878e-02
-4.650792202014374793e-02,-4.650792202014374793e-02
-6.617197228170433598e-02,-6.617197228170433598e-02
-4.025525707014623172e-02,-4.025525707014623172e-02
-5.910273451435367476e-02,-5.910273451435367476e-02
-6.654422834991399749e-02,-6.654422834991399749e-02
-3.594978194209354216e-02,-3.594978194209354216e-02
-6.457999264894286051e-02,-6.457999264894286051e-02
-4.615558494004759482e-02,-4.615558494004759482e-02
-7.018992487088501764e-02,-7.018992487088501764e-02
-6.837997171764706450e-02,-6.837997171764706450e-02
-5.879544387067132949e-02,-5.879544387067132949e-02
-3.977562788261567589e-02,-3.977562788261567589e-02
-5.426398390519386605e-02,-5.426398390519386605e-02
-6.205462961834712354e-02,-6.205462961834712354e-02
-3.978892702811677451e-02,-3.978892702811677451e-02
-7.415529761789300955e-02,-7.415529761789300955e-02
-7.807939882320566460e-02,-7.807939882320566460e-02
-6.539889232233636607e-02,-6.539889232233636607e-02
-5.824530708701003423e-02,-5.824530708701003423e-02
-8.067330992299390213e-02,-8.067330992299390213e-02
-4.843061723926214007e-02,-4.843061723926214007e-02
-5.611538491188593214e-02,-5.611538491188593214e-02
-5.260387419642163775e-02,-5.260387419642163775e-02
-2.190047625769849654e-02,-2.190047625769849654e-02
-4.401903216069194547e-02,-4.401903216069194547e-02
-7.438805765072858955e-02,-7.438805765072858955e-02
-3.613915955747449421e-02,-3.613915955747449421e-02
-5.757158981741536397e-02,-5.757158981741536397e-02
-5.201890168131032000e-02,-5.201890168131032000e-02
-3.685363438464803881e-02,-3.685363438464803881e-02
-4.588257445173427734e-02,-4.588257445173427734e-02
-6.113132826832183564e-02,-6.113132826832183564e-02
-4.676722194464513066e-02,-4.676722194464513066e-02
-3.344881233200693027e-02,-3.344881233200693027e-02
-4.603765419900099354e-02,-4.603765419900099354e-02
-5.038121918709115299e-02,-5.038121918709115299e-02
-5.173972584371595851e-02,-5.173972584371595851e-02
-6.725500270155318483e-02,-6.725500270155318483e-02
-5.378833730152113995e-02,-5.378833730152113995e-02
-2.602376438848403445e-02,-2.602376438848403445e-02
-5.703380272039174081e-02,-5.703380272039174081e-02
-5.021687246638903424e-02,-5.021687246638903424e-02
-3.689597919913110285e-02,-3.689597919913110285e-02
-8.600102536082220028e-02,-8.600102536082220028e-02
-4.848865953929817896e-02,-4.848865953929817896e-02
-4.768936077962648845e-02,-4.768936077962648845e-02
-6.652081880968289951e-02,-6.652081880968289951e-02
-5.223486681023994938e-02,-5.223486681023994938e-02
-7.070685876680332660e-02,-7.070685876680332660e-02
-4.793509740037850408e-02,-4.793509740037850408e-02
-6.775532928878555405e-02,-6.775532928878555405e-02
-5.279097406757701089e-02,-5.279097406757701089e-02
-5.498927235602814323e-02,-5.498927235602814323e-02
-2.905633654285183151e-02,-2.905633654285183151e-02
-7.260011538728837477e-02,-7.260011538728837477e-02
-3.757466630627868259e-02,-3.757466630627868259e-02
-5.643825927339141124e-02,-5.643825927339141124e-02
-4.647411340203313340e-02,-4.647411340203313340e-02
-5.357299210426122449e-02,-5.357299210426122449e-02
-6.315146612981034635e-02,-6.315146612981034635e-02
-6.850817244322615629e-02,-6.850817244322615629e-02
-4.416958723569423817e-02,-4.416958723569423817e-02
-4.516660417193985727e-02,-4.516660417193985727e-02
-5.781104338815314103e-02,-5.781104338815314103e-02
-7.975778465653154958e-02,-7.975778465653154958e-02
-5.647451593790435431e-02,-5.647451593790435431e-02
-3.025952113435501425e-02,-3.025952113435501425e-02
-5.724118559027163017e-02,-5.724118559027163017e-02
-4.767707261259193641e-02,-4.767707261259193641e-02
-5.587507468932460114e-02,-5.587507468932460114e-02
-5.692644263093436102e-02,-5.692644263093436102e-02
-3.824705644404688409e-02,-3.824705644404688409e-02
-4.261910911961518111e-02,-4.261910911961518111e-02
-3.403722572566362375e-02,-3.403722572566362375e-02
-5.974554871585736893e-02,-5.974554871585736893e-02
-5.679104872605565679e-02,-5.679104872605565679e-02
-6.471093138878636353e-02,-6.471093138878636353e-02
-5.367377052606097515e-02,-5.367377052606097515e-02
-4.735607925615372554e-02,-4.735607925615372554e-02
-3.338259044184144902e-02,-3.338259044184144902e-02
-3.895667217433959606e-02,-3.895667217433959606e-02
-6.111571405816013797e-02,-6.111571405816013797e-02
-5.452460628023320099e-02,-5.452460628023320099e-02
-5.384895183098165755e-02,-5.384895183098165755e-02
-7.938636418579736453e-02,-7.938636418579736453e-02
-5.146717789006872990e-02,-5.146717789006872990e-02
-1.855484094860752886e-02,-1.855484094860752886e-02
-5.164643601470488704e-02,-5.164643601470488704e-02
-3.882604515882034230e-02,-3.882604515882034230e-02
-4.248187846971800130e-02,-4.248187846971800130e-02
-3.679191545948369557e-02,-3.679191545948369557e-02
-5.586294773267326541e-02,-5.586294773267326541e-02
-6.069972159906193709e-02,-6.069972159906193709e-02
-6.511125844595026801e-02,-6.511125844595026801e-02
-6.822162604403501918e-02,-6.822162604403501918e-02
-3.557948581856484188e-02,-3.557948581856484188e-02
-8.174808397101741841e-02,-8.174808397101741841e-02
-7.263434351276899792e-02,-7.263434351276899792e-02
-5.289368303067051857e-02,-5.289368303067051857e-02
-4.861507660444087942e-02,-4.861507660444087942e-02
-4.596900426859584776e-02,-4.596900426859584776e-02
-1.437341394426207633e-02,-1.437341394426207633e-02
-4.840554157321189793e-02,-4.840554157321189793e-02
-5.580596078617797856e-02,-5.580596078617797856e-02
-4.181238893929152545e-02,-4.181238893929152545e-02
-3.956345881691550326e-02,-3.956345881691550326e-02
-2.531417108212181966e-02,-2.531417108212181966e-02
-5.890646150422189364e-02,-5.890646150422189364e-02
-2.576119524375431596e-02,-2.576119524375431596e-02
-6.976078375070333959e-02,-6.976078375070333959e-02
-6.704129399769717668e-02,-6.704129399769717668e-02
-5.092380888544691120e-02,-5.092380888544691120e-02
-4.647743830989456426e-02,-4.647743830989456426e-02
-7.771901561168191586e-02,-7.771901561168191586e-02
-5.446791575344252928e-02,-5.446791575344252928e-02
-6.439445679911943998e-02,-6.439445679911943998e-02
-5.155972212207754479e-02,-5.155972212207754479e-02
-5.846205384087171941e-02,-5.846205384087171941e-02
-4.394441250880468108e-02,-4.394441250880468108e-02
-6.014186307209791471e-02,-6.014186307209791471e-02
-4.745244993976407283e-02,-4.745244993976407283e-02
-4.165257234181755225e-02,-4.165257234181755225e-02
-3.155693361559787358e-02,-3.155693361559787358e-02
-4.661957703636429584e-02,-4.661957703636429584e-02
-5.689569536009551898e-02,-5.689569536009551898e-02
-3.876742423836751494e-02,-3.876742423836751494e-02
-4.938907163368994047e-02,-4.938907163368994047e-02
-5.767036747364617105e-02,-5.767036747364617105e-02
-2.434824504676060333e-02,-2.434824504676060333e-02
-6.100330054429105309e-02,-6.100330054429105309e-02
-7.199854274000239140e-02,-7.199854274000239140e-02
-5.576661477321476212e-02,-5.576661477321476212e-02
-4.818007528252423594e-02,-4.818007528252423594e-02
-4.132921542268543080e-02,-4.132921542268543080e-02
-5.270062350378192095e-02,-5.270062350378192095e-02
-4.729194372265133062e-02,-4.729194372265133062e-02
-5.877147227604279101e-02,-5.877147227604279101e-02
-5.641475729999768929e-02,-5.641475729999768929e-02
-3.096193793927813978e-02,-3.096193793927813978e-02
-5.056664683506496144e-02,-5.056664683506496144e-02
-4.302668733722813527e-02,-4.302668733722813527e-02
-4.611114988321131369e-02,-4.611114988321131369e-02
-4.771604252835900256e-02,-4.771604252835900256e-02
-4.488713462081190403e-02,-4.488713462081190403e-02
-5.003728650030590114e-02,-5.003728650030590114e-02
-6.307291446780415034e-02,-6.307291446780415034e-02
-6.423262240355676056e-02,-6.423262240355676056e-02
-3.491510542850995852e-02,-3.491510542850995852e-02
-6.519974503695973034e-02,-6.519974503695973034e-02
-7.272952482975418576e-02,-7.272952482975418576e-02
-6.376942224304378570e-02,-6.376942224304378570e-02
-6.305127443133852483e-02,-6.305127443133852483e-02
-6.754697507148628433e-02,-6.754697507148628433e-02
-5.987482791153474204e-02,-5.987482791153474204e-02
-5.607954215348923133e-02,-5.607954215348923133e-02
-6.243864931757651948e-02,-6.243864931757651948e-02
-8.455070173524034671e-02,-8.455070173524034671e-02
-6.696907293801768191e-02,-6.696907293801768191e-02
-7.249767319074539029e-02,-7.249767319074539029e-02
-8.146830881737060492e-02,-8.146830881737060492e-02
-5.514159730203668786e-02,-5.514159730203668786e-02
-7.194335787764355450e-02,-7.194335787764355450e-02
-6.178047554827220678e-02,-6.178047554827220678e-02
-7.151703092665305517e-02,-7.151703092665305517e-02
-4.296904614886971896e-02,-4.296904614886971896e-02
-5.604738327256789110e-02,-5.604738327256789110e-02
-5.023343520922762817e-02,-5.023343520922762817e-02
-3.887459524663499505e-02,-3.887459524663499505e-02
-8.504982107010282399e-02,-8.504982107010282399e-02
-2.899513681921802449e-02,-2.899513681921802449e-02
-4.555476518956751153e-02,-4.555476518956751153e-02
-5.249358688198552808e-02,-5.249358688198552808e-02
-4.091914332803095466e-02,-4.091914332803095466e-02
-5.179889345470166384e-02,-5.179889345470166384e-02
-4.773128641586945470e-02,-4.773128641586945470e-02
-5.659975209806761276e-02,-5.659975209806761276e-02
-6.488933622574072357e-02,-6.488933622574072357e-02
-5.973669806164293161e-02,-5.973669806164293161e-02
-7.228743508082496882e-02,-7.228743508082496882e-02
-6.170169898005626458e-02,-6.170169898005626458e-02
-5.789863374436026583e-02,-5.789863374436026583e-02
-7.393252902129084092e-02,-7.393252902129084092e-02
-3.133977101712520641e-02,-3.133977101712520641e-02
-4.061918869825786177e-02,-4.061918869825786177e-02
-5.314997155364686865e-02,-5.314997155364686865e-02
-4.091589638676670915e-02,-4.091589638676670915e-02
-5.115795493332648408e-02,-5.115795493332648408e-02
-2.453277304693876615e-02,-2.453277304693876615e-02
-4.575216231541243128e-02,-4.575216231541243128e-02
-4.903513997068770225e-02,-4.903513997068770225e-02
-5.931847973993711887e-02,-5.931847973993711887e-02
-5.273782960088588267e-02,-5.273782960088588267e-02
-6.573154967430690221e-02,-6.573154967430690221e-02
-3.179535991794719268e-02,-3.179535991794719268e-02
-5.029474813315083781e-02,-5.029474813315083781e-02
-5.635131055383506976e-02,-5.635131055383506976e-02
-2.757024037641495756e-02,-2.757024037641495756e-02
-6.746888172647308446e-02,-6.746888172647308446e-02
-1.575005125161673541e-02,-1.575005125161673541e-02
-4.674592026362897612e-02,-4.674592026362897612e-02
-7.304831821853741136e-02,-7.304831821853741136e-02
-7.342724183127261051e-02,-7.342724183127261051e-02
-4.190554641595532065e-02,-4.190554641595532065e-02
-5.551889685259744217e-02,-5.551889685259744217e-02
-3.475148996587350270e-02,-3.475148996587350270e-02
-5.005396062551215053e-02,-5.005396062551215053e-02
-7.366678276851715279e-02,-7.366678276851715279e-02
-7.594579423711014798e-02,-7.594579423711014798e-02
-6.856467380963951475e-02,-6.856467380963951475e-02
-3.399715342490146341e-02,-3.399715342490146341e-02
-5.332221668140493809e-02,-5.332221668140493809e-02
-3.770510624729291049e-02,-3.770510624729291049e-02
-4.798020191873156315e-02,-4.798020191873156315e-02
-4.402849368297585830e-02,-4.402849368297585830e-02
-7.541558594712255426e-02,-7.541558594712255426e-02
-4.011455129190762831e-02,-4.011455129190762831e-02
-3.810274717684695306e-02,-3.810274717684695306e-02
-7.224548534658152554e-02,-7.224548534658152554e-02
-7.475701548781178707e-02,-7.475701548781178707e-02
-5.912338245058457870e-02,-5.912338245058457870e-02
-6.428301643666151088e-02,-6.428301643666151088e-02
-5.839037410631285618e-02,-5.839037410631285618e-02
-5.959237740900739932e-02,-5.959237740900739932e-02
-4.311565284687376293e-02,-4.311565284687376293e-02
-7.634366041606636955e-02,-7.634366041606636955e-02
-5.293704153457553380e-02,-5.293704153457553380e-02
-4.300147796415761808e-02,-4.300147796415761808e-02
-2.063755309317368697e-02,-2.063755309317368697e-02
-3.837860500751898857e-02,-3.837860500751898857e-02
-6.576037790920907788e-02,-6.576037790920907788e-02
-5.451226593112992042e-02,-5.451226593112992042e-02
-3.270466112838020523e-02,-3.270466112838020523e-02
-8.792100260349917928e-02,-8.792100260349917928e-02
-5.389258263604930488e-02,-5.389258263604930488e-02
-4.132366146488864606e-02,-4.132366146488864606e-02
-5.210680333476204462e-02,-5.210680333476204462e-02
-5.598620611262102725e-02,-5.598620611262102725e-02
-6.019942098687426635e-02,-6.019942098687426635e-02
-4.017912649167236505e-02,-4.017912649167236505e-02
-6.736480007296952177e-02,-6.736480007296952177e-02
-4.449790695699395310e-02,-4.449790695699395310e-02
-6.006911791612994100e-02,-6.006911791612994100e-02
-5.482593116380655995e-02,-5.482593116380655995e-02
-6.396610539459537947e-02,-6.396610539459537947e-02
-6.652093739324628496e-02,-6.652093739324628496e-02
-6.498789687098903423e-02,-6.498789687098903423e-02
-6.918349684194601001e-02,-6.918349684194601001e-02
-6.146585576643738558e-02,-6.146585576643738558e-02
-5.845638219158019039e-02,-5.845638219158019039e-02
-6.113900242418254111e-02,-6.113900242418254111e-02
-6.167011008978332681e-02,-6.167011008978332681e-02
-3.323096088640603574e-02,-3.323096088640603574e-02
-6.693803895889159639e-02,-6.693803895889159639e-02
-6.196947533282188419e-02,-6.196947533282188419e-02
-3.720096094870327386e-02,-3.720096094870327386e-02
-4.831519284401707137e-02,-4.831519284401707137e-02
-7.750930612790771224e-02,-7.750930612790771224e-02
-2.271959485972173398e-02,-2.271959485972173398e-02
-3.355771224885897158e-02,-3.355771224885897158e-02
-3.808668519182017986e-02,-3.808668519182017986e-02
-2.394420806097478580e-02,-2.394420806097478580e-02
-6.403865936512499746e-02,-6.403865936512499746e-02
-8.244777812544099027e-02,-8.244777812544099027e-02
-3.475485400638224365e-02,-3.475485400638224365e-02
-7.730465370209474441e-02,-7.730465370209474441e-02
-5.946872067021023028e-02,-5.946872067021023028e-02
-7.287982666710715596e-02,-7.287982666710715596e-02
-6.149299919143699084e-02,-6.149299919143699084e-02
-6.004876014779941817e-02,-6.004876014779941817e-02
-4.287217845095461083e-02,-4.287217845095461083e-02
-9.382427553161001854e-02,-9.382427553161001854e-02
-8.386405226576086613e-02,-8.386405226576086613e-02
-5.494535007959240602e-02,-5.494535007959240602e-02
