1.944790922976749936e+00,1.944790922976749936e+00
4.155998437929052436e+00,4.155998437929052436e+00
9.962029911172616270e-01,9.962029911172616270e-01
1.519152954919773313e+00,1.519152954919773313e+00
8.834195184685382785e-01,8.834195184685382785e-01
4.102900334456811571e+00,4.102900334456811571e+00
2.302872838390217947e+00,2.302872838390217947e+00
4.293419589963068717e+00,4.293419589963068717e+00
2.983842793342493138e+00,2.983842793342493138e+00
5.128233015389625393e+00,5.128233015389625393e+00
3.666665069111657793e+00,3.666665069111657793e+00
2.984910754637654318e+00,2.984910754637654318e+00
5.356427463789742660e+00,5.356427463789742660e+00
2.208775938051169785e+00,2.208775938051169785e+00
4.543554380754384781e+00,4.543554380754384781e+00
6.270681165864253614e+00,6.270681165864253614e+00
5.288407293368830864e+00,5.288407293368830864e+00
9.946341208377735832e-01,9.946341208377735832e-01
2.397769102915044748e+00,2.397769102915044748e+00
3.133338311983491664e+00,3.133338311983491664e+00
4.736896592903594438e+00,4.736896592903594438e+00
2.630629816812133370e+00,2.630629816812133370e+00
8.219681981249832958e+00,8.219681981249832958e+00
3.068819772570962279e+00,3.068819772570962279e+00
2.730304301270791711e+00,2.730304301270791711e+00
3.030650521015416210e+00,3.030650521015416210e+00
1.849355181214790811e+00,1.849355181214790811e+00
1.876639932230132368e+00,1.876639932230132368e+00
1.107638054878626210e+00,1.107638054878626210e+00
3.170255662695212084e+00,3.170255662695212084e+00
3.607058580356406807e+00,3.607058580356406807e+00
5.312049692910726151e+00,5.312049692910726151e+00
2.864215909800854831e+00,2.864215909800854831e+00
1.340089670511862341e+00,1.340089670511862341e+00
3.265502449859674083e+00,3.265502449859674083e+00
2.094413481280631650e+00,2.094413481280631650e+00
3.480202937201838154e+00,3.480202937201838154e+00
1.789215766410764630e+00,1.789215766410764630e+00
4.333128624106026727e+00,4.333128624106026727e+00
3.497517985169259269e+00,3.497517985169259269e+00
5.457353632146018541e+00,5.457353632146018541e+00
3.614072748926638212e+00,3.614072748926638212e+00
2.419931779540841266e+00,2.419931779540841266e+00
1.999321407965781283e+00,1.999321407965781283e+00
2.239543527511147936e+00,2.239543527511147936e+00
2.772894630689125783e+00,2.772894630689125783e+00
2.264459096981006780e+00,2.264459096981006780e+00
1.703690473840746122e+00,1.703690473840746122e+00
5.116424809713453037e+00,5.116424809713453037e+00
1.302733427150833068e+00,1.302733427150833068e+00
2.391170129216030560e+00,2.391170129216030560e+00
4.304649275710938028e+00,4.304649275710938028e+00
6.503129373493012011e+00,6.503129373493012011e+00
8.711811189417633106e-01,8.711811189417633106e-01
6.125094541164717299e+00,6.125094541164717299e+00
3.789800139739138984e+00,3.789800139739138984e+00
2.632028816973116747e+00,2.632028816973116747e+00
4.182579114719092495e+00,4.182579114719092495e+00
2.481965233004105986e+00,2.481965233004105986e+00
5.575590065353428493e+00,5.575590065353428493e+00
4.038680341043476396e+00,4.038680341043476396e+00
3.066018766214059887e+00,3.066018766214059887e+00
4.076940985884980329e+00,4.076940985884980329e+00
6.588120432541371585e+00,6.588120432541371585e+00
1.782887812744892830e+00,1.782887812744892830e+00
4.357853896138340843e+00,4.357853896138340843e+00
3.453092663961759179e+00,3.453092663961759179e+00
5.795208115953475847e+00,5.795208115953475847e+00
3.576677044775646408e+00,3.576677044775646408e+00
1.765461173915806814e+00,1.765461173915806814e+00
3.948014247079676409e+00,3.948014247079676409e+00
5.063578493866492281e+00,5.063578493866492281e+00
2.449089737225170538e+00,2.449089737225170538e+00
5.557076808888487207e+00,5.557076808888487207e+00
3.070364348617419026e+00,3.070364348617419026e+00
4.196657309327925134e+00,4.196657309327925134e+00
5.263002814688433340e+00,5.263002814688433340e+00
6.081443978136139350e+00,6.081443978136139350e+00
4.724167984910488727e+00,4.724167984910488727e+00
5.806672742326293601e+00,5.806672742326293601e+00
4.318530053645620370e+00,4.318530053645620370e+00
3.401073277306735587e+00,3.401073277306735587e+00
4.188574360231093863e+00,4.188574360231093863e+00
4.414828206946808109e+00,4.414828206946808109e+00
1.573027548282611932e+00,1.573027548282611932e+00
4.877238480983822733e+00,4.877238480983822733e+00
3.981133567731950595e+00,3.981133567731950595e+00
5.347078589125803028e+00,5.347078589125803028e+00
4.675031358492718336e-01,4.675031358492718336e-01
3.863951814472405211e+00,3.863951814472405211e+00
3.839368748688093191e+00,3.839368748688093191e+00
3.598010002029471188e+00,3.598010002029471188e+00
4.750241846790975941e+00,4.750241846790975941e+00
5.856379122712089824e+00,5.856379122712089824e+00
5.570224185825919605e+00,5.570224185825919605e+00
1.306984166931345115e+00,1.306984166931345115e+00
4.375971715588101496e+00,4.375971715588101496e+00
5.680964973719194511e+00,5.680964973719194511e+00
7.464781188050413796e+00,7.464781188050413796e+00
4.332849282212449360e+00,4.332849282212449360e+00
1.052154037693787458e+00,1.052154037693787458e+00
2.933240653616005389e+00,2.933240653616005389e+00
2.609894099305760218e+00,2.609894099305760218e+00
5.317767440778064625e+00,5.317767440778064625e+00
3.189930082951300427e+00,3.189930082951300427e+00
6.948813567613342457e+00,6.948813567613342457e+00
6.047278164937774925e+00,6.047278164937774925e+00
2.557256047159405021e+00,2.557256047159405021e+00
4.546355874449546697e+00,4.546355874449546697e+00
4.523106647344262932e+00,4.523106647344262932e+00
4.580361009991326782e+00,4.580361009991326782e+00
-2.249303971609997621e+00,-2.249303971609997621e+00
5.647137014313861059e+00,5.647137014313861059e+00
5.216888622547206644e+00,5.216888622547206644e+00
4.590105007492293332e+00,4.590105007492293332e+00
2.892482053266753894e+00,2.892482053266753894e+00
3.362980691970280045e+00,3.362980691970280045e+00
4.006378838701737166e+00,4.006378838701737166e+00
4.255335991154152175e+00,4.255335991154152175e+00
2.748595508231446605e+00,2.748595508231446605e+00
3.646005518684232172e+00,3.646005518684232172e+00
3.889525341209420617e+00,3.889525341209420617e+00
3.946900648903147513e+00,3.946900648903147513e+00
4.339758604632899086e+00,4.339758604632899086e+00
5.554042243540927792e+00,5.554042243540927792e+00
2.492925230693885830e+00,2.492925230693885830e+00
8.848546106230941177e+00,8.848546106230941177e+00
6.121062371857878937e+00,6.121062371857878937e+00
5.262582684700096713e+00,5.262582684700096713e+00
1.166123531393086443e+00,1.166123531393086443e+00
4.057465187081616520e+00,4.057465187081616520e+00
3.598984007149759190e+00,3.598984007149759190e+00
4.920481469720979106e+00,4.920481469720979106e+00
5.439840069026482539e+00,5.439840069026482539e+00
5.242948788641575320e+00,5.242948788641575320e+00
2.679196115920386312e+00,2.679196115920386312e+00
2.680882114807609184e+00,2.680882114807609184e+00
3.882463656620163128e-01,3.882463656620163128e-01
5.742087203684413055e+00,5.742087203684413055e+00
4.255458655503465693e+00,4.255458655503465693e+00
3.747025119439574947e+00,3.747025119439574947e+00
2.221913623312325559e+00,2.221913623312325559e+00
2.499757763317759007e+00,2.499757763317759007e+00
4.524150313694958569e+00,4.524150313694958569e+00
4.406979283974560957e+00,4.406979283974560957e+00
2.527550617968593372e+00,2.527550617968593372e+00
2.066621826411017437e+00,2.066621826411017437e+00
3.919847550325893604e+00,3.919847550325893604e+00
4.743783454483501139e+00,4.743783454483501139e+00
2.297054070023016870e+00,2.297054070023016870e+00
-5.778413953699277350e-01,-5.778413953699277350e-01
4.438495541038967929e+00,4.438495541038967929e+00
2.764969662823913765e+00,2.764969662823913765e+00
2.762192975570850084e+00,2.762192975570850084e+00
3.866864448008290989e+00,3.866864448008290989e+00
4.593666946560457376e+00,4.593666946560457376e+00
4.196573391448481516e+00,4.196573391448481516e+00
3.469490287535088591e+00,3.469490287535088591e+00
5.632459061924359744e+00,5.632459061924359744e+00
3.168719782101530047e+00,3.168719782101530047e+00
3.790709181391439753e+00,3.790709181391439753e+00
2.886249863704394514e+00,2.886249863704394514e+00
6.507881739349079986e+00,6.507881739349079986e+00
2.330012927178211513e+00,2.330012927178211513e+00
-5.147118695683379208e-01,-5.147118695683379208e-01
2.265468345444650033e+00,2.265468345444650033e+00
3.322254712309650415e+00,3.322254712309650415e+00
3.068789422714245152e+00,3.068789422714245152e+00
4.524188142390293876e+00,4.524188142390293876e+00
2.163180494234547613e+00,2.163180494234547613e+00
4.233398069202848113e+00,4.233398069202848113e+00
2.142951709029417895e+00,2.142951709029417895e+00
2.507651529238900778e+00,2.507651529238900778e+00
3.356057681386349856e+00,3.356057681386349856e+00
4.197461370285563653e+00,4.197461370285563653e+00
2.409515987312633722e+00,2.409515987312633722e+00
3.770800492135727655e+00,3.770800492135727655e+00
1.854023966518317357e+00,1.854023966518317357e+00
5.829963945625816990e+00,5.829963945625816990e+00
3.039728737507488177e+00,3.039728737507488177e+00
4.058590224455485007e-01,4.058590224455485007e-01
2.106055981604426197e+00,2.106055981604426197e+00
9.052889633700944572e-01,9.052889633700944572e-01
3.691447027286122395e+00,3.691447027286122395e+00
4.348695829604796614e+00,4.348695829604796614e+00
3.033036940913872215e+00,3.033036940913872215e+00
3.117474806739680027e+00,3.117474806739680027e+00
5.200860674844280496e+00,5.200860674844280496e+00
5.930131966322758075e+00,5.930131966322758075e+00
3.405153695121571289e+00,3.405153695121571289e+00
-3.982294828878893966e-01,-3.982294828878893966e-01
2.057680454264050329e+00,2.057680454264050329e+00
3.830736416292267243e+00,3.830736416292267243e+00
4.150068044314028093e+00,4.150068044314028093e+00
5.146111594879021034e+00,5.146111594879021034e+00
4.735497829376599022e+00,4.735497829376599022e+00
5.822885640613892022e+00,5.822885640613892022e+00
4.460968782064508531e+00,4.460968782064508531e+00
4.668437900998877232e+00,4.668437900998877232e+00
4.210087497785401922e+00,4.210087497785401922e+00
5.134343778158692473e+00,5.134343778158692473e+00
1.810296287555407391e+00,1.810296287555407391e+00
6.461822684420106988e+00,6.461822684420106988e+00
4.613331582069206682e+00,4.613331582069206682e+00
4.304357939779920983e+00,4.304357939779920983e+00
1.328373906574177976e+00,1.328373906574177976e+00
5.411221369598975706e+00,5.411221369598975706e+00
2.444733242422725272e-01,2.444733242422725272e-01
7.312460924265040685e-01,7.312460924265040685e-01
2.707239146500517890e+00,2.707239146500517890e+00
5.297637183480141232e+00,5.297637183480141232e+00
5.979947905814675835e+00,5.979947905814675835e+00
2.688945427126498089e+00,2.688945427126498089e+00
2.806210429561308839e+00,2.806210429561308839e+00
1.538052721515072552e+00,1.538052721515072552e+00
5.402218993802584635e+00,5.402218993802584635e+00
2.638210758531331024e+00,2.638210758531331024e+00
1.946550989315263713e+00,1.946550989315263713e+00
2.806946093960040578e+00,2.806946093960040578e+00
4.402067599868231262e+00,4.402067599868231262e+00
5.928941818971575906e+00,5.928941818971575906e+00
4.627859534681100229e+00,4.627859534681100229e+00
3.893589872667325480e+00,3.893589872667325480e+00
1.710458482969919203e+00,1.710458482969919203e+00
4.078635144200865703e+00,4.078635144200865703e+00
4.669724905587876229e+00,4.669724905587876229e+00
5.952284092187237974e+00,5.952284092187237974e+00
-8.676574779333945386e-01,-8.676574779333945386e-01
4.289979185389958261e+00,4.289979185389958261e+00
3.149270468787332078e+00,3.149270468787332078e+00
3.212951597127809755e+00,3.212951597127809755e+00
3.475401865274286628e+00,3.475401865274286628e+00
4.627448029919767336e+00,4.627448029919767336e+00
6.050585369562676341e+00,6.050585369562676341e+00
5.900480369063380692e+00,5.900480369063380692e+00
3.651399442576735321e+00,3.651399442576735321e+00
5.435418123562824277e+00,5.435418123562824277e+00
1.128113630971361747e+00,1.128113630971361747e+00
5.483021729438474878e+00,5.483021729438474878e+00
1.147322118916966893e+00,1.147322118916966893e+00
2.049970332033717924e+00,2.049970332033717924e+00
5.454327156646364472e+00,5.454327156646364472e+00
1.808560639143623749e+00,1.808560639143623749e+00
3.037813606780810360e+00,3.037813606780810360e+00
4.035167038599047018e+00,4.035167038599047018e+00
3.921916690183065768e+00,3.921916690183065768e+00
3.388942386244063965e+00,3.388942386244063965e+00
4.165211836406986556e+00,4.165211836406986556e+00
3.396152010392071929e+00,3.396152010392071929e+00
5.334474466711145446e+00,5.334474466711145446e+00
3.841567241406223410e+00,3.841567241406223410e+00
5.064963098694020616e+00,5.064963098694020616e+00
5.460532549543914982e+00,5.460532549543914982e+00
2.969942633220928219e+00,2.969942633220928219e+00
1.930375718484196312e+00,1.930375718484196312e+00
5.125493179138157274e+00,5.125493179138157274e+00
5.266779092496689074e+00,5.266779092496689074e+00
7.067634530601653253e+00,7.067634530601653253e+00
7.753386510018358102e+00,7.753386510018358102e+00
3.628395203598653751e+00,3.628395203598653751e+00
1.129950435703622524e+00,1.129950435703622524e+00
1.460278225306044009e+00,1.460278225306044009e+00
1.707841874926384618e+00,1.707841874926384618e+00
4.523309643275402969e+00,4.523309643275402969e+00
1.957035537259948388e+00,1.957035537259948388e+00
1.431176869994198464e+00,1.431176869994198464e+00
3.151904946998179025e+00,3.151904946998179025e+00
4.511231348865951674e+00,4.511231348865951674e+00
2.301103357266283567e+00,2.301103357266283567e+00
2.698286627978670804e+00,2.698286627978670804e+00
5.203272259511582121e+00,5.203272259511582121e+00
2.088264763320113904e+00,2.088264763320113904e+00
4.969532906067074762e+00,4.969532906067074762e+00
3.809401664731198789e+00,3.809401664731198789e+00
3.619974634109550671e+00,3.619974634109550671e+00
3.598744736993149118e+00,3.598744736993149118e+00
2.940034292806693372e+00,2.940034292806693372e+00
4.169319603867068125e+00,4.169319603867068125e+00
4.913857189604771136e-01,4.913857189604771136e-01
3.774241716158170501e+00,3.774241716158170501e+00
5.489810868051129944e+00,5.489810868051129944e+00
1.433151961716357059e+00,1.433151961716357059e+00
4.106496763916604564e+00,4.106496763916604564e+00
2.898720336196961789e+00,2.898720336196961789e+00
4.019806523284808364e+00,4.019806523284808364e+00
7.881654567181616500e+00,7.881654567181616500e+00
4.467474423120502358e+00,4.467474423120502358e+00
1.538517682703971268e+00,1.538517682703971268e+00
2.343268471589240232e+00,2.343268471589240232e+00
4.459608582553620693e+00,4.459608582553620693e+00
3.048026037977377811e+00,3.048026037977377811e+00
5.962457520163860991e+00,5.962457520163860991e+00
5.609435287608125265e+00,5.609435287608125265e+00
9.321824036267361002e-01,9.321824036267361002e-01
4.223525440612862170e+00,4.223525440612862170e+00
4.390779523126823847e+00,4.390779523126823847e+00
2.696563542344238229e+00,2.696563542344238229e+00
3.465672902563831315e+00,3.465672902563831315e+00
2.471836087550689065e+00,2.471836087550689065e+00
3.759134821104858748e+00,3.759134821104858748e+00
-8.470633935078382137e-01,-8.470633935078382137e-01
2.507613392767848115e+00,2.507613392767848115e+00
1.566779563403994713e+00,1.566779563403994713e+00
3.788413740185399448e+00,3.788413740185399448e+00
3.516131045231187358e+00,3.516131045231187358e+00
2.781857322125416143e+00,2.781857322125416143e+00
2.602774399572944652e-01,2.602774399572944652e-01
5.198171144230462559e+00,5.198171144230462559e+00
-2.965540138639322087e-01,-2.965540138639322087e-01
8.007647948888823919e+00,8.007647948888823919e+00
6.075784587082475596e-01,6.075784587082475596e-01
4.042059235054711763e+00,4.042059235054711763e+00
3.572450571515770612e+00,3.572450571515770612e+00
5.355714488989555377e+00,5.355714488989555377e+00
3.366466104864763942e+00,3.366466104864763942e+00
1.158832636175208375e+00,1.158832636175208375e+00
3.989387672131012863e+00,3.989387672131012863e+00
4.165639678242253119e+00,4.165639678242253119e+00
2.004055832269550308e+00,2.004055832269550308e+00
4.349106729847975750e+00,4.349106729847975750e+00
1.780467685984091553e+00,1.780467685984091553e+00
3.909992977990937923e+00,3.909992977990937923e+00
2.684345252075976074e+00,2.684345252075976074e+00
1.368776444274483861e+00,1.368776444274483861e+00
5.185115700699647334e+00,5.185115700699647334e+00
5.552860346762026111e+00,5.552860346762026111e+00
5.647077778022833172e+00,5.647077778022833172e+00
3.947838407065275224e+00,3.947838407065275224e+00
4.647565003293941288e+00,4.647565003293941288e+00
6.689859904611662245e+00,6.689859904611662245e+00
2.977814402693619300e+00,2.977814402693619300e+00
2.374929391972244286e+00,2.374929391972244286e+00
3.495324561515850803e+00,3.495324561515850803e+00
1.337473521421504330e+00,1.337473521421504330e+00
2.277402184969769205e+00,2.277402184969769205e+00
3.631339841813525204e+00,3.631339841813525204e+00
3.321340533689246755e+00,3.321340533689246755e+00
2.779113116210243817e+00,2.779113116210243817e+00
2.199858216045937453e+00,2.199858216045937453e+00
2.399434106978084458e+00,2.399434106978084458e+00
3.551014661637235115e+00,3.551014661637235115e+00
4.421132498477359896e+00,4.421132498477359896e+00
3.102459289697078404e+00,3.102459289697078404e+00
2.633981670679728992e+00,2.633981670679728992e+00
3.958113456514873896e+00,3.958113456514873896e+00
1.435444880862999595e+00,1.435444880862999595e+00
2.785716908062206176e+00,2.785716908062206176e+00
2.835360936866261561e+00,2.835360936866261561e+00
2.229333449786784271e+00,2.229333449786784271e+00
1.667179405600446085e+00,1.667179405600446085e+00
6.803712548163851181e+00,6.803712548163851181e+00
5.005641340034882703e+00,5.005641340034882703e+00
4.689322975335464605e+00,4.689322975335464605e+00
3.677494269285465300e+00,3.677494269285465300e+00
3.035843722290139102e+00,3.035843722290139102e+00
5.841227462022734684e+00,5.841227462022734684e+00
6.115562915649764619e+00,6.115562915649764619e+00
5.539122683196161745e+00,5.539122683196161745e+00
6.140995209986741088e+00,6.140995209986741088e+00
1.719469757827243317e+00,1.719469757827243317e+00
4.315554817458421510e+00,4.315554817458421510e+00
2.066344560676250275e+00,2.066344560676250275e+00
4.331072419974052679e+00,4.331072419974052679e+00
4.404074060077377339e+00,4.404074060077377339e+00
3.157289775404472199e+00,3.157289775404472199e+00
3.380619613642692922e+00,3.380619613642692922e+00
3.315627739236456151e+00,3.315627739236456151e+00
4.509457028710043502e+00,4.509457028710043502e+00
2.856346330069425399e+00,2.856346330069425399e+00
3.760828112346814134e+00,3.760828112346814134e+00
4.203666835293212500e+00,4.203666835293212500e+00
2.109805381238822442e+00,2.109805381238822442e+00
6.175508884645692476e+00,6.175508884645692476e+00
3.120024019051006903e+00,3.120024019051006903e+00
1.592995284198870820e+00,1.592995284198870820e+00
2.848607266109198122e+00,2.848607266109198122e+00
1.768061937855194721e+00,1.768061937855194721e+00
3.779854352854590704e+00,3.779854352854590704e+00
3.014423655533199131e+00,3.014423655533199131e+00
2.209976623076541191e+00,2.209976623076541191e+00
4.392153636648540527e+00,4.392153636648540527e+00
2.448951918464477906e+00,2.448951918464477906e+00
2.231933554040726797e+00,2.231933554040726797e+00
3.721868272220735463e+00,3.721868272220735463e+00
4.426875147947908040e+00,4.426875147947908040e+00
2.013234818356424149e+00,2.013234818356424149e+00
2.529237371034387394e+00,2.529237371034387394e+00
1.196163100669837664e+00,1.196163100669837664e+00
1.723403157256940599e+00,1.723403157256940599e+00
1.898417972351670535e+00,1.898417972351670535e+00
5.722471287620925828e+00,5.722471287620925828e+00
3.777373295237627104e+00,3.777373295237627104e+00
1.671253164633748955e+00,1.671253164633748955e+00
4.025817697190374744e+00,4.025817697190374744e+00
4.394812536794916902e+00,4.394812536794916902e+00
4.938647931956177572e+00,4.938647931956177572e+00
3.398496756522875639e+00,3.398496756522875639e+00
5.201807272810794913e+00,5.201807272810794913e+00
5.393785992432080789e+00,5.393785992432080789e+00
3.313814640143239565e+00,3.313814640143239565e+00
2.035081514452298901e+00,2.035081514452298901e+00
4.758341278476490466e+00,4.758341278476490466e+00
1.650999843592660721e+00,1.650999843592660721e+00
2.727037343954777704e+00,2.727037343954777704e+00
4.128850953544819014e+00,4.128850953544819014e+00
2.871784563716305083e+00,2.871784563716305083e+00
3.359122115665925445e+00,3.359122115665925445e+00
3.086621339568045297e+00,3.086621339568045297e+00
2.597802477652897846e+00,2.597802477652897846e+00
5.441595958733412175e+00,5.441595958733412175e+00
2.420868374403164047e+00,2.420868374403164047e+00
3.432306223134210299e+00,3.432306223134210299e+00
7.829215569711602818e-01,7.829215569711602818e-01
4.244551651556001559e+00,4.244551651556001559e+00
2.627238925470085640e-01,2.627238925470085640e-01
3.594544406933450453e+00,3.594544406933450453e+00
2.622824751615859373e+00,2.622824751615859373e+00
1.589276841331944468e+00,1.589276841331944468e+00
3.925746001741051039e+00,3.925746001741051039e+00
3.621313139767371680e+00,3.621313139767371680e+00
2.633975288360519418e+00,2.633975288360519418e+00
2.398387492173537971e+00,2.398387492173537971e+00
1.310440629355560826e+00,1.310440629355560826e+00
2.132450092819020870e+00,2.132450092819020870e+00
2.156186274732116104e+00,2.156186274732116104e+00
1.808587483087951808e+00,1.808587483087951808e+00
5.170670697073943778e+00,5.170670697073943778e+00
5.087914008478066741e+00,5.087914008478066741e+00
2.796475139930539644e+00,2.796475139930539644e+00
1.988868839403987288e+00,1.988868839403987288e+00
3.115512957688118423e+00,3.115512957688118423e+00
4.048254550571403598e+00,4.048254550571403598e+00
1.501435713274495098e+00,1.501435713274495098e+00
4.705072633515829494e+00,4.705072633515829494e+00
1.726407368695926259e+00,1.726407368695926259e+00
2.213848947059413153e+00,2.213848947059413153e+00
5.150402421205962256e+00,5.150402421205962256e+00
5.542894300624729098e+00,5.542894300624729098e+00
4.530367450092198212e+00,4.530367450092198212e+00
4.945178730907905162e+00,4.945178730907905162e+00
5.956773092659403801e+00,5.956773092659403801e+00
3.635640779394933908e+00,3.635640779394933908e+00
5.995503483570161052e+00,5.995503483570161052e+00
4.328092872567682825e+00,4.328092872567682825e+00
4.813492252036567720e+00,4.813492252036567720e+00
1.622325920303894886e+00,1.622325920303894886e+00
3.413879496930520396e+00,3.413879496930520396e+00
3.855339306316256653e+00,3.855339306316256653e+00
2.178058251378570009e+00,2.178058251378570009e+00
1.527466952195575045e+00,1.527466952195575045e+00
3.645730562506218408e+00,3.645730562506218408e+00
3.608148959231529673e+00,3.608148959231529673e+00
6.593007516550898117e+00,6.593007516550898117e+00
5.652461584896395053e+00,5.652461584896395053e+00
4.178361509937048801e+00,4.178361509937048801e+00
4.592504589383365143e+00,4.592504589383365143e+00
4.631264563397105682e+00,4.631264563397105682e+00
4.662849827681542436e+00,4.662849827681542436e+00
1.997286177417894937e+00,1.997286177417894937e+00
7.236311809324829980e+00,7.236311809324829980e+00
3.558309755953964704e+00,3.558309755953964704e+00
3.062681921496768211e+00,3.062681921496768211e+00
5.926895042459758400e+00,5.926895042459758400e+00
3.540484389597288839e+00,3.540484389597288839e+00
3.267879552447854330e+00,3.267879552447854330e+00
4.029279014748987642e+00,4.029279014748987642e+00
1.728005791898227894e+00,1.728005791898227894e+00
6.980663841975633055e+00,6.980663841975633055e+00
7.801003989350812073e-01,7.801003989350812073e-01
5.739268464836847272e+00,5.739268464836847272e+00
3.215725141294105693e+00,3.215725141294105693e+00
4.136205211625771483e+00,4.136205211625771483e+00
5.757444712957906496e+00,5.757444712957906496e+00
2.459368249447772214e+00,2.459368249447772214e+00
3.720340489678693796e+00,3.720340489678693796e+00
2.381821164404754221e+00,2.381821164404754221e+00
6.341173544915909233e+00,6.341173544915909233e+00
3.008841506330604432e+00,3.008841506330604432e+00
4.371285739632963185e+00,4.371285739632963185e+00
4.241207704635357345e+00,4.241207704635357345e+00
3.076477416462872760e+00,3.076477416462872760e+00
1.294820840546225371e+00,1.294820840546225371e+00
4.718186868077059337e+00,4.718186868077059337e+00
2.326967164611493999e+00,2.326967164611493999e+00
5.317088775044211957e+00,5.317088775044211957e+00
5.706418702714703528e+00,5.706418702714703528e+00
3.640961841678432176e+00,3.640961841678432176e+00
4.846405800979515455e+00,4.846405800979515455e+00
2.157743829400085467e+00,2.157743829400085467e+00
3.544251719940586298e+00,3.544251719940586298e+00
3.509591346827788172e+00,3.509591346827788172e+00
1.820685851053596149e+00,1.820685851053596149e+00
7.143678575113819207e+00,7.143678575113819207e+00
4.773911546610397849e+00,4.773911546610397849e+00
4.797746351119714703e+00,4.797746351119714703e+00
3.690671430113274365e+00,3.690671430113274365e+00
2.306126740654532714e+00,2.306126740654532714e+00
2.871425843391998356e+00,2.871425843391998356e+00
4.699810268743398467e+00,4.699810268743398467e+00
4.763349779685332130e+00,4.763349779685332130e+00
4.379664120466697952e+00,4.379664120466697952e+00
3.321976468630678081e+00,3.321976468630678081e+00
6.764684536177119512e+00,6.764684536177119512e+00
1.520491842672901273e+00,1.520491842672901273e+00
3.549881415306307186e+00,3.549881415306307186e+00
3.266361476225463356e+00,3.266361476225463356e+00
3.298748418464381604e+00,3.298748418464381604e+00
3.377499939820586050e+00,3.377499939820586050e+00
3.578985366047874095e+00,3.578985366047874095e+00
5.121928512283983714e+00,5.121928512283983714e+00
3.726958737071482730e+00,3.726958737071482730e+00
2.462158505844490364e+00,2.462158505844490364e+00
2.136378480205191721e+00,2.136378480205191721e+00
2.758718419601138727e+00,2.758718419601138727e+00
3.919151088723470622e+00,3.919151088723470622e+00
2.751425025040209249e+00,2.751425025040209249e+00
2.923014533993733455e+00,2.923014533993733455e+00
3.333571677865631244e+00,3.333571677865631244e+00
4.847249212387699124e+00,4.847249212387699124e+00
3.293830293382041585e+00,3.293830293382041585e+00
7.764146270797442462e+00,7.764146270797442462e+00
8.485735396261786523e-01,8.485735396261786523e-01
2.959554052609521424e+00,2.959554052609521424e+00
2.330211132395999307e+00,2.330211132395999307e+00
8.644310388012717006e-01,8.644310388012717006e-01
2.956551977266054010e+00,2.956551977266054010e+00
3.672828640836516279e+00,3.672828640836516279e+00
6.324253750505802962e+00,6.324253750505802962e+00
5.819130133146595441e+00,5.819130133146595441e+00
5.293486676945564184e+00,5.293486676945564184e+00
6.059370072737922719e+00,6.059370072737922719e+00
2.970705283115730566e+00,2.970705283115730566e+00
4.213612291058116632e+00,4.213612291058116632e+00
2.352362735148179507e+00,2.352362735148179507e+00
8.698288988775164654e-01,8.698288988775164654e-01
4.093527188163713859e+00,4.093527188163713859e+00
1.387816815897777722e+00,1.387816815897777722e+00
5.417864505173341172e+00,5.417864505173341172e+00
4.615555263679677722e+00,4.615555263679677722e+00
3.945934682573196017e+00,3.945934682573196017e+00
2.304004279358319529e+00,2.304004279358319529e+00
4.278581926597927243e+00,4.278581926597927243e+00
1.745573549842907468e+00,1.745573549842907468e+00
1.030880041256465596e+00,1.030880041256465596e+00
3.854008233161139163e+00,3.854008233161139163e+00
2.307182357982159093e+00,2.307182357982159093e+00
4.261600239519850675e+00,4.261600239519850675e+00
3.229447360528109101e+00,3.229447360528109101e+00
5.162932589356445945e+00,5.162932589356445945e+00
4.972636938402657414e+00,4.972636938402657414e+00
5.110865791585940343e+00,5.110865791585940343e+00
4.946596458691187692e+00,4.946596458691187692e+00
1.508289689757819518e+00,1.508289689757819518e+00
5.362431109132077545e+00,5.362431109132077545e+00
4.658476892089423060e+00,4.658476892089423060e+00
2.075969491224222807e+00,2.075969491224222807e+00
5.002876491577358919e+00,5.002876491577358919e+00
3.553782044979333143e+00,3.553782044979333143e+00
2.925817978420876653e+00,2.925817978420876653e+00
2.585872309940278502e+00,2.585872309940278502e+00
1.000891320867614676e+00,1.000891320867614676e+00
4.209888645726162615e+00,4.209888645726162615e+00
4.076294722083035893e+00,4.076294722083035893e+00
4.198238058653868343e+00,4.198238058653868343e+00
5.595018987484477790e+00,5.595018987484477790e+00
1.004575225208096168e+00,1.004575225208096168e+00
3.271720760547323525e+00,3.271720760547323525e+00
2.526621750532749289e+00,2.526621750532749289e+00
5.057149140128196052e+00,5.057149140128196052e+00
2.341572594036243515e+00,2.341572594036243515e+00
1.522417057163896636e+00,1.522417057163896636e+00
4.518923304058404256e+00,4.518923304058404256e+00
5.233655504572436001e+00,5.233655504572436001e+00
3.738127375595034163e+00,3.738127375595034163e+00
2.136041041097835436e+00,2.136041041097835436e+00
1.661872343505028660e-01,1.661872343505028660e-01
4.878768112641457932e+00,4.878768112641457932e+00
2.402023765702687275e+00,2.402023765702687275e+00
1.899008284971641647e+00,1.899008284971641647e+00
5.283889254842913275e+00,5.283889254842913275e+00
3.774236420161280137e+00,3.774236420161280137e+00
4.008905793423423347e+00,4.008905793423423347e+00
1.751224686452409918e+00,1.751224686452409918e+00
1.179198942706627395e+00,1.179198942706627395e+00
3.359501372645026240e+00,3.359501372645026240e+00
3.922565900428045538e+00,3.922565900428045538e+00
3.009169471651160777e+00,3.009169471651160777e+00
4.845799420335603180e+00,4.845799420335603180e+00
6.087091044424397523e+00,6.087091044424397523e+00
4.882250810441862043e+00,4.882250810441862043e+00
2.880848546536632693e+00,2.880848546536632693e+00
3.617888808758373820e+00,3.617888808758373820e+00
4.888394054680036405e+00,4.888394054680036405e+00
3.949670264234838246e+00,3.949670264234838246e+00
2.268089317706341923e+00,2.268089317706341923e+00
6.052321893850546530e+00,6.052321893850546530e+00
3.145308371798710922e+00,3.145308371798710922e+00
5.292717212193811527e+00,5.292717212193811527e+00
2.243096325842931726e+00,2.243096325842931726e+00
2.930428570912817499e-01,2.930428570912817499e-01
3.930836789337898374e+00,3.930836789337898374e+00
2.058223739592273560e+00,2.058223739592273560e+00
4.729826059199425892e+00,4.729826059199425892e+00
4.933462567512716390e+00,4.933462567512716390e+00
4.544050151976551710e+00,4.544050151976551710e+00
4.462148566238745673e+00,4.462148566238745673e+00
5.014890432988978297e+00,5.014890432988978297e+00
2.958921721068209720e+00,2.958921721068209720e+00
4.693321435905597028e+00,4.693321435905597028e+00
3.231749816157121202e+00,3.231749816157121202e+00
3.299438248538267615e+00,3.299438248538267615e+00
3.863739098945003114e+00,3.863739098945003114e+00
2.664948352418087474e+00,2.664948352418087474e+00
4.050375492425414947e+00,4.050375492425414947e+00
3.458547488566304562e+00,3.458547488566304562e+00
4.140020327806174016e+00,4.140020327806174016e+00
2.032631580449061115e+00,2.032631580449061115e+00
3.027422498705343301e+00,3.027422498705343301e+00
6.312687743011919927e+00,6.312687743011919927e+00
5.484206379792107455e+00,5.484206379792107455e+00
2.994795286714306393e+00,2.994795286714306393e+00
4.912889810318254113e+00,4.912889810318254113e+00
4.292355319360894761e+00,4.292355319360894761e+00
3.029842170447545335e+00,3.029842170447545335e+00
2.662354362344483860e+00,2.662354362344483860e+00
5.916311047696105163e+00,5.916311047696105163e+00
3.468484287754348028e+00,3.468484287754348028e+00
2.568861829052197621e+00,2.568861829052197621e+00
5.216686812202089740e+00,5.216686812202089740e+00
1.229472595730286333e+00,1.229472595730286333e+00
1.062292906805148096e+00,1.062292906805148096e+00
3.058079631512473640e+00,3.058079631512473640e+00
3.027691950025103829e+00,3.027691950025103829e+00
3.241109599889762549e+00,3.241109599889762549e+00
6.495926689792058895e+00,6.495926689792058895e+00
2.725164880824483049e+00,2.725164880824483049e+00
3.703124173115666551e+00,3.703124173115666551e+00
2.093024341207756933e+00,2.093024341207756933e+00
6.186219680422995637e+00,6.186219680422995637e+00
4.543712611453846861e+00,4.543712611453846861e+00
1.741672654924883989e+00,1.741672654924883989e+00
2.994811316069557527e+00,2.994811316069557527e+00
2.046035439942853529e+00,2.046035439942853529e+00
5.837266532159925525e+00,5.837266532159925525e+00
4.899141492060460124e+00,4.899141492060460124e+00
2.866427449672270811e+00,2.866427449672270811e+00
4.119818200958191845e+00,4.119818200958191845e+00
8.482924361195700591e-01,8.482924361195700591e-01
1.876486170455159863e+00,1.876486170455159863e+00
1.065499050338118536e+00,1.065499050338118536e+00
2.525144574611324799e+00,2.525144574611324799e+00
3.202420507918965598e+00,3.202420507918965598e+00
4.446808392579423952e+00,4.446808392579423952e+00
4.359014077062045800e+00,4.359014077062045800e+00
1.057343653228947300e+00,1.057343653228947300e+00
1.406258268275763390e+00,1.406258268275763390e+00
2.352545506655721930e+00,2.352545506655721930e+00
6.586169010060442197e+00,6.586169010060442197e+00
4.492293033301382188e+00,4.492293033301382188e+00
2.912807319054365074e+00,2.912807319054365074e+00
2.673815901679424289e+00,2.673815901679424289e+00
2.080027112297671010e+00,2.080027112297671010e+00
4.774708737875683617e+00,4.774708737875683617e+00
6.893200414634268469e+00,6.893200414634268469e+00
4.778460346499716849e+00,4.778460346499716849e+00
6.038223827846497471e+00,6.038223827846497471e+00
6.504990892947270176e+00,6.504990892947270176e+00
5.211124741031408547e+00,5.211124741031408547e+00
4.256167863356931313e+00,4.256167863356931313e+00
1.422750074076857718e+00,1.422750074076857718e+00
3.924921282872926742e+00,3.924921282872926742e+00
2.261173410480278090e+00,2.261173410480278090e+00
3.396873776974975279e+00,3.396873776974975279e+00
4.519025993855568579e+00,4.519025993855568579e+00
4.154276144366580326e+00,4.154276144366580326e+00
3.831494075772263308e+00,3.831494075772263308e+00
1.637928373316083430e+00,1.637928373316083430e+00
5.253316314988756286e-01,5.253316314988756286e-01
5.233975660673023000e+00,5.233975660673023000e+00
4.597523425404292041e+00,4.597523425404292041e+00
3.077384021729663299e+00,3.077384021729663299e+00
2.984505334403132704e+00,2.984505334403132704e+00
4.293735372126557870e+00,4.293735372126557870e+00
4.322998482411500198e+00,4.322998482411500198e+00
3.260641179066520845e+00,3.260641179066520845e+00
2.294202133533552512e+00,2.294202133533552512e+00
4.359325142181894819e+00,4.359325142181894819e+00
1.227575593918452279e+00,1.227575593918452279e+00
4.327494352944160738e+00,4.327494352944160738e+00
3.497773741498133582e+00,3.497773741498133582e+00
1.483997618294541576e+00,1.483997618294541576e+00
3.150817030076122904e+00,3.150817030076122904e+00
2.771178363978703096e+00,2.771178363978703096e+00
4.224694273624336915e+00,4.224694273624336915e+00
2.308901119093992094e+00,2.308901119093992094e+00
1.279658933662009446e+00,1.279658933662009446e+00
3.301176427446633532e+00,3.301176427446633532e+00
4.168168801780538502e+00,4.168168801780538502e+00
3.858399078379584957e+00,3.858399078379584957e+00
1.382250754621482169e+00,1.382250754621482169e+00
2.006215528026361827e+00,2.006215528026361827e+00
4.520793456606499561e+00,4.520793456606499561e+00
3.119601731329124661e+00,3.119601731329124661e+00
1.250817006127712183e+00,1.250817006127712183e+00
3.330075674094628013e+00,3.330075674094628013e+00
1.490003596819059695e+00,1.490003596819059695e+00
2.845242423531796128e+00,2.845242423531796128e+00
4.672613324983693417e+00,4.672613324983693417e+00
3.935061073266285181e+00,3.935061073266285181e+00
5.748073030440634668e+00,5.748073030440634668e+00
4.803568616178591100e+00,4.803568616178591100e+00
2.926688014371274793e-01,2.926688014371274793e-01
3.465453412425640423e+00,3.465453412425640423e+00
2.139705384146858513e+00,2.139705384146858513e+00
3.597815386854254172e+00,3.597815386854254172e+00
4.262123263711210974e+00,4.262123263711210974e+00
5.126164019351917567e+00,5.126164019351917567e+00
2.339403329514939234e+00,2.339403329514939234e+00
4.121304902581292673e+00,4.121304902581292673e+00
4.924755109457668034e+00,4.924755109457668034e+00
5.241277229627828049e+00,5.241277229627828049e+00
9.344415192649751845e+00,9.344415192649751845e+00
3.355342717750692927e+00,3.355342717750692927e+00
3.378760538198486429e-01,3.378760538198486429e-01
1.748744099042769840e+00,1.748744099042769840e+00
6.548198099251755444e+00,6.548198099251755444e+00
4.357773156018135197e+00,4.357773156018135197e+00
3.437495548494155173e+00,3.437495548494155173e+00
5.640564735046577738e+00,5.640564735046577738e+00
3.817517362326602992e+00,3.817517362326602992e+00
1.539828820316538671e+00,1.539828820316538671e+00
2.938904759920860865e+00,2.938904759920860865e+00
-1.539279613572087646e+00,-1.539279613572087646e+00
2.047853208529770708e+00,2.047853208529770708e+00
2.635333960794309593e+00,2.635333960794309593e+00
2.828491022201258254e+00,2.828491022201258254e+00
4.763284825617817297e+00,4.763284825617817297e+00
5.133963497746911742e+00,5.133963497746911742e+00
2.890363324219108687e+00,2.890363324219108687e+00
1.223627929036474882e-02,1.223627929036474882e-02
3.791627147576952517e+00,3.791627147576952517e+00
2.909791841147924885e+00,2.909791841147924885e+00
4.684602784243063311e+00,4.684602784243063311e+00
4.514240211490630372e+00,4.514240211490630372e+00
2.727459933416355842e+00,2.727459933416355842e+00
6.302392793793216264e+00,6.302392793793216264e+00
-1.537059471663182464e-01,-1.537059471663182464e-01
3.143916885893094815e+00,3.143916885893094815e+00
1.954633184066094875e+00,1.954633184066094875e+00
2.504126798920557562e+00,2.504126798920557562e+00
2.656674007175935159e+00,2.656674007175935159e+00
1.602742500683096205e+00,1.602742500683096205e+00
4.482770190307860503e+00,4.482770190307860503e+00
3.136870436746446167e+00,3.136870436746446167e+00
3.927850776013566581e+00,3.927850776013566581e+00
1.389469401395046821e+00,1.389469401395046821e+00
4.926105396457516328e-01,4.926105396457516328e-01
1.528294908085083836e+00,1.528294908085083836e+00
3.159106320096922715e+00,3.159106320096922715e+00
4.774461005178961770e+00,4.774461005178961770e+00
3.939267863136163506e+00,3.939267863136163506e+00
5.703683732469547074e+00,5.703683732469547074e+00
1.986715557076142780e+00,1.986715557076142780e+00
2.149809316125639747e+00,2.149809316125639747e+00
1.684091995111493212e+00,1.684091995111493212e+00
3.880375384793681715e+00,3.880375384793681715e+00
3.935015261575045109e+00,3.935015261575045109e+00
2.971093952662574811e+00,2.971093952662574811e+00
8.896107514789788340e-01,8.896107514789788340e-01
4.741746983924459258e+00,4.741746983924459258e+00
5.705281870919811205e+00,5.705281870919811205e+00
5.580048608421019019e+00,5.580048608421019019e+00
4.717052367670833135e+00,4.717052367670833135e+00
1.862027859818300657e+00,1.862027859818300657e+00
4.029853861651982783e+00,4.029853861651982783e+00
2.377646552600842789e+00,2.377646552600842789e+00
3.704692660916894198e+00,3.704692660916894198e+00
5.413479057865783872e+00,5.413479057865783872e+00
3.350928835137901629e+00,3.350928835137901629e+00
4.619418829727401032e+00,4.619418829727401032e+00
4.293631026072621815e+00,4.293631026072621815e+00
4.482582661736028484e+00,4.482582661736028484e+00
3.847019440611235908e+00,3.847019440611235908e+00
3.930996726998105650e+00,3.930996726998105650e+00
2.926784587143402838e+00,2.926784587143402838e+00
1.841762997638923594e+00,1.841762997638923594e+00
2.529275909159834690e+00,2.529275909159834690e+00
4.003886916505230431e+00,4.003886916505230431e+00
4.419693957393677763e+00,4.419693957393677763e+00
2.268817936000568025e+00,2.268817936000568025e+00
9.973831439933360521e-01,9.973831439933360521e-01
1.540728716123037190e+00,1.540728716123037190e+00
4.359809067897019830e+00,4.359809067897019830e+00
3.733847190063410260e+00,3.733847190063410260e+00
1.529973551209096616e+00,1.529973551209096616e+00
4.018035966171601636e+00,4.018035966171601636e+00
-2.050050204863387293e-01,-2.050050204863387293e-01
7.666307625157331440e-01,7.666307625157331440e-01
4.288216931894341499e+00,4.288216931894341499e+00
3.678701328106665613e+00,3.678701328106665613e+00
2.835936367664533719e+00,2.835936367664533719e+00
5.360679626032123224e+00,5.360679626032123224e+00
3.152969459187146217e+00,3.152969459187146217e+00
5.197251329706928935e+00,5.197251329706928935e+00
4.128332174543855260e+00,4.128332174543855260e+00
2.405763516260960966e+00,2.405763516260960966e+00
7.218190719034147662e-01,7.218190719034147662e-01
6.588314183753464448e+00,6.588314183753464448e+00
6.300714263839463314e+00,6.300714263839463314e+00
2.555031371827159781e+00,2.555031371827159781e+00
2.109507236598830993e-01,2.109507236598830993e-01
5.189534114867665693e+00,5.189534114867665693e+00
2.647817927698648433e+00,2.647817927698648433e+00
2.836526844084334975e+00,2.836526844084334975e+00
7.033205779460544704e+00,7.033205779460544704e+00
4.750698264679478200e-01,4.750698264679478200e-01
8.596165406662450437e-01,8.596165406662450437e-01
1.912874330985995464e+00,1.912874330985995464e+00
5.231139938574990822e+00,5.231139938574990822e+00
1.114317312377863800e+00,1.114317312377863800e+00
3.450806715180516626e+00,3.450806715180516626e+00
1.235670079503088825e+00,1.235670079503088825e+00
3.207919625620165416e+00,3.207919625620165416e+00
4.554001041256489302e+00,4.554001041256489302e+00
2.249915630470446182e+00,2.249915630470446182e+00
2.707932158060037953e+00,2.707932158060037953e+00
5.790443150210249357e+00,5.790443150210249357e+00
2.473610354810960477e+00,2.473610354810960477e+00
4.620286131366004412e+00,4.620286131366004412e+00
3.197383828951496199e+00,3.197383828951496199e+00
5.908249560709212034e+00,5.908249560709212034e+00
6.405709977251810017e+00,6.405709977251810017e+00
1.985171739486849329e+00,1.985171739486849329e+00
4.832406323381464475e+00,4.832406323381464475e+00
2.145103257834029886e+00,2.145103257834029886e+00
9.281629670311197788e-01,9.281629670311197788e-01
4.131613799241949714e+00,4.131613799241949714e+00
4.082556334485163418e+00,4.082556334485163418e+00
3.484649619718910074e+00,3.484649619718910074e+00
2.647269463140427881e+00,2.647269463140427881e+00
3.357857906848014107e+00,3.357857906848014107e+00
1.801554570983388448e+00,1.801554570983388448e+00
6.246777768237183892e-01,6.246777768237183892e-01
3.888517478434850183e+00,3.888517478434850183e+00
6.826128527164518900e+00,6.826128527164518900e+00
3.903977287170017796e+00,3.903977287170017796e+00
3.298713796401549825e+00,3.298713796401549825e+00
5.278827327375312350e+00,5.278827327375312350e+00
4.097969046801354764e+00,4.097969046801354764e+00
7.093016512501325366e+00,7.093016512501325366e+00
6.294692800298012259e+00,6.294692800298012259e+00
4.197060563283082857e+00,4.197060563283082857e+00
4.164346844420037108e+00,4.164346844420037108e+00
3.793790357012895686e+00,3.793790357012895686e+00
3.554292089983078107e+00,3.554292089983078107e+00
2.776537089259075053e+00,2.776537089259075053e+00
-1.159225041360508968e+00,-1.159225041360508968e+00
4.227455985916808601e+00,4.227455985916808601e+00
-2.094410026968342997e-01,-2.094410026968342997e-01
5.765529510563445648e+00,5.765529510563445648e+00
4.355081854751299275e+00,4.355081854751299275e+00
5.315718081753550983e-01,5.315718081753550983e-01
3.133797694084734076e+00,3.133797694084734076e+00
2.338746001111835060e+00,2.338746001111835060e+00
3.436203351748661206e+00,3.436203351748661206e+00
3.410530277128112520e+00,3.410530277128112520e+00
4.753090356777326164e+00,4.753090356777326164e+00
2.976225137670057475e+00,2.976225137670057475e+00
3.013340483797093405e+00,3.013340483797093405e+00
1.302312997147831997e-01,1.302312997147831997e-01
1.733000685641271410e+00,1.733000685641271410e+00
3.023256226029288118e+00,3.023256226029288118e+00
4.009487922048865727e+00,4.009487922048865727e+00
4.723736942199453281e+00,4.723736942199453281e+00
7.481091400826615612e+00,7.481091400826615612e+00
4.948876738747273407e+00,4.948876738747273407e+00
5.229157805355161059e+00,5.229157805355161059e+00
3.271836808126519447e+00,3.271836808126519447e+00
7.644957525783109276e-01,7.644957525783109276e-01
6.309704451289514182e+00,6.309704451289514182e+00
3.687861788893529891e+00,3.687861788893529891e+00
1.846611431700381889e+00,1.846611431700381889e+00
4.967277980321579633e+00,4.967277980321579633e+00
5.396338858837046892e+00,5.396338858837046892e+00
2.012539767547492087e+00,2.012539767547492087e+00
6.147860524757737366e+00,6.147860524757737366e+00
7.636958567244398921e+00,7.636958567244398921e+00
3.436608220452418205e+00,3.436608220452418205e+00
6.154659882210705035e+00,6.154659882210705035e+00
2.871415453784860183e+00,2.871415453784860183e+00
2.798910099778499916e+00,2.798910099778499916e+00
3.788855949986897453e+00,3.788855949986897453e+00
2.625497005133143880e+00,2.625497005133143880e+00
3.357699761498548874e+00,3.357699761498548874e+00
4.080200244041802371e+00,4.080200244041802371e+00
3.319206136423813014e+00,3.319206136423813014e+00
3.658144730592070459e+00,3.658144730592070459e+00
6.472921163043770854e+00,6.472921163043770854e+00
2.291804082977062507e+00,2.291804082977062507e+00
4.560579563464445485e+00,4.560579563464445485e+00
2.957047295398897546e+00,2.957047295398897546e+00
7.434597716249034427e+00,7.434597716249034427e+00
6.379219879379052216e-01,6.379219879379052216e-01
2.751518605390603778e+00,2.751518605390603778e+00
5.930638810131138250e+00,5.930638810131138250e+00
6.026562128577838351e+00,6.026562128577838351e+00
7.905237001170659639e-01,7.905237001170659639e-01
3.146036235180082574e+00,3.146036235180082574e+00
9.470543716633927911e-01,9.470543716633927911e-01
5.652117321863435961e+00,5.652117321863435961e+00
4.794984902572046792e+00,4.794984902572046792e+00
5.391838864864647363e+00,5.391838864864647363e+00
7.646373867610358754e-01,7.646373867610358754e-01
2.675139912110904739e+00,2.675139912110904739e+00
4.955284921440271440e+00,4.955284921440271440e+00
4.296143666494559810e+00,4.296143666494559810e+00
6.038139323961202010e+00,6.038139323961202010e+00
3.778161530409815505e+00,3.778161530409815505e+00
5.143511496520087434e+00,5.143511496520087434e+00
2.423515399439632123e+00,2.423515399439632123e+00
1.870254603087906808e+00,1.870254603087906808e+00
3.981995225133238225e+00,3.981995225133238225e+00
1.081365131361023968e+00,1.081365131361023968e+00
5.902567835489886505e+00,5.902567835489886505e+00
3.053324926626750369e+00,3.053324926626750369e+00
3.722772519755171317e+00,3.722772519755171317e+00
3.412818373576707032e+00,3.412818373576707032e+00
3.423748189323199131e+00,3.423748189323199131e+00
5.216032572438146886e+00,5.216032572438146886e+00
3.508060471859506535e-01,3.508060471859506535e-01
4.361095557212236073e+00,4.361095557212236073e+00
2.974089059430823134e+00,2.974089059430823134e+00
3.216016687604959401e+00,3.216016687604959401e+00
8.779254280987278669e-01,8.779254280987278669e-01
1.765666596206920236e+00,1.765666596206920236e+00
5.990659642630545179e+00,5.990659642630545179e+00
5.305501719839605279e+00,5.305501719839605279e+00
4.211485466829754998e+00,4.211485466829754998e+00
3.604819889103600516e+00,3.604819889103600516e+00
4.381882417409416419e+00,4.381882417409416419e+00
4.973647960068295681e+00,4.973647960068295681e+00
4.634486377482737396e+00,4.634486377482737396e+00
3.202937298844283909e+00,3.202937298844283909e+00
3.885569774382175545e+00,3.885569774382175545e+00
1.474095440475217123e+00,1.474095440475217123e+00
3.588839662167935263e+00,3.588839662167935263e+00
3.979319333414343962e+00,3.979319333414343962e+00
2.161672745029808773e+00,2.161672745029808773e+00
2.998127544331668837e+00,2.998127544331668837e+00
2.669486669327090667e+00,2.669486669327090667e+00
7.671811131366477632e+00,7.671811131366477632e+00
3.457497489750184005e+00,3.457497489750184005e+00
3.278769425725918563e+00,3.278769425725918563e+00
2.683036136959359830e+00,2.683036136959359830e+00
2.959370095324615146e+00,2.959370095324615146e+00
2.112145454246227683e+00,2.112145454246227683e+00
6.075248936650125664e+00,6.075248936650125664e+00
3.265106154100953617e+00,3.265106154100953617e+00
2.076427432929878414e+00,2.076427432929878414e+00
3.496928876249412177e-01,3.496928876249412177e-01
3.375583244905615121e+00,3.375583244905615121e+00
4.648481536397577329e+00,4.648481536397577329e+00
5.554307356063097778e+00,5.554307356063097778e+00
4.994013105233015892e+00,4.994013105233015892e+00
3.547687878486455837e+00,3.547687878486455837e+00
6.197162529312065793e-01,6.197162529312065793e-01
4.650820498943176950e+00,4.650820498943176950e+00
3.192644898829897215e+00,3.192644898829897215e+00
2.926360237558415456e+00,2.926360237558415456e+00
4.856877855289972068e+00,4.856877855289972068e+00
6.670187133952333980e+00,6.670187133952333980e+00
4.021300625183364730e+00,4.021300625183364730e+00
2.315692630632499416e+00,2.315692630632499416e+00
4.526445101659142267e+00,4.526445101659142267e+00
1.872482727944469794e+00,1.872482727944469794e+00
7.550270775976403170e-01,7.550270775976403170e-01
2.688103513526051813e+00,2.688103513526051813e+00
4.155539476121383302e+00,4.155539476121383302e+00
2.004417941380745027e+00,2.004417941380745027e+00
5.711449697272714232e+00,5.711449697272714232e+00
5.424585841251617246e+00,5.424585841251617246e+00
2.599009400054310692e+00,2.599009400054310692e+00
2.685786819106136480e+00,2.685786819106136480e+00
3.709831092431119082e+00,3.709831092431119082e+00
2.963650401729749806e+00,2.963650401729749806e+00
3.181816975185616236e+00,3.181816975185616236e+00
2.089338523235913847e+00,2.089338523235913847e+00
4.178336331451565577e+00,4.178336331451565577e+00
2.560686347308501531e+00,2.560686347308501531e+00
3.239913774245896327e+00,3.239913774245896327e+00
7.260902802546739920e+00,7.260902802546739920e+00
5.189503923182954281e+00,5.189503923182954281e+00
1.890308043301451413e+00,1.890308043301451413e+00
4.984850121314936544e+00,4.984850121314936544e+00
4.277410525678672748e+00,4.277410525678672748e+00
1.286072423575130408e+00,1.286072423575130408e+00
3.525945777989138552e+00,3.525945777989138552e+00
2.032014447204690821e+00,2.032014447204690821e+00
3.085725004363094826e+00,3.085725004363094826e+00
3.554718221143376766e+00,3.554718221143376766e+00
6.386171800184516911e+00,6.386171800184516911e+00
2.869613408459065873e+00,2.869613408459065873e+00
2.901699401967000824e+00,2.901699401967000824e+00
2.470334625866797751e+00,2.470334625866797751e+00
2.644765054620914935e+00,2.644765054620914935e+00
6.305993955545702079e+00,6.305993955545702079e+00
3.245739868702059105e+00,3.245739868702059105e+00
3.307568023690237613e+00,3.307568023690237613e+00
6.313073629183470814e+00,6.313073629183470814e+00
7.390255417018711803e-01,7.390255417018711803e-01
5.902354372980078701e+00,5.902354372980078701e+00
4.015297203160542949e+00,4.015297203160542949e+00
3.499238255621367255e+00,3.499238255621367255e+00
1.949856637207718180e+00,1.949856637207718180e+00
4.650813192879569513e+00,4.650813192879569513e+00
3.881872978827705545e+00,3.881872978827705545e+00
3.289464484110162790e+00,3.289464484110162790e+00
5.564096797379945336e+00,5.564096797379945336e+00
2.342835080577068574e+00,2.342835080577068574e+00
2.826848357864427896e+00,2.826848357864427896e+00
3.607223832895650517e+00,3.607223832895650517e+00
4.293683146125213845e+00,4.293683146125213845e+00
6.435893540670147850e-01,6.435893540670147850e-01
3.212748004963257742e+00,3.212748004963257742e+00
5.514920749403858125e+00,5.514920749403858125e+00
4.873968225868005710e+00,4.873968225868005710e+00
2.666580290371262763e+00,2.666580290371262763e+00
2.072544344728220800e+00,2.072544344728220800e+00
3.534539366220484258e+00,3.534539366220484258e+00
1.771362294438562746e+00,1.771362294438562746e+00
1.032178150905984415e+00,1.032178150905984415e+00
4.541698108090214347e+00,4.541698108090214347e+00
2.621899778607138742e+00,2.621899778607138742e+00
2.123424530186063475e+00,2.123424530186063475e+00
2.238701906294456645e+00,2.238701906294456645e+00
1.389653610731163447e+00,1.389653610731163447e+00
5.782593194384725521e+00,5.782593194384725521e+00
4.218870326967387285e+00,4.218870326967387285e+00
3.326508493530242472e+00,3.326508493530242472e+00
2.542921905248037628e+00,2.542921905248037628e+00
4.580523418843720940e+00,4.580523418843720940e+00
3.295280057327027112e+00,3.295280057327027112e+00
4.231263313556130612e+00,4.231263313556130612e+00
4.837601668716922987e+00,4.837601668716922987e+00
3.700807023424145470e+00,3.700807023424145470e+00
2.566202142828397648e+00,2.566202142828397648e+00
5.790067447439176007e+00,5.790067447439176007e+00
9.302023025001664447e-01,9.302023025001664447e-01
2.753062913621874053e+00,2.753062913621874053e+00
4.262124024963748425e+00,4.262124024963748425e+00
5.224190881167579903e+00,5.224190881167579903e+00
1.083208869267805241e+00,1.083208869267805241e+00
2.049805048930173790e+00,2.049805048930173790e+00
4.980959616399356804e+00,4.980959616399356804e+00
1.497738993676545727e+00,1.497738993676545727e+00
1.147697133769665534e+00,1.147697133769665534e+00
3.806966823758643148e+00,3.806966823758643148e+00
3.738185820057775111e+00,3.738185820057775111e+00
2.696138794306402797e+00,2.696138794306402797e+00
4.773679754077372550e+00,4.773679754077372550e+00
3.568072830019718644e+00,3.568072830019718644e+00
1.741606503028972464e+00,1.741606503028972464e+00
2.450763190343694387e+00,2.450763190343694387e+00
3.673815292655563169e+00,3.673815292655563169e+00
3.245619985941126995e+00,3.245619985941126995e+00
1.752627928408863056e+00,1.752627928408863056e+00
4.188030637336729534e+00,4.188030637336729534e+00
3.886204059409206657e+00,3.886204059409206657e+00
4.629557027092864985e+00,4.629557027092864985e+00
2.441867761242522583e+00,2.441867761242522583e+00
3.156436946665524879e+00,3.156436946665524879e+00
4.461305772910530543e+00,4.461305772910530543e+00
4.467113566386941237e+00,4.467113566386941237e+00
3.159932832059798802e+00,3.159932832059798802e+00
4.827489627247667059e+00,4.827489627247667059e+00
2.867587847556016811e+00,2.867587847556016811e+00
5.304281883940276998e+00,5.304281883940276998e+00
5.298420875587638079e+00,5.298420875587638079e+00
1.481254554834891435e+00,1.481254554834891435e+00
9.966869349513980403e-01,9.966869349513980403e-01
4.846860452057278223e+00,4.846860452057278223e+00
2.643703055693418236e+00,2.643703055693418236e+00
5.353730679829292960e+00,5.353730679829292960e+00
4.305995126584229560e+00,4.305995126584229560e+00
3.279982554776536663e+00,3.279982554776536663e+00
2.728305992398927238e+00,2.728305992398927238e+00
3.682987052752396018e+00,3.682987052752396018e+00
6.761036844041230509e+00,6.761036844041230509e+00
3.098158093887387832e+00,3.098158093887387832e+00
6.566977513374010478e+00,6.566977513374010478e+00
2.236741640595000469e+00,2.236741640595000469e+00
5.008573782856226231e+00,5.008573782856226231e+00
4.131845076896171420e+00,4.131845076896171420e+00
6.279160602924309664e-01,6.279160602924309664e-01
3.617855452179176368e+00,3.617855452179176368e+00
3.702123177364983420e+00,3.702123177364983420e+00
1.901779812335753661e+00,1.901779812335753661e+00
1.685714685229046328e+00,1.685714685229046328e+00
1.957275174511619920e+00,1.957275174511619920e+00
5.906898581220829669e+00,5.906898581220829669e+00
3.248658175578206020e+00,3.248658175578206020e+00
3.330907291643234291e+00,3.330907291643234291e+00
4.814200329993906458e+00,4.814200329993906458e+00
4.098333244025645250e+00,4.098333244025645250e+00
2.937860795757330390e+00,2.937860795757330390e+00
2.062285390453590050e+00,2.062285390453590050e+00
3.240412444121162139e+00,3.240412444121162139e+00
3.223481748698930893e+00,3.223481748698930893e+00
4.011726444470898656e+00,4.011726444470898656e+00
2.262640520090554830e+00,2.262640520090554830e+00
4.931322264076548834e+00,4.931322264076548834e+00
3.073441970700132142e+00,3.073441970700132142e+00
1.222144228558454504e+00,1.222144228558454504e+00
8.433035249206086714e-01,8.433035249206086714e-01
5.038632619552632974e+00,5.038632619552632974e+00
3.305290760559276286e-02,3.305290760559276286e-02
3.294712768097082911e+00,3.294712768097082911e+00
3.434268333841351328e+00,3.434268333841351328e+00
4.101408655430383909e+00,4.101408655430383909e+00
4.688288554258338792e+00,4.688288554258338792e+00
3.349452939171361443e+00,3.349452939171361443e+00
5.249315772186463391e+00,5.249315772186463391e+00
1.061292404200162798e+00,1.061292404200162798e+00
4.545390839092219970e+00,4.545390839092219970e+00
3.675340313730727448e+00,3.675340313730727448e+00
5.705358495714663469e+00,5.705358495714663469e+00
2.395960105342901159e+00,2.395960105342901159e+00
4.057865224056756759e+00,4.057865224056756759e+00
7.445742845307601332e-01,7.445742845307601332e-01
6.600150325231945558e+00,6.600150325231945558e+00
1.280297240960931227e+00,1.280297240960931227e+00
6.114821593022677249e+00,6.114821593022677249e+00
2.444076129163402555e+00,2.444076129163402555e+00
2.483437573825300504e+00,2.483437573825300504e+00
3.431277912013660281e+00,3.431277912013660281e+00
1.696960796632111634e+00,1.696960796632111634e+00
5.557022060979835310e+00,5.557022060979835310e+00
4.886819928301838090e+00,4.886819928301838090e+00
4.614075911169811306e+00,4.614075911169811306e+00
4.728892999365471361e+00,4.728892999365471361e+00
1.508436639482550357e+00,1.508436639482550357e+00
1.358004567204575741e+00,1.358004567204575741e+00
1.867932589043429292e+00,1.867932589043429292e+00
1.829464105797676599e+00,1.829464105797676599e+00
4.618301066156056400e+00,4.618301066156056400e+00
4.107874278689645386e+00,4.107874278689645386e+00
1.489606424594837719e+00,1.489606424594837719e+00
9.027479065799970392e-02,9.027479065799970392e-02
3.808702761197049647e+00,3.808702761197049647e+00
3.294528188281763637e+00,3.294528188281763637e+00
4.293908121195046057e+00,4.293908121195046057e+00
2.112799137470714683e+00,2.112799137470714683e+00
3.913109220318005121e+00,3.913109220318005121e+00
3.275507150549594293e+00,3.275507150549594293e+00
4.076338598067520635e+00,4.076338598067520635e+00
3.268192665349313852e+00,3.268192665349313852e+00
3.268426022456654589e+00,3.268426022456654589e+00
8.985686486757793467e-01,8.985686486757793467e-01
5.292763273960783721e+00,5.292763273960783721e+00
1.363175927151486277e+00,1.363175927151486277e+00
3.579185783622420125e+00,3.579185783622420125e+00
5.674683577157398240e+00,5.674683577157398240e+00
1.597827708064251340e+00,1.597827708064251340e+00
4.917233180669095205e+00,4.917233180669095205e+00
8.051986390752258416e+00,8.051986390752258416e+00
2.003641285301664521e+00,2.003641285301664521e+00
4.330138521172402832e+00,4.330138521172402832e+00
3.277192389645264825e+00,3.277192389645264825e+00
2.502700204408912388e+00,2.502700204408912388e+00
5.069114424904956451e+00,5.069114424904956451e+00
5.155182291749449419e+00,5.155182291749449419e+00
3.322689648559175701e+00,3.322689648559175701e+00
3.689503637789114610e+00,3.689503637789114610e+00
4.247214102330159946e+00,4.247214102330159946e+00
8.620967411337762343e+00,8.620967411337762343e+00
3.331109153449842264e+00,3.331109153449842264e+00
4.048506278793487567e+00,4.048506278793487567e+00
1.964929024922338785e+00,1.964929024922338785e+00
2.412573308331519062e+00,2.412573308331519062e+00
-1.323133449371192150e-01,-1.323133449371192150e-01
4.820474062473987686e+00,4.820474062473987686e+00
5.174833294673664597e+00,5.174833294673664597e+00
3.816923188753886365e+00,3.816923188753886365e+00
1.967799947829378171e+00,1.967799947829378171e+00
2.901345053214646974e+00,2.901345053214646974e+00
7.066386446035535229e+00,7.066386446035535229e+00
4.684226101264616915e+00,4.684226101264616915e+00
3.888796707221021443e+00,3.888796707221021443e+00
6.238972738020569508e+00,6.238972738020569508e+00
6.694541517834966982e+00,6.694541517834966982e+00
7.653793521474716588e-01,7.653793521474716588e-01
4.473437011701987487e+00,4.473437011701987487e+00
3.332155002762916318e+00,3.332155002762916318e+00
3.592930133199027765e+00,3.592930133199027765e+00
3.246364897864320032e+00,3.246364897864320032e+00
3.688346416393740501e+00,3.688346416393740501e+00
8.325362636049011833e-01,8.325362636049011833e-01
1.710356552184377543e+00,1.710356552184377543e+00
4.382620908692832273e+00,4.382620908692832273e+00
2.098919836215746848e+00,2.098919836215746848e+00
4.197814533912131552e+00,4.197814533912131552e+00
2.173506828622251863e+00,2.173506828622251863e+00
2.777536207451752670e+00,2.777536207451752670e+00
5.700230287293226894e+00,5.700230287293226894e+00
4.274377405749220316e+00,4.274377405749220316e+00
2.602699167129816971e+00,2.602699167129816971e+00
6.364042630860573979e+00,6.364042630860573979e+00
2.996472122024252727e+00,2.996472122024252727e+00
2.460378250622681673e+00,2.460378250622681673e+00
1.895041445010813952e+00,1.895041445010813952e+00
4.888128798490775750e+00,4.888128798490775750e+00
2.893018308704049968e+00,2.893018308704049968e+00
2.851447493757226503e+00,2.851447493757226503e+00
-4.487907246850797449e-01,-4.487907246850797449e-01
1.737430461202004617e+00,1.737430461202004617e+00
2.314472053587946831e+00,2.314472053587946831e+00
4.863776238261268148e+00,4.863776238261268148e+00
3.323925767044036306e+00,3.323925767044036306e+00
4.331610381600563997e+00,4.331610381600563997e+00
3.375553181350936072e+00,3.375553181350936072e+00
5.011779934101891598e+00,5.011779934101891598e+00
2.981134903510943346e+00,2.981134903510943346e+00
4.060198057357096602e+00,4.060198057357096602e+00
4.192223714202842011e+00,4.192223714202842011e+00
3.860567078447597389e+00,3.860567078447597389e+00
6.605975339631364740e-01,6.605975339631364740e-01
4.093758242060046015e+00,4.093758242060046015e+00
5.683026929012190642e+00,5.683026929012190642e+00
6.339111409766063687e+00,6.339111409766063687e+00
3.691194382694820586e+00,3.691194382694820586e+00
4.577426092236036581e+00,4.577426092236036581e+00
2.520426019441260657e+00,2.520426019441260657e+00
5.551588368523411532e+00,5.551588368523411532e+00
4.250939729480066376e+00,4.250939729480066376e+00
1.266535702257629126e+00,1.266535702257629126e+00
9.542894704259079930e+00,9.542894704259079930e+00
4.017346503972254013e+00,4.017346503972254013e+00
4.784621795950371848e+00,4.784621795950371848e+00
2.557987319801063641e+00,2.557987319801063641e+00
3.084978824871030145e+00,3.084978824871030145e+00
4.788756067645331349e+00,4.788756067645331349e+00
1.798485006572307032e+00,1.798485006572307032e+00
4.298681816976443137e+00,4.298681816976443137e+00
9.911390070057912727e-01,9.911390070057912727e-01
6.271128066419606739e+00,6.271128066419606739e+00
2.396175605204128978e+00,2.396175605204128978e+00
1.797092846725680815e+00,1.797092846725680815e+00
4.641510868580814630e+00,4.641510868580814630e+00
6.784229248757686292e+00,6.784229248757686292e+00
3.155837825706414357e+00,3.155837825706414357e+00
5.400910186881035635e+00,5.400910186881035635e+00
3.581101794231566604e+00,3.581101794231566604e+00
3.369342032687362654e+00,3.369342032687362654e+00
3.789972451620472249e+00,3.789972451620472249e+00
3.892212810027502190e+00,3.892212810027502190e+00
5.605139468811992209e+00,5.605139468811992209e+00
5.233694486213018138e+00,5.233694486213018138e+00
3.696819978545252461e+00,3.696819978545252461e+00
4.136044815044400913e+00,4.136044815044400913e+00
3.384991837662523650e+00,3.384991837662523650e+00
3.235893588365373663e+00,3.235893588365373663e+00
5.122871655318759210e+00,5.122871655318759210e+00
2.703632951344523416e+00,2.703632951344523416e+00
2.442412289657332369e+00,2.442412289657332369e+00
4.396781568890398617e+00,4.396781568890398617e+00
6.365778248165328002e+00,6.365778248165328002e+00
2.807160871819519343e+00,2.807160871819519343e+00
4.624752906054144574e+00,4.624752906054144574e+00
3.512421404474768138e-01,3.512421404474768138e-01
5.694853564135318180e+00,5.694853564135318180e+00
1.731473448797806958e+00,1.731473448797806958e+00
5.131199522225997178e+00,5.131199522225997178e+00
2.135457909038638302e+00,2.135457909038638302e+00
5.046857738697516638e+00,5.046857738697516638e+00
2.304517916544424949e+00,2.304517916544424949e+00
2.030468018031592159e+00,2.030468018031592159e+00
2.827385991205003446e+00,2.827385991205003446e+00
2.751410522850567197e+00,2.751410522850567197e+00
5.994107994922077687e+00,5.994107994922077687e+00
3.411129733153195787e+00,3.411129733153195787e+00
3.392886730418020136e+00,3.392886730418020136e+00
3.432081431898179602e+00,3.432081431898179602e+00
3.954526995887400087e+00,3.954526995887400087e+00
2.789179897278570408e+00,2.789179897278570408e+00
5.845170692535647028e+00,5.845170692535647028e+00
4.521056462535099740e+00,4.521056462535099740e+00
3.514193606556788030e+00,3.514193606556788030e+00
3.664957970858061298e+00,3.664957970858061298e+00
3.919671693470115681e+00,3.919671693470115681e+00
5.362820767585212423e+00,5.362820767585212423e+00
4.517462886049639081e+00,4.517462886049639081e+00
1.248741424587840321e-01,1.248741424587840321e-01
6.273992348137724662e+00,6.273992348137724662e+00
5.383649636503410107e+00,5.383649636503410107e+00
3.443931002268361130e+00,3.443931002268361130e+00
4.074364118557754821e+00,4.074364118557754821e+00
3.647140489694592702e+00,3.647140489694592702e+00
1.870843529646233350e+00,1.870843529646233350e+00
-3.703180408063722062e-02,-3.703180408063722062e-02
3.590052419086105395e+00,3.590052419086105395e+00
5.283387401415535756e+00,5.283387401415535756e+00
3.853665476525988787e+00,3.853665476525988787e+00
1.979040891693997883e+00,1.979040891693997883e+00
2.248038845341751468e+00,2.248038845341751468e+00
-5.798189625570149275e-02,-5.798189625570149275e-02
2.038380297083182580e+00,2.038380297083182580e+00
1.862319169507923533e+00,1.862319169507923533e+00
6.434350111024839336e+00,6.434350111024839336e+00
2.887917550081136930e+00,2.887917550081136930e+00
7.251167906678379182e+00,7.251167906678379182e+00
2.829717813660179271e+00,2.829717813660179271e+00
2.343662797298871947e+00,2.343662797298871947e+00
4.300425813803211206e+00,4.300425813803211206e+00
2.632460001085375367e+00,2.632460001085375367e+00
3.200994179785984883e+00,3.200994179785984883e+00
4.235007626371263711e+00,4.235007626371263711e+00
4.362596236701813623e+00,4.362596236701813623e+00
1.842955526837311009e+00,1.842955526837311009e+00
1.212428360601000232e+00,1.212428360601000232e+00
2.508145604350552560e+00,2.508145604350552560e+00
3.835445637359561566e+00,3.835445637359561566e+00
-1.248343074533186936e-01,-1.248343074533186936e-01
1.963442749725301750e+00,1.963442749725301750e+00
2.833629729574514755e+00,2.833629729574514755e+00
3.958574673127547072e+00,3.958574673127547072e+00
3.936932122829662539e+00,3.936932122829662539e+00
1.732968956374505876e+00,1.732968956374505876e+00
7.072615793644839499e+00,7.072615793644839499e+00
2.400898109668475833e+00,2.400898109668475833e+00
4.200404261518597693e+00,4.200404261518597693e+00
1.166179159282220601e+00,1.166179159282220601e+00
3.373442785416790102e+00,3.373442785416790102e+00
1.878643503623204980e+00,1.878643503623204980e+00
4.424473901351152705e+00,4.424473901351152705e+00
4.391089320323416700e+00,4.391089320323416700e+00
3.020323149961948062e+00,3.020323149961948062e+00
-1.070826337005981177e+00,-1.070826337005981177e+00
2.934557806911320732e+00,2.934557806911320732e+00
1.736803807341165351e+00,1.736803807341165351e+00
3.891883600481067074e+00,3.891883600481067074e+00
-2.240244563029705205e-01,-2.240244563029705205e-01
6.667655616140436337e+00,6.667655616140436337e+00
4.527858471391287942e+00,4.527858471391287942e+00
3.654241984475664395e+00,3.654241984475664395e+00
2.331274492312556568e+00,2.331274492312556568e+00
1.046375226650149592e+00,1.046375226650149592e+00
4.924115110680576279e+00,4.924115110680576279e+00
3.850251516383913941e+00,3.850251516383913941e+00
3.522360589684292886e+00,3.522360589684292886e+00
2.524532728536427850e+00,2.524532728536427850e+00
5.962237531028348414e+00,5.962237531028348414e+00
3.676138152563162009e+00,3.676138152563162009e+00
5.624908391151792308e+00,5.624908391151792308e+00
3.050532545551463581e+00,3.050532545551463581e+00
5.411774317078936747e+00,5.411774317078936747e+00
4.587520716875355120e+00,4.587520716875355120e+00
3.846912778311601500e+00,3.846912778311601500e+00
3.694853755586716026e+00,3.694853755586716026e+00
2.394405476946623867e+00,2.394405476946623867e+00
4.619621097052688974e+00,4.619621097052688974e+00
2.489884509944606528e+00,2.489884509944606528e+00
3.418808244850940703e+00,3.418808244850940703e+00
5.409020633226732322e+00,5.409020633226732322e+00
4.328727508502228538e+00,4.328727508502228538e+00
1.793613317365007065e+00,1.793613317365007065e+00
4.983530369560645212e+00,4.983530369560645212e+00
1.615328519718917999e+00,1.615328519718917999e+00
1.877057559702617562e+00,1.877057559702617562e+00
2.843499814947603177e+00,2.843499814947603177e+00
1.831623686433987430e+00,1.831623686433987430e+00
3.834331287512692921e+00,3.834331287512692921e+00
2.658798679435504742e+00,2.658798679435504742e+00
1.868213090606148707e+00,1.868213090606148707e+00
4.312256871375137024e+00,4.312256871375137024e+00
5.045779459859462079e+00,5.045779459859462079e+00
1.934833891042373022e+00,1.934833891042373022e+00
3.187482088897339416e+00,3.187482088897339416e+00
1.620348570202569505e+00,1.620348570202569505e+00
6.656863471700963153e+00,6.656863471700963153e+00
5.273913024532308036e+00,5.273913024532308036e+00
6.620402444409812404e+00,6.620402444409812404e+00
4.595305876615003449e+00,4.595305876615003449e+00
2.985885711380037222e+00,2.985885711380037222e+00
4.775290011161704484e+00,4.775290011161704484e+00
1.103742881491678762e+00,1.103742881491678762e+00
3.526714504213990242e+00,3.526714504213990242e+00
4.970503298170291906e+00,4.970503298170291906e+00
7.084198893343063297e-01,7.084198893343063297e-01
3.909970639146900684e+00,3.909970639146900684e+00
1.509808928980591602e+00,1.509808928980591602e+00
1.768620909843596323e+00,1.768620909843596323e+00
3.574618990310320044e+00,3.574618990310320044e+00
4.019552263825207916e+00,4.019552263825207916e+00
5.162410066653409402e+00,5.162410066653409402e+00
3.037190845978096743e+00,3.037190845978096743e+00
6.221132701613498739e+00,6.221132701613498739e+00
1.206217167620180497e+00,1.206217167620180497e+00
2.520423269816532308e+00,2.520423269816532308e+00
2.262731287677866021e+00,2.262731287677866021e+00
3.161738622306702329e+00,3.161738622306702329e+00
3.911737290495728825e+00,3.911737290495728825e+00
6.618714857672683749e+00,6.618714857672683749e+00
1.391476622653086803e+00,1.391476622653086803e+00
3.990115395474309157e+00,3.990115395474309157e+00
3.828345326255532477e+00,3.828345326255532477e+00
3.672065635369314851e+00,3.672065635369314851e+00
5.084980962657430936e+00,5.084980962657430936e+00
1.936267011818499695e+00,1.936267011818499695e+00
4.433579650545975248e+00,4.433579650545975248e+00
5.435696353894810429e+00,5.435696353894810429e+00
2.236161209022188512e+00,2.236161209022188512e+00
4.986162214414287419e+00,4.986162214414287419e+00
1.050150824752820178e+00,1.050150824752820178e+00
4.241894164548197566e+00,4.241894164548197566e+00
3.176731707573269059e+00,3.176731707573269059e+00
1.074451137895431341e+00,1.074451137895431341e+00
3.957342104749479450e+00,3.957342104749479450e+00
3.010034185888261327e+00,3.010034185888261327e+00
4.496839940070932684e+00,4.496839940070932684e+00
4.833385525905539382e+00,4.833385525905539382e+00
5.780431694977754553e+00,5.780431694977754553e+00
4.334516622500139249e+00,4.334516622500139249e+00
5.071312770161446437e+00,5.071312770161446437e+00
2.008984505150858801e+00,2.008984505150858801e+00
1.253700305444296559e+00,1.253700305444296559e+00
5.557406798475387433e+00,5.557406798475387433e+00
4.382114297289845695e+00,4.382114297289845695e+00
4.781004252157251777e+00,4.781004252157251777e+00
3.494143023379332913e+00,3.494143023379332913e+00
2.868584744441852852e+00,2.868584744441852852e+00
2.590347500261910962e+00,2.590347500261910962e+00
6.178490325889607782e+00,6.178490325889607782e+00
2.082803003555815824e+00,2.082803003555815824e+00
2.194959411867964061e+00,2.194959411867964061e+00
5.577950801197130382e+00,5.577950801197130382e+00
1.680174661945514902e+00,1.680174661945514902e+00
1.135279947823308877e+00,1.135279947823308877e+00
3.407118237090439372e+00,3.407118237090439372e+00
1.416314131996317283e+00,1.416314131996317283e+00
2.196475609292094511e+00,2.196475609292094511e+00
6.074714881402452527e+00,6.074714881402452527e+00
4.475363773831959158e+00,4.475363773831959158e+00
5.945328954759106388e+00,5.945328954759106388e+00
4.037403181190578394e+00,4.037403181190578394e+00
2.975432107707778329e+00,2.975432107707778329e+00
4.393575505691538652e+00,4.393575505691538652e+00
5.355014445996705952e+00,5.355014445996705952e+00
2.823599256938690072e+00,2.823599256938690072e+00
3.013615362053442048e+00,3.013615362053442048e+00
2.392630275104113746e+00,2.392630275104113746e+00
1.494726963560838895e+00,1.494726963560838895e+00
5.182097221619650362e+00,5.182097221619650362e+00
5.218039932021992122e+00,5.218039932021992122e+00
4.375565602038273383e+00,4.375565602038273383e+00
6.126649891107996737e+00,6.126649891107996737e+00
2.018555689899201866e+00,2.018555689899201866e+00
1.751172536450207762e+00,1.751172536450207762e+00
6.082480328889540822e+00,6.082480328889540822e+00
2.145025968742799272e+00,2.145025968742799272e+00
4.695454786784335255e+00,4.695454786784335255e+00
1.425921531440712986e+00,1.425921531440712986e+00
7.131282337787071768e+00,7.131282337787071768e+00
1.599118495467681367e+00,1.599118495467681367e+00
3.040616343385944553e-01,3.040616343385944553e-01
4.758667836888472280e+00,4.758667836888472280e+00
7.624522576060469348e+00,7.624522576060469348e+00
4.942898721397680717e+00,4.942898721397680717e+00
5.513350302583943652e+00,5.513350302583943652e+00
4.978316763551550395e+00,4.978316763551550395e+00
5.629992537663360608e+00,5.629992537663360608e+00
1.573934885310122267e+00,1.573934885310122267e+00
3.679078830103444275e+00,3.679078830103444275e+00
3.380467006823502096e+00,3.380467006823502096e+00
5.227090224878570446e+00,5.227090224878570446e+00
2.831935060533389059e+00,2.831935060533389059e+00
2.394655067801966464e+00,2.394655067801966464e+00
2.562378047631243660e+00,2.562378047631243660e+00
2.883903346450446659e+00,2.883903346450446659e+00
2.359292972832342183e+00,2.359292972832342183e+00
5.201443120867841330e+00,5.201443120867841330e+00
6.346736466745581673e+00,6.346736466745581673e+00
5.156233320706353318e+00,5.156233320706353318e+00
2.731819608377825670e+00,2.731819608377825670e+00
1.683503704630288311e+00,1.683503704630288311e+00
4.934886876291333380e+00,4.934886876291333380e+00
4.092881674251881208e+00,4.092881674251881208e+00
1.724161819365989112e+00,1.724161819365989112e+00
4.507559645453428132e+00,4.507559645453428132e+00
4.340037076621785062e+00,4.340037076621785062e+00
2.579456666023926203e+00,2.579456666023926203e+00
3.741758337877135077e+00,3.741758337877135077e+00
4.339805519679058143e+00,4.339805519679058143e+00
4.089048783916935825e+00,4.089048783916935825e+00
6.609899584077902013e+00,6.609899584077902013e+00
2.610902110783885455e+00,2.610902110783885455e+00
2.010153130004948885e+00,2.010153130004948885e+00
2.045265832298595043e+00,2.045265832298595043e+00
5.092389401323605291e+00,5.092389401323605291e+00
1.461876176201404975e+00,1.461876176201404975e+00
3.742177146480256233e+00,3.742177146480256233e+00
3.592668973778783581e+00,3.592668973778783581e+00
1.722279808272013879e+00,1.722279808272013879e+00
1.479295910932733271e+00,1.479295910932733271e+00
4.140973432297935020e+00,4.140973432297935020e+00
4.072318170982084595e+00,4.072318170982084595e+00
2.500463968268475057e+00,2.500463968268475057e+00
4.868889786291830113e+00,4.868889786291830113e+00
2.690849111468130772e+00,2.690849111468130772e+00
5.200701925990086849e+00,5.200701925990086849e+00
4.403385498191580538e+00,4.403385498191580538e+00
-3.468999836468471543e-01,-3.468999836468471543e-01
4.334933558777108509e+00,4.334933558777108509e+00
4.550414327175696272e+00,4.550414327175696272e+00
3.034072156864907388e+00,3.034072156864907388e+00
2.299400605917349516e+00,2.299400605917349516e+00
3.164371132536707876e+00,3.164371132536707876e+00
3.241465070598861686e+00,3.241465070598861686e+00
6.893770186588422888e+00,6.893770186588422888e+00
5.168959717772922957e+00,5.168959717772922957e+00
5.484745114993658355e+00,5.484745114993658355e+00
1.007712131283884816e+00,1.007712131283884816e+00
5.083163908759782856e+00,5.083163908759782856e+00
1.719484472760315796e+00,1.719484472760315796e+00
3.862243754391120998e+00,3.862243754391120998e+00
2.856442894535692556e+00,2.856442894535692556e+00
4.729278621431355134e+00,4.729278621431355134e+00
3.581877819300854693e+00,3.581877819300854693e+00
2.752753532518864787e+00,2.752753532518864787e+00
2.057361483071793895e+00,2.057361483071793895e+00
3.995104765661569690e+00,3.995104765661569690e+00
2.978467507282768878e+00,2.978467507282768878e+00
-1.126016216610159937e+00,-1.126016216610159937e+00
1.622033590132626824e+00,1.622033590132626824e+00
5.025035606875699834e+00,5.025035606875699834e+00
3.392615028723765302e+00,3.392615028723765302e+00
3.764106796454966375e+00,3.764106796454966375e+00
4.583589605866274397e+00,4.583589605866274397e+00
5.315738506288210985e+00,5.315738506288210985e+00
3.404736939253466765e+00,3.404736939253466765e+00
6.046771808573515372e+00,6.046771808573515372e+00
1.450915344857642175e+00,1.450915344857642175e+00
3.486070438077336409e+00,3.486070438077336409e+00
2.465070001574631853e+00,2.465070001574631853e+00
6.674050254697666773e+00,6.674050254697666773e+00
1.911388459123848360e-01,1.911388459123848360e-01
3.904400230805354699e+00,3.904400230805354699e+00
4.531290007586657786e+00,4.531290007586657786e+00
2.500217684232149296e+00,2.500217684232149296e+00
6.038859984697722894e+00,6.038859984697722894e+00
3.520361432902447074e+00,3.520361432902447074e+00
8.642470516645794909e-01,8.642470516645794909e-01
7.081513550641048482e+00,7.081513550641048482e+00
4.835445020389653514e+00,4.835445020389653514e+00
6.548888413028138622e+00,6.548888413028138622e+00
6.714485673748407102e-01,6.714485673748407102e-01
5.077460019987120710e+00,5.077460019987120710e+00
2.256064021489824434e+00,2.256064021489824434e+00
5.686598647615288549e-01,5.686598647615288549e-01
5.540683414296144527e+00,5.540683414296144527e+00
5.077929962353803894e+00,5.077929962353803894e+00
4.907773394331285566e+00,4.907773394331285566e+00
3.256024672676135268e+00,3.256024672676135268e+00
6.136781115456901858e+00,6.136781115456901858e+00
4.162273567976411570e+00,4.162273567976411570e+00
1.961425855013509079e+00,1.961425855013509079e+00
2.749628340387360037e+00,2.749628340387360037e+00
3.020129851193652293e+00,3.020129851193652293e+00
2.157874586079265189e+00,2.157874586079265189e+00
3.437170438633104563e+00,3.437170438633104563e+00
6.481845801779753558e+00,6.481845801779753558e+00
4.589576808002099106e+00,4.589576808002099106e+00
-2.054465621874568271e-02,-2.054465621874568271e-02
1.679607875000747708e+00,1.679607875000747708e+00
2.567619525757855570e+00,2.567619525757855570e+00
-1.251160170290093188e-01,-1.251160170290093188e-01
6.305156028115374234e+00,6.305156028115374234e+00
6.364463136611052008e+00,6.364463136611052008e+00
5.582534854230231325e+00,5.582534854230231325e+00
4.307400047911465357e+00,4.307400047911465357e+00
3.255696177765595500e+00,3.255696177765595500e+00
3.551717867579109011e+00,3.551717867579109011e+00
5.514800208280362881e+00,5.514800208280362881e+00
3.969463341698771686e+00,3.969463341698771686e+00
5.213331934407106516e+00,5.213331934407106516e+00
4.785642676847454702e+00,4.785642676847454702e+00
2.276837979163516934e+00,2.276837979163516934e+00
3.663854724933622187e+00,3.663854724933622187e+00
1.801817511301331498e+00,1.801817511301331498e+00
3.678393550626210207e+00,3.678393550626210207e+00
5.072588351449045518e+00,5.072588351449045518e+00
4.052579384339422219e+00,4.052579384339422219e+00
5.715489469299209091e+00,5.715489469299209091e+00
2.769398011151889882e+00,2.769398011151889882e+00
1.340319908077524769e+00,1.340319908077524769e+00
4.087350515928092065e+00,4.087350515928092065e+00
3.688484862303818002e+00,3.688484862303818002e+00
4.595109143062648727e+00,4.595109143062648727e+00
9.058313030760307694e-01,9.058313030760307694e-01
1.615466066758070252e+00,1.615466066758070252e+00
3.119106644689492391e+00,3.119106644689492391e+00
3.829509372954955637e-01,3.829509372954955637e-01
2.651751029045597452e+00,2.651751029045597452e+00
2.221095289914662096e+00,2.221095289914662096e+00
1.433976739156249014e+00,1.433976739156249014e+00
2.271889368202651305e+00,2.271889368202651305e+00
2.878342587991578050e+00,2.878342587991578050e+00
2.929278633216208849e+00,2.929278633216208849e+00
2.104139175678898077e+00,2.104139175678898077e+00
4.916563286806240995e+00,4.916563286806240995e+00
5.121542111872891212e+00,5.121542111872891212e+00
4.312695948208395968e+00,4.312695948208395968e+00
1.325780743337113154e+00,1.325780743337113154e+00
5.069705084022645636e+00,5.069705084022645636e+00
4.783606077711864302e+00,4.783606077711864302e+00
3.968963132592541410e+00,3.968963132592541410e+00
6.052280025587591261e+00,6.052280025587591261e+00
2.498711404626524857e+00,2.498711404626524857e+00
5.330161982103346574e+00,5.330161982103346574e+00
2.544684350191433353e+00,2.544684350191433353e+00
2.881006682106930228e+00,2.881006682106930228e+00
4.651136285171189932e+00,4.651136285171189932e+00
4.284676786609953325e+00,4.284676786609953325e+00
3.199137220880035049e+00,3.199137220880035049e+00
2.579905479955392433e+00,2.579905479955392433e+00
4.132081277028092359e+00,4.132081277028092359e+00
3.711843289228953680e+00,3.711843289228953680e+00
4.069624194417051477e+00,4.069624194417051477e+00
3.732923561561911630e-01,3.732923561561911630e-01
2.802393580034820530e+00,2.802393580034820530e+00
1.015503148456558868e+00,1.015503148456558868e+00
3.282508973811519404e+00,3.282508973811519404e+00
2.405075888418606755e+00,2.405075888418606755e+00
2.515477190491019588e+00,2.515477190491019588e+00
4.377540952635087912e+00,4.377540952635087912e+00
1.565224406969486504e+00,1.565224406969486504e+00
7.179428206336857521e-01,7.179428206336857521e-01
2.146395013268083574e+00,2.146395013268083574e+00
2.688651210806729086e+00,2.688651210806729086e+00
3.744152689801263811e+00,3.744152689801263811e+00
5.988241842021650996e+00,5.988241842021650996e+00
6.003905268420717256e-01,6.003905268420717256e-01
1.784757547925178489e+00,1.784757547925178489e+00
2.572366039507284707e+00,2.572366039507284707e+00
4.217191593575535968e+00,4.217191593575535968e+00
6.163842966851753147e+00,6.163842966851753147e+00
3.119762797749443983e+00,3.119762797749443983e+00
7.345615170812427763e+00,7.345615170812427763e+00
3.625806640498548727e+00,3.625806640498548727e+00
4.255714379676545533e+00,4.255714379676545533e+00
3.819245069523699243e+00,3.819245069523699243e+00
3.482488105673851919e+00,3.482488105673851919e+00
5.252892830506702637e+00,5.252892830506702637e+00
1.619496592025310600e+00,1.619496592025310600e+00
4.623328227843959581e+00,4.623328227843959581e+00
3.184709314026493931e+00,3.184709314026493931e+00
2.986440807711653544e+00,2.986440807711653544e+00
4.283574242076383598e+00,4.283574242076383598e+00
4.957005507055153082e+00,4.957005507055153082e+00
6.766618679170564032e-01,6.766618679170564032e-01
1.745731293608376422e+00,1.745731293608376422e+00
4.526988069706994189e+00,4.526988069706994189e+00
3.999610757980560205e+00,3.999610757980560205e+00
2.476865936181635863e+00,2.476865936181635863e+00
3.468444184741797276e+00,3.468444184741797276e+00
4.862159222171248629e+00,4.862159222171248629e+00
5.729458526633811388e+00,5.729458526633811388e+00
4.167966255578463119e+00,4.167966255578463119e+00
-1.690035770891122890e-01,-1.690035770891122890e-01
3.531613358136721281e+00,3.531613358136721281e+00
4.021300003139609558e+00,4.021300003139609558e+00
2.764168792207754244e+00,2.764168792207754244e+00
2.416808801510668125e+00,2.416808801510668125e+00
2.216045411112975039e+00,2.216045411112975039e+00
1.443356545297839411e+00,1.443356545297839411e+00
2.866287447259641574e+00,2.866287447259641574e+00
3.018798048950010582e+00,3.018798048950010582e+00
4.791589012089138677e+00,4.791589012089138677e+00
3.927553778864534273e+00,3.927553778864534273e+00
6.087888824451362701e+00,6.087888824451362701e+00
5.386997716368135514e+00,5.386997716368135514e+00
2.146280565674615559e+00,2.146280565674615559e+00
7.482281996322828199e+00,7.482281996322828199e+00
8.055939763302699674e+00,8.055939763302699674e+00
3.374657219268661912e+00,3.374657219268661912e+00
2.775286171011376535e+00,2.775286171011376535e+00
4.832437387152266339e+00,4.832437387152266339e+00
7.574104554127840672e+00,7.574104554127840672e+00
4.233313585536263801e+00,4.233313585536263801e+00
4.650474663538637365e+00,4.650474663538637365e+00
2.430603040053935349e+00,2.430603040053935349e+00
1.650111792175553926e+00,1.650111792175553926e+00
2.391078818731106281e+00,2.391078818731106281e+00
6.035889807330410584e+00,6.035889807330410584e+00
2.003791938195695899e-01,2.003791938195695899e-01
3.040761910317640648e+00,3.040761910317640648e+00
6.888108497381707274e+00,6.888108497381707274e+00
3.881932127349639217e+00,3.881932127349639217e+00
4.328826093590180335e+00,4.328826093590180335e+00
3.938526545903329179e+00,3.938526545903329179e+00
7.018776190441347040e+00,7.018776190441347040e+00
1.374506795182757646e+00,1.374506795182757646e+00
5.429840349473604277e+00,5.429840349473604277e+00
3.756454151190686375e+00,3.756454151190686375e+00
6.801545352817131906e+00,6.801545352817131906e+00
4.728202469903826533e+00,4.728202469903826533e+00
5.243907132745581734e+00,5.243907132745581734e+00
5.908146607409339168e-01,5.908146607409339168e-01
3.462510037131090179e+00,3.462510037131090179e+00
5.180560043223314537e+00,5.180560043223314537e+00
4.255110506565559447e+00,4.255110506565559447e+00
5.210270843630788740e-01,5.210270843630788740e-01
3.680016107706420403e+00,3.680016107706420403e+00
4.383116382657988197e+00,4.383116382657988197e+00
1.386278516236697733e+00,1.386278516236697733e+00
3.267575410868920116e+00,3.267575410868920116e+00
2.104208148713143878e+00,2.104208148713143878e+00
2.291742041693108689e+00,2.291742041693108689e+00
1.890732111606428401e+00,1.890732111606428401e+00
3.886559558043884088e+00,3.886559558043884088e+00
1.880995444751846879e+00,1.880995444751846879e+00
