1.045188511705493969e-02,1.045188511705493969e-02
2.016085803035294610e-02,2.016085803035294610e-02
3.116468444206366845e-02,3.116468444206366845e-02
-3.944968140147924601e-03,-3.944968140147924601e-03
8.997583039965895146e-03,8.997583039965895146e-03
7.799193230288738871e-03,7.799193230288738871e-03
1.592884955042620995e-02,1.592884955042620995e-02
2.340291051824975460e-02,2.340291051824975460e-02
3.379504289088147706e-04,3.379504289088147706e-04
-1.063415231111208142e-03,-1.063415231111208142e-03
2.194237682564888214e-03,2.194237682564888214e-03
5.411224672608808128e-04,5.411224672608808128e-04
7.258341658051305906e-03,7.258341658051305906e-03
1.090956137793520214e-03,1.090956137793520214e-03
4.277588383402492617e-03,4.277588383402492617e-03
8.529935917386804317e-03,8.529935917386804317e-03
1.042222267700894378e-02,1.042222267700894378e-02
7.155680981692780218e-04,7.155680981692780218e-04
2.840626163490823225e-02,2.840626163490823225e-02
1.558823893297688751e-02,1.558823893297688751e-02
3.246415856187638560e-02,3.246415856187638560e-02
4.508635120365447196e-03,4.508635120365447196e-03
1.200257601781522937e-02,1.200257601781522937e-02
5.999532707129141829e-04,5.999532707129141829e-04
1.414546986311603083e-02,1.414546986311603083e-02
1.572884494310668527e-02,1.572884494310668527e-02
1.645921569295148365e-02,1.645921569295148365e-02
5.589600651510821111e-03,5.589600651510821111e-03
7.232739505348279030e-04,7.232739505348279030e-04
9.377754083378132821e-04,9.377754083378132821e-04
1.174219966629802200e-02,1.174219966629802200e-02
1.451571689315702546e-02,1.451571689315702546e-02
-1.861051979892731911e-03,-1.861051979892731911e-03
2.455561839695982740e-02,2.455561839695982740e-02
8.161207897378119913e-03,8.161207897378119913e-03
2.313731125226662494e-02,2.313731125226662494e-02
1.881203716143486221e-02,1.881203716143486221e-02
8.367053661339614312e-03,8.367053661339614312e-03
1.720045142412588574e-03,1.720045142412588574e-03
-1.722297119668190699e-02,-1.722297119668190699e-02
2.979345279494192283e-02,2.979345279494192283e-02
-1.232440984982492715e-03,-1.232440984982492715e-03
-3.345777267083332313e-03,-3.345777267083332313e-03
2.271920233306066322e-02,2.271920233306066322e-02
2.611175403547138021e-02,2.611175403547138021e-02
-5.101790295458850238e-03,-5.101790295458850238e-03
-1.209724845023084361e-02,-1.209724845023084361e-02
6.085002960046680121e-03,6.085002960046680121e-03
9.952895454580119872e-03,9.952895454580119872e-03
7.692651998803673452e-05,7.692651998803673452e-05
2.425018367636343902e-02,2.425018367636343902e-02
7.560297962932421845e-03,7.560297962932421845e-03
8.434750060290416296e-03,8.434750060290416296e-03
2.012369574425471389e-02,2.012369574425471389e-02
-4.508875384350383847e-03,-4.508875384350383847e-03
8.792013892084636628e-04,8.792013892084636628e-04
4.376154086360797141e-03,4.376154086360797141e-03
1.767043048002465630e-02,1.767043048002465630e-02
1.199774520099120695e-02,1.199774520099120695e-02
2.232268794168918921e-02,2.232268794168918921e-02
5.066471192797426804e-03,5.066471192797426804e-03
2.656082502763201098e-02,2.656082502763201098e-02
1.559068964780788158e-02,1.559068964780788158e-02
-9.971708542083623783e-03,-9.971708542083623783e-03
1.824764963838956117e-03,1.824764963838956117e-03
8.927025215466621866e-03,8.927025215466621866e-03
7.676917203266499234e-04,7.676917203266499234e-04
9.086053471883404065e-03,9.086053471883404065e-03
-1.634327423596465892e-02,-1.634327423596465892e-02
9.460912150028456813e-03,9.460912150028456813e-03
2.790420839744001819e-03,2.790420839744001819e-03
6.261130491267898057e-03,6.261130491267898057e-03
2.112326382997568863e-02,2.112326382997568863e-02
1.053515224590244673e-02,1.053515224590244673e-02
2.093912281029368383e-02,2.093912281029368383e-02
2.586972279999960947e-02,2.586972279999960947e-02
2.023543294649748220e-02,2.023543294649748220e-02
2.404045804591907476e-02,2.404045804591907476e-02
8.519669380991308494e-03,8.519669380991308494e-03
-1.592003206773457552e-03,-1.592003206773457552e-03
5.269069905885180594e-03,5.269069905885180594e-03
-6.410015774478694528e-05,-6.410015774478694528e-05
3.877770873188299966e-02,3.877770873188299966e-02
5.436547635418217950e-03,5.436547635418217950e-03
1.633570174755996987e-02,1.633570174755996987e-02
6.973311145128738286e-04,6.973311145128738286e-04
-7.192305012864975977e-03,-7.192305012864975977e-03
2.423825011130366705e-02,2.423825011130366705e-02
1.627463042962492418e-02,1.627463042962492418e-02
1.439033547987348532e-02,1.439033547987348532e-02
1.536236195087247944e-02,1.536236195087247944e-02
9.072663778147457836e-03,9.072663778147457836e-03
2.374634446174981456e-02,2.374634446174981456e-02
1.167180025515793945e-02,1.167180025515793945e-02
-9.205249305801639637e-04,-9.205249305801639637e-04
1.417244000905572288e-02,1.417244000905572288e-02
2.039588172931723273e-02,2.039588172931723273e-02
-3.933735470365035819e-03,-3.933735470365035819e-03
-2.464904708098358127e-03,-2.464904708098358127e-03
1.072352800869466258e-02,1.072352800869466258e-02
4.714843455558991731e-02,4.714843455558991731e-02
2.517990477972775060e-02,2.517990477972775060e-02
1.858278589218367166e-02,1.858278589218367166e-02
1.873045694953105744e-03,1.873045694953105744e-03
-6.033490938373752693e-03,-6.033490938373752693e-03
4.219708498270538510e-03,4.219708498270538510e-03
1.050326193259442861e-02,1.050326193259442861e-02
1.350582176736206050e-02,1.350582176736206050e-02
9.989334184271662920e-03,9.989334184271662920e-03
3.241790167814177781e-02,3.241790167814177781e-02
6.807669723290353525e-03,6.807669723290353525e-03
2.591907761926978693e-02,2.591907761926978693e-02
1.574782395618079880e-02,1.574782395618079880e-02
2.946203338092179963e-02,2.946203338092179963e-02
-7.435347780914217108e-04,-7.435347780914217108e-04
-9.596384645930162993e-03,-9.596384645930162993e-03
7.840884889911022698e-03,7.840884889911022698e-03
-1.020997475132406906e-02,-1.020997475132406906e-02
2.080906807302548844e-02,2.080906807302548844e-02
-5.824862319258258814e-03,-5.824862319258258814e-03
2.338380890389236966e-02,2.338380890389236966e-02
3.114319318180806123e-02,3.114319318180806123e-02
6.326686823253758335e-03,6.326686823253758335e-03
2.241621230102535875e-02,2.241621230102535875e-02
3.107899705946630398e-02,3.107899705946630398e-02
3.735640691471278640e-02,3.735640691471278640e-02
1.581432541984561374e-02,1.581432541984561374e-02
-1.134406880044757510e-02,-1.134406880044757510e-02
-2.789828318294503007e-03,-2.789828318294503007e-03
3.306679685284472092e-02,3.306679685284472092e-02
-6.716556940787436064e-03,-6.716556940787436064e-03
2.468019156961128585e-02,2.468019156961128585e-02
8.245378467794196864e-03,8.245378467794196864e-03
1.258354817832624956e-02,1.258354817832624956e-02
1.415350110155374347e-02,1.415350110155374347e-02
8.749700909833853235e-03,8.749700909833853235e-03
1.952183584669071881e-02,1.952183584669071881e-02
1.323344765622414682e-02,1.323344765622414682e-02
6.709988079479114326e-03,6.709988079479114326e-03
-3.504816838375626742e-04,-3.504816838375626742e-04
1.660366880772390016e-02,1.660366880772390016e-02
1.427993707921665703e-02,1.427993707921665703e-02
2.335996086086497905e-02,2.335996086086497905e-02
2.840682372387566546e-02,2.840682372387566546e-02
1.488068154623608391e-02,1.488068154623608391e-02
1.228898655842441956e-05,1.228898655842441956e-05
3.874758995637286874e-03,3.874758995637286874e-03
2.176519085324648412e-02,2.176519085324648412e-02
1.443714096113871831e-02,1.443714096113871831e-02
3.003779855426601253e-02,3.003779855426601253e-02
-1.514780445575553830e-02,-1.514780445575553830e-02
1.302666191174016788e-02,1.302666191174016788e-02
3.806999538335842370e-02,3.806999538335842370e-02
9.722102194328133273e-04,9.722102194328133273e-04
1.159204743110697419e-02,1.159204743110697419e-02
1.886155824546410092e-02,1.886155824546410092e-02
1.817928072437467041e-02,1.817928072437467041e-02
1.743937682364030128e-02,1.743937682364030128e-02
9.552472230757558247e-03,9.552472230757558247e-03
1.561999776504583923e-02,1.561999776504583923e-02
1.575418151644751921e-02,1.575418151644751921e-02
2.804628201201902343e-02,2.804628201201902343e-02
-1.008149763554123599e-02,-1.008149763554123599e-02
1.246262598639361063e-02,1.246262598639361063e-02
2.204622596861314371e-02,2.204622596861314371e-02
5.190000759659359197e-02,5.190000759659359197e-02
1.002411178773798123e-02,1.002411178773798123e-02
8.766593595734166466e-03,8.766593595734166466e-03
2.233500428745679306e-02,2.233500428745679306e-02
1.018207106416769286e-02,1.018207106416769286e-02
3.315565821581870076e-02,3.315565821581870076e-02
1.117440838292491426e-02,1.117440838292491426e-02
1.426804876591975663e-02,1.426804876591975663e-02
2.347425769631376891e-02,2.347425769631376891e-02
2.101559000467834518e-02,2.101559000467834518e-02
2.793079649845198187e-02,2.793079649845198187e-02
1.131395888039175845e-02,1.131395888039175845e-02
7.049722432629426661e-04,7.049722432629426661e-04
1.062798958467385535e-02,1.062798958467385535e-02
5.192183024166248384e-03,5.192183024166248384e-03
3.121191513263738351e-02,3.121191513263738351e-02
2.830641132261211071e-02,2.830641132261211071e-02
1.285358831821326042e-02,1.285358831821326042e-02
1.867108954939736623e-02,1.867108954939736623e-02
1.004725417952861272e-02,1.004725417952861272e-02
1.662188026034095573e-02,1.662188026034095573e-02
2.438231988712416878e-02,2.438231988712416878e-02
1.786679244808098144e-02,1.786679244808098144e-02
2.714352670352069424e-02,2.714352670352069424e-02
1.977835634104135182e-02,1.977835634104135182e-02
1.938345471387853403e-02,1.938345471387853403e-02
1.898543116024691002e-02,1.898543116024691002e-02
1.604918831787418773e-02,1.604918831787418773e-02
1.605130217453205194e-02,1.605130217453205194e-02
1.400420255497258210e-02,1.400420255497258210e-02
1.416224136888092830e-02,1.416224136888092830e-02
1.477514036876667256e-02,1.477514036876667256e-02
1.347132901332409247e-02,1.347132901332409247e-02
8.357686414323287072e-03,8.357686414323287072e-03
3.061011232683499839e-04,3.061011232683499839e-04
3.907365608006412028e-04,3.907365608006412028e-04
2.612311833247683845e-02,2.612311833247683845e-02
-5.146334314362073503e-03,-5.146334314362073503e-03
1.323342661830665193e-02,1.323342661830665193e-02
-1.346641458752483034e-03,-1.346641458752483034e-03
-5.049578930348009448e-03,-5.049578930348009448e-03
9.185001565053925454e-03,9.185001565053925454e-03
-1.824308982809524915e-03,-1.824308982809524915e-03
2.258567983281356550e-02,2.258567983281356550e-02
3.953375028497133764e-02,3.953375028497133764e-02
9.826340103811719018e-03,9.826340103811719018e-03
5.985578207545159957e-03,5.985578207545159957e-03
2.120110159135005570e-02,2.120110159135005570e-02
3.022591562506456858e-02,3.022591562506456858e-02
9.683948990362900577e-03,9.683948990362900577e-03
-1.521293609083841994e-02,-1.521293609083841994e-02
1.875715778397153352e-02,1.875715778397153352e-02
2.465576547239433508e-02,2.465576547239433508e-02
6.683367774634949021e-03,6.683367774634949021e-03
1.356381527640839260e-02,1.356381527640839260e-02
4.616885306297419111e-03,4.616885306297419111e-03
8.725842916911426272e-03,8.725842916911426272e-03
4.765140487994700552e-02,4.765140487994700552e-02
7.316419392790034226e-04,7.316419392790034226e-04
-3.157452651407627320e-04,-3.157452651407627320e-04
2.010046808817693431e-02,2.010046808817693431e-02
2.255266387695997743e-02,2.255266387695997743e-02
1.889294067881323175e-02,1.889294067881323175e-02
3.449248474235162149e-02,3.449248474235162149e-02
1.166390944063408486e-02,1.166390944063408486e-02
2.690901679492426271e-02,2.690901679492426271e-02
1.978278169058880070e-02,1.978278169058880070e-02
1.104612233759419415e-02,1.104612233759419415e-02
1.199474202332538944e-02,1.199474202332538944e-02
2.146380629551799049e-02,2.146380629551799049e-02
4.817302571941524392e-03,4.817302571941524392e-03
1.392239281527251488e-02,1.392239281527251488e-02
-6.218085104934857610e-03,-6.218085104934857610e-03
2.147297993347566103e-02,2.147297993347566103e-02
1.890110887206239432e-02,1.890110887206239432e-02
1.425747581263837535e-02,1.425747581263837535e-02
1.117241520837884694e-03,1.117241520837884694e-03
3.973543879517925370e-02,3.973543879517925370e-02
1.156922053909925294e-02,1.156922053909925294e-02
1.603289146138843838e-02,1.603289146138843838e-02
-5.134669549760537133e-04,-5.134669549760537133e-04
1.583463951423463509e-02,1.583463951423463509e-02
3.004172130033457011e-02,3.004172130033457011e-02
1.924991180987953646e-02,1.924991180987953646e-02
-4.832192233833756956e-03,-4.832192233833756956e-03
1.276237691525523160e-02,1.276237691525523160e-02
1.431317777919137793e-02,1.431317777919137793e-02
3.267519193181821213e-02,3.267519193181821213e-02
1.372077854355067267e-02,1.372077854355067267e-02
5.774894034497990436e-03,5.774894034497990436e-03
-3.600895889072558420e-03,-3.600895889072558420e-03
-9.755635243323044353e-03,-9.755635243323044353e-03
6.597877875025321553e-03,6.597877875025321553e-03
2.008297521677408770e-04,2.008297521677408770e-04
1.633404333476172476e-02,1.633404333476172476e-02
8.003735484619765861e-03,8.003735484619765861e-03
2.970720804674076981e-03,2.970720804674076981e-03
2.818798553289979941e-02,2.818798553289979941e-02
2.560259288723026883e-03,2.560259288723026883e-03
-6.531724962233198539e-04,-6.531724962233198539e-04
3.325962552419223228e-04,3.325962552419223228e-04
1.925034027101157202e-02,1.925034027101157202e-02
3.384622692352477757e-02,3.384622692352477757e-02
1.254725225079343989e-02,1.254725225079343989e-02
1.623177778347294209e-02,1.623177778347294209e-02
2.485868108709018975e-02,2.485868108709018975e-02
1.331641848381116822e-03,1.331641848381116822e-03
2.223373678974756643e-02,2.223373678974756643e-02
1.092905926210031506e-02,1.092905926210031506e-02
2.378030178134947492e-02,2.378030178134947492e-02
9.665382980272477914e-03,9.665382980272477914e-03
6.208730013693205402e-03,6.208730013693205402e-03
3.922461965510550680e-02,3.922461965510550680e-02
2.762530725038889884e-02,2.762530725038889884e-02
8.152707979873094479e-03,8.152707979873094479e-03
1.420171427766149519e-02,1.420171427766149519e-02
2.778491811106953424e-03,2.778491811106953424e-03
4.310581072357812238e-02,4.310581072357812238e-02
7.785978223713033164e-03,7.785978223713033164e-03
1.755601478299050749e-02,1.755601478299050749e-02
-9.957074418732312499e-03,-9.957074418732312499e-03
-8.781930740759912035e-04,-8.781930740759912035e-04
2.737814491648495052e-02,2.737814491648495052e-02
-1.089874538676231103e-02,-1.089874538676231103e-02
2.710524814270157123e-02,2.710524814270157123e-02
2.471089380246020012e-02,2.471089380246020012e-02
2.329558140148410561e-02,2.329558140148410561e-02
1.455770362414264205e-02,1.455770362414264205e-02
3.720978304566576605e-02,3.720978304566576605e-02
4.354268833708232339e-03,4.354268833708232339e-03
1.921349038858080269e-02,1.921349038858080269e-02
1.826119342822140473e-02,1.826119342822140473e-02
5.964043524784991973e-03,5.964043524784991973e-03
2.816162844042675167e-02,2.816162844042675167e-02
-6.365833021698442951e-03,-6.365833021698442951e-03
-3.157685162813075874e-03,-3.157685162813075874e-03
2.947483174565729627e-02,2.947483174565729627e-02
1.993804512948199603e-03,1.993804512948199603e-03
4.193186514150958055e-02,4.193186514150958055e-02
2.477600893657862235e-02,2.477600893657862235e-02
1.776354012806182978e-02,1.776354012806182978e-02
-7.999889312951341536e-03,-7.999889312951341536e-03
3.171232628075856819e-02,3.171232628075856819e-02
1.158087906619020141e-02,1.158087906619020141e-02
9.225265935017042812e-03,9.225265935017042812e-03
-6.212646774759997964e-03,-6.212646774759997964e-03
1.039914002211989388e-02,1.039914002211989388e-02
4.255130759533772011e-03,4.255130759533772011e-03
5.565047712275499048e-04,5.565047712275499048e-04
1.650727013433501977e-03,1.650727013433501977e-03
9.819066037394057894e-03,9.819066037394057894e-03
1.757796176424888945e-02,1.757796176424888945e-02
4.096478373516752869e-03,4.096478373516752869e-03
6.935885434566066432e-03,6.935885434566066432e-03
9.688514905564746954e-03,9.688514905564746954e-03
6.012512398335390085e-03,6.012512398335390085e-03
-3.327621814695900376e-03,-3.327621814695900376e-03
6.514238038109108203e-03,6.514238038109108203e-03
1.538772704127529256e-02,1.538772704127529256e-02
8.447435445848087282e-03,8.447435445848087282e-03
4.790236897627173779e-03,4.790236897627173779e-03
-4.635443818911538783e-06,-4.635443818911538783e-06
-7.547971560597856872e-03,-7.547971560597856872e-03
-1.953458029481623670e-03,-1.953458029481623670e-03
2.977628739256444820e-02,2.977628739256444820e-02
-1.245597819979729626e-02,-1.245597819979729626e-02
-9.422022545882757782e-03,-9.422022545882757782e-03
-1.096224779606923966e-03,-1.096224779606923966e-03
1.615668466948061086e-02,1.615668466948061086e-02
7.500891758338464055e-03,7.500891758338464055e-03
3.146223592555914134e-03,3.146223592555914134e-03
1.002309421458507863e-02,1.002309421458507863e-02
-5.362722912520774543e-03,-5.362722912520774543e-03
-1.273533610370836122e-02,-1.273533610370836122e-02
2.144015799965337532e-02,2.144015799965337532e-02
-4.871170546122301215e-04,-4.871170546122301215e-04
-4.571903914761466653e-03,-4.571903914761466653e-03
1.421859189680281521e-02,1.421859189680281521e-02
7.080556125927200961e-03,7.080556125927200961e-03
-5.379060521408848133e-03,-5.379060521408848133e-03
1.441939099130414015e-02,1.441939099130414015e-02
1.645230386455669505e-02,1.645230386455669505e-02
-1.479789978228283204e-02,-1.479789978228283204e-02
2.063187285988664355e-02,2.063187285988664355e-02
1.570940199905495466e-02,1.570940199905495466e-02
1.145440903691167384e-02,1.145440903691167384e-02
1.771574608706909942e-02,1.771574608706909942e-02
2.709673473376170844e-02,2.709673473376170844e-02
-2.646724552148059517e-03,-2.646724552148059517e-03
1.895715286364039326e-03,1.895715286364039326e-03
1.998016110514012900e-02,1.998016110514012900e-02
-1.498082494578632795e-03,-1.498082494578632795e-03
5.854202997012770276e-03,5.854202997012770276e-03
2.405840554364335054e-03,2.405840554364335054e-03
3.577139328197777302e-02,3.577139328197777302e-02
5.083297037775533211e-03,5.083297037775533211e-03
1.476514686818578351e-02,1.476514686818578351e-02
1.472947674268552942e-02,1.472947674268552942e-02
2.137916189692512514e-02,2.137916189692512514e-02
2.425870700344173736e-02,2.425870700344173736e-02
9.869925838322909234e-03,9.869925838322909234e-03
2.724378222993249082e-02,2.724378222993249082e-02
8.504032751503572823e-03,8.504032751503572823e-03
1.859609773963006446e-02,1.859609773963006446e-02
-2.841048637005391675e-03,-2.841048637005391675e-03
1.218177717192904866e-02,1.218177717192904866e-02
-1.284910190153185083e-03,-1.284910190153185083e-03
2.292574815955936846e-03,2.292574815955936846e-03
2.160342606444436847e-02,2.160342606444436847e-02
-5.195701801156863558e-03,-5.195701801156863558e-03
2.120607736841209276e-02,2.120607736841209276e-02
2.091823910417617283e-02,2.091823910417617283e-02
2.251358473277302596e-02,2.251358473277302596e-02
1.509576644163111020e-02,1.509576644163111020e-02
1.869716334955125181e-02,1.869716334955125181e-02
1.371914632967926109e-02,1.371914632967926109e-02
8.614242047833037264e-03,8.614242047833037264e-03
3.703015669748423166e-02,3.703015669748423166e-02
9.726561924203097620e-03,9.726561924203097620e-03
2.042751583738496024e-02,2.042751583738496024e-02
1.168123222063652267e-03,1.168123222063652267e-03
1.348509707682525594e-02,1.348509707682525594e-02
1.823861628351159531e-02,1.823861628351159531e-02
2.760428790076879108e-02,2.760428790076879108e-02
7.325436676373090622e-03,7.325436676373090622e-03
2.260377400472571990e-02,2.260377400472571990e-02
1.983621397562402439e-02,1.983621397562402439e-02
1.129992517748413389e-02,1.129992517748413389e-02
4.979586573169637875e-03,4.979586573169637875e-03
-5.755852471651227292e-03,-5.755852471651227292e-03
1.010374355133065311e-02,1.010374355133065311e-02
2.251011705489874143e-02,2.251011705489874143e-02
2.442573156917719063e-02,2.442573156917719063e-02
-2.142529748639114551e-02,-2.142529748639114551e-02
2.471073586083584461e-02,2.471073586083584461e-02
4.683993993041816323e-02,4.683993993041816323e-02
7.282009035866957719e-03,7.282009035866957719e-03
2.545727470199873541e-02,2.545727470199873541e-02
2.663733810727930695e-02,2.663733810727930695e-02
2.436770305594294223e-03,2.436770305594294223e-03
-7.746611897463687169e-03,-7.746611897463687169e-03
1.412232091135622730e-02,1.412232091135622730e-02
5.470841399377694703e-03,5.470841399377694703e-03
2.247493454059625029e-02,2.247493454059625029e-02
1.845906878130951917e-02,1.845906878130951917e-02
-6.852785802884571453e-03,-6.852785802884571453e-03
8.707734728267479268e-03,8.707734728267479268e-03
3.919716928809549583e-02,3.919716928809549583e-02
2.118194941550072957e-02,2.118194941550072957e-02
8.604833684860521692e-03,8.604833684860521692e-03
2.012333421802134717e-02,2.012333421802134717e-02
3.774879446193552673e-03,3.774879446193552673e-03
2.511492484529147945e-02,2.511492484529147945e-02
1.761129882870467872e-03,1.761129882870467872e-03
2.417249268668998641e-02,2.417249268668998641e-02
1.254897874016709311e-02,1.254897874016709311e-02
2.383801241818048200e-02,2.383801241818048200e-02
3.327927174208964584e-03,3.327927174208964584e-03
1.721794793422824071e-02,1.721794793422824071e-02
-1.080309230117346836e-03,-1.080309230117346836e-03
1.551688191007474793e-02,1.551688191007474793e-02
-9.109567555372909825e-03,-9.109567555372909825e-03
1.287533901363411420e-02,1.287533901363411420e-02
6.821123423298651456e-03,6.821123423298651456e-03
1.337848482386674170e-02,1.337848482386674170e-02
1.529780495003152385e-02,1.529780495003152385e-02
1.685095680832181947e-02,1.685095680832181947e-02
1.676564894451812102e-02,1.676564894451812102e-02
1.243883072907043391e-02,1.243883072907043391e-02
1.936129250251907713e-03,1.936129250251907713e-03
-3.728908162052915753e-03,-3.728908162052915753e-03
-1.124077272419748974e-02,-1.124077272419748974e-02
3.772042876772085940e-02,3.772042876772085940e-02
3.719985542457882738e-03,3.719985542457882738e-03
2.763605685209799198e-02,2.763605685209799198e-02
1.341337108552463284e-02,1.341337108552463284e-02
1.191439288072190100e-02,1.191439288072190100e-02
1.700111078111004106e-02,1.700111078111004106e-02
2.800998994588892177e-02,2.800998994588892177e-02
-1.025107683671862280e-02,-1.025107683671862280e-02
2.580477828536605761e-02,2.580477828536605761e-02
3.812922725106206168e-02,3.812922725106206168e-02
1.349444660244763020e-02,1.349444660244763020e-02
2.261315584934908002e-02,2.261315584934908002e-02
3.056265874384487408e-03,3.056265874384487408e-03
3.624951842094910337e-02,3.624951842094910337e-02
-5.903253649783536672e-03,-5.903253649783536672e-03
-1.183749289001006025e-02,-1.183749289001006025e-02
5.060651418987420491e-03,5.060651418987420491e-03
-8.613562472840226997e-03,-8.613562472840226997e-03
1.100050606849235085e-02,1.100050606849235085e-02
2.263683353885644761e-02,2.263683353885644761e-02
3.890218556679078676e-03,3.890218556679078676e-03
2.480845579471541162e-02,2.480845579471541162e-02
1.283623271360409199e-02,1.283623271360409199e-02
2.458869060349623548e-03,2.458869060349623548e-03
9.434953163855425151e-03,9.434953163855425151e-03
3.175675280799820227e-03,3.175675280799820227e-03
3.106355236336652559e-02,3.106355236336652559e-02
4.842181600045127737e-02,4.842181600045127737e-02
5.077160874256171630e-04,5.077160874256171630e-04
3.198986896541849284e-02,3.198986896541849284e-02
1.157621229688189993e-02,1.157621229688189993e-02
1.809988594016497324e-02,1.809988594016497324e-02
1.366694004077196462e-02,1.366694004077196462e-02
1.536600587483012703e-04,1.536600587483012703e-04
-1.226565708698232685e-02,-1.226565708698232685e-02
7.907271405462601432e-04,7.907271405462601432e-04
6.323497491338689325e-03,6.323497491338689325e-03
4.185635340224268947e-02,4.185635340224268947e-02
3.277252818332514195e-02,3.277252818332514195e-02
6.513959567820495206e-03,6.513959567820495206e-03
1.794997695301211310e-02,1.794997695301211310e-02
2.429011052062906434e-02,2.429011052062906434e-02
1.494344794268197621e-02,1.494344794268197621e-02
-1.374599830495155939e-03,-1.374599830495155939e-03
1.654803402888714581e-02,1.654803402888714581e-02
-3.078847088350230438e-02,-3.078847088350230438e-02
3.597658442402097700e-03,3.597658442402097700e-03
2.539026226540153780e-02,2.539026226540153780e-02
1.868930650324229087e-02,1.868930650324229087e-02
1.817693426269674506e-02,1.817693426269674506e-02
3.974801398183312739e-02,3.974801398183312739e-02
1.173324117151176155e-02,1.173324117151176155e-02
6.213872734620484728e-03,6.213872734620484728e-03
-1.002461307823762637e-03,-1.002461307823762637e-03
7.177172176396549169e-03,7.177172176396549169e-03
7.113400895643801070e-03,7.113400895643801070e-03
2.137104088421135778e-02,2.137104088421135778e-02
2.534199395402042532e-02,2.534199395402042532e-02
1.145380648419831379e-02,1.145380648419831379e-02
2.861110759910719809e-02,2.861110759910719809e-02
9.763858747693403978e-03,9.763858747693403978e-03
2.186540075695444021e-02,2.186540075695444021e-02
4.041620372698914720e-02,4.041620372698914720e-02
1.788320710355226217e-02,1.788320710355226217e-02
2.038735960318271284e-02,2.038735960318271284e-02
5.489496008257186560e-03,5.489496008257186560e-03
2.975609511683106195e-02,2.975609511683106195e-02
-1.294837028843952645e-02,-1.294837028843952645e-02
-1.442003726202121042e-02,-1.442003726202121042e-02
1.188790900141931464e-02,1.188790900141931464e-02
2.016278158071906079e-03,2.016278158071906079e-03
2.050476505960222018e-02,2.050476505960222018e-02
8.455743049389504579e-03,8.455743049389504579e-03
2.978586623238938663e-02,2.978586623238938663e-02
3.354000645860941848e-02,3.354000645860941848e-02
-1.517438010032401419e-03,-1.517438010032401419e-03
3.089822048820475148e-02,3.089822048820475148e-02
1.666817141569576846e-02,1.666817141569576846e-02
5.502463732523728279e-03,5.502463732523728279e-03
-3.985637671240424562e-03,-3.985637671240424562e-03
2.951904432824337121e-03,2.951904432824337121e-03
1.282657607764121216e-02,1.282657607764121216e-02
1.396258270119382985e-02,1.396258270119382985e-02
3.049852825662426742e-02,3.049852825662426742e-02
4.100293079367420268e-02,4.100293079367420268e-02
-1.099218843241281385e-03,-1.099218843241281385e-03
2.448203302164756595e-02,2.448203302164756595e-02
6.596335536174117303e-03,6.596335536174117303e-03
1.291191647568098316e-02,1.291191647568098316e-02
-2.285903253606363927e-03,-2.285903253606363927e-03
1.354089548159629480e-02,1.354089548159629480e-02
1.137356551579395136e-02,1.137356551579395136e-02
-1.347549445196175727e-02,-1.347549445196175727e-02
2.478954152306422909e-03,2.478954152306422909e-03
3.835801319521291164e-03,3.835801319521291164e-03
1.500305087643472729e-03,1.500305087643472729e-03
6.140045774509422100e-03,6.140045774509422100e-03
3.756470423659251379e-03,3.756470423659251379e-03
1.438348240744431045e-02,1.438348240744431045e-02
2.097432259969583129e-02,2.097432259969583129e-02
1.929232900349425739e-02,1.929232900349425739e-02
4.443453025868019518e-02,4.443453025868019518e-02
-2.393124357296223803e-03,-2.393124357296223803e-03
2.484896526602074079e-02,2.484896526602074079e-02
1.645711005455077411e-02,1.645711005455077411e-02
9.880873338038772408e-03,9.880873338038772408e-03
1.298210264687693627e-02,1.298210264687693627e-02
8.226049010087041480e-03,8.226049010087041480e-03
3.217657172941901927e-02,3.217657172941901927e-02
4.055777141709641237e-02,4.055777141709641237e-02
3.115465110597154946e-02,3.115465110597154946e-02
6.670287556867052908e-03,6.670287556867052908e-03
1.271041551332965924e-02,1.271041551332965924e-02
-1.003702771286675219e-02,-1.003702771286675219e-02
6.939021809850280664e-03,6.939021809850280664e-03
9.422196149123436559e-03,9.422196149123436559e-03
-9.708654926369152116e-04,-9.708654926369152116e-04
2.894338060244839445e-02,2.894338060244839445e-02
3.017059678859738275e-03,3.017059678859738275e-03
1.322535015472064632e-02,1.322535015472064632e-02
3.266955958936357263e-02,3.266955958936357263e-02
-3.143475374153364282e-02,-3.143475374153364282e-02
1.199083492937131831e-02,1.199083492937131831e-02
7.046244545057693542e-03,7.046244545057693542e-03
7.863570609668267541e-03,7.863570609668267541e-03
-5.020214549309506141e-03,-5.020214549309506141e-03
1.453187348969042086e-02,1.453187348969042086e-02
2.282945371954549219e-02,2.282945371954549219e-02
7.809926637642714692e-03,7.809926637642714692e-03
8.037776639026307512e-03,8.037776639026307512e-03
2.132574788854255110e-02,2.132574788854255110e-02
2.246403039826275205e-02,2.246403039826275205e-02
1.804992958500796496e-02,1.804992958500796496e-02
5.255024438963452893e-03,5.255024438963452893e-03
9.340235902047706179e-03,9.340235902047706179e-03
2.043042977410054750e-02,2.043042977410054750e-02
1.396131954646414111e-02,1.396131954646414111e-02
2.406498226584247169e-02,2.406498226584247169e-02
1.088592009248033274e-02,1.088592009248033274e-02
1.349761445975252924e-02,1.349761445975252924e-02
2.462138335158089650e-02,2.462138335158089650e-02
2.015398683968028237e-02,2.015398683968028237e-02
7.578327204276286144e-03,7.578327204276286144e-03
1.449402585048545355e-02,1.449402585048545355e-02
4.148213207645291140e-02,4.148213207645291140e-02
1.851343625978773069e-02,1.851343625978773069e-02
1.511032361558784995e-02,1.511032361558784995e-02
2.745308853973627700e-02,2.745308853973627700e-02
2.854791863401186583e-02,2.854791863401186583e-02
-1.548529174661907384e-02,-1.548529174661907384e-02
2.049591685087740617e-02,2.049591685087740617e-02
1.039488535511109979e-02,1.039488535511109979e-02
1.086888347605877506e-02,1.086888347605877506e-02
3.446899072017721444e-02,3.446899072017721444e-02
7.369287713827776809e-03,7.369287713827776809e-03
2.266856215141142827e-02,2.266856215141142827e-02
1.484777636893377245e-02,1.484777636893377245e-02
3.514737624943520267e-02,3.514737624943520267e-02
1.256225755879629424e-02,1.256225755879629424e-02
-2.978121402109297489e-03,-2.978121402109297489e-03
8.677052099722328687e-03,8.677052099722328687e-03
2.144183557723108868e-02,2.144183557723108868e-02
2.927225086167217771e-02,2.927225086167217771e-02
2.038749423971565611e-02,2.038749423971565611e-02
6.385726546502705492e-03,6.385726546502705492e-03
-1.542598349935426702e-02,-1.542598349935426702e-02
1.278481468117714792e-02,1.278481468117714792e-02
1.119077633601775826e-02,1.119077633601775826e-02
2.945701249876098507e-02,2.945701249876098507e-02
3.719335083461894342e-02,3.719335083461894342e-02
1.547793652202410913e-02,1.547793652202410913e-02
3.019078991591336164e-02,3.019078991591336164e-02
9.148282130347084457e-03,9.148282130347084457e-03
5.221143023265668176e-03,5.221143023265668176e-03
2.501684993816767621e-02,2.501684993816767621e-02
2.053697681935317404e-02,2.053697681935317404e-02
-1.136652346569006281e-02,-1.136652346569006281e-02
1.359967936773368025e-02,1.359967936773368025e-02
1.859782547036087363e-02,1.859782547036087363e-02
4.155200145497743580e-03,4.155200145497743580e-03
1.855893328590342561e-02,1.855893328590342561e-02
2.709513396940288130e-02,2.709513396940288130e-02
3.051707562928680090e-03,3.051707562928680090e-03
7.204580286812159451e-03,7.204580286812159451e-03
4.559922751872672736e-03,4.559922751872672736e-03
3.985073020220272072e-03,3.985073020220272072e-03
4.548016580152699356e-02,4.548016580152699356e-02
2.604633610657684090e-02,2.604633610657684090e-02
1.464437924709743877e-02,1.464437924709743877e-02
1.013818843187370283e-02,1.013818843187370283e-02
3.693876622185045949e-02,3.693876622185045949e-02
1.180500234566941864e-02,1.180500234566941864e-02
-6.620678580878402303e-03,-6.620678580878402303e-03
3.119336968265418869e-02,3.119336968265418869e-02
2.922922580842361728e-02,2.922922580842361728e-02
9.054565826280457780e-03,9.054565826280457780e-03
1.191547980909822557e-02,1.191547980909822557e-02
3.023136246876666558e-02,3.023136246876666558e-02
2.720128975086682360e-02,2.720128975086682360e-02
1.802089880455983589e-02,1.802089880455983589e-02
1.698920747819313015e-02,1.698920747819313015e-02
2.124683764505796643e-02,2.124683764505796643e-02
2.662041657980083326e-02,2.662041657980083326e-02
2.916675250606429529e-02,2.916675250606429529e-02
2.255239051114388271e-02,2.255239051114388271e-02
2.097343654606464297e-03,2.097343654606464297e-03
-1.305629111595686676e-04,-1.305629111595686676e-04
7.454763382478916262e-03,7.454763382478916262e-03
6.881729178127397872e-03,6.881729178127397872e-03
3.865688725617533877e-03,3.865688725617533877e-03
7.631282383161505645e-03,7.631282383161505645e-03
1.273428118774216911e-02,1.273428118774216911e-02
2.233769777689376818e-02,2.233769777689376818e-02
1.891659817425863505e-02,1.891659817425863505e-02
4.644550207556080723e-03,4.644550207556080723e-03
3.561251579326331351e-03,3.561251579326331351e-03
-1.199175044654448435e-02,-1.199175044654448435e-02
4.594412592353325220e-04,4.594412592353325220e-04
-1.954842999953749702e-02,-1.954842999953749702e-02
8.613948307387153669e-05,8.613948307387153669e-05
1.643939606035000126e-02,1.643939606035000126e-02
2.396975150301158819e-02,2.396975150301158819e-02
2.578185652892765398e-02,2.578185652892765398e-02
2.327842374033411987e-02,2.327842374033411987e-02
5.319222094088561781e-03,5.319222094088561781e-03
1.116358431002945767e-02,1.116358431002945767e-02
-1.503881645667655420e-02,-1.503881645667655420e-02
1.072042832564353010e-03,1.072042832564353010e-03
1.057119297167186112e-02,1.057119297167186112e-02
9.320014771060439185e-03,9.320014771060439185e-03
1.420810106038236306e-02,1.420810106038236306e-02
1.834741285696091587e-02,1.834741285696091587e-02
1.722807524350003852e-02,1.722807524350003852e-02
-7.600189378333538359e-04,-7.600189378333538359e-04
1.465655858446712756e-02,1.465655858446712756e-02
2.960845387161615411e-03,2.960845387161615411e-03
-6.065968669129211815e-03,-6.065968669129211815e-03
6.143103848035333381e-03,6.143103848035333381e-03
8.101765818653402368e-03,8.101765818653402368e-03
-5.344231693871426964e-03,-5.344231693871426964e-03
1.197007570248399128e-02,1.197007570248399128e-02
1.492923264917013840e-02,1.492923264917013840e-02
1.273258857129664842e-02,1.273258857129664842e-02
2.360379223160265216e-02,2.360379223160265216e-02
9.926571573072390242e-03,9.926571573072390242e-03
-2.416712119309820384e-03,-2.416712119309820384e-03
1.657147852096120186e-02,1.657147852096120186e-02
2.129360252960445926e-02,2.129360252960445926e-02
1.613148355041225251e-02,1.613148355041225251e-02
-1.485313917960491038e-02,-1.485313917960491038e-02
5.464236424425897992e-03,5.464236424425897992e-03
4.005300951473340920e-04,4.005300951473340920e-04
3.896480144068709128e-04,3.896480144068709128e-04
-7.629636722042289210e-03,-7.629636722042289210e-03
1.047112578344155595e-02,1.047112578344155595e-02
4.899523780217553137e-03,4.899523780217553137e-03
2.131640253763898013e-02,2.131640253763898013e-02
2.269096449067909901e-02,2.269096449067909901e-02
2.896429885988368452e-03,2.896429885988368452e-03
2.736689095365753277e-02,2.736689095365753277e-02
2.780845688001963578e-02,2.780845688001963578e-02
3.695022153917379426e-02,3.695022153917379426e-02
2.261466769026466289e-02,2.261466769026466289e-02
-5.337168091482980686e-03,-5.337168091482980686e-03
7.379824298457723919e-03,7.379824298457723919e-03
4.054162193130181335e-02,4.054162193130181335e-02
-5.442157711172936063e-03,-5.442157711172936063e-03
-5.816322946238825647e-03,-5.816322946238825647e-03
1.100564389467131171e-02,1.100564389467131171e-02
4.353826629744598359e-03,4.353826629744598359e-03
9.718741374557277046e-03,9.718741374557277046e-03
-4.851167598322308344e-03,-4.851167598322308344e-03
2.886041564657455469e-02,2.886041564657455469e-02
1.646447854532649691e-02,1.646447854532649691e-02
2.783501557946407162e-02,2.783501557946407162e-02
-3.335157141561602423e-02,-3.335157141561602423e-02
2.599520074222936433e-02,2.599520074222936433e-02
1.379251204177022599e-02,1.379251204177022599e-02
6.286106582786110675e-03,6.286106582786110675e-03
1.955444075704072110e-02,1.955444075704072110e-02
2.251749724385800761e-02,2.251749724385800761e-02
6.528986977059326319e-03,6.528986977059326319e-03
6.679735791279235724e-03,6.679735791279235724e-03
-5.123834464421037072e-03,-5.123834464421037072e-03
3.834909859463012105e-02,3.834909859463012105e-02
5.345424626768770227e-03,5.345424626768770227e-03
9.410224002503013441e-03,9.410224002503013441e-03
2.002889770783119333e-02,2.002889770783119333e-02
2.433713983482522353e-02,2.433713983482522353e-02
1.227412440287540055e-02,1.227412440287540055e-02
5.606629165752843869e-04,5.606629165752843869e-04
6.313080038277865680e-03,6.313080038277865680e-03
-3.538658559582762153e-03,-3.538658559582762153e-03
7.852355440834263289e-04,7.852355440834263289e-04
3.588799760600548672e-02,3.588799760600548672e-02
5.191851307160267465e-02,5.191851307160267465e-02
1.627692202145583980e-02,1.627692202145583980e-02
1.649436233217362741e-03,1.649436233217362741e-03
1.512146158382116079e-02,1.512146158382116079e-02
2.294948375061865026e-03,2.294948375061865026e-03
1.175926874553467893e-02,1.175926874553467893e-02
1.054178254417000027e-02,1.054178254417000027e-02
4.774872147704248976e-02,4.774872147704248976e-02
3.540032484845274247e-02,3.540032484845274247e-02
3.952327067547799222e-02,3.952327067547799222e-02
1.774121429524640886e-02,1.774121429524640886e-02
1.886732782285566526e-02,1.886732782285566526e-02
1.433355061329016911e-02,1.433355061329016911e-02
4.698383440558676766e-03,4.698383440558676766e-03
-2.518520374637581161e-03,-2.518520374637581161e-03
-1.188828254168455140e-02,-1.188828254168455140e-02
2.566749473798451975e-03,2.566749473798451975e-03
5.666515261341802806e-03,5.666515261341802806e-03
2.016879608503289317e-02,2.016879608503289317e-02
3.487846588216038379e-02,3.487846588216038379e-02
3.501766858969792423e-02,3.501766858969792423e-02
1.195884763586765875e-02,1.195884763586765875e-02
2.080354654868320913e-02,2.080354654868320913e-02
2.915460613567802395e-02,2.915460613567802395e-02
7.036086720406703465e-03,7.036086720406703465e-03
1.536050983721345270e-02,1.536050983721345270e-02
2.356095695369613344e-02,2.356095695369613344e-02
-1.215269819779669566e-02,-1.215269819779669566e-02
1.523739241447482490e-02,1.523739241447482490e-02
2.310776026594824756e-02,2.310776026594824756e-02
2.335971638152601476e-02,2.335971638152601476e-02
1.251913094959410458e-02,1.251913094959410458e-02
1.605181922811334261e-02,1.605181922811334261e-02
3.461846057657966269e-03,3.461846057657966269e-03
-2.574214688112641536e-03,-2.574214688112641536e-03
1.046974332036207725e-02,1.046974332036207725e-02
1.909592270862647129e-02,1.909592270862647129e-02
1.407993910474443153e-02,1.407993910474443153e-02
1.934305792471146049e-02,1.934305792471146049e-02
1.501750064563936796e-02,1.501750064563936796e-02
2.720937136228931269e-02,2.720937136228931269e-02
-1.569982901168453376e-03,-1.569982901168453376e-03
9.887227704251051741e-03,9.887227704251051741e-03
4.017517720292885369e-02,4.017517720292885369e-02
1.726728008660241565e-02,1.726728008660241565e-02
2.153076853056163850e-02,2.153076853056163850e-02
1.358393189557421249e-02,1.358393189557421249e-02
9.315937421001840857e-03,9.315937421001840857e-03
3.468966703531958101e-02,3.468966703531958101e-02
1.833280164639741402e-02,1.833280164639741402e-02
2.622898052053004164e-02,2.622898052053004164e-02
6.504691645833664271e-03,6.504691645833664271e-03
7.543543705048581793e-04,7.543543705048581793e-04
-1.164181983451806346e-04,-1.164181983451806346e-04
5.001082836769603357e-02,5.001082836769603357e-02
1.434504321515483322e-02,1.434504321515483322e-02
3.167955236721090723e-03,3.167955236721090723e-03
2.993761168767351127e-02,2.993761168767351127e-02
-3.209593339551723712e-03,-3.209593339551723712e-03
2.456854991270846639e-02,2.456854991270846639e-02
6.880888550519353997e-03,6.880888550519353997e-03
1.421328372758821554e-02,1.421328372758821554e-02
7.389120290292022081e-03,7.389120290292022081e-03
-2.395928279770871694e-03,-2.395928279770871694e-03
4.013017236436007551e-02,4.013017236436007551e-02
2.404301083544289896e-02,2.404301083544289896e-02
-9.277015120215073574e-03,-9.277015120215073574e-03
1.641640061902292780e-02,1.641640061902292780e-02
1.345940655063482955e-03,1.345940655063482955e-03
1.528058906396170119e-02,1.528058906396170119e-02
1.791071311806480618e-02,1.791071311806480618e-02
9.483544466087453356e-03,9.483544466087453356e-03
3.033153994617988902e-03,3.033153994617988902e-03
7.239093959631973108e-03,7.239093959631973108e-03
9.257199855464970373e-04,9.257199855464970373e-04
2.287349761118535538e-02,2.287349761118535538e-02
1.526052604086054060e-02,1.526052604086054060e-02
-5.125161568686146391e-03,-5.125161568686146391e-03
2.509422715705227763e-02,2.509422715705227763e-02
5.745907768474084465e-03,5.745907768474084465e-03
2.150677883711975269e-02,2.150677883711975269e-02
1.018003740964266296e-02,1.018003740964266296e-02
-2.251129730307961999e-02,-2.251129730307961999e-02
1.236466804380611725e-02,1.236466804380611725e-02
1.139145219180762864e-02,1.139145219180762864e-02
3.309291140092802258e-02,3.309291140092802258e-02
1.443391847554401780e-02,1.443391847554401780e-02
-2.999659281167178088e-03,-2.999659281167178088e-03
1.029792761901562881e-02,1.029792761901562881e-02
9.746966212376213107e-03,9.746966212376213107e-03
1.595155987006958639e-02,1.595155987006958639e-02
4.995749664257456008e-02,4.995749664257456008e-02
1.430387202390862034e-02,1.430387202390862034e-02
2.253272132799152838e-02,2.253272132799152838e-02
1.129169822062676271e-02,1.129169822062676271e-02
-1.122773612673121091e-03,-1.122773612673121091e-03
3.722852020734350453e-02,3.722852020734350453e-02
-5.700781606621768693e-03,-5.700781606621768693e-03
1.783463127428591005e-03,1.783463127428591005e-03
-2.880856927926812860e-04,-2.880856927926812860e-04
1.295301616657423133e-02,1.295301616657423133e-02
1.349748923115335134e-02,1.349748923115335134e-02
1.915392627729021330e-02,1.915392627729021330e-02
3.084396349750929273e-02,3.084396349750929273e-02
-1.347483207756403761e-02,-1.347483207756403761e-02
1.485954414961617939e-02,1.485954414961617939e-02
2.098155809543496286e-02,2.098155809543496286e-02
2.945284509684675811e-02,2.945284509684675811e-02
1.268219501195462506e-02,1.268219501195462506e-02
7.607555178954526764e-03,7.607555178954526764e-03
3.640624203001934650e-02,3.640624203001934650e-02
5.463898379626016405e-03,5.463898379626016405e-03
-5.519997726741651678e-04,-5.519997726741651678e-04
3.317739059169093341e-03,3.317739059169093341e-03
2.678191871747030717e-02,2.678191871747030717e-02
1.191803656718636723e-02,1.191803656718636723e-02
2.311082475605796480e-02,2.311082475605796480e-02
-4.218403633635167682e-03,-4.218403633635167682e-03
1.235274549641827285e-02,1.235274549641827285e-02
2.185530001272551273e-02,2.185530001272551273e-02
5.578025463196734784e-03,5.578025463196734784e-03
3.028490975074676905e-02,3.028490975074676905e-02
-3.592569561333573691e-03,-3.592569561333573691e-03
1.951645518234164031e-02,1.951645518234164031e-02
4.955189924768673565e-03,4.955189924768673565e-03
2.018316342255271900e-03,2.018316342255271900e-03
-6.666708888456055609e-03,-6.666708888456055609e-03
1.996940211058224196e-02,1.996940211058224196e-02
1.742678802826785889e-02,1.742678802826785889e-02
1.371282529537517364e-02,1.371282529537517364e-02
9.935053782995965921e-03,9.935053782995965921e-03
2.433414160563652368e-02,2.433414160563652368e-02
4.483037899515381064e-03,4.483037899515381064e-03
-6.594843366244489136e-04,-6.594843366244489136e-04
2.329663334395791485e-03,2.329663334395791485e-03
3.258284227743629691e-03,3.258284227743629691e-03
9.908400459638030261e-03,9.908400459638030261e-03
2.040512957927055615e-02,2.040512957927055615e-02
2.147752247131706760e-02,2.147752247131706760e-02
1.925628532793243960e-02,1.925628532793243960e-02
2.756258005164686359e-02,2.756258005164686359e-02
-2.640018975016599628e-03,-2.640018975016599628e-03
-1.090049718545086851e-02,-1.090049718545086851e-02
4.226200384331735976e-03,4.226200384331735976e-03
3.353219807208061842e-03,3.353219807208061842e-03
-1.099464880487930479e-02,-1.099464880487930479e-02
2.573163696569132075e-02,2.573163696569132075e-02
1.799490468424118708e-02,1.799490468424118708e-02
-2.457148155517171334e-03,-2.457148155517171334e-03
3.362450959293947911e-02,3.362450959293947911e-02
1.284176427484116922e-02,1.284176427484116922e-02
1.498902998399598979e-02,1.498902998399598979e-02
2.185495944135960877e-02,2.185495944135960877e-02
1.727423393334042226e-02,1.727423393334042226e-02
1.633902914637935799e-02,1.633902914637935799e-02
6.756217153473687009e-03,6.756217153473687009e-03
6.965587054539205264e-03,6.965587054539205264e-03
-2.170761888908218085e-03,-2.170761888908218085e-03
3.129885775113583346e-03,3.129885775113583346e-03
8.556395215702252560e-03,8.556395215702252560e-03
1.752606471810672778e-02,1.752606471810672778e-02
9.942639518825020783e-03,9.942639518825020783e-03
1.399318695179335714e-02,1.399318695179335714e-02
1.297768767583267618e-02,1.297768767583267618e-02
-8.588540139527908734e-03,-8.588540139527908734e-03
2.862600014494533218e-02,2.862600014494533218e-02
2.276872089013961403e-02,2.276872089013961403e-02
-4.258374097802556518e-03,-4.258374097802556518e-03
2.545596559483825211e-02,2.545596559483825211e-02
2.844921732660853075e-02,2.844921732660853075e-02
1.810291883650758799e-02,1.810291883650758799e-02
5.142412031490663227e-03,5.142412031490663227e-03
-4.437009834700064714e-03,-4.437009834700064714e-03
3.053913198281561769e-02,3.053913198281561769e-02
3.808182874679842678e-02,3.808182874679842678e-02
1.375844848437190668e-02,1.375844848437190668e-02
2.301932179070298456e-02,2.301932179070298456e-02
1.232292338457549249e-02,1.232292338457549249e-02
2.789057972552425740e-02,2.789057972552425740e-02
1.541049934627750084e-02,1.541049934627750084e-02
2.426686085736663029e-02,2.426686085736663029e-02
2.012908396040704456e-02,2.012908396040704456e-02
1.060089067884996405e-04,1.060089067884996405e-04
6.766937644454157352e-03,6.766937644454157352e-03
-2.862607693256597613e-03,-2.862607693256597613e-03
3.482992480925595907e-02,3.482992480925595907e-02
7.574366905836009412e-04,7.574366905836009412e-04
1.329625362777358405e-02,1.329625362777358405e-02
2.876493936590719669e-02,2.876493936590719669e-02
6.466370262105006900e-03,6.466370262105006900e-03
5.865392235638609841e-03,5.865392235638609841e-03
2.403809535049924312e-03,2.403809535049924312e-03
1.451642468763876190e-02,1.451642468763876190e-02
3.626586278409827530e-03,3.626586278409827530e-03
1.208115613723019510e-03,1.208115613723019510e-03
-2.061426011980675016e-03,-2.061426011980675016e-03
-5.334896339092599915e-03,-5.334896339092599915e-03
1.431036399717187241e-02,1.431036399717187241e-02
9.689773389981205798e-04,9.689773389981205798e-04
1.432577165443503497e-03,1.432577165443503497e-03
3.804958713693951805e-02,3.804958713693951805e-02
2.770205035587964409e-02,2.770205035587964409e-02
1.016972313098956845e-02,1.016972313098956845e-02
2.689101610839568501e-02,2.689101610839568501e-02
2.281542739906410738e-02,2.281542739906410738e-02
-9.548437847894084701e-03,-9.548437847894084701e-03
2.558629868503809607e-02,2.558629868503809607e-02
3.563017024855723303e-03,3.563017024855723303e-03
6.934865235894462077e-04,6.934865235894462077e-04
6.432959604114482643e-03,6.432959604114482643e-03
1.831632006798126697e-02,1.831632006798126697e-02
4.189351621635919315e-02,4.189351621635919315e-02
2.968339867569021184e-02,2.968339867569021184e-02
3.858335222106572260e-02,3.858335222106572260e-02
1.757548122872824511e-02,1.757548122872824511e-02
1.161141009860739565e-02,1.161141009860739565e-02
1.416060125275995368e-02,1.416060125275995368e-02
1.541267762414630718e-02,1.541267762414630718e-02
2.982280842207127303e-02,2.982280842207127303e-02
1.409404608018083316e-02,1.409404608018083316e-02
1.173772568212261627e-02,1.173772568212261627e-02
1.893034219114575131e-02,1.893034219114575131e-02
-9.238421993490029960e-03,-9.238421993490029960e-03
1.104631919251461425e-02,1.104631919251461425e-02
-9.776721083857159433e-03,-9.776721083857159433e-03
5.825182880500177907e-03,5.825182880500177907e-03
2.990327691256833981e-02,2.990327691256833981e-02
-3.462472236314694668e-03,-3.462472236314694668e-03
1.141151942630469832e-02,1.141151942630469832e-02
-2.102499346003858238e-04,-2.102499346003858238e-04
3.400436278996765704e-02,3.400436278996765704e-02
-7.637259464928151942e-03,-7.637259464928151942e-03
-1.346200498077894728e-02,-1.346200498077894728e-02
-4.684393779803480706e-03,-4.684393779803480706e-03
1.918519897393444751e-03,1.918519897393444751e-03
1.774411655182905889e-02,1.774411655182905889e-02
1.532651884972591194e-02,1.532651884972591194e-02
2.583959792796179655e-03,2.583959792796179655e-03
-3.009191355066019591e-03,-3.009191355066019591e-03
5.422654515310241369e-03,5.422654515310241369e-03
1.361525977363481354e-02,1.361525977363481354e-02
2.016896475932757754e-02,2.016896475932757754e-02
2.020879360114803333e-02,2.020879360114803333e-02
3.240745142543606516e-02,3.240745142543606516e-02
2.843091970649905265e-02,2.843091970649905265e-02
5.305336838509890768e-03,5.305336838509890768e-03
-1.999824684783197901e-02,-1.999824684783197901e-02
1.836638669117550068e-02,1.836638669117550068e-02
1.349365991952372612e-02,1.349365991952372612e-02
-4.773619227560907397e-03,-4.773619227560907397e-03
6.534866674759019778e-03,6.534866674759019778e-03
2.042059003230414782e-03,2.042059003230414782e-03
2.015600378244725849e-02,2.015600378244725849e-02
2.850810549737326643e-02,2.850810549737326643e-02
1.613740822002577083e-02,1.613740822002577083e-02
1.268947138495296265e-02,1.268947138495296265e-02
6.986891592401737322e-03,6.986891592401737322e-03
-7.890025713329671536e-03,-7.890025713329671536e-03
1.556683349473101177e-02,1.556683349473101177e-02
2.496217382988522721e-02,2.496217382988522721e-02
1.037137800047340658e-02,1.037137800047340658e-02
1.698508733776091933e-02,1.698508733776091933e-02
1.507582167954762964e-02,1.507582167954762964e-02
2.556051700366491000e-02,2.556051700366491000e-02
-1.572991713988407605e-02,-1.572991713988407605e-02
-4.255696801946051017e-03,-4.255696801946051017e-03
1.909745314152326567e-02,1.909745314152326567e-02
1.356753797250747490e-02,1.356753797250747490e-02
1.427859544488908200e-02,1.427859544488908200e-02
1.320176553932601166e-02,1.320176553932601166e-02
1.134363536622863544e-03,1.134363536622863544e-03
2.399545316998010977e-02,2.399545316998010977e-02
-1.236108163600285748e-02,-1.236108163600285748e-02
1.312480382218830788e-03,1.312480382218830788e-03
1.343653640203906069e-02,1.343653640203906069e-02
2.902204000095249398e-02,2.902204000095249398e-02
-1.155919811110048614e-02,-1.155919811110048614e-02
3.273685370179530568e-02,3.273685370179530568e-02
-2.726689478131115452e-03,-2.726689478131115452e-03
7.783172821461684793e-03,7.783172821461684793e-03
2.642346763352163702e-02,2.642346763352163702e-02
2.201700421230115556e-02,2.201700421230115556e-02
1.255292567477698726e-02,1.255292567477698726e-02
3.597669980760727360e-02,3.597669980760727360e-02
4.655543369088476630e-03,4.655543369088476630e-03
-5.084464159106599768e-03,-5.084464159106599768e-03
1.223205469494854924e-02,1.223205469494854924e-02
4.871837806518335146e-04,4.871837806518335146e-04
5.044940273078300785e-03,5.044940273078300785e-03
-1.150903401670927417e-03,-1.150903401670927417e-03
2.972970929049531877e-02,2.972970929049531877e-02
1.675469547445689739e-02,1.675469547445689739e-02
1.141757699403420784e-02,1.141757699403420784e-02
2.984116724911733270e-03,2.984116724911733270e-03
-3.318348463346741661e-03,-3.318348463346741661e-03
1.671065206134000891e-02,1.671065206134000891e-02
9.765051557907716839e-04,9.765051557907716839e-04
9.903483201567440941e-03,9.903483201567440941e-03
1.970946619263764382e-02,1.970946619263764382e-02
2.395947606373568031e-02,2.395947606373568031e-02
2.204428330644719533e-02,2.204428330644719533e-02
1.252927032145323416e-02,1.252927032145323416e-02
3.891451672112204718e-02,3.891451672112204718e-02
1.184753597688980101e-02,1.184753597688980101e-02
2.617045005903528149e-02,2.617045005903528149e-02
-5.789919578878109652e-03,-5.789919578878109652e-03
8.932311345704206651e-03,8.932311345704206651e-03
1.172175750999211383e-02,1.172175750999211383e-02
2.484157927646273717e-02,2.484157927646273717e-02
-1.107627408056217205e-03,-1.107627408056217205e-03
2.670496846522708856e-02,2.670496846522708856e-02
1.057379316782311451e-02,1.057379316782311451e-02
6.546077542515123943e-03,6.546077542515123943e-03
5.904029122283369069e-03,5.904029122283369069e-03
2.047192769141842339e-02,2.047192769141842339e-02
-4.858212079297388741e-03,-4.858212079297388741e-03
9.795962850778126840e-03,9.795962850778126840e-03
9.505918287960900270e-03,9.505918287960900270e-03
1.082712604876884602e-02,1.082712604876884602e-02
2.283275345918594004e-02,2.283275345918594004e-02
1.098136263819680242e-02,1.098136263819680242e-02
-3.817333965604081947e-04,-3.817333965604081947e-04
2.641687066115196852e-02,2.641687066115196852e-02
1.929388865179473486e-02,1.929388865179473486e-02
1.398946389779102267e-02,1.398946389779102267e-02
2.688436612192016129e-02,2.688436612192016129e-02
1.898716565284875452e-02,1.898716565284875452e-02
2.613674844811806480e-02,2.613674844811806480e-02
2.187806176575188277e-02,2.187806176575188277e-02
2.177161057827785295e-02,2.177161057827785295e-02
1.775678636439498650e-02,1.775678636439498650e-02
-4.801263693386331050e-03,-4.801263693386331050e-03
-4.722990919198210430e-03,-4.722990919198210430e-03
9.822470028453510194e-03,9.822470028453510194e-03
7.998831512517082243e-03,7.998831512517082243e-03
2.117157731292237249e-02,2.117157731292237249e-02
3.760585021974112430e-02,3.760585021974112430e-02
9.387589839233344280e-03,9.387589839233344280e-03
-2.317975188263765585e-04,-2.317975188263765585e-04
2.262409554295355396e-02,2.262409554295355396e-02
8.277465813047051035e-03,8.277465813047051035e-03
2.298409407077077471e-02,2.298409407077077471e-02
7.799952363230413382e-03,7.799952363230413382e-03
4.545999780275176289e-02,4.545999780275176289e-02
9.899619957302610573e-03,9.899619957302610573e-03
1.186703706422826202e-02,1.186703706422826202e-02
2.793202688004394613e-02,2.793202688004394613e-02
-7.969556781142580343e-03,-7.969556781142580343e-03
3.013579497107348598e-02,3.013579497107348598e-02
1.378271463640680372e-02,1.378271463640680372e-02
5.774373567356029524e-04,5.774373567356029524e-04
6.818782960012509387e-03,6.818782960012509387e-03
1.858148964851580320e-02,1.858148964851580320e-02
2.141393546623287375e-02,2.141393546623287375e-02
3.240210522332523380e-02,3.240210522332523380e-02
7.659862250070301193e-03,7.659862250070301193e-03
4.432658594406765906e-04,4.432658594406765906e-04
6.328668520837698458e-03,6.328668520837698458e-03
2.038568798122178047e-02,2.038568798122178047e-02
3.313099481776773936e-02,3.313099481776773936e-02
5.301468444261901725e-03,5.301468444261901725e-03
-8.945066310762223027e-06,-8.945066310762223027e-06
-3.036764621952903198e-03,-3.036764621952903198e-03
3.789677897127331774e-02,3.789677897127331774e-02
5.704768679063138004e-03,5.704768679063138004e-03
1.867426868234983717e-02,1.867426868234983717e-02
-1.113721751071664393e-02,-1.113721751071664393e-02
-1.843302509725461627e-02,-1.843302509725461627e-02
1.600184879171616045e-02,1.600184879171616045e-02
1.610505394162746462e-02,1.610505394162746462e-02
1.763088155129128448e-02,1.763088155129128448e-02
1.175151949946210556e-02,1.175151949946210556e-02
2.224365457582039296e-02,2.224365457582039296e-02
2.800478126572837970e-02,2.800478126572837970e-02
-2.287769858525315336e-05,-2.287769858525315336e-05
1.582622263910516552e-02,1.582622263910516552e-02
1.195544857510924888e-02,1.195544857510924888e-02
1.901341606428783026e-02,1.901341606428783026e-02
1.178759754833031553e-02,1.178759754833031553e-02
2.262949169309030201e-02,2.262949169309030201e-02
-1.730186820637615031e-03,-1.730186820637615031e-03
1.112787140802040664e-02,1.112787140802040664e-02
1.874077681419546865e-02,1.874077681419546865e-02
1.476500058367983398e-02,1.476500058367983398e-02
3.130067721701657035e-05,3.130067721701657035e-05
-1.832970490361841148e-03,-1.832970490361841148e-03
3.178546952407673709e-02,3.178546952407673709e-02
2.255599692853946930e-02,2.255599692853946930e-02
1.026541912783377267e-02,1.026541912783377267e-02
-5.201210491518972606e-03,-5.201210491518972606e-03
8.248361060262818234e-03,8.248361060262818234e-03
3.915842563628764428e-03,3.915842563628764428e-03
6.507848134536982354e-03,6.507848134536982354e-03
2.867929998480826803e-02,2.867929998480826803e-02
-9.482268839481250433e-03,-9.482268839481250433e-03
8.941202631703139975e-03,8.941202631703139975e-03
3.470237508121604142e-02,3.470237508121604142e-02
1.005980951419762487e-03,1.005980951419762487e-03
6.837882660065644491e-03,6.837882660065644491e-03
-2.411075411183127848e-03,-2.411075411183127848e-03
1.016880707256067468e-03,1.016880707256067468e-03
1.310596084734844818e-02,1.310596084734844818e-02
8.420473293865422815e-03,8.420473293865422815e-03
1.377693226390958731e-02,1.377693226390958731e-02
2.695398678937693804e-02,2.695398678937693804e-02
5.860593500952946538e-03,5.860593500952946538e-03
2.008792479635255687e-02,2.008792479635255687e-02
1.904350404041964262e-02,1.904350404041964262e-02
1.228772379607065077e-02,1.228772379607065077e-02
1.021066437426534912e-02,1.021066437426534912e-02
2.180587676729675572e-02,2.180587676729675572e-02
2.485924368492067535e-02,2.485924368492067535e-02
7.062075631056308894e-03,7.062075631056308894e-03
1.252471675151453634e-03,1.252471675151453634e-03
1.717684216619557586e-02,1.717684216619557586e-02
1.638717676899519721e-02,1.638717676899519721e-02
-1.046050579853203405e-02,-1.046050579853203405e-02
1.489478598317720351e-02,1.489478598317720351e-02
1.722561230053284986e-02,1.722561230053284986e-02
3.291770907816865543e-02,3.291770907816865543e-02
8.127070059270956326e-03,8.127070059270956326e-03
1.178193085960641678e-02,1.178193085960641678e-02
1.865116813871513582e-02,1.865116813871513582e-02
2.994706052111811845e-02,2.994706052111811845e-02
1.746465707882339374e-02,1.746465707882339374e-02
3.298489889606136261e-02,3.298489889606136261e-02
5.720427271889642895e-03,5.720427271889642895e-03
1.976113437412432144e-02,1.976113437412432144e-02
1.450109798043856812e-02,1.450109798043856812e-02
2.367351819135761828e-02,2.367351819135761828e-02
2.045713608239855402e-03,2.045713608239855402e-03
2.974791384386626589e-02,2.974791384386626589e-02
4.934841711172738288e-02,4.934841711172738288e-02
5.065533267924467870e-03,5.065533267924467870e-03
1.467376115790430813e-02,1.467376115790430813e-02
1.656378916708844268e-02,1.656378916708844268e-02
1.792758548101230920e-02,1.792758548101230920e-02
2.972198169862508288e-02,2.972198169862508288e-02
2.156753778305844221e-02,2.156753778305844221e-02
1.139989609246094479e-02,1.139989609246094479e-02
6.385718032445412973e-03,6.385718032445412973e-03
3.213192401886444394e-02,3.213192401886444394e-02
3.050235141855299828e-02,3.050235141855299828e-02
2.008563571560260941e-02,2.008563571560260941e-02
1.070183536274903202e-02,1.070183536274903202e-02
3.888891950787714408e-03,3.888891950787714408e-03
4.479331588312429613e-03,4.479331588312429613e-03
3.314874896600174953e-03,3.314874896600174953e-03
1.257709905376746054e-02,1.257709905376746054e-02
4.134185460180489491e-04,4.134185460180489491e-04
-3.790522619365258028e-03,-3.790522619365258028e-03
5.147476879296605801e-04,5.147476879296605801e-04
-4.597764916341583186e-03,-4.597764916341583186e-03
1.281475167259524955e-02,1.281475167259524955e-02
-1.628184525775989988e-04,-1.628184525775989988e-04
5.636785396669535819e-03,5.636785396669535819e-03
1.837879081162278883e-02,1.837879081162278883e-02
-3.075017367731112256e-03,-3.075017367731112256e-03
1.709555986396189831e-02,1.709555986396189831e-02
2.132209102604428266e-02,2.132209102604428266e-02
3.821932436961130580e-03,3.821932436961130580e-03
-1.029755867269379482e-02,-1.029755867269379482e-02
1.196604599645472583e-03,1.196604599645472583e-03
1.885946475281234658e-02,1.885946475281234658e-02
2.966239708237218553e-02,2.966239708237218553e-02
2.800199381743591343e-03,2.800199381743591343e-03
3.954571547662585895e-03,3.954571547662585895e-03
2.776716933864231684e-02,2.776716933864231684e-02
2.328874498322425907e-02,2.328874498322425907e-02
1.248052176920061429e-03,1.248052176920061429e-03
8.309281898902311919e-03,8.309281898902311919e-03
1.462427259643629338e-02,1.462427259643629338e-02
-6.079343240513797320e-03,-6.079343240513797320e-03
2.590355080167854734e-02,2.590355080167854734e-02
2.995774096314056736e-02,2.995774096314056736e-02
1.695443505865721137e-02,1.695443505865721137e-02
2.564012433350992132e-02,2.564012433350992132e-02
2.191548764489108930e-02,2.191548764489108930e-02
-3.644161964272056575e-02,-3.644161964272056575e-02
3.215321847452410481e-02,3.215321847452410481e-02
-4.679658777740854092e-03,-4.679658777740854092e-03
5.057386185196223460e-03,5.057386185196223460e-03
1.894434071880260473e-02,1.894434071880260473e-02
1.895271623646298254e-03,1.895271623646298254e-03
2.865268245602349551e-02,2.865268245602349551e-02
7.089719380738206123e-03,7.089719380738206123e-03
1.037609044663275609e-02,1.037609044663275609e-02
-3.299787396856785487e-03,-3.299787396856785487e-03
3.543524184052988801e-02,3.543524184052988801e-02
3.935359043898890852e-03,3.935359043898890852e-03
1.519185328497960064e-02,1.519185328497960064e-02
-2.836027873909800073e-03,-2.836027873909800073e-03
-1.690901366855120797e-03,-1.690901366855120797e-03
-6.266761982920338037e-03,-6.266761982920338037e-03
3.143809784122440082e-02,3.143809784122440082e-02
2.198150522331845241e-02,2.198150522331845241e-02
9.618031302688043876e-03,9.618031302688043876e-03
4.400468760982344241e-03,4.400468760982344241e-03
1.446369246039275192e-02,1.446369246039275192e-02
1.569845392979289656e-02,1.569845392979289656e-02
-7.920979498387211576e-03,-7.920979498387211576e-03
1.653869612236935627e-02,1.653869612236935627e-02
1.533960577617034249e-02,1.533960577617034249e-02
2.495503517214359840e-02,2.495503517214359840e-02
2.297009071385011647e-02,2.297009071385011647e-02
3.062944279285477467e-02,3.062944279285477467e-02
1.617163126105220644e-02,1.617163126105220644e-02
2.965791521217570753e-02,2.965791521217570753e-02
4.265857091339166768e-03,4.265857091339166768e-03
1.176270857192360936e-02,1.176270857192360936e-02
8.153169132917133938e-03,8.153169132917133938e-03
2.085916450544801626e-02,2.085916450544801626e-02
1.272239997959226029e-02,1.272239997959226029e-02
1.904908003862446422e-02,1.904908003862446422e-02
1.169542428453322624e-02,1.169542428453322624e-02
1.451358359427184358e-02,1.451358359427184358e-02
2.617336203763938329e-02,2.617336203763938329e-02
1.071119863058646662e-02,1.071119863058646662e-02
-2.123801369757084140e-03,-2.123801369757084140e-03
4.648906106471818733e-03,4.648906106471818733e-03
2.212908234733216087e-02,2.212908234733216087e-02
3.755904967560100977e-02,3.755904967560100977e-02
7.980949819971706188e-03,7.980949819971706188e-03
-1.709121283936165803e-02,-1.709121283936165803e-02
1.485497399294179871e-02,1.485497399294179871e-02
9.739540495434424044e-03,9.739540495434424044e-03
-5.891139016571799586e-03,-5.891139016571799586e-03
2.237966793175243801e-02,2.237966793175243801e-02
1.779082492798631995e-02,1.779082492798631995e-02
-1.761919616388060369e-02,-1.761919616388060369e-02
1.241000019458825612e-02,1.241000019458825612e-02
2.266752960302892764e-02,2.266752960302892764e-02
1.001602269899466019e-02,1.001602269899466019e-02
3.064964972410783028e-02,3.064964972410783028e-02
2.629008104160850123e-02,2.629008104160850123e-02
-6.563422857098450552e-03,-6.563422857098450552e-03
1.346068037105339205e-02,1.346068037105339205e-02
3.474164050795110203e-02,3.474164050795110203e-02
4.165282597964847094e-03,4.165282597964847094e-03
-4.558114997963633869e-03,-4.558114997963633869e-03
2.007150472153892973e-02,2.007150472153892973e-02
1.482533241102196309e-02,1.482533241102196309e-02
1.976299622850249613e-02,1.976299622850249613e-02
9.930976363059267759e-03,9.930976363059267759e-03
5.682883261235976979e-03,5.682883261235976979e-03
3.876613462619867001e-02,3.876613462619867001e-02
2.173152251191598494e-02,2.173152251191598494e-02
2.604050898085943921e-02,2.604050898085943921e-02
6.433615441740758722e-05,6.433615441740758722e-05
1.047877591250245821e-02,1.047877591250245821e-02
-3.637416891650320505e-03,-3.637416891650320505e-03
9.445448902056022278e-03,9.445448902056022278e-03
-1.194148613672302989e-02,-1.194148613672302989e-02
3.487035380148093694e-02,3.487035380148093694e-02
1.548015328320699602e-02,1.548015328320699602e-02
1.778830591227895108e-02,1.778830591227895108e-02
7.588584046258964322e-03,7.588584046258964322e-03
8.660113646990447861e-03,8.660113646990447861e-03
-2.013318109359729657e-03,-2.013318109359729657e-03
2.475964887752655358e-02,2.475964887752655358e-02
3.188800163965652135e-02,3.188800163965652135e-02
7.772094993555946074e-03,7.772094993555946074e-03
1.533601412349550400e-02,1.533601412349550400e-02
1.049851994007409972e-02,1.049851994007409972e-02
-1.362429522413603766e-04,-1.362429522413603766e-04
1.500894325002520915e-02,1.500894325002520915e-02
-9.870392618903621462e-04,-9.870392618903621462e-04
1.692023518567020018e-03,1.692023518567020018e-03
4.127781593036030511e-03,4.127781593036030511e-03
1.657136203212895148e-02,1.657136203212895148e-02
1.912513554408247496e-02,1.912513554408247496e-02
3.063158021518908036e-03,3.063158021518908036e-03
1.223460503744006056e-02,1.223460503744006056e-02
-3.492669285143561869e-03,-3.492669285143561869e-03
2.278473109377228065e-02,2.278473109377228065e-02
6.235079607416555564e-03,6.235079607416555564e-03
3.700049642944822775e-02,3.700049642944822775e-02
1.642022798157638866e-02,1.642022798157638866e-02
3.798445564832734350e-02,3.798445564832734350e-02
-2.737241995041495013e-03,-2.737241995041495013e-03
7.796845271173184766e-03,7.796845271173184766e-03
-1.018030764189529341e-02,-1.018030764189529341e-02
1.444970442794992621e-02,1.444970442794992621e-02
2.040811923647198323e-02,2.040811923647198323e-02
5.226169448867244716e-04,5.226169448867244716e-04
9.990717220913540586e-03,9.990717220913540586e-03
3.922262608098702613e-02,3.922262608098702613e-02
9.033933334498971124e-03,9.033933334498971124e-03
-1.388310286970477828e-02,-1.388310286970477828e-02
2.282881142809988634e-02,2.282881142809988634e-02
2.185693883287373809e-02,2.185693883287373809e-02
2.591513108230850820e-02,2.591513108230850820e-02
1.402997804225290801e-02,1.402997804225290801e-02
1.595326740624029849e-02,1.595326740624029849e-02
1.347619976917647719e-02,1.347619976917647719e-02
-1.427279561391655432e-03,-1.427279561391655432e-03
1.272175003861685666e-02,1.272175003861685666e-02
2.680308622469352448e-02,2.680308622469352448e-02
2.657611902618432081e-02,2.657611902618432081e-02
9.360181249920863922e-04,9.360181249920863922e-04
3.163514179534281101e-02,3.163514179534281101e-02
2.243036487726140019e-02,2.243036487726140019e-02
2.477866359788035572e-02,2.477866359788035572e-02
1.745178295698262758e-02,1.745178295698262758e-02
1.424911091228855259e-02,1.424911091228855259e-02
2.386617588447970464e-02,2.386617588447970464e-02
4.576733485096353554e-02,4.576733485096353554e-02
1.321267721121271305e-03,1.321267721121271305e-03
-1.720398944476606018e-04,-1.720398944476606018e-04
1.192833488095641770e-02,1.192833488095641770e-02
2.669247169100474881e-02,2.669247169100474881e-02
1.192876864964026451e-02,1.192876864964026451e-02
1.075290460410665075e-02,1.075290460410665075e-02
2.480154829536614786e-03,2.480154829536614786e-03
1.267693268360192693e-02,1.267693268360192693e-02
1.628846753765405067e-02,1.628846753765405067e-02
-6.549413953283698964e-04,-6.549413953283698964e-04
1.244470044460044972e-02,1.244470044460044972e-02
2.535154604566918629e-02,2.535154604566918629e-02
1.774956517670695649e-03,1.774956517670695649e-03
-8.093571621448830689e-03,-8.093571621448830689e-03
1.021923681811531467e-02,1.021923681811531467e-02
2.213035787643864369e-02,2.213035787643864369e-02
2.330424072883666847e-02,2.330424072883666847e-02
1.678640220923404563e-02,1.678640220923404563e-02
3.465701649075458163e-03,3.465701649075458163e-03
8.266560966589064918e-03,8.266560966589064918e-03
3.963697770876053322e-02,3.963697770876053322e-02
6.295735480320290706e-03,6.295735480320290706e-03
1.832256723573998103e-02,1.832256723573998103e-02
5.983641217071001411e-03,5.983641217071001411e-03
2.117140669926338703e-02,2.117140669926338703e-02
8.208299741543217953e-05,8.208299741543217953e-05
3.114935063515192337e-02,3.114935063515192337e-02
1.412451619755508009e-02,1.412451619755508009e-02
8.683105203218730028e-03,8.683105203218730028e-03
1.686122118736849487e-02,1.686122118736849487e-02
5.918951333040246843e-03,5.918951333040246843e-03
2.133877660752032945e-02,2.133877660752032945e-02
1.355545070766935728e-02,1.355545070766935728e-02
1.213625027206093054e-02,1.213625027206093054e-02
-7.300136133753590273e-05,-7.300136133753590273e-05
7.196331126309969684e-03,7.196331126309969684e-03
1.696069246922682697e-02,1.696069246922682697e-02
1.610880376431342992e-02,1.610880376431342992e-02
9.949816265550762151e-03,9.949816265550762151e-03
5.390073576932569860e-03,5.390073576932569860e-03
1.523039997864254064e-02,1.523039997864254064e-02
1.945074083947688146e-02,1.945074083947688146e-02
-4.017438921247201700e-03,-4.017438921247201700e-03
2.877779132268630524e-02,2.877779132268630524e-02
-8.316492627053910514e-03,-8.316492627053910514e-03
1.150822676370348227e-02,1.150822676370348227e-02
2.081733638498276320e-02,2.081733638498276320e-02
1.668373464853760424e-02,1.668373464853760424e-02
1.905391392458227751e-02,1.905391392458227751e-02
1.493424540080887097e-02,1.493424540080887097e-02
1.732685602644619405e-02,1.732685602644619405e-02
7.210838590382129265e-04,7.210838590382129265e-04
1.317051346790675675e-02,1.317051346790675675e-02
1.394258809107712382e-02,1.394258809107712382e-02
3.750155019259106270e-03,3.750155019259106270e-03
-8.583800910304674459e-03,-8.583800910304674459e-03
1.905474589947953740e-02,1.905474589947953740e-02
1.624927354826465054e-02,1.624927354826465054e-02
-5.178453521506226620e-03,-5.178453521506226620e-03
-9.664172861045840918e-03,-9.664172861045840918e-03
1.438788206119194502e-02,1.438788206119194502e-02
-1.647258146074210075e-02,-1.647258146074210075e-02
7.468896856880298529e-03,7.468896856880298529e-03
1.774487634636182781e-02,1.774487634636182781e-02
2.031543811095821300e-02,2.031543811095821300e-02
1.806977159471319719e-02,1.806977159471319719e-02
1.853781562794313068e-02,1.853781562794313068e-02
2.540703303819884934e-02,2.540703303819884934e-02
-1.045281935791494282e-02,-1.045281935791494282e-02
2.807684615525310456e-02,2.807684615525310456e-02
1.594076620578321196e-03,1.594076620578321196e-03
1.573954909855702911e-02,1.573954909855702911e-02
1.441132792517078876e-02,1.441132792517078876e-02
-1.314515204631244716e-03,-1.314515204631244716e-03
-2.726920933193035732e-02,-2.726920933193035732e-02
-1.451391806850094515e-02,-1.451391806850094515e-02
6.653137666554030660e-03,6.653137666554030660e-03
1.746263480653386518e-03,1.746263480653386518e-03
1.090049834281874713e-02,1.090049834281874713e-02
2.133674379450211517e-02,2.133674379450211517e-02
1.378699684138211951e-02,1.378699684138211951e-02
-7.740581878354284989e-03,-7.740581878354284989e-03
1.555497544874121646e-02,1.555497544874121646e-02
1.274089915383286656e-02,1.274089915383286656e-02
7.576305352291902440e-03,7.576305352291902440e-03
2.554143115361841992e-02,2.554143115361841992e-02
3.254877312306826004e-03,3.254877312306826004e-03
-4.543788523005708180e-03,-4.543788523005708180e-03
1.194572206056658537e-02,1.194572206056658537e-02
-8.264664294721911497e-03,-8.264664294721911497e-03
3.722812612629335105e-03,3.722812612629335105e-03
2.022648672717709123e-02,2.022648672717709123e-02
1.738089581686894786e-02,1.738089581686894786e-02
1.638024316876006414e-03,1.638024316876006414e-03
-3.080094688229090272e-03,-3.080094688229090272e-03
1.776723822298694605e-02,1.776723822298694605e-02
1.685804048843534894e-02,1.685804048843534894e-02
2.747305380040980516e-02,2.747305380040980516e-02
-2.880414535876507295e-02,-2.880414535876507295e-02
2.368470264994836094e-03,2.368470264994836094e-03
1.054189249613717710e-02,1.054189249613717710e-02
-9.158025364510966743e-03,-9.158025364510966743e-03
1.295267924522994218e-02,1.295267924522994218e-02
3.262382445042270873e-02,3.262382445042270873e-02
1.473038773826558512e-02,1.473038773826558512e-02
4.466154618367620954e-03,4.466154618367620954e-03
2.550276965976343291e-02,2.550276965976343291e-02
-4.525768057914932724e-03,-4.525768057914932724e-03
2.879080455085708534e-02,2.879080455085708534e-02
7.110086389007945484e-03,7.110086389007945484e-03
1.827281121656143537e-02,1.827281121656143537e-02
2.454611931340577868e-02,2.454611931340577868e-02
1.056785400416983961e-02,1.056785400416983961e-02
2.425612295893658441e-02,2.425612295893658441e-02
1.843734540628055515e-02,1.843734540628055515e-02
1.507153952209949743e-02,1.507153952209949743e-02
-2.080277954681807734e-03,-2.080277954681807734e-03
1.916417066303666150e-02,1.916417066303666150e-02
1.792012611068743641e-02,1.792012611068743641e-02
7.729676417246707232e-03,7.729676417246707232e-03
9.896873067335096308e-04,9.896873067335096308e-04
2.138222456885904843e-02,2.138222456885904843e-02
8.335899952134080693e-03,8.335899952134080693e-03
2.470674556332805305e-02,2.470674556332805305e-02
1.131590904064996850e-02,1.131590904064996850e-02
8.538758124748101197e-03,8.538758124748101197e-03
3.770243023364872742e-02,3.770243023364872742e-02
-1.438951308972561197e-02,-1.438951308972561197e-02
9.966064063294588493e-03,9.966064063294588493e-03
9.690443895483333292e-03,9.690443895483333292e-03
-3.213838116152369084e-03,-3.213838116152369084e-03
3.741953887587974592e-02,3.741953887587974592e-02
7.122691569895280711e-03,7.122691569895280711e-03
4.879892071038040291e-03,4.879892071038040291e-03
9.810666036865579170e-03,9.810666036865579170e-03
6.495720619044853539e-03,6.495720619044853539e-03
1.063555549061159788e-02,1.063555549061159788e-02
1.417185315124522976e-02,1.417185315124522976e-02
1.054071733713588324e-02,1.054071733713588324e-02
2.206347267382585686e-02,2.206347267382585686e-02
-2.635954278283031416e-03,-2.635954278283031416e-03
6.573216162354574010e-03,6.573216162354574010e-03
2.033545458296343728e-02,2.033545458296343728e-02
1.647895257260862528e-02,1.647895257260862528e-02
2.247483049630177171e-02,2.247483049630177171e-02
2.814038699484501527e-02,2.814038699484501527e-02
1.144728510935563021e-02,1.144728510935563021e-02
2.547813593167359142e-02,2.547813593167359142e-02
2.451871758284129843e-02,2.451871758284129843e-02
2.170778015288008650e-02,2.170778015288008650e-02
4.086992464698249727e-03,4.086992464698249727e-03
7.761378826606941950e-03,7.761378826606941950e-03
1.323926262397305542e-02,1.323926262397305542e-02
2.538104985688098211e-02,2.538104985688098211e-02
1.634924010451417956e-02,1.634924010451417956e-02
3.126471040587556344e-03,3.126471040587556344e-03
2.857193542893599059e-03,2.857193542893599059e-03
1.584832493554485383e-02,1.584832493554485383e-02
1.730635473138946237e-02,1.730635473138946237e-02
2.005848752714726319e-02,2.005848752714726319e-02
2.088207398049121005e-02,2.088207398049121005e-02
-3.841602303833461379e-03,-3.841602303833461379e-03
1.882225183576627381e-02,1.882225183576627381e-02
2.412166178246773207e-02,2.412166178246773207e-02
-1.492291988368571465e-02,-1.492291988368571465e-02
1.985420145183460633e-02,1.985420145183460633e-02
1.968143474699697235e-02,1.968143474699697235e-02
2.241107935791827876e-02,2.241107935791827876e-02
1.479966513693474831e-02,1.479966513693474831e-02
4.184267638616675361e-03,4.184267638616675361e-03
3.047395540030084504e-03,3.047395540030084504e-03
1.971645243196453942e-02,1.971645243196453942e-02
1.413116390475640388e-02,1.413116390475640388e-02
2.421021992074848250e-03,2.421021992074848250e-03
2.417267469252885881e-02,2.417267469252885881e-02
-7.156538710662060931e-03,-7.156538710662060931e-03
1.642012249128325940e-02,1.642012249128325940e-02
3.100091788774842969e-02,3.100091788774842969e-02
1.703123416568301518e-03,1.703123416568301518e-03
7.328274731197157582e-03,7.328274731197157582e-03
1.510869937481147326e-02,1.510869937481147326e-02
2.702478355444004610e-02,2.702478355444004610e-02
1.829927505358920278e-02,1.829927505358920278e-02
2.074150262186934962e-02,2.074150262186934962e-02
1.018835674064333743e-02,1.018835674064333743e-02
2.723328426938219360e-02,2.723328426938219360e-02
-1.745930711318591233e-02,-1.745930711318591233e-02
1.209907328770190582e-02,1.209907328770190582e-02
3.597479657676048298e-02,3.597479657676048298e-02
1.427253870520312634e-02,1.427253870520312634e-02
-1.227654510528090881e-02,-1.227654510528090881e-02
2.084382707914651800e-02,2.084382707914651800e-02
1.901501668113257659e-02,1.901501668113257659e-02
8.910640432222522583e-03,8.910640432222522583e-03
1.568006274470697126e-02,1.568006274470697126e-02
1.868767387694296803e-02,1.868767387694296803e-02
3.510119902573757833e-03,3.510119902573757833e-03
2.488471165087640519e-03,2.488471165087640519e-03
2.250444899772523211e-02,2.250444899772523211e-02
3.590266517053092993e-02,3.590266517053092993e-02
-2.162995955752179678e-02,-2.162995955752179678e-02
1.542605777886850438e-02,1.542605777886850438e-02
1.078615197616179452e-02,1.078615197616179452e-02
2.085681080305956323e-02,2.085681080305956323e-02
6.502625507495314594e-04,6.502625507495314594e-04
1.775439134071559594e-02,1.775439134071559594e-02
2.042518201698660663e-02,2.042518201698660663e-02
5.223496362535471477e-03,5.223496362535471477e-03
1.597743834472729191e-03,1.597743834472729191e-03
2.383198975927431143e-02,2.383198975927431143e-02
1.587999215787371660e-02,1.587999215787371660e-02
4.205921845912716228e-03,4.205921845912716228e-03
-9.834669218789102163e-03,-9.834669218789102163e-03
3.165740770058662196e-02,3.165740770058662196e-02
1.190576668367889293e-02,1.190576668367889293e-02
2.517016002243500222e-02,2.517016002243500222e-02
-8.350577184117066731e-03,-8.350577184117066731e-03
7.949298876424273907e-03,7.949298876424273907e-03
1.117868271781128839e-02,1.117868271781128839e-02
2.834377005516254197e-02,2.834377005516254197e-02
-1.720091741071294589e-03,-1.720091741071294589e-03
1.917733649297984067e-02,1.917733649297984067e-02
2.447197050205289492e-03,2.447197050205289492e-03
8.064315339376008918e-03,8.064315339376008918e-03
-1.290293828059323883e-02,-1.290293828059323883e-02
2.256213872092270589e-02,2.256213872092270589e-02
2.033128285786477835e-02,2.033128285786477835e-02
1.587528019204337282e-02,1.587528019204337282e-02
1.526280320428881343e-02,1.526280320428881343e-02
-6.536335889633940188e-03,-6.536335889633940188e-03
8.097754297498611226e-03,8.097754297498611226e-03
-6.274519558904713412e-03,-6.274519558904713412e-03
4.079162798381847505e-03,4.079162798381847505e-03
1.023606059652550776e-02,1.023606059652550776e-02
-1.106825768583420341e-02,-1.106825768583420341e-02
1.869272806838286755e-02,1.869272806838286755e-02
3.620743489570327212e-02,3.620743489570327212e-02
-3.949300731101512002e-03,-3.949300731101512002e-03
-3.239372760087077391e-03,-3.239372760087077391e-03
2.280417104272533524e-02,2.280417104272533524e-02
2.800982952323080241e-02,2.800982952323080241e-02
2.006780941013431435e-02,2.006780941013431435e-02
3.149151053506211301e-02,3.149151053506211301e-02
5.420808616695187154e-03,5.420808616695187154e-03
-1.554055111422335267e-03,-1.554055111422335267e-03
1.630237454905926822e-02,1.630237454905926822e-02
2.176496552476568647e-02,2.176496552476568647e-02
2.571427943923796158e-02,2.571427943923796158e-02
3.685014754450956914e-03,3.685014754450956914e-03
2.850947221135875786e-02,2.850947221135875786e-02
2.834354582914899029e-02,2.834354582914899029e-02
1.319778555418484739e-02,1.319778555418484739e-02
2.691849045088042652e-02,2.691849045088042652e-02
2.113160826646699741e-02,2.113160826646699741e-02
-1.112288179352408091e-02,-1.112288179352408091e-02
1.766842425360644342e-02,1.766842425360644342e-02
3.460503959671380747e-03,3.460503959671380747e-03
2.168396800465860474e-02,2.168396800465860474e-02
1.416900830642636722e-04,1.416900830642636722e-04
2.861702450426609201e-02,2.861702450426609201e-02
-1.404141778324092746e-02,-1.404141778324092746e-02
2.627102598639736997e-02,2.627102598639736997e-02
8.611793113959181900e-03,8.611793113959181900e-03
7.843600925664037660e-04,7.843600925664037660e-04
1.583141171530091235e-02,1.583141171530091235e-02
3.984081380455618826e-02,3.984081380455618826e-02
8.541106984741982100e-03,8.541106984741982100e-03
-2.900154483823288998e-04,-2.900154483823288998e-04
5.926325672917800991e-03,5.926325672917800991e-03
8.787148793422176751e-03,8.787148793422176751e-03
7.365235715739781169e-03,7.365235715739781169e-03
4.301785674445526841e-02,4.301785674445526841e-02
1.815478466077255493e-03,1.815478466077255493e-03
1.577080834569285009e-02,1.577080834569285009e-02
-4.337303783805014634e-03,-4.337303783805014634e-03
3.224295810906281645e-03,3.224295810906281645e-03
1.209003091136607450e-02,1.209003091136607450e-02
1.131054496032484966e-02,1.131054496032484966e-02
2.855731662365119244e-02,2.855731662365119244e-02
7.091857416540309211e-04,7.091857416540309211e-04
1.064916957480033927e-02,1.064916957480033927e-02
1.543819861041890312e-02,1.543819861041890312e-02
1.596585324908474796e-02,1.596585324908474796e-02
6.232223003781588166e-03,6.232223003781588166e-03
7.172314798088649801e-03,7.172314798088649801e-03
3.247251302256883715e-02,3.247251302256883715e-02
9.903468030075631562e-03,9.903468030075631562e-03
3.804781612069061542e-02,3.804781612069061542e-02
-2.697647898229876828e-03,-2.697647898229876828e-03
3.968732263333369509e-02,3.968732263333369509e-02
3.790641823815647099e-02,3.790641823815647099e-02
2.147684332424330128e-02,2.147684332424330128e-02
1.064503056923682758e-02,1.064503056923682758e-02
2.634235528062223164e-02,2.634235528062223164e-02
5.708812938184926189e-04,5.708812938184926189e-04
3.766615375263878546e-02,3.766615375263878546e-02
2.142351376164235849e-02,2.142351376164235849e-02
6.290573753194958484e-03,6.290573753194958484e-03
2.497242577966067578e-03,2.497242577966067578e-03
1.448422400393437753e-02,1.448422400393437753e-02
6.817191743440281781e-03,6.817191743440281781e-03
1.306479442413643194e-02,1.306479442413643194e-02
1.686345321283459070e-02,1.686345321283459070e-02
1.469829820813001522e-02,1.469829820813001522e-02
-3.120764915922266680e-04,-3.120764915922266680e-04
1.376767573423285512e-03,1.376767573423285512e-03
2.433104045281508226e-02,2.433104045281508226e-02
-7.756985419265779308e-03,-7.756985419265779308e-03
2.463818001299607208e-02,2.463818001299607208e-02
-1.332765625049044111e-02,-1.332765625049044111e-02
2.550334178395590248e-02,2.550334178395590248e-02
-3.887427812668438343e-04,-3.887427812668438343e-04
5.542029985280468724e-03,5.542029985280468724e-03
1.664795036664155209e-02,1.664795036664155209e-02
8.850594325321842204e-03,8.850594325321842204e-03
5.495190022340105951e-03,5.495190022340105951e-03
1.156090774638348848e-02,1.156090774638348848e-02
2.400840652426677185e-02,2.400840652426677185e-02
1.056280039453171699e-02,1.056280039453171699e-02
6.404971134685334688e-03,6.404971134685334688e-03
7.357300826974985664e-05,7.357300826974985664e-05
5.657566961267929129e-03,5.657566961267929129e-03
1.021716203143844051e-02,1.021716203143844051e-02
1.742664301256341766e-02,1.742664301256341766e-02
2.168359057806850884e-02,2.168359057806850884e-02
1.168848437158123352e-02,1.168848437158123352e-02
1.064394572261280481e-02,1.064394572261280481e-02
3.343401385545832771e-02,3.343401385545832771e-02
3.280336817010991168e-02,3.280336817010991168e-02
3.730831508301390292e-02,3.730831508301390292e-02
4.950702446577449900e-03,4.950702446577449900e-03
3.134564762847055763e-02,3.134564762847055763e-02
7.899189478616685384e-03,7.899189478616685384e-03
-3.987174740321917932e-04,-3.987174740321917932e-04
1.366201610609974609e-02,1.366201610609974609e-02
2.173571280239264963e-02,2.173571280239264963e-02
2.128021768831366012e-02,2.128021768831366012e-02
4.440936667564239493e-03,4.440936667564239493e-03
-3.262116721310104328e-04,-3.262116721310104328e-04
3.718513881862272469e-02,3.718513881862272469e-02
3.071931585181986168e-03,3.071931585181986168e-03
-1.941829239254403566e-03,-1.941829239254403566e-03
-1.354653995835474953e-02,-1.354653995835474953e-02
1.435532428676088157e-02,1.435532428676088157e-02
-9.554512545878020985e-03,-9.554512545878020985e-03
-1.165235073884433870e-03,-1.165235073884433870e-03
-8.611160832529017595e-03,-8.611160832529017595e-03
2.265346270646578786e-02,2.265346270646578786e-02
1.678001435741102720e-02,1.678001435741102720e-02
1.291390810970800829e-02,1.291390810970800829e-02
1.546252647440318068e-02,1.546252647440318068e-02
3.617885781766194686e-05,3.617885781766194686e-05
-8.283794487306379850e-03,-8.283794487306379850e-03
3.478561227317180510e-02,3.478561227317180510e-02
-5.403367302904665825e-03,-5.403367302904665825e-03
2.395988198301817959e-02,2.395988198301817959e-02
1.735768683070668464e-02,1.735768683070668464e-02
-1.131261781182430273e-02,-1.131261781182430273e-02
3.332906028463818865e-02,3.332906028463818865e-02
2.525562421423591455e-02,2.525562421423591455e-02
2.502926986604547821e-02,2.502926986604547821e-02
9.423887200356147187e-03,9.423887200356147187e-03
1.914807053366518463e-02,1.914807053366518463e-02
1.905158125082922344e-02,1.905158125082922344e-02
2.250846158056347968e-02,2.250846158056347968e-02
2.919023561421050378e-02,2.919023561421050378e-02
7.828390724811694346e-03,7.828390724811694346e-03
9.205938568965663094e-03,9.205938568965663094e-03
2.257782612965536853e-02,2.257782612965536853e-02
-2.546486152136678838e-04,-2.546486152136678838e-04
-1.721770128148529533e-02,-1.721770128148529533e-02
1.405272027461371837e-02,1.405272027461371837e-02
2.067271584979940222e-02,2.067271584979940222e-02
8.560139263551615890e-03,8.560139263551615890e-03
8.243224252137137942e-03,8.243224252137137942e-03
3.224979008042770656e-03,3.224979008042770656e-03
1.740829630407692008e-02,1.740829630407692008e-02
2.258347260471092049e-02,2.258347260471092049e-02
9.831906169997163547e-03,9.831906169997163547e-03
1.206063438412861150e-02,1.206063438412861150e-02
1.915750140609226437e-02,1.915750140609226437e-02
