-7.316378364507087895e-01,-7.316378364507087895e-01
-2.519032408634532150e+00,-2.519032408634532150e+00
-1.544730225633389020e+00,-1.544730225633389020e+00
-1.193201871246041962e-01,-1.193201871246041962e-01
2.909196003312394030e+00,2.909196003312394030e+00
2.279590824427890183e+00,2.279590824427890183e+00
8.616036367225577974e-01,8.616036367225577974e-01
2.655211625502658990e+00,2.655211625502658990e+00
-1.594727548513286575e+00,-1.594727548513286575e+00
-1.344594643255753397e+00,-1.344594643255753397e+00
5.351824190888296862e-01,5.351824190888296862e-01
3.362368348938772566e+00,3.362368348938772566e+00
1.754026068783072878e+00,1.754026068783072878e+00
5.270705864440405897e+00,5.270705864440405897e+00
2.789978169156073662e+00,2.789978169156073662e+00
1.274764565890995849e+00,1.274764565890995849e+00
-1.966980711575243013e-01,-1.966980711575243013e-01
1.806789159985249249e+00,1.806789159985249249e+00
2.050653770878266613e+00,2.050653770878266613e+00
7.097876193166701153e-01,7.097876193166701153e-01
2.135077510828099712e+00,2.135077510828099712e+00
2.661149788930182947e+00,2.661149788930182947e+00
1.014325997104383204e+00,1.014325997104383204e+00
8.921016851980717588e-01,8.921016851980717588e-01
1.591137391427200898e-01,1.591137391427200898e-01
1.130377985775029348e+00,1.130377985775029348e+00
-6.174913592867572465e-01,-6.174913592867572465e-01
3.252315531865682674e-01,3.252315531865682674e-01
2.401128961733332290e-01,2.401128961733332290e-01
2.116886860564386463e+00,2.116886860564386463e+00
-1.271735128951332783e+00,-1.271735128951332783e+00
1.037823650548130860e+00,1.037823650548130860e+00
6.045728667643763821e-01,6.045728667643763821e-01
-2.486567212121401915e-01,-2.486567212121401915e-01
1.186785451883413778e+00,1.186785451883413778e+00
-1.989607988638074865e+00,-1.989607988638074865e+00
-4.577701672905981622e-01,-4.577701672905981622e-01
3.043131873651024222e+00,3.043131873651024222e+00
5.970931068437639322e-01,5.970931068437639322e-01
2.414256716350326570e+00,2.414256716350326570e+00
-6.948432544856597559e-01,-6.948432544856597559e-01
-1.000825651958135998e+00,-1.000825651958135998e+00
5.561206613120478481e-02,5.561206613120478481e-02
2.986296383711963820e+00,2.986296383711963820e+00
1.119553874612473798e+00,1.119553874612473798e+00
2.770280666535512193e+00,2.770280666535512193e+00
-1.704440362790358821e+00,-1.704440362790358821e+00
1.245565827838436695e-01,1.245565827838436695e-01
3.733526022021857127e+00,3.733526022021857127e+00
2.789540227450949761e+00,2.789540227450949761e+00
7.876429799787940667e-01,7.876429799787940667e-01
6.105571588075247025e-01,6.105571588075247025e-01
1.697409333131387976e+00,1.697409333131387976e+00
1.458645011090997645e-01,1.458645011090997645e-01
-1.911811763887762305e+00,-1.911811763887762305e+00
1.167031569035096972e+00,1.167031569035096972e+00
3.951758067775068106e+00,3.951758067775068106e+00
9.109112625275619379e-01,9.109112625275619379e-01
-9.266897399036354566e-01,-9.266897399036354566e-01
2.136152028045446905e+00,2.136152028045446905e+00
-2.286048694045332841e+00,-2.286048694045332841e+00
-3.905366709458913954e-01,-3.905366709458913954e-01
4.096161128837356724e-01,4.096161128837356724e-01
-2.202156190253997448e+00,-2.202156190253997448e+00
1.510968458356546584e+00,1.510968458356546584e+00
2.454506780139238842e+00,2.454506780139238842e+00
6.464650550385931949e-01,6.464650550385931949e-01
7.835538508456753037e-01,7.835538508456753037e-01
-8.338967571956227287e-01,-8.338967571956227287e-01
-5.378187581957051266e-01,-5.378187581957051266e-01
1.114630849273370528e+00,1.114630849273370528e+00
3.376185053462683605e-01,3.376185053462683605e-01
1.427196120554190262e-01,1.427196120554190262e-01
-6.290104001889192942e-01,-6.290104001889192942e-01
1.908272094908753491e+00,1.908272094908753491e+00
2.230623439996959334e+00,2.230623439996959334e+00
-1.253047303286635716e-01,-1.253047303286635716e-01
2.537802480957397355e-01,2.537802480957397355e-01
1.185408157925659650e-01,1.185408157925659650e-01
-1.526855852442025485e+00,-1.526855852442025485e+00
4.041667144032565911e-02,4.041667144032565911e-02
8.314197651455250693e-01,8.314197651455250693e-01
2.026721033923034820e+00,2.026721033923034820e+00
-7.214640013922849482e-01,-7.214640013922849482e-01
2.430049927337214477e+00,2.430049927337214477e+00
4.814624772270135189e-01,4.814624772270135189e-01
1.625917943161152124e+00,1.625917943161152124e+00
1.421720955103398687e+00,1.421720955103398687e+00
2.869701763587536369e+00,2.869701763587536369e+00
3.091844646656065621e-01,3.091844646656065621e-01
1.487693529307316798e-01,1.487693529307316798e-01
-1.707991766186200522e+00,-1.707991766186200522e+00
9.107921348596930144e-01,9.107921348596930144e-01
-7.152175988030505804e-01,-7.152175988030505804e-01
-1.338246629218438066e+00,-1.338246629218438066e+00
1.739281089382969991e+00,1.739281089382969991e+00
1.015429790557342615e+00,1.015429790557342615e+00
-7.395283675128191403e-01,-7.395283675128191403e-01
-6.800610780054386906e-01,-6.800610780054386906e-01
7.322549753192542088e-02,7.322549753192542088e-02
1.035875342053363402e-01,1.035875342053363402e-01
-6.839181564258967061e-01,-6.839181564258967061e-01
1.658579975475244161e+00,1.658579975475244161e+00
3.604950810163844444e-01,3.604950810163844444e-01
1.167633813544876720e+00,1.167633813544876720e+00
3.748316343487030800e+00,3.748316343487030800e+00
5.598273486058195081e-01,5.598273486058195081e-01
6.520529807835452607e-02,6.520529807835452607e-02
-1.140756517095236289e+00,-1.140756517095236289e+00
-1.089022528006692969e+00,-1.089022528006692969e+00
4.983117678458406918e-01,4.983117678458406918e-01
1.343148155856318748e+00,1.343148155856318748e+00
-2.701784994772448711e-01,-2.701784994772448711e-01
1.543008887595110235e+00,1.543008887595110235e+00
-1.608055579981267691e+00,-1.608055579981267691e+00
2.323244208786483522e-01,2.323244208786483522e-01
8.367099915107938379e-01,8.367099915107938379e-01
1.954286665286269598e+00,1.954286665286269598e+00
-2.022936283620359710e+00,-2.022936283620359710e+00
6.521964050444770677e-01,6.521964050444770677e-01
-1.428392389978125676e+00,-1.428392389978125676e+00
-3.176453131814006015e-01,-3.176453131814006015e-01
-5.021444723774786123e-01,-5.021444723774786123e-01
1.516882390438487604e+00,1.516882390438487604e+00
7.214779750675939241e-01,7.214779750675939241e-01
2.857002294342293247e+00,2.857002294342293247e+00
2.066082782359377479e+00,2.066082782359377479e+00
3.606782447483530829e-01,3.606782447483530829e-01
1.475462037885996391e+00,1.475462037885996391e+00
-4.259571453558701482e-01,-4.259571453558701482e-01
6.326729981639220846e-01,6.326729981639220846e-01
6.171844992009177799e-01,6.171844992009177799e-01
-1.586759796360024621e+00,-1.586759796360024621e+00
9.345498486015979545e-01,9.345498486015979545e-01
2.847796914915000643e-01,2.847796914915000643e-01
2.680022266481362436e+00,2.680022266481362436e+00
-2.166737038163001117e+00,-2.166737038163001117e+00
-9.841403022838419723e-01,-9.841403022838419723e-01
1.036144321226563525e+00,1.036144321226563525e+00
1.222546627143792364e+00,1.222546627143792364e+00
1.015333337459522145e+00,1.015333337459522145e+00
8.007586068811979318e-01,8.007586068811979318e-01
5.781425727363820322e-02,5.781425727363820322e-02
2.353403422040527548e+00,2.353403422040527548e+00
-2.751099115896740610e+00,-2.751099115896740610e+00
9.895596339322034751e-01,9.895596339322034751e-01
1.285745502792691841e+00,1.285745502792691841e+00
6.454998067310711019e-01,6.454998067310711019e-01
2.698539928466232585e+00,2.698539928466232585e+00
-5.179160420621981009e-01,-5.179160420621981009e-01
1.508918502265914618e+00,1.508918502265914618e+00
1.619948331787497420e-01,1.619948331787497420e-01
5.628983626853127920e-01,5.628983626853127920e-01
3.639362856311469940e+00,3.639362856311469940e+00
2.809822091039919201e+00,2.809822091039919201e+00
6.280044415814898251e-01,6.280044415814898251e-01
1.035098098791728871e+00,1.035098098791728871e+00
-1.079111719430835059e+00,-1.079111719430835059e+00
-1.178766779540217691e+00,-1.178766779540217691e+00
-3.325014263435078221e-01,-3.325014263435078221e-01
1.649832195562269677e+00,1.649832195562269677e+00
-1.072998601858715428e+00,-1.072998601858715428e+00
7.684086064301481889e-01,7.684086064301481889e-01
-1.407193134741780094e+00,-1.407193134741780094e+00
-4.837446360632046138e-01,-4.837446360632046138e-01
-1.147684025405263375e-01,-1.147684025405263375e-01
-2.936258989733266100e-02,-2.936258989733266100e-02
1.053942476651614085e-02,1.053942476651614085e-02
-7.948864157435524547e-01,-7.948864157435524547e-01
-7.112713006185533704e-01,-7.112713006185533704e-01
1.675315148322485514e+00,1.675315148322485514e+00
2.094541576996296950e+00,2.094541576996296950e+00
-1.060036681335949638e+00,-1.060036681335949638e+00
7.672374498705366586e-01,7.672374498705366586e-01
3.853039866767619670e-01,3.853039866767619670e-01
3.390030333022788223e-01,3.390030333022788223e-01
2.318293307665751257e+00,2.318293307665751257e+00
2.368087491065616335e-01,2.368087491065616335e-01
-2.701263865117058960e-01,-2.701263865117058960e-01
-4.502243040980551392e-01,-4.502243040980551392e-01
-6.465169599790192290e-02,-6.465169599790192290e-02
2.520910897667500983e+00,2.520910897667500983e+00
1.582911711028193835e+00,1.582911711028193835e+00
2.468947026080915652e+00,2.468947026080915652e+00
-3.024848254006278658e+00,-3.024848254006278658e+00
-7.945416404459056947e-01,-7.945416404459056947e-01
2.106888517279161821e+00,2.106888517279161821e+00
1.786713980349002195e+00,1.786713980349002195e+00
-7.444839461537686720e-01,-7.444839461537686720e-01
1.997198486655928695e+00,1.997198486655928695e+00
1.898286789555146292e+00,1.898286789555146292e+00
1.649140196366616795e+00,1.649140196366616795e+00
4.214266469896586820e+00,4.214266469896586820e+00
-9.229786312545962268e-01,-9.229786312545962268e-01
-8.091178074425109390e-01,-8.091178074425109390e-01
-6.693531030355545641e-02,-6.693531030355545641e-02
8.354950232362641227e-01,8.354950232362641227e-01
7.510088632742341064e-01,7.510088632742341064e-01
7.977500522020661844e-01,7.977500522020661844e-01
1.117686129716611854e+00,1.117686129716611854e+00
2.452246522913721360e+00,2.452246522913721360e+00
-1.928442062657967637e-01,-1.928442062657967637e-01
3.359206231395979625e+00,3.359206231395979625e+00
1.177279331280544961e+00,1.177279331280544961e+00
1.207168265719805511e+00,1.207168265719805511e+00
-6.198321346247397390e-01,-6.198321346247397390e-01
-2.732496895250016156e-01,-2.732496895250016156e-01
-2.294888232375853931e+00,-2.294888232375853931e+00
5.805861656329495274e-02,5.805861656329495274e-02
-3.103443424390689653e+00,-3.103443424390689653e+00
8.096001574207475349e-01,8.096001574207475349e-01
1.080762796870967213e+00,1.080762796870967213e+00
1.443084961063657357e+00,1.443084961063657357e+00
-9.679653316718386247e-01,-9.679653316718386247e-01
3.270744365451615510e-01,3.270744365451615510e-01
-9.357824635772682420e-01,-9.357824635772682420e-01
1.746178444249746331e+00,1.746178444249746331e+00
-1.409071088089722812e+00,-1.409071088089722812e+00
1.530392478508349807e+00,1.530392478508349807e+00
-1.822873929504624790e+00,-1.822873929504624790e+00
-7.210365164496637114e-01,-7.210365164496637114e-01
2.785991483880360775e+00,2.785991483880360775e+00
3.752915842235192145e-01,3.752915842235192145e-01
-1.562137079045586407e+00,-1.562137079045586407e+00
-1.504874505286167397e+00,-1.504874505286167397e+00
-1.569391216469650852e+00,-1.569391216469650852e+00
1.049939288221920064e+00,1.049939288221920064e+00
-5.460429115269609390e-01,-5.460429115269609390e-01
1.716867218562875719e+00,1.716867218562875719e+00
-2.658691461300870973e+00,-2.658691461300870973e+00
2.142171478150360020e+00,2.142171478150360020e+00
-1.878106173347645402e+00,-1.878106173347645402e+00
2.432753069509352439e+00,2.432753069509352439e+00
2.150565059701929016e+00,2.150565059701929016e+00
1.600927117357270779e+00,1.600927117357270779e+00
-1.431570125749771494e-01,-1.431570125749771494e-01
4.243618865469903079e-01,4.243618865469903079e-01
1.223271613684933312e+00,1.223271613684933312e+00
1.587440827902785845e+00,1.587440827902785845e+00
-1.499920676420693599e+00,-1.499920676420693599e+00
6.764004840264987717e-01,6.764004840264987717e-01
-2.187072039955682001e+00,-2.187072039955682001e+00
2.319073216397556092e-02,2.319073216397556092e-02
1.523764615819877433e+00,1.523764615819877433e+00
1.049489582312990721e-01,1.049489582312990721e-01
9.204896682129918295e-01,9.204896682129918295e-01
-1.527104615015892064e-01,-1.527104615015892064e-01
1.422955638709378245e+00,1.422955638709378245e+00
-7.412872895528810346e-01,-7.412872895528810346e-01
2.140321480980820201e-01,2.140321480980820201e-01
-1.068244351373811796e+00,-1.068244351373811796e+00
6.819400838941044318e-01,6.819400838941044318e-01
1.799088727698725965e+00,1.799088727698725965e+00
1.595374387718176079e+00,1.595374387718176079e+00
2.826688530580615671e-02,2.826688530580615671e-02
9.888179978070302245e-02,9.888179978070302245e-02
-4.056874142702369124e-01,-4.056874142702369124e-01
1.424698072634636326e+00,1.424698072634636326e+00
-1.548236993031182118e+00,-1.548236993031182118e+00
-9.466158179009453999e-01,-9.466158179009453999e-01
-1.883793713460165664e+00,-1.883793713460165664e+00
-1.652570015988611696e-01,-1.652570015988611696e-01
6.287355549512466668e-01,6.287355549512466668e-01
-9.077029179556872496e-02,-9.077029179556872496e-02
1.796594170119313993e+00,1.796594170119313993e+00
2.565072535197602033e+00,2.565072535197602033e+00
2.111147281989577351e+00,2.111147281989577351e+00
1.473755732563464482e+00,1.473755732563464482e+00
-5.484995985913728583e-02,-5.484995985913728583e-02
-1.310085168403449574e+00,-1.310085168403449574e+00
6.952248721868558023e-01,6.952248721868558023e-01
1.454018505658852822e-01,1.454018505658852822e-01
-2.099332277882379305e+00,-2.099332277882379305e+00
-4.986303686268676039e-01,-4.986303686268676039e-01
6.835127575100488073e-01,6.835127575100488073e-01
1.411998269839472409e+00,1.411998269839472409e+00
1.784803104508787985e+00,1.784803104508787985e+00
8.472852616776295198e-01,8.472852616776295198e-01
-3.049698529327847796e-01,-3.049698529327847796e-01
-1.151603580341445943e+00,-1.151603580341445943e+00
2.467947349202928020e+00,2.467947349202928020e+00
1.638156402038629667e+00,1.638156402038629667e+00
-1.063620720447261414e-01,-1.063620720447261414e-01
-8.165982344356019496e-02,-8.165982344356019496e-02
1.811105941741098846e+00,1.811105941741098846e+00
-2.314883569301980693e+00,-2.314883569301980693e+00
2.228477814094297071e-02,2.228477814094297071e-02
-2.299284954667977776e-01,-2.299284954667977776e-01
-1.408953433961436241e+00,-1.408953433961436241e+00
-2.448769122479483862e+00,-2.448769122479483862e+00
-2.736956057668318287e-01,-2.736956057668318287e-01
1.183755851133989401e+00,1.183755851133989401e+00
-6.701122209767607085e-01,-6.701122209767607085e-01
-1.704493885656598873e-01,-1.704493885656598873e-01
1.423655858972736388e+00,1.423655858972736388e+00
-1.246007741179910866e-01,-1.246007741179910866e-01
9.179329046190246588e-01,9.179329046190246588e-01
3.815958054308991598e-01,3.815958054308991598e-01
1.364000376906522316e+00,1.364000376906522316e+00
1.439672834235242727e-01,1.439672834235242727e-01
2.015804708649130972e-01,2.015804708649130972e-01
-2.253050666928770429e+00,-2.253050666928770429e+00
1.134747823282822310e+00,1.134747823282822310e+00
1.257707646923515776e+00,1.257707646923515776e+00
1.326462324154762396e+00,1.326462324154762396e+00
-1.892909158235568157e+00,-1.892909158235568157e+00
-3.124060530650978329e+00,-3.124060530650978329e+00
2.169080186139029198e+00,2.169080186139029198e+00
-1.300401427636105334e+00,-1.300401427636105334e+00
9.046646239808033840e-01,9.046646239808033840e-01
-2.369562934238563567e+00,-2.369562934238563567e+00
3.259884284583650649e-01,3.259884284583650649e-01
7.836955142824684195e-01,7.836955142824684195e-01
3.544050060775825184e+00,3.544050060775825184e+00
-1.445100536832022886e+00,-1.445100536832022886e+00
1.592711967302822273e+00,1.592711967302822273e+00
2.321068273897454848e+00,2.321068273897454848e+00
-3.428293531397280880e+00,-3.428293531397280880e+00
2.891695235650227236e+00,2.891695235650227236e+00
2.585254976754959522e+00,2.585254976754959522e+00
7.992573317672863054e-02,7.992573317672863054e-02
5.926412191675843877e-01,5.926412191675843877e-01
6.777239691151968337e-01,6.777239691151968337e-01
1.741302993436408819e+00,1.741302993436408819e+00
2.095490288550172497e+00,2.095490288550172497e+00
6.709579688303402012e-01,6.709579688303402012e-01
1.604247863147957087e+00,1.604247863147957087e+00
3.059338303503446266e+00,3.059338303503446266e+00
8.190824159145144723e-01,8.190824159145144723e-01
-8.999959223986281343e-02,-8.999959223986281343e-02
4.309168496206032817e-01,4.309168496206032817e-01
-4.251589031074211045e-01,-4.251589031074211045e-01
-1.151653182355109717e+00,-1.151653182355109717e+00
-2.813466836360453804e+00,-2.813466836360453804e+00
1.010763861638218408e+00,1.010763861638218408e+00
-9.168217327483990653e-02,-9.168217327483990653e-02
1.241910086195260332e-01,1.241910086195260332e-01
1.460024261191831929e+00,1.460024261191831929e+00
-1.531466492655188194e+00,-1.531466492655188194e+00
1.340842976195407932e+00,1.340842976195407932e+00
1.392542819204556137e+00,1.392542819204556137e+00
9.304079657131807402e-01,9.304079657131807402e-01
1.011234439882062963e+00,1.011234439882062963e+00
8.481723951574694498e-01,8.481723951574694498e-01
1.908900088938307316e-01,1.908900088938307316e-01
2.480348685729636404e+00,2.480348685729636404e+00
-2.608566352217281281e+00,-2.608566352217281281e+00
-1.542604211003792747e+00,-1.542604211003792747e+00
4.015435457545859066e+00,4.015435457545859066e+00
1.071459052539188272e+00,1.071459052539188272e+00
-3.210235242056384219e+00,-3.210235242056384219e+00
2.059743054919176863e+00,2.059743054919176863e+00
1.278598923996371095e+00,1.278598923996371095e+00
-1.542669541988714865e+00,-1.542669541988714865e+00
-1.295366975110681995e+00,-1.295366975110681995e+00
9.974148883984897129e-02,9.974148883984897129e-02
1.448329902788178858e+00,1.448329902788178858e+00
-3.967432927612850047e-01,-3.967432927612850047e-01
1.568688842246650283e+00,1.568688842246650283e+00
2.222576217542021837e+00,2.222576217542021837e+00
8.898899210584499953e-01,8.898899210584499953e-01
3.004784847653716451e+00,3.004784847653716451e+00
-5.365072974527880234e+00,-5.365072974527880234e+00
3.294852775555665136e+00,3.294852775555665136e+00
1.491148484288148612e+00,1.491148484288148612e+00
-7.485949653330340459e-01,-7.485949653330340459e-01
-2.407653243583106839e+00,-2.407653243583106839e+00
1.797863884884167929e+00,1.797863884884167929e+00
-1.065629830180251508e-02,-1.065629830180251508e-02
-6.364706617991078286e-01,-6.364706617991078286e-01
-3.634959714707761691e-01,-3.634959714707761691e-01
1.067046010422129099e-01,1.067046010422129099e-01
6.427056823260022256e-01,6.427056823260022256e-01
1.440710386815244881e-01,1.440710386815244881e-01
1.023882890777231935e+00,1.023882890777231935e+00
-7.042879052220214486e-01,-7.042879052220214486e-01
5.308696544602653500e-01,5.308696544602653500e-01
1.875974595799462907e+00,1.875974595799462907e+00
-2.149197517050122741e+00,-2.149197517050122741e+00
-7.502007135840879082e-01,-7.502007135840879082e-01
-1.555591104633593291e+00,-1.555591104633593291e+00
6.259230720151538474e-01,6.259230720151538474e-01
6.883039637612845540e-01,6.883039637612845540e-01
1.442951402492243407e+00,1.442951402492243407e+00
1.725926363061259128e+00,1.725926363061259128e+00
1.417981573139350138e+00,1.417981573139350138e+00
-2.018256174164428263e+00,-2.018256174164428263e+00
5.075323171087935403e-01,5.075323171087935403e-01
2.908616655824610153e-01,2.908616655824610153e-01
2.452859613884252887e+00,2.452859613884252887e+00
-2.705549825189870750e-01,-2.705549825189870750e-01
9.421319646447167129e-01,9.421319646447167129e-01
1.124822430295816078e+00,1.124822430295816078e+00
4.246467341334169143e-01,4.246467341334169143e-01
3.187484526039279231e+00,3.187484526039279231e+00
1.061469469334128002e+00,1.061469469334128002e+00
2.106028486588347626e+00,2.106028486588347626e+00
-6.335543726900090267e-01,-6.335543726900090267e-01
-1.809294520919913829e+00,-1.809294520919913829e+00
3.450819495028198958e-01,3.450819495028198958e-01
-6.107995304301550021e-01,-6.107995304301550021e-01
4.395922607934238391e-02,4.395922607934238391e-02
3.163037334852664806e+00,3.163037334852664806e+00
7.647709299143143347e-02,7.647709299143143347e-02
2.952082271692858528e-01,2.952082271692858528e-01
7.323674249859616348e-01,7.323674249859616348e-01
4.158973288418996717e-01,4.158973288418996717e-01
-5.457537815557468308e-01,-5.457537815557468308e-01
2.099392652340927867e+00,2.099392652340927867e+00
4.945855198020807086e-01,4.945855198020807086e-01
1.451961882070956111e+00,1.451961882070956111e+00
-3.833983055325838052e-01,-3.833983055325838052e-01
1.793107102383821871e+00,1.793107102383821871e+00
-7.067740753040620272e-02,-7.067740753040620272e-02
9.695123958725032631e-01,9.695123958725032631e-01
-3.952710281695895889e-01,-3.952710281695895889e-01
8.531520639743503942e-01,8.531520639743503942e-01
2.160720005734044769e+00,2.160720005734044769e+00
2.517282377089482548e+00,2.517282377089482548e+00
1.634439898435587901e+00,1.634439898435587901e+00
-1.891797296858865884e-01,-1.891797296858865884e-01
-2.149437450788402426e+00,-2.149437450788402426e+00
-6.796411769792101154e-01,-6.796411769792101154e-01
-9.673003781525589539e-02,-9.673003781525589539e-02
1.455968204431322022e+00,1.455968204431322022e+00
1.141262334604127515e+00,1.141262334604127515e+00
-4.818306758365542564e-01,-4.818306758365542564e-01
2.338498536758197854e+00,2.338498536758197854e+00
1.909704078797840321e+00,1.909704078797840321e+00
2.813889969985702955e+00,2.813889969985702955e+00
-1.900817409644560696e-01,-1.900817409644560696e-01
2.380298144838626229e+00,2.380298144838626229e+00
-6.533881755801701496e-01,-6.533881755801701496e-01
1.175297484487380473e+00,1.175297484487380473e+00
2.952912410918902886e+00,2.952912410918902886e+00
-5.802641377758288588e-02,-5.802641377758288588e-02
3.334561473708193002e-01,3.334561473708193002e-01
1.324034504180329475e-01,1.324034504180329475e-01
9.692789103060048816e-01,9.692789103060048816e-01
8.531037688709699474e-01,8.531037688709699474e-01
1.833021610293739390e-01,1.833021610293739390e-01
6.384457622714178049e-01,6.384457622714178049e-01
-3.510860218434891378e-01,-3.510860218434891378e-01
-1.170353709792389951e+00,-1.170353709792389951e+00
6.515366243942364299e-01,6.515366243942364299e-01
5.332974027662738814e-02,5.332974027662738814e-02
5.611707937346518404e-01,5.611707937346518404e-01
1.535861209968706897e-01,1.535861209968706897e-01
3.480732192169729622e+00,3.480732192169729622e+00
2.660855773144525038e+00,2.660855773144525038e+00
-4.468530208069494969e-01,-4.468530208069494969e-01
1.627091240680518247e+00,1.627091240680518247e+00
-1.121721559238332722e+00,-1.121721559238332722e+00
4.614126874852211291e-01,4.614126874852211291e-01
-2.734937434994184180e+00,-2.734937434994184180e+00
-1.080004446999647927e+00,-1.080004446999647927e+00
8.546327389348274961e-01,8.546327389348274961e-01
-1.764313973736596042e+00,-1.764313973736596042e+00
-1.937911958913776544e+00,-1.937911958913776544e+00
1.661066853726568260e+00,1.661066853726568260e+00
-1.520067610403955105e-02,-1.520067610403955105e-02
-6.701355260229129307e-01,-6.701355260229129307e-01
3.759898671192066777e-01,3.759898671192066777e-01
-8.547844151531224233e-01,-8.547844151531224233e-01
2.525547752817315139e+00,2.525547752817315139e+00
2.040748124890946702e+00,2.040748124890946702e+00
-1.201746962138066532e+00,-1.201746962138066532e+00
-1.428344111352406187e-01,-1.428344111352406187e-01
-6.497225023372377173e-01,-6.497225023372377173e-01
-5.148972029362255398e-01,-5.148972029362255398e-01
1.492256461990002947e+00,1.492256461990002947e+00
2.819834716547638398e-01,2.819834716547638398e-01
1.431118946578705531e+00,1.431118946578705531e+00
-1.919671553299840738e+00,-1.919671553299840738e+00
3.150404729658995429e+00,3.150404729658995429e+00
3.850844765059661112e-01,3.850844765059661112e-01
7.213037262002294225e-01,7.213037262002294225e-01
1.301312952001830059e+00,1.301312952001830059e+00
5.296042189712995008e-01,5.296042189712995008e-01
1.052398896287282781e+00,1.052398896287282781e+00
8.436548648123518568e-01,8.436548648123518568e-01
1.123786267764038449e+00,1.123786267764038449e+00
-1.433536489617750487e+00,-1.433536489617750487e+00
-2.993370653344928911e-01,-2.993370653344928911e-01
1.898771050383731618e+00,1.898771050383731618e+00
1.173030032016362023e+00,1.173030032016362023e+00
-8.038802821689046141e-01,-8.038802821689046141e-01
3.493045462163578030e+00,3.493045462163578030e+00
2.713425445102005007e+00,2.713425445102005007e+00
9.970647825370193562e-01,9.970647825370193562e-01
4.352526489703311685e-01,4.352526489703311685e-01
-1.254008962710476460e+00,-1.254008962710476460e+00
9.298307692667695523e-01,9.298307692667695523e-01
-1.273718040993679024e+00,-1.273718040993679024e+00
-1.375714478279927766e+00,-1.375714478279927766e+00
-1.983676963040924779e+00,-1.983676963040924779e+00
1.599389933511096151e+00,1.599389933511096151e+00
-1.355073332638724315e+00,-1.355073332638724315e+00
2.068177517480452199e+00,2.068177517480452199e+00
8.952426125419020719e-01,8.952426125419020719e-01
1.035497928931564005e+00,1.035497928931564005e+00
-1.906708903342155592e+00,-1.906708903342155592e+00
-1.492760380846194779e-01,-1.492760380846194779e-01
3.547995930600365000e-01,3.547995930600365000e-01
2.452138539966728370e-01,2.452138539966728370e-01
4.563646477550118430e-01,4.563646477550118430e-01
-3.647274136357805951e-01,-3.647274136357805951e-01
1.844123512739663129e+00,1.844123512739663129e+00
-1.914945452099719336e+00,-1.914945452099719336e+00
-1.050067304598536477e+00,-1.050067304598536477e+00
-1.418250076045446118e-01,-1.418250076045446118e-01
-1.154071127262760843e+00,-1.154071127262760843e+00
-2.954425060996868635e-01,-2.954425060996868635e-01
2.066214455462723476e-01,2.066214455462723476e-01
-1.441257900638853728e+00,-1.441257900638853728e+00
-2.807762305238975298e+00,-2.807762305238975298e+00
-4.418697945316910625e-01,-4.418697945316910625e-01
6.243551676947669549e-01,6.243551676947669549e-01
5.090036334079626190e-01,5.090036334079626190e-01
1.721924857837550782e+00,1.721924857837550782e+00
1.674844923156714183e+00,1.674844923156714183e+00
-5.290804534646140755e-01,-5.290804534646140755e-01
-1.207331357237353187e+00,-1.207331357237353187e+00
-9.472408048189173702e-01,-9.472408048189173702e-01
2.596654808280456805e+00,2.596654808280456805e+00
-5.781541187265777371e-01,-5.781541187265777371e-01
-2.516097420493906167e+00,-2.516097420493906167e+00
5.047648104323416707e-01,5.047648104323416707e-01
-1.710098714953688370e+00,-1.710098714953688370e+00
2.598650927690311363e-01,2.598650927690311363e-01
-1.985698252831455402e-02,-1.985698252831455402e-02
6.308731261816619140e-01,6.308731261816619140e-01
3.617317740471165943e-01,3.617317740471165943e-01
-1.746734940344422338e+00,-1.746734940344422338e+00
1.746133774469785793e+00,1.746133774469785793e+00
-8.082311181200884098e-01,-8.082311181200884098e-01
3.313447884229991924e-02,3.313447884229991924e-02
6.685524068937023223e-01,6.685524068937023223e-01
-1.105963858184645598e+00,-1.105963858184645598e+00
2.412746728447141997e+00,2.412746728447141997e+00
-3.055995133684304421e-01,-3.055995133684304421e-01
1.525699514858712247e+00,1.525699514858712247e+00
9.474077251510313324e-01,9.474077251510313324e-01
-1.024424987404226828e+00,-1.024424987404226828e+00
-3.419868350548269653e-01,-3.419868350548269653e-01
-9.715197125364878339e-01,-9.715197125364878339e-01
1.257261869095535278e+00,1.257261869095535278e+00
-7.942556499730023256e-02,-7.942556499730023256e-02
-1.102388866771161657e+00,-1.102388866771161657e+00
3.286992919470391517e+00,3.286992919470391517e+00
7.718233145555923880e-01,7.718233145555923880e-01
1.455471178837628221e+00,1.455471178837628221e+00
-7.140502639171833477e-02,-7.140502639171833477e-02
3.562327704056170719e-01,3.562327704056170719e-01
1.582213806651084465e+00,1.582213806651084465e+00
1.591066822480595278e+00,1.591066822480595278e+00
-1.474760264572275714e-01,-1.474760264572275714e-01
9.650674853184685320e-01,9.650674853184685320e-01
3.439574200411950056e+00,3.439574200411950056e+00
1.822189271397552102e-02,1.822189271397552102e-02
-5.998412550641301078e-01,-5.998412550641301078e-01
-7.742414215205045691e-02,-7.742414215205045691e-02
1.629912363820646082e+00,1.629912363820646082e+00
-8.898513418728802860e-01,-8.898513418728802860e-01
2.639155132646372692e+00,2.639155132646372692e+00
-1.998964523904661394e+00,-1.998964523904661394e+00
-3.586700715671638395e+00,-3.586700715671638395e+00
-9.899173132809732656e-02,-9.899173132809732656e-02
1.091337729683737212e+00,1.091337729683737212e+00
9.693529759498322740e-01,9.693529759498322740e-01
2.604166920487125392e+00,2.604166920487125392e+00
2.668504210671338139e+00,2.668504210671338139e+00
1.888446984271954010e+00,1.888446984271954010e+00
2.975557366108116941e-01,2.975557366108116941e-01
-6.650167137283669039e-01,-6.650167137283669039e-01
2.996923715157222556e-01,2.996923715157222556e-01
4.139914295940517741e-01,4.139914295940517741e-01
5.327607838745977986e-01,5.327607838745977986e-01
1.377654067778185665e+00,1.377654067778185665e+00
-1.373327952942011931e+00,-1.373327952942011931e+00
3.753119519424261141e-01,3.753119519424261141e-01
-3.447171618378798374e+00,-3.447171618378798374e+00
-3.267536944793008935e+00,-3.267536944793008935e+00
-1.660020061842865657e-01,-1.660020061842865657e-01
-6.089541867400568576e-01,-6.089541867400568576e-01
3.204193775544686762e+00,3.204193775544686762e+00
7.708143721295684925e-02,7.708143721295684925e-02
1.968488493001496087e+00,1.968488493001496087e+00
-1.080523199730684780e+00,-1.080523199730684780e+00
2.998449373098784898e-01,2.998449373098784898e-01
2.856906787995839858e-01,2.856906787995839858e-01
2.635658885770099769e+00,2.635658885770099769e+00
1.179165040584465446e-01,1.179165040584465446e-01
-3.164858649049362427e+00,-3.164858649049362427e+00
-1.811225059087462896e-01,-1.811225059087462896e-01
2.299257454653636512e-01,2.299257454653636512e-01
1.305118223812642198e+00,1.305118223812642198e+00
-3.523152247463107178e-01,-3.523152247463107178e-01
2.185948232713171624e+00,2.185948232713171624e+00
8.575377289889234422e-01,8.575377289889234422e-01
9.519819733006473772e-03,9.519819733006473772e-03
1.340391882988387184e+00,1.340391882988387184e+00
1.512929925789810781e+00,1.512929925789810781e+00
-1.062368441781450235e-01,-1.062368441781450235e-01
1.779195978811307421e+00,1.779195978811307421e+00
-2.210340830109172039e+00,-2.210340830109172039e+00
1.682232287826470163e+00,1.682232287826470163e+00
7.239434039783567698e-01,7.239434039783567698e-01
4.150053722101290532e+00,4.150053722101290532e+00
1.546125337279811607e+00,1.546125337279811607e+00
2.204122615369302540e+00,2.204122615369302540e+00
-3.837101674185465217e-01,-3.837101674185465217e-01
-5.186575370046674349e-01,-5.186575370046674349e-01
-9.320414938586047970e-01,-9.320414938586047970e-01
8.143290154031415096e-01,8.143290154031415096e-01
-1.480564009767395772e+00,-1.480564009767395772e+00
-7.610501416752958326e-01,-7.610501416752958326e-01
3.512451548798308121e+00,3.512451548798308121e+00
6.329917598356182840e-01,6.329917598356182840e-01
1.209606840305770037e+00,1.209606840305770037e+00
-7.351392526856664889e-02,-7.351392526856664889e-02
2.427863252220413548e-01,2.427863252220413548e-01
2.315134934484607498e+00,2.315134934484607498e+00
5.134403507851533099e+00,5.134403507851533099e+00
1.418072018044801652e+00,1.418072018044801652e+00
-8.441381052258639661e-02,-8.441381052258639661e-02
-1.604634330926033803e+00,-1.604634330926033803e+00
1.949250352072143588e+00,1.949250352072143588e+00
-1.384838467738181422e-01,-1.384838467738181422e-01
-1.453832998460828640e-01,-1.453832998460828640e-01
7.521568665923613617e-01,7.521568665923613617e-01
-2.274435278833456753e+00,-2.274435278833456753e+00
-7.783065097457203541e-01,-7.783065097457203541e-01
-8.013410751455032344e-01,-8.013410751455032344e-01
5.171570276797990973e-01,5.171570276797990973e-01
-2.589015732425526295e+00,-2.589015732425526295e+00
-6.997583007497690244e-02,-6.997583007497690244e-02
1.231438660286837239e+00,1.231438660286837239e+00
-9.291829326389040578e-01,-9.291829326389040578e-01
1.599534323135902714e-01,1.599534323135902714e-01
-3.078174734160119996e+00,-3.078174734160119996e+00
1.224861294953717650e+00,1.224861294953717650e+00
2.301710990452261907e+00,2.301710990452261907e+00
-5.990966962004770080e-01,-5.990966962004770080e-01
1.358921182129001037e+00,1.358921182129001037e+00
2.045209296927675169e+00,2.045209296927675169e+00
2.121780561362195949e-01,2.121780561362195949e-01
-7.001247914071286882e-01,-7.001247914071286882e-01
6.475439191185622390e-01,6.475439191185622390e-01
-8.598724147147860375e-01,-8.598724147147860375e-01
-1.301537239833696902e-01,-1.301537239833696902e-01
1.202517160022317899e+00,1.202517160022317899e+00
-1.676903574423992849e+00,-1.676903574423992849e+00
3.374123411771821068e-01,3.374123411771821068e-01
1.173752668189165238e+00,1.173752668189165238e+00
-2.219588263415648299e-01,-2.219588263415648299e-01
-3.667604129126547652e-02,-3.667604129126547652e-02
2.045752731065536789e+00,2.045752731065536789e+00
2.273342025496343233e+00,2.273342025496343233e+00
-4.726925946496437492e-01,-4.726925946496437492e-01
4.062496838874815608e-01,4.062496838874815608e-01
1.291805232418316685e+00,1.291805232418316685e+00
-3.547772557241009039e-01,-3.547772557241009039e-01
-7.680465189502772017e-01,-7.680465189502772017e-01
9.105801312236171396e-01,9.105801312236171396e-01
3.832234995379698028e-01,3.832234995379698028e-01
-3.144074075529664225e-01,-3.144074075529664225e-01
4.391177115208522164e-01,4.391177115208522164e-01
-2.221048074565485475e+00,-2.221048074565485475e+00
1.644852124603923549e-01,1.644852124603923549e-01
2.740528695620776833e+00,2.740528695620776833e+00
2.263102959526378299e+00,2.263102959526378299e+00
2.332106464849918570e+00,2.332106464849918570e+00
6.877061966252422387e-01,6.877061966252422387e-01
-4.171613947150527579e-01,-4.171613947150527579e-01
1.683813696107195890e+00,1.683813696107195890e+00
1.044789289100715723e-01,1.044789289100715723e-01
4.438421444669978233e-01,4.438421444669978233e-01
8.962725864716186708e-01,8.962725864716186708e-01
2.514339992941486912e+00,2.514339992941486912e+00
-8.932657834695125754e-01,-8.932657834695125754e-01
2.900458912530755828e+00,2.900458912530755828e+00
-1.013891931540106928e+00,-1.013891931540106928e+00
1.531341795914427983e+00,1.531341795914427983e+00
3.017155733287608110e-01,3.017155733287608110e-01
2.133153358362675167e+00,2.133153358362675167e+00
-4.368070937487167349e-01,-4.368070937487167349e-01
1.367357984066771781e+00,1.367357984066771781e+00
1.010506972564385819e+00,1.010506972564385819e+00
-8.769063796644988029e-01,-8.769063796644988029e-01
-1.465423659870389361e+00,-1.465423659870389361e+00
-1.224941812632915239e+00,-1.224941812632915239e+00
1.448568793627201146e+00,1.448568793627201146e+00
-1.233353230975347659e+00,-1.233353230975347659e+00
4.738784515157801192e-01,4.738784515157801192e-01
9.627118114759034562e-01,9.627118114759034562e-01
3.014835028004724027e+00,3.014835028004724027e+00
1.219776056099529937e-01,1.219776056099529937e-01
1.121063208068658001e+00,1.121063208068658001e+00
2.203079768244025072e+00,2.203079768244025072e+00
-1.751857358061867043e+00,-1.751857358061867043e+00
2.865088177119666790e-01,2.865088177119666790e-01
4.579964904446681695e-01,4.579964904446681695e-01
3.344007591468824980e-01,3.344007591468824980e-01
-1.337184719492629403e+00,-1.337184719492629403e+00
-7.689820840737793262e-02,-7.689820840737793262e-02
1.317871213913127892e+00,1.317871213913127892e+00
-1.404216910389190387e+00,-1.404216910389190387e+00
-3.183869892191032447e-01,-3.183869892191032447e-01
-1.889771730335991218e-01,-1.889771730335991218e-01
3.100769689155423947e+00,3.100769689155423947e+00
1.546504533883288346e+00,1.546504533883288346e+00
3.201713184147300773e+00,3.201713184147300773e+00
2.504935284534209661e+00,2.504935284534209661e+00
5.306412942022135093e-01,5.306412942022135093e-01
7.425499340968205741e-02,7.425499340968205741e-02
6.632569756897324087e-01,6.632569756897324087e-01
3.176412026472748895e+00,3.176412026472748895e+00
4.482418947010768373e-01,4.482418947010768373e-01
7.653104541973517749e-01,7.653104541973517749e-01
-1.305939230053965172e+00,-1.305939230053965172e+00
-9.110733837061889551e-01,-9.110733837061889551e-01
1.519392200525675918e+00,1.519392200525675918e+00
2.586430325252210061e+00,2.586430325252210061e+00
1.388142346978276986e+00,1.388142346978276986e+00
3.056508632796164915e-01,3.056508632796164915e-01
-1.291592367386020346e+00,-1.291592367386020346e+00
-1.265321618995185915e+00,-1.265321618995185915e+00
-8.028932834473047064e-01,-8.028932834473047064e-01
-1.048681917370875905e+00,-1.048681917370875905e+00
1.272059485873786810e+00,1.272059485873786810e+00
-3.739828086453135247e-01,-3.739828086453135247e-01
6.128694670992673732e-01,6.128694670992673732e-01
2.819199868513747598e-01,2.819199868513747598e-01
1.380134022862446130e+00,1.380134022862446130e+00
8.462214381145439779e-01,8.462214381145439779e-01
2.277951744175551685e+00,2.277951744175551685e+00
5.657366598953859071e-01,5.657366598953859071e-01
-1.102977109557683466e+00,-1.102977109557683466e+00
-3.774870275598807723e+00,-3.774870275598807723e+00
-2.662076405088603437e+00,-2.662076405088603437e+00
1.106090283808336405e+00,1.106090283808336405e+00
-3.149668098836926888e-01,-3.149668098836926888e-01
9.905221781659299118e-01,9.905221781659299118e-01
-1.588488541916518226e+00,-1.588488541916518226e+00
-7.964657566248525278e-01,-7.964657566248525278e-01
-7.836164622715027228e-01,-7.836164622715027228e-01
-4.559455943566104175e-03,-4.559455943566104175e-03
2.021350742263939015e-01,2.021350742263939015e-01
-4.169616493695357251e-01,-4.169616493695357251e-01
-2.261204861277608114e+00,-2.261204861277608114e+00
-3.173935751044072440e+00,-3.173935751044072440e+00
2.292287180544492209e+00,2.292287180544492209e+00
-3.933269175190497458e-01,-3.933269175190497458e-01
6.553055764752332424e-01,6.553055764752332424e-01
6.918377525655279303e-01,6.918377525655279303e-01
1.569225993206404102e+00,1.569225993206404102e+00
8.228380549398144339e-01,8.228380549398144339e-01
2.707417071792982632e+00,2.707417071792982632e+00
2.115486469654191737e+00,2.115486469654191737e+00
-2.955487482098834384e+00,-2.955487482098834384e+00
-3.576167861674413917e+00,-3.576167861674413917e+00
5.839054870530625552e-01,5.839054870530625552e-01
2.881552929562556931e-01,2.881552929562556931e-01
-1.017604320715374655e+00,-1.017604320715374655e+00
8.010005341352685049e-01,8.010005341352685049e-01
1.871383376524088815e+00,1.871383376524088815e+00
1.919003490399091849e-01,1.919003490399091849e-01
-4.859116727099146438e-01,-4.859116727099146438e-01
-1.271780683662778744e+00,-1.271780683662778744e+00
1.054945402353000050e+00,1.054945402353000050e+00
1.909085013970811096e+00,1.909085013970811096e+00
-1.922132527344549979e+00,-1.922132527344549979e+00
1.470928114310345869e+00,1.470928114310345869e+00
1.700090887445919297e+00,1.700090887445919297e+00
-6.891842467694635488e-01,-6.891842467694635488e-01
-1.730820814839444388e+00,-1.730820814839444388e+00
-3.998356472866989586e-01,-3.998356472866989586e-01
1.778652048695688603e-01,1.778652048695688603e-01
1.492159159317201889e+00,1.492159159317201889e+00
5.715454364822623035e-01,5.715454364822623035e-01
2.813959527477811307e+00,2.813959527477811307e+00
1.475436218439400538e+00,1.475436218439400538e+00
6.008889802528667445e-01,6.008889802528667445e-01
1.381201485151935859e+00,1.381201485151935859e+00
-1.804891919239688836e+00,-1.804891919239688836e+00
4.767543658062157741e-01,4.767543658062157741e-01
1.789931765822138532e+00,1.789931765822138532e+00
-2.062550454054749016e-01,-2.062550454054749016e-01
-9.327717773095903775e-01,-9.327717773095903775e-01
6.224782037103208099e-01,6.224782037103208099e-01
2.382429539269597996e+00,2.382429539269597996e+00
1.715127676045580696e+00,1.715127676045580696e+00
5.900049561768387907e-01,5.900049561768387907e-01
1.016601521012178821e+00,1.016601521012178821e+00
-2.683694076097410619e+00,-2.683694076097410619e+00
-4.348812477149149314e-01,-4.348812477149149314e-01
2.888117270925151470e+00,2.888117270925151470e+00
1.947076703383737173e-01,1.947076703383737173e-01
-1.728061114016552269e+00,-1.728061114016552269e+00
-4.976738715220790921e-01,-4.976738715220790921e-01
1.680848860154876334e+00,1.680848860154876334e+00
2.844073635183901883e-01,2.844073635183901883e-01
-3.237141997736827648e-01,-3.237141997736827648e-01
-2.914194077964704643e+00,-2.914194077964704643e+00
1.481754663058672206e+00,1.481754663058672206e+00
-3.806868803597290296e-01,-3.806868803597290296e-01
1.689575842405917072e+00,1.689575842405917072e+00
-4.971889063730847158e-02,-4.971889063730847158e-02
-1.083641322885234626e+00,-1.083641322885234626e+00
-1.839375217552680519e+00,-1.839375217552680519e+00
-6.584002278300726818e-01,-6.584002278300726818e-01
6.589369247609366820e-01,6.589369247609366820e-01
-6.995898689367323620e-01,-6.995898689367323620e-01
2.382961146613388426e+00,2.382961146613388426e+00
8.852813399254436666e-01,8.852813399254436666e-01
1.009868035802223840e+00,1.009868035802223840e+00
-5.391556805538385566e-01,-5.391556805538385566e-01
-9.735269579806522522e-01,-9.735269579806522522e-01
-4.573253349014939628e-01,-4.573253349014939628e-01
2.328090363341957847e+00,2.328090363341957847e+00
-6.018207788656387836e-01,-6.018207788656387836e-01
5.529432504208593446e-01,5.529432504208593446e-01
7.673535124899804050e-01,7.673535124899804050e-01
9.210727933259185707e-02,9.210727933259185707e-02
-8.008136391019753386e-01,-8.008136391019753386e-01
-5.714391036676749192e-01,-5.714391036676749192e-01
-5.896996590530418914e-01,-5.896996590530418914e-01
-9.292561739923842490e-01,-9.292561739923842490e-01
5.196619984801122971e-01,5.196619984801122971e-01
1.658050067541527284e+00,1.658050067541527284e+00
-1.556409373445792221e+00,-1.556409373445792221e+00
-5.319196905358953842e-01,-5.319196905358953842e-01
2.246302736156751134e+00,2.246302736156751134e+00
-1.716006414100975874e+00,-1.716006414100975874e+00
1.033374865967275902e+00,1.033374865967275902e+00
1.122230957704428017e-01,1.122230957704428017e-01
1.393205304716566451e+00,1.393205304716566451e+00
-1.154218362966885070e-01,-1.154218362966885070e-01
2.928984635646669776e+00,2.928984635646669776e+00
-1.501951082190307873e-01,-1.501951082190307873e-01
2.193295683266702212e-01,2.193295683266702212e-01
2.500347409355689443e+00,2.500347409355689443e+00
6.912661812961472252e-02,6.912661812961472252e-02
1.066878207124117850e+00,1.066878207124117850e+00
6.431585112222718559e-01,6.431585112222718559e-01
1.438424773602734463e-01,1.438424773602734463e-01
-7.089731069177497569e-02,-7.089731069177497569e-02
1.927624718057342701e+00,1.927624718057342701e+00
4.927292088672391990e-01,4.927292088672391990e-01
4.645020272856454913e-01,4.645020272856454913e-01
7.671872917787476709e-01,7.671872917787476709e-01
6.209066806406302597e-01,6.209066806406302597e-01
-1.456121751503747674e+00,-1.456121751503747674e+00
2.332309672374553444e-01,2.332309672374553444e-01
-4.892577479801346607e-03,-4.892577479801346607e-03
2.404730143830803080e+00,2.404730143830803080e+00
-5.530703966303809893e-02,-5.530703966303809893e-02
-2.111298038908965502e+00,-2.111298038908965502e+00
8.178655609750080657e-01,8.178655609750080657e-01
3.893944778505643023e-01,3.893944778505643023e-01
-2.878825834095029457e+00,-2.878825834095029457e+00
1.421624011750902472e+00,1.421624011750902472e+00
1.486866937600051231e-01,1.486866937600051231e-01
1.653307530559951388e+00,1.653307530559951388e+00
3.699090531060774678e-01,3.699090531060774678e-01
-1.244628225231128926e+00,-1.244628225231128926e+00
-1.753060774929364296e+00,-1.753060774929364296e+00
1.536505720280429976e+00,1.536505720280429976e+00
5.523657895468558898e-01,5.523657895468558898e-01
-4.294360599981694171e-01,-4.294360599981694171e-01
1.066116413385295836e+00,1.066116413385295836e+00
4.008739040383957786e+00,4.008739040383957786e+00
-7.287867057879575672e-01,-7.287867057879575672e-01
1.151295220880668158e+00,1.151295220880668158e+00
4.921152648604738999e+00,4.921152648604738999e+00
2.087858795179160509e+00,2.087858795179160509e+00
4.075011537807091133e-01,4.075011537807091133e-01
7.541499684600899700e-01,7.541499684600899700e-01
1.153076529525074001e+00,1.153076529525074001e+00
-1.690886246397156789e+00,-1.690886246397156789e+00
2.107393402316835029e-01,2.107393402316835029e-01
1.006090192598669608e+00,1.006090192598669608e+00
-1.047831404597627358e+00,-1.047831404597627358e+00
6.278153289251530156e-01,6.278153289251530156e-01
-1.897489064688478999e-02,-1.897489064688478999e-02
2.093782905579204101e+00,2.093782905579204101e+00
8.131467297308347941e-01,8.131467297308347941e-01
1.215397900709805912e+00,1.215397900709805912e+00
1.233455010431147025e+00,1.233455010431147025e+00
-1.172961419033740293e+00,-1.172961419033740293e+00
1.723668395173385548e+00,1.723668395173385548e+00
-6.103187356039336819e-01,-6.103187356039336819e-01
-2.903095056100214677e+00,-2.903095056100214677e+00
1.469722627214762323e+00,1.469722627214762323e+00
5.702202396827640851e-02,5.702202396827640851e-02
9.515495759345591331e-01,9.515495759345591331e-01
1.945376186912629146e+00,1.945376186912629146e+00
5.937935531352751123e-02,5.937935531352751123e-02
-1.672443476925088657e+00,-1.672443476925088657e+00
-5.340377325266419950e-01,-5.340377325266419950e-01
1.622592427003217264e+00,1.622592427003217264e+00
-2.524541674280859294e+00,-2.524541674280859294e+00
-2.587289062740028456e+00,-2.587289062740028456e+00
-1.366992945180863339e+00,-1.366992945180863339e+00
-2.074434582711674580e+00,-2.074434582711674580e+00
5.724011383893062854e-02,5.724011383893062854e-02
1.443221795815900599e+00,1.443221795815900599e+00
1.133962366452800241e+00,1.133962366452800241e+00
1.018729060496879946e+00,1.018729060496879946e+00
1.963764721991715589e+00,1.963764721991715589e+00
-1.541265562729202954e-01,-1.541265562729202954e-01
-2.499810424941987463e+00,-2.499810424941987463e+00
-8.519641202353505083e-01,-8.519641202353505083e-01
7.572633896600287073e-01,7.572633896600287073e-01
1.827845330984620986e+00,1.827845330984620986e+00
-2.208603807107757666e-01,-2.208603807107757666e-01
-1.038625642061097976e+00,-1.038625642061097976e+00
2.268366717173983638e+00,2.268366717173983638e+00
2.852044971711322319e+00,2.852044971711322319e+00
-7.172900774255100975e-01,-7.172900774255100975e-01
5.936441162197806376e-01,5.936441162197806376e-01
-2.273477739192188096e+00,-2.273477739192188096e+00
-7.120970985372804263e-02,-7.120970985372804263e-02
1.500617353228956563e-01,1.500617353228956563e-01
-3.567344978429480284e-01,-3.567344978429480284e-01
1.408765849766259404e+00,1.408765849766259404e+00
6.397753693579983914e-01,6.397753693579983914e-01
8.512194635596346259e-01,8.512194635596346259e-01
4.443401042066690287e-01,4.443401042066690287e-01
-5.791151379555907752e-01,-5.791151379555907752e-01
2.810968817827343535e+00,2.810968817827343535e+00
1.405418567152453946e+00,1.405418567152453946e+00
3.061278733128071305e+00,3.061278733128071305e+00
7.139960577115157525e-01,7.139960577115157525e-01
-1.407242609072464345e+00,-1.407242609072464345e+00
-3.679627686683104582e-01,-3.679627686683104582e-01
-1.093868621799545471e+00,-1.093868621799545471e+00
1.164207189046048835e-01,1.164207189046048835e-01
-9.963611396048310809e-01,-9.963611396048310809e-01
1.445167547315183931e+00,1.445167547315183931e+00
-5.123632351869586987e-01,-5.123632351869586987e-01
-8.691557793243549490e-01,-8.691557793243549490e-01
-1.752952682662759498e+00,-1.752952682662759498e+00
-3.771341577662354005e+00,-3.771341577662354005e+00
-2.503893355529762665e+00,-2.503893355529762665e+00
-1.194593021648987508e+00,-1.194593021648987508e+00
1.848200127821074679e+00,1.848200127821074679e+00
-1.453357881161474907e+00,-1.453357881161474907e+00
1.389726959568060138e+00,1.389726959568060138e+00
-1.093450542016355109e-01,-1.093450542016355109e-01
2.975405205513554474e+00,2.975405205513554474e+00
7.665302665632429679e-01,7.665302665632429679e-01
2.073189566729166877e+00,2.073189566729166877e+00
-5.441152651044701694e-01,-5.441152651044701694e-01
-3.613808502684036084e-01,-3.613808502684036084e-01
8.088339000096119724e-01,8.088339000096119724e-01
1.662941801746866899e+00,1.662941801746866899e+00
1.756163425169612324e+00,1.756163425169612324e+00
-1.757993625459004949e+00,-1.757993625459004949e+00
1.323201493094552150e+00,1.323201493094552150e+00
-3.867654041835490997e-01,-3.867654041835490997e-01
-3.521935408139669210e+00,-3.521935408139669210e+00
2.153986454324494648e+00,2.153986454324494648e+00
3.571766846336484225e+00,3.571766846336484225e+00
9.698199852522397801e-01,9.698199852522397801e-01
-3.231478246558091350e+00,-3.231478246558091350e+00
1.258900729090672632e+00,1.258900729090672632e+00
2.132579933786411086e+00,2.132579933786411086e+00
-8.756683231971438275e-01,-8.756683231971438275e-01
1.393038109400590141e+00,1.393038109400590141e+00
2.391237684910869910e-01,2.391237684910869910e-01
-1.386820926791889619e+00,-1.386820926791889619e+00
1.443570584257742428e+00,1.443570584257742428e+00
5.739859127339701494e-01,5.739859127339701494e-01
-3.129271016177606946e+00,-3.129271016177606946e+00
1.033944365606581428e+00,1.033944365606581428e+00
3.820775942370522871e-01,3.820775942370522871e-01
1.775527329778703090e+00,1.775527329778703090e+00
2.199982803830840883e+00,2.199982803830840883e+00
3.838959236083244075e+00,3.838959236083244075e+00
1.263823226650764575e-01,1.263823226650764575e-01
5.219894914563064647e-01,5.219894914563064647e-01
2.032802847013195358e+00,2.032802847013195358e+00
9.920184171045024479e-01,9.920184171045024479e-01
2.882455108537544053e+00,2.882455108537544053e+00
1.307191611318000879e+00,1.307191611318000879e+00
5.966304835931935946e-01,5.966304835931935946e-01
2.872186281378625416e+00,2.872186281378625416e+00
-1.865201404381710004e+00,-1.865201404381710004e+00
1.041255009353743377e+00,1.041255009353743377e+00
1.405538992437737278e+00,1.405538992437737278e+00
6.079685408151543069e-02,6.079685408151543069e-02
-6.485604782220231179e-01,-6.485604782220231179e-01
6.710098060266022069e-01,6.710098060266022069e-01
-2.482184545912898610e+00,-2.482184545912898610e+00
-2.833170481447857991e+00,-2.833170481447857991e+00
1.616169804932136689e+00,1.616169804932136689e+00
5.688872705903333382e-02,5.688872705903333382e-02
5.071425089827552579e-01,5.071425089827552579e-01
-5.113774138563917937e-01,-5.113774138563917937e-01
3.267186543833638934e-01,3.267186543833638934e-01
3.446274119497109822e+00,3.446274119497109822e+00
1.661285214818917888e+00,1.661285214818917888e+00
9.581939128974478193e-01,9.581939128974478193e-01
-5.623955848199588270e-02,-5.623955848199588270e-02
1.023054678137502282e+00,1.023054678137502282e+00
2.248022511780408905e+00,2.248022511780408905e+00
2.937711255014235245e+00,2.937711255014235245e+00
-4.056264350477767899e-01,-4.056264350477767899e-01
2.237410363319022599e-01,2.237410363319022599e-01
4.962955007808459662e+00,4.962955007808459662e+00
2.454575134559267846e-01,2.454575134559267846e-01
-7.265634435891484832e-01,-7.265634435891484832e-01
2.433085065842705230e+00,2.433085065842705230e+00
3.294125525094104834e-01,3.294125525094104834e-01
4.311456039536121221e-01,4.311456039536121221e-01
7.207056541714940145e-01,7.207056541714940145e-01
-4.107365913376295752e-01,-4.107365913376295752e-01
-3.493489365291571946e+00,-3.493489365291571946e+00
-2.515054975894231770e+00,-2.515054975894231770e+00
3.455252447024642626e-01,3.455252447024642626e-01
-9.458605919515135074e-01,-9.458605919515135074e-01
-2.880825596762022212e-01,-2.880825596762022212e-01
8.602974849836629856e-01,8.602974849836629856e-01
1.417945489800111480e-01,1.417945489800111480e-01
-1.464253822525776627e+00,-1.464253822525776627e+00
1.883512940412313430e+00,1.883512940412313430e+00
1.953057400776688768e+00,1.953057400776688768e+00
-4.246011730695449793e-01,-4.246011730695449793e-01
-1.436516262465777238e+00,-1.436516262465777238e+00
3.477157036848201432e+00,3.477157036848201432e+00
1.471086059479339792e+00,1.471086059479339792e+00
1.152383082952024962e+00,1.152383082952024962e+00
-4.709268250567334446e-01,-4.709268250567334446e-01
-3.363389666827279800e+00,-3.363389666827279800e+00
1.142027724359845564e+00,1.142027724359845564e+00
9.621936122339760367e-01,9.621936122339760367e-01
4.214088067300558738e-03,4.214088067300558738e-03
7.622680889995623321e-01,7.622680889995623321e-01
-1.714219762845302863e+00,-1.714219762845302863e+00
1.002685090538379065e+00,1.002685090538379065e+00
-1.361098520700220860e+00,-1.361098520700220860e+00
-2.602932585883184213e+00,-2.602932585883184213e+00
1.239232851493315135e-01,1.239232851493315135e-01
-4.239185261855123454e-01,-4.239185261855123454e-01
7.114345993561310699e-03,7.114345993561310699e-03
2.664867981792402030e-01,2.664867981792402030e-01
3.543411748291264374e+00,3.543411748291264374e+00
-1.921797493101823351e+00,-1.921797493101823351e+00
2.538407271675160892e+00,2.538407271675160892e+00
1.047243432918304462e+00,1.047243432918304462e+00
-1.761911037087832366e+00,-1.761911037087832366e+00
1.278023421442979313e+00,1.278023421442979313e+00
-1.835509854951495462e-02,-1.835509854951495462e-02
-2.387740348579071359e+00,-2.387740348579071359e+00
-5.805356553132334785e-01,-5.805356553132334785e-01
4.737700658303368728e-01,4.737700658303368728e-01
-1.117797686947485380e-01,-1.117797686947485380e-01
7.520000168337509505e-03,7.520000168337509505e-03
1.368816875056565463e+00,1.368816875056565463e+00
1.040191550463312131e+00,1.040191550463312131e+00
2.098438512024368929e+00,2.098438512024368929e+00
-8.159466622060567165e-01,-8.159466622060567165e-01
-1.217671547631150819e+00,-1.217671547631150819e+00
-9.041597011185775745e-01,-9.041597011185775745e-01
-5.516282025775443021e-01,-5.516282025775443021e-01
5.481384333199118331e+00,5.481384333199118331e+00
-5.602913491469845297e-01,-5.602913491469845297e-01
-6.278186639026583915e-01,-6.278186639026583915e-01
-2.605827098768200845e+00,-2.605827098768200845e+00
-1.504233652775988306e+00,-1.504233652775988306e+00
2.277989817770368131e+00,2.277989817770368131e+00
6.988649666868020915e-01,6.988649666868020915e-01
1.136769347312969858e+00,1.136769347312969858e+00
3.464627643817895786e-01,3.464627643817895786e-01
1.691714508043342224e+00,1.691714508043342224e+00
2.094807907067209651e+00,2.094807907067209651e+00
5.576833131694187706e-01,5.576833131694187706e-01
-5.453092477501141344e-01,-5.453092477501141344e-01
1.837312730321120746e+00,1.837312730321120746e+00
1.874771693965946007e+00,1.874771693965946007e+00
-2.157496845157877097e+00,-2.157496845157877097e+00
-1.748893581366656846e+00,-1.748893581366656846e+00
-2.445814178081822110e+00,-2.445814178081822110e+00
2.443481288591866918e-01,2.443481288591866918e-01
1.479878481557894476e+00,1.479878481557894476e+00
-1.308857579143319461e+00,-1.308857579143319461e+00
-5.714096074060780461e-01,-5.714096074060780461e-01
1.162877139627159773e+00,1.162877139627159773e+00
9.016572308089514376e-01,9.016572308089514376e-01
2.286406848626203470e-01,2.286406848626203470e-01
1.580827809717390231e+00,1.580827809717390231e+00
-1.074854050047125087e+00,-1.074854050047125087e+00
-1.366225787609887998e+00,-1.366225787609887998e+00
-3.166347945637096317e-01,-3.166347945637096317e-01
-7.138607978595948866e-01,-7.138607978595948866e-01
1.770597413387315466e+00,1.770597413387315466e+00
-1.818226978465500965e+00,-1.818226978465500965e+00
-1.057562276849991934e+00,-1.057562276849991934e+00
9.443671148897003764e-01,9.443671148897003764e-01
-1.139551079016015933e+00,-1.139551079016015933e+00
2.741649647383053168e+00,2.741649647383053168e+00
1.175687814452336388e+00,1.175687814452336388e+00
1.299901710498695406e+00,1.299901710498695406e+00
4.589737764319029578e-01,4.589737764319029578e-01
-5.891763260135449709e-01,-5.891763260135449709e-01
1.568884444025701930e+00,1.568884444025701930e+00
1.038148970238194080e-01,1.038148970238194080e-01
-1.189911250366310291e+00,-1.189911250366310291e+00
1.398083523721598054e+00,1.398083523721598054e+00
-6.419077227136171793e-01,-6.419077227136171793e-01
1.210079644434008062e+00,1.210079644434008062e+00
-3.321987241894804044e-02,-3.321987241894804044e-02
-4.461041808626056704e-02,-4.461041808626056704e-02
2.640358040405427875e+00,2.640358040405427875e+00
8.365868145752617391e-01,8.365868145752617391e-01
2.323214474009309138e-01,2.323214474009309138e-01
1.171023382964834214e+00,1.171023382964834214e+00
2.672966650478507122e-01,2.672966650478507122e-01
2.033247062473679367e+00,2.033247062473679367e+00
-2.178239621026989425e-01,-2.178239621026989425e-01
1.103809311076147104e+00,1.103809311076147104e+00
4.126245531556850810e-01,4.126245531556850810e-01
1.216600115830085427e+00,1.216600115830085427e+00
-3.747832540634890575e-01,-3.747832540634890575e-01
2.861627832346091971e+00,2.861627832346091971e+00
2.531515714184715993e+00,2.531515714184715993e+00
-1.699566441009185747e+00,-1.699566441009185747e+00
3.269489019527563212e+00,3.269489019527563212e+00
-2.040582886268129947e-01,-2.040582886268129947e-01
2.334806206604215506e-01,2.334806206604215506e-01
-2.045392456037620210e+00,-2.045392456037620210e+00
4.054294186485714047e-01,4.054294186485714047e-01
3.171563799970591457e+00,3.171563799970591457e+00
-5.409097942181199103e-01,-5.409097942181199103e-01
-9.747612223851040980e-01,-9.747612223851040980e-01
-3.969550115974362914e-01,-3.969550115974362914e-01
-1.804039750865691349e+00,-1.804039750865691349e+00
-1.582025934041559001e+00,-1.582025934041559001e+00
1.237426541388985335e+00,1.237426541388985335e+00
-4.579102910156944151e-01,-4.579102910156944151e-01
9.506114821434289430e-01,9.506114821434289430e-01
2.837285695010166808e+00,2.837285695010166808e+00
-3.667590139755174672e+00,-3.667590139755174672e+00
8.320718626917434912e-01,8.320718626917434912e-01
-2.445067490384795761e+00,-2.445067490384795761e+00
2.004347470216286009e+00,2.004347470216286009e+00
2.294590258246155035e+00,2.294590258246155035e+00
3.396094223978705529e+00,3.396094223978705529e+00
-8.934182449781196134e-01,-8.934182449781196134e-01
2.986837026310102505e+00,2.986837026310102505e+00
9.672468498348981703e-01,9.672468498348981703e-01
-1.307628362290862212e+00,-1.307628362290862212e+00
3.650524793852788719e+00,3.650524793852788719e+00
-1.453230525557753783e+00,-1.453230525557753783e+00
-1.480982039011955465e-01,-1.480982039011955465e-01
-3.392820849694861973e-01,-3.392820849694861973e-01
1.754822519894569388e-01,1.754822519894569388e-01
-1.727730102453524985e+00,-1.727730102453524985e+00
2.251674476572001482e-01,2.251674476572001482e-01
-4.519595409754303961e-02,-4.519595409754303961e-02
8.553292748693214209e-01,8.553292748693214209e-01
1.033675192816754240e+00,1.033675192816754240e+00
-1.765753774085252026e+00,-1.765753774085252026e+00
2.744523601484146091e+00,2.744523601484146091e+00
-1.161570988856688857e-02,-1.161570988856688857e-02
-3.750826439325438688e-01,-3.750826439325438688e-01
-1.670965704018062770e+00,-1.670965704018062770e+00
-1.354090809205383161e+00,-1.354090809205383161e+00
-4.722305526378209328e-01,-4.722305526378209328e-01
1.840704524024444622e-02,1.840704524024444622e-02
9.274285897882543761e-01,9.274285897882543761e-01
-8.391217200867908677e-01,-8.391217200867908677e-01
-1.553078122496948321e+00,-1.553078122496948321e+00
-1.712681733436056453e+00,-1.712681733436056453e+00
-3.073006265005817639e-02,-3.073006265005817639e-02
1.951463972819301951e+00,1.951463972819301951e+00
-3.692328517764252860e-01,-3.692328517764252860e-01
6.540592856903173491e-01,6.540592856903173491e-01
3.244208864847010210e-01,3.244208864847010210e-01
7.091337675090960690e-01,7.091337675090960690e-01
2.897292471531717761e-01,2.897292471531717761e-01
-4.018459058906949100e-01,-4.018459058906949100e-01
2.934221198083027726e+00,2.934221198083027726e+00
3.569617429171650702e+00,3.569617429171650702e+00
-1.849299281977314635e+00,-1.849299281977314635e+00
2.135578787801239997e+00,2.135578787801239997e+00
3.414889153934962951e-01,3.414889153934962951e-01
-2.098698508297565546e+00,-2.098698508297565546e+00
-1.213939299961616314e+00,-1.213939299961616314e+00
-2.885406603370559431e+00,-2.885406603370559431e+00
-1.365813553938342251e+00,-1.365813553938342251e+00
-1.901959017956939002e+00,-1.901959017956939002e+00
-1.670883284930687329e-01,-1.670883284930687329e-01
9.546973645417906607e-01,9.546973645417906607e-01
-2.013917245522073851e-01,-2.013917245522073851e-01
2.096668208170083147e+00,2.096668208170083147e+00
8.584708147366288955e-01,8.584708147366288955e-01
6.103700012970818961e-03,6.103700012970818961e-03
6.384678312572670267e-01,6.384678312572670267e-01
-2.075671782684374911e+00,-2.075671782684374911e+00
1.537525001959837878e+00,1.537525001959837878e+00
-2.202312769228436107e+00,-2.202312769228436107e+00
2.587969517546796272e+00,2.587969517546796272e+00
-1.009414834094090607e-01,-1.009414834094090607e-01
-6.190942424891257012e-01,-6.190942424891257012e-01
5.454871133456558052e-01,5.454871133456558052e-01
1.029041803276106615e+00,1.029041803276106615e+00
3.075992992411527016e-01,3.075992992411527016e-01
-2.721994458955315777e-01,-2.721994458955315777e-01
5.066384753195162238e-01,5.066384753195162238e-01
-4.206869206088154067e-02,-4.206869206088154067e-02
3.615696411342296024e+00,3.615696411342296024e+00
-1.000532098451509810e+00,-1.000532098451509810e+00
-8.670152396316628263e-01,-8.670152396316628263e-01
-1.921598989837428884e-01,-1.921598989837428884e-01
6.198964051211905968e-01,6.198964051211905968e-01
2.759705808136501570e+00,2.759705808136501570e+00
1.272203953211348271e+00,1.272203953211348271e+00
1.020724560894255450e+00,1.020724560894255450e+00
3.706418124237461642e-01,3.706418124237461642e-01
7.485129529254992420e-01,7.485129529254992420e-01
6.579631158120060608e-01,6.579631158120060608e-01
7.975625524803775512e-01,7.975625524803775512e-01
2.170504758591356609e+00,2.170504758591356609e+00
-1.166278744566565440e+00,-1.166278744566565440e+00
1.751545525938676739e+00,1.751545525938676739e+00
1.432099098952172023e-01,1.432099098952172023e-01
-1.524373137405438339e+00,-1.524373137405438339e+00
1.412927197817130276e+00,1.412927197817130276e+00
2.042442798087690470e+00,2.042442798087690470e+00
-8.609305847058905670e-01,-8.609305847058905670e-01
1.750454685270979582e-01,1.750454685270979582e-01
-1.336066098637779254e+00,-1.336066098637779254e+00
1.163367354138380994e-01,1.163367354138380994e-01
-7.603600068214122487e-02,-7.603600068214122487e-02
-6.931504046724634716e-01,-6.931504046724634716e-01
-2.030837594654546496e-01,-2.030837594654546496e-01
5.591487099458790633e-01,5.591487099458790633e-01
4.246596471300481124e-01,4.246596471300481124e-01
2.729641493476763436e+00,2.729641493476763436e+00
3.404194760283412169e-01,3.404194760283412169e-01
-5.921463688900023836e-01,-5.921463688900023836e-01
1.621353659707485351e+00,1.621353659707485351e+00
-8.268242646076295888e-01,-8.268242646076295888e-01
-3.142664899081284435e-01,-3.142664899081284435e-01
5.275377136309447046e-01,5.275377136309447046e-01
2.128171370761726244e+00,2.128171370761726244e+00
3.363528502077535454e-02,3.363528502077535454e-02
-1.256434038576314860e+00,-1.256434038576314860e+00
2.409624328368292545e+00,2.409624328368292545e+00
2.222634484644788078e+00,2.222634484644788078e+00
1.162425562781911559e+00,1.162425562781911559e+00
-4.703701818822630387e-01,-4.703701818822630387e-01
2.470297810279645123e+00,2.470297810279645123e+00
-9.619802787430171698e-01,-9.619802787430171698e-01
2.616009871084084448e+00,2.616009871084084448e+00
2.129679422289636470e+00,2.129679422289636470e+00
-5.921569794644968576e-01,-5.921569794644968576e-01
2.636790176348176029e+00,2.636790176348176029e+00
2.484140754581930927e-02,2.484140754581930927e-02
8.441099219674494392e-02,8.441099219674494392e-02
5.125579968860203284e-01,5.125579968860203284e-01
1.752412220408613663e+00,1.752412220408613663e+00
-2.009722499232193538e-01,-2.009722499232193538e-01
3.689357933732942296e+00,3.689357933732942296e+00
-2.025210415740549941e+00,-2.025210415740549941e+00
5.397405207263741289e+00,5.397405207263741289e+00
7.300753744636301334e-02,7.300753744636301334e-02
2.428742351034816060e+00,2.428742351034816060e+00
7.950793491227174936e-01,7.950793491227174936e-01
-2.345640768668488529e-01,-2.345640768668488529e-01
-5.616190732248035888e-02,-5.616190732248035888e-02
2.055274253654721051e+00,2.055274253654721051e+00
-7.403182717742776697e-01,-7.403182717742776697e-01
-4.644869092056587156e-01,-4.644869092056587156e-01
1.708092816295615712e+00,1.708092816295615712e+00
-1.653066660386067976e+00,-1.653066660386067976e+00
2.736678576181274192e+00,2.736678576181274192e+00
1.672207887284024586e-01,1.672207887284024586e-01
3.428348641219697512e+00,3.428348641219697512e+00
1.630778619012087649e+00,1.630778619012087649e+00
-1.329669192478730166e-02,-1.329669192478730166e-02
6.390847129733852050e-01,6.390847129733852050e-01
1.035509204971751807e+00,1.035509204971751807e+00
1.674048592899302745e+00,1.674048592899302745e+00
1.282739945670191117e+00,1.282739945670191117e+00
-1.049796490465351839e+00,-1.049796490465351839e+00
1.075216489327699421e+00,1.075216489327699421e+00
4.176567752087909646e+00,4.176567752087909646e+00
1.052380393367673639e+00,1.052380393367673639e+00
-4.349959678118558992e-02,-4.349959678118558992e-02
-2.805289637113271839e-01,-2.805289637113271839e-01
6.656160289444006395e-01,6.656160289444006395e-01
-1.900896589734595077e+00,-1.900896589734595077e+00
-9.935063456983703745e-01,-9.935063456983703745e-01
-1.615848196500463851e+00,-1.615848196500463851e+00
-3.104628099711986833e-02,-3.104628099711986833e-02
-2.119636136016044059e+00,-2.119636136016044059e+00
-2.366227667912068899e-01,-2.366227667912068899e-01
-1.980680348626166765e-02,-1.980680348626166765e-02
-1.857681338212452182e+00,-1.857681338212452182e+00
3.646426635846747866e-01,3.646426635846747866e-01
-9.135901908002238558e-01,-9.135901908002238558e-01
1.744808009295890860e+00,1.744808009295890860e+00
-1.409351000409042376e+00,-1.409351000409042376e+00
-1.655480133765379724e+00,-1.655480133765379724e+00
1.069550875236724430e+00,1.069550875236724430e+00
2.261357427383963448e-01,2.261357427383963448e-01
8.591579826240614004e-01,8.591579826240614004e-01
-5.326269758600514770e-01,-5.326269758600514770e-01
-7.425442719862815899e-01,-7.425442719862815899e-01
-2.520351241413739896e+00,-2.520351241413739896e+00
1.050631055928605007e-01,1.050631055928605007e-01
5.976767914136151827e-01,5.976767914136151827e-01
8.381619649535849703e-01,8.381619649535849703e-01
2.787100876751430256e+00,2.787100876751430256e+00
7.479354704956299171e-01,7.479354704956299171e-01
-2.317861051949145157e+00,-2.317861051949145157e+00
1.396923461427332924e-01,1.396923461427332924e-01
3.682322000901510961e+00,3.682322000901510961e+00
1.415126890344772015e+00,1.415126890344772015e+00
6.753486442539808898e-01,6.753486442539808898e-01
2.309732324363245604e-01,2.309732324363245604e-01
-2.059961232352686689e-01,-2.059961232352686689e-01
-6.774773692561517624e-01,-6.774773692561517624e-01
9.500487646162968369e-01,9.500487646162968369e-01
8.132940385144671325e-01,8.132940385144671325e-01
7.514757031002607945e-01,7.514757031002607945e-01
-4.254765128893801318e+00,-4.254765128893801318e+00
1.901076057030815836e+00,1.901076057030815836e+00
9.759839654259279129e-01,9.759839654259279129e-01
2.867685793371009595e+00,2.867685793371009595e+00
1.621315477124401383e+00,1.621315477124401383e+00
-7.321671220516657863e-01,-7.321671220516657863e-01
-5.558493825174100067e-01,-5.558493825174100067e-01
3.573384967585549465e-01,3.573384967585549465e-01
9.647692630014154114e-02,9.647692630014154114e-02
3.277148258365762956e+00,3.277148258365762956e+00
-1.011018385986101276e+00,-1.011018385986101276e+00
1.159058391155304069e+00,1.159058391155304069e+00
2.156389778658469147e+00,2.156389778658469147e+00
5.141359383616353473e-02,5.141359383616353473e-02
3.915568945651972221e+00,3.915568945651972221e+00
2.385387909038464205e+00,2.385387909038464205e+00
1.993443942445457528e+00,1.993443942445457528e+00
1.757239263539526863e+00,1.757239263539526863e+00
-5.600652646701300696e-01,-5.600652646701300696e-01
1.598191544464675484e-01,1.598191544464675484e-01
4.620158712898715381e-01,4.620158712898715381e-01
1.800361429001715807e+00,1.800361429001715807e+00
-1.078739342407216695e+00,-1.078739342407216695e+00
-1.396889619410049521e+00,-1.396889619410049521e+00
8.589466628711862617e-01,8.589466628711862617e-01
1.622428984528049734e+00,1.622428984528049734e+00
-2.657707431238508278e+00,-2.657707431238508278e+00
1.663341862409001060e+00,1.663341862409001060e+00
-5.519892768580902942e-01,-5.519892768580902942e-01
1.555512252046101773e+00,1.555512252046101773e+00
-2.694699310271876147e+00,-2.694699310271876147e+00
-9.261371651974548147e-01,-9.261371651974548147e-01
1.931581274741595022e+00,1.931581274741595022e+00
2.238512857750012408e-01,2.238512857750012408e-01
2.672519277557128814e-01,2.672519277557128814e-01
-6.838391619719103032e-01,-6.838391619719103032e-01
1.489970299844918911e+00,1.489970299844918911e+00
2.982775440035528858e-03,2.982775440035528858e-03
2.713794906959227093e-01,2.713794906959227093e-01
3.280867459693337373e+00,3.280867459693337373e+00
1.371423749973579298e-01,1.371423749973579298e-01
-2.596196128449514973e+00,-2.596196128449514973e+00
3.027534854109415363e+00,3.027534854109415363e+00
-2.162265724777225007e+00,-2.162265724777225007e+00
-1.848056265646545737e-01,-1.848056265646545737e-01
-7.877399623674744555e-01,-7.877399623674744555e-01
8.885716511305670195e-01,8.885716511305670195e-01
2.097690297883232802e+00,2.097690297883232802e+00
-4.610429669278806597e-01,-4.610429669278806597e-01
-1.162394658956314331e+00,-1.162394658956314331e+00
-2.956604494583368048e-01,-2.956604494583368048e-01
-6.809883135484813277e-01,-6.809883135484813277e-01
-4.463406382204426759e-01,-4.463406382204426759e-01
1.165863009148103924e+00,1.165863009148103924e+00
5.969365331903629945e-01,5.969365331903629945e-01
5.943398882933468297e-01,5.943398882933468297e-01
-1.551262660041394237e-01,-1.551262660041394237e-01
-2.365776141912344421e+00,-2.365776141912344421e+00
1.092440754225790345e+00,1.092440754225790345e+00
-2.590019833231808288e+00,-2.590019833231808288e+00
-5.069201869329553745e-01,-5.069201869329553745e-01
2.088272070089221444e+00,2.088272070089221444e+00
-1.386166233135924797e+00,-1.386166233135924797e+00
-2.575361998432922128e+00,-2.575361998432922128e+00
-1.679529768514319565e+00,-1.679529768514319565e+00
3.119204874981856612e+00,3.119204874981856612e+00
3.147633900725470557e-01,3.147633900725470557e-01
-9.726740245859971656e-01,-9.726740245859971656e-01
1.458428822466752761e+00,1.458428822466752761e+00
6.207668831958517153e-01,6.207668831958517153e-01
9.882689421597991020e-01,9.882689421597991020e-01
1.605049240088121110e+00,1.605049240088121110e+00
1.236007990351471797e+00,1.236007990351471797e+00
2.100897187429745794e-01,2.100897187429745794e-01
-2.124834275610187895e+00,-2.124834275610187895e+00
1.446063466748148230e+00,1.446063466748148230e+00
1.669866775171841011e+00,1.669866775171841011e+00
1.789597007685472807e-01,1.789597007685472807e-01
-1.462717363273409399e+00,-1.462717363273409399e+00
-1.180811898310450303e+00,-1.180811898310450303e+00
7.239452947529401161e-02,7.239452947529401161e-02
-7.091387827207832339e-01,-7.091387827207832339e-01
-2.357869317752610272e-01,-2.357869317752610272e-01
-1.798494711780542765e+00,-1.798494711780542765e+00
2.294423645450212046e+00,2.294423645450212046e+00
1.340876085366411230e+00,1.340876085366411230e+00
3.350137573574932137e+00,3.350137573574932137e+00
1.200775935215356416e+00,1.200775935215356416e+00
1.627459304671375673e+00,1.627459304671375673e+00
4.307584770174222477e+00,4.307584770174222477e+00
2.180039918277752342e+00,2.180039918277752342e+00
1.992148483333977760e+00,1.992148483333977760e+00
1.032120897078532495e+00,1.032120897078532495e+00
2.458107411762640915e+00,2.458107411762640915e+00
-9.939855213974144732e-01,-9.939855213974144732e-01
1.435047537867124579e+00,1.435047537867124579e+00
1.782605541867537280e+00,1.782605541867537280e+00
-4.423144597352643981e-01,-4.423144597352643981e-01
-8.954935822698913972e-01,-8.954935822698913972e-01
1.557219923997705147e+00,1.557219923997705147e+00
-2.399240975366168371e-01,-2.399240975366168371e-01
4.668087453615591409e-01,4.668087453615591409e-01
1.697822272404709287e-01,1.697822272404709287e-01
2.395803511822153009e+00,2.395803511822153009e+00
9.655414848578186549e-01,9.655414848578186549e-01
1.071525250771794724e+00,1.071525250771794724e+00
7.981876915601933131e-01,7.981876915601933131e-01
-1.240530289102712125e+00,-1.240530289102712125e+00
-4.534459706320596861e-02,-4.534459706320596861e-02
9.543963310831239388e-01,9.543963310831239388e-01
-8.141351379832005852e-01,-8.141351379832005852e-01
-7.378225479404233456e-01,-7.378225479404233456e-01
7.565263789809800743e-01,7.565263789809800743e-01
-6.438955094290044201e-02,-6.438955094290044201e-02
-1.063300080754476129e+00,-1.063300080754476129e+00
6.200648050416951440e-01,6.200648050416951440e-01
-2.042259166974008444e+00,-2.042259166974008444e+00
1.909110391038250976e+00,1.909110391038250976e+00
3.413967962303454118e-01,3.413967962303454118e-01
-8.868468750020500613e-01,-8.868468750020500613e-01
1.117417204351137394e-01,1.117417204351137394e-01
4.762909230452082587e-01,4.762909230452082587e-01
2.326088015137231402e+00,2.326088015137231402e+00
2.028472610944184851e+00,2.028472610944184851e+00
-5.580060333878517076e-02,-5.580060333878517076e-02
9.214099567861060436e-01,9.214099567861060436e-01
8.177496828223695946e-01,8.177496828223695946e-01
7.013227674186606198e-02,7.013227674186606198e-02
-4.105114733085368783e-01,-4.105114733085368783e-01
4.114704446434365170e-01,4.114704446434365170e-01
-4.987473775954168187e-01,-4.987473775954168187e-01
-8.979590335760611122e-03,-8.979590335760611122e-03
-2.941707105571696179e-02,-2.941707105571696179e-02
-1.901395793098688447e+00,-1.901395793098688447e+00
8.762068183051163750e-01,8.762068183051163750e-01
-1.856154283300581076e+00,-1.856154283300581076e+00
5.966964281034098372e-01,5.966964281034098372e-01
7.931418230903963806e-01,7.931418230903963806e-01
-2.579784539698460222e+00,-2.579784539698460222e+00
-2.343924019031759232e-01,-2.343924019031759232e-01
3.408845888645636868e-02,3.408845888645636868e-02
5.832459832493644969e-01,5.832459832493644969e-01
1.750567019409325464e+00,1.750567019409325464e+00
2.728021234813389762e-01,2.728021234813389762e-01
-2.297130166505944593e-01,-2.297130166505944593e-01
2.959191429687546560e+00,2.959191429687546560e+00
9.408929466211283232e-01,9.408929466211283232e-01
2.080524365299564471e-01,2.080524365299564471e-01
3.187214131843840725e-01,3.187214131843840725e-01
-3.774067747751335689e-01,-3.774067747751335689e-01
-5.480558025409958400e-01,-5.480558025409958400e-01
-6.973666044999975167e-02,-6.973666044999975167e-02
6.142911192785827090e-01,6.142911192785827090e-01
2.998608230353674298e-01,2.998608230353674298e-01
4.148365892169466052e-01,4.148365892169466052e-01
9.173189328217701277e-03,9.173189328217701277e-03
4.729886617690543527e-01,4.729886617690543527e-01
9.979192463370938071e-02,9.979192463370938071e-02
2.389469350787637225e+00,2.389469350787637225e+00
-7.655173564627453242e-01,-7.655173564627453242e-01
2.677507108872533959e+00,2.677507108872533959e+00
-2.391796126979055526e+00,-2.391796126979055526e+00
2.090876455721972338e+00,2.090876455721972338e+00
-1.131210969888541973e+00,-1.131210969888541973e+00
8.181128977380085487e-01,8.181128977380085487e-01
9.028667851984387704e-01,9.028667851984387704e-01
1.211066883509684500e+00,1.211066883509684500e+00
1.029739911534168328e+00,1.029739911534168328e+00
3.192322713414430968e+00,3.192322713414430968e+00
2.299621289333643182e-01,2.299621289333643182e-01
2.569397963029801168e+00,2.569397963029801168e+00
9.629431774967212032e-01,9.629431774967212032e-01
3.274485499139362377e-01,3.274485499139362377e-01
1.100359889604585639e+00,1.100359889604585639e+00
-1.370376401094023811e+00,-1.370376401094023811e+00
1.670860771183225291e+00,1.670860771183225291e+00
1.215040945858191446e+00,1.215040945858191446e+00
-1.548220728080809128e+00,-1.548220728080809128e+00
-8.956678539197110434e-01,-8.956678539197110434e-01
-1.800159310944655089e-01,-1.800159310944655089e-01
3.017492090879218214e+00,3.017492090879218214e+00
-2.457620355436465065e+00,-2.457620355436465065e+00
4.460678001058067665e-01,4.460678001058067665e-01
4.036997612237441579e+00,4.036997612237441579e+00
2.796797910676155352e-01,2.796797910676155352e-01
2.715510528705976645e-01,2.715510528705976645e-01
-2.909055855263982249e-01,-2.909055855263982249e-01
1.237182476348436477e+00,1.237182476348436477e+00
1.196820799825286219e+00,1.196820799825286219e+00
1.497357120960223886e+00,1.497357120960223886e+00
-5.535578607365005954e-01,-5.535578607365005954e-01
5.439675125765195407e-01,5.439675125765195407e-01
4.370854547701647497e-01,4.370854547701647497e-01
6.699110678072681679e-01,6.699110678072681679e-01
2.004579770027236751e+00,2.004579770027236751e+00
-6.721611548852058915e-01,-6.721611548852058915e-01
-1.217078789749648227e+00,-1.217078789749648227e+00
7.461552344261046521e-01,7.461552344261046521e-01
-9.825262204258694565e-01,-9.825262204258694565e-01
-1.975755583863650688e+00,-1.975755583863650688e+00
-9.962193144050542903e-01,-9.962193144050542903e-01
-8.543497854125686741e-01,-8.543497854125686741e-01
2.343038582084102650e+00,2.343038582084102650e+00
1.953189042567389233e+00,1.953189042567389233e+00
-1.208987021638529891e+00,-1.208987021638529891e+00
2.919137573382168060e+00,2.919137573382168060e+00
3.074070645216909203e-01,3.074070645216909203e-01
9.009578382127269025e-01,9.009578382127269025e-01
2.618951214526837212e+00,2.618951214526837212e+00
-7.973338669799301393e-01,-7.973338669799301393e-01
-8.421857796136703600e-01,-8.421857796136703600e-01
4.606224523320544550e-01,4.606224523320544550e-01
-1.623775881948664179e-01,-1.623775881948664179e-01
-3.128495881213643859e+00,-3.128495881213643859e+00
5.098365613935373908e-01,5.098365613935373908e-01
3.948221653093520356e+00,3.948221653093520356e+00
2.149337937652525010e+00,2.149337937652525010e+00
-8.034589170046216866e-01,-8.034589170046216866e-01
1.305074586682048343e+00,1.305074586682048343e+00
-1.586660182149039144e+00,-1.586660182149039144e+00
-1.073306554837259341e+00,-1.073306554837259341e+00
-1.339199069373327555e+00,-1.339199069373327555e+00
-9.102865222496638875e-01,-9.102865222496638875e-01
2.462698710998250939e-01,2.462698710998250939e-01
-5.517791892223883332e-01,-5.517791892223883332e-01
4.266897391065257450e-01,4.266897391065257450e-01
-8.776265926967063979e-01,-8.776265926967063979e-01
2.608729430099213875e+00,2.608729430099213875e+00
-1.386697477514082344e+00,-1.386697477514082344e+00
4.684892423661247141e-01,4.684892423661247141e-01
3.545793804049843234e-02,3.545793804049843234e-02
1.119173292160958511e+00,1.119173292160958511e+00
-1.557164103420621004e-01,-1.557164103420621004e-01
2.402455024763645863e-01,2.402455024763645863e-01
-2.872504030074298220e-01,-2.872504030074298220e-01
1.825268401604826174e+00,1.825268401604826174e+00
7.050430580458432184e-01,7.050430580458432184e-01
-1.358309117539721500e+00,-1.358309117539721500e+00
-3.261888303155942026e+00,-3.261888303155942026e+00
-1.322316065294402820e+00,-1.322316065294402820e+00
1.158530852139980638e+00,1.158530852139980638e+00
6.198643944050646198e-02,6.198643944050646198e-02
7.708080669093346771e-01,7.708080669093346771e-01
-2.125132567675011241e+00,-2.125132567675011241e+00
5.817394536872391025e-02,5.817394536872391025e-02
-3.099765871241652704e+00,-3.099765871241652704e+00
-1.002819411161434360e+00,-1.002819411161434360e+00
2.094267240262264185e-01,2.094267240262264185e-01
9.300874764861575272e-01,9.300874764861575272e-01
-2.014705507457712041e+00,-2.014705507457712041e+00
-1.425917770411128327e+00,-1.425917770411128327e+00
-7.113388655816093031e-01,-7.113388655816093031e-01
2.172753415949701505e+00,2.172753415949701505e+00
2.643195637953737354e+00,2.643195637953737354e+00
1.312575681094644064e+00,1.312575681094644064e+00
-8.601762939081272208e-01,-8.601762939081272208e-01
2.092025162135607186e+00,2.092025162135607186e+00
-3.863420606728705797e-01,-3.863420606728705797e-01
-7.144879163174139292e-02,-7.144879163174139292e-02
-6.363527881355487970e-02,-6.363527881355487970e-02
2.161840203951634454e+00,2.161840203951634454e+00
2.663107405057907773e+00,2.663107405057907773e+00
-1.122080809508876342e+00,-1.122080809508876342e+00
-1.251972500024135959e+00,-1.251972500024135959e+00
7.029484173796836100e-01,7.029484173796836100e-01
3.701520279271293679e-01,3.701520279271293679e-01
1.964406854926718182e+00,1.964406854926718182e+00
-1.948282917287794902e+00,-1.948282917287794902e+00
-3.103859736385609081e-01,-3.103859736385609081e-01
2.238170482010458651e-01,2.238170482010458651e-01
4.173134797582737920e-02,4.173134797582737920e-02
9.362215741217202458e-01,9.362215741217202458e-01
7.970238634113843146e-01,7.970238634113843146e-01
-5.555165073353514060e-01,-5.555165073353514060e-01
8.720644120608335159e-01,8.720644120608335159e-01
1.752296399292923690e+00,1.752296399292923690e+00
1.345333007659431201e+00,1.345333007659431201e+00
1.237856943912718277e+00,1.237856943912718277e+00
1.705802613258949663e+00,1.705802613258949663e+00
-3.153199420528382535e-01,-3.153199420528382535e-01
5.636121688187818446e-01,5.636121688187818446e-01
8.165327393134446110e-01,8.165327393134446110e-01
1.748474834282649493e+00,1.748474834282649493e+00
-1.407380855770823391e+00,-1.407380855770823391e+00
9.935889721954660470e-01,9.935889721954660470e-01
4.486005995456787687e+00,4.486005995456787687e+00
-5.728822460793383531e-01,-5.728822460793383531e-01
-1.070135917379407609e+00,-1.070135917379407609e+00
-2.106995342445617592e+00,-2.106995342445617592e+00
1.006116891382780931e+00,1.006116891382780931e+00
1.149411702223796405e+00,1.149411702223796405e+00
-6.487091339375011811e-01,-6.487091339375011811e-01
1.296723223100449962e+00,1.296723223100449962e+00
1.781020805370410631e+00,1.781020805370410631e+00
-1.323568681424473592e+00,-1.323568681424473592e+00
9.681059286644480011e-01,9.681059286644480011e-01
2.126016063690591373e+00,2.126016063690591373e+00
-1.780845772642300151e+00,-1.780845772642300151e+00
-6.030304018959103951e-01,-6.030304018959103951e-01
1.395625228594440825e+00,1.395625228594440825e+00
1.928449693394675979e-01,1.928449693394675979e-01
2.128652276082413586e+00,2.128652276082413586e+00
6.908108508087817956e-03,6.908108508087817956e-03
2.850824153987782772e+00,2.850824153987782772e+00
-2.625639940908143788e-01,-2.625639940908143788e-01
-9.423983223553843436e-01,-9.423983223553843436e-01
7.768415800305351615e-01,7.768415800305351615e-01
3.097073660920822480e+00,3.097073660920822480e+00
1.072926746422793627e-02,1.072926746422793627e-02
-7.080186320939635403e-01,-7.080186320939635403e-01
2.086567339764343387e+00,2.086567339764343387e+00
-1.281368834550773883e+00,-1.281368834550773883e+00
7.123318087432433110e-01,7.123318087432433110e-01
-2.163631046312751494e+00,-2.163631046312751494e+00
4.377011670435822510e-01,4.377011670435822510e-01
-1.106235163202263783e-01,-1.106235163202263783e-01
-1.307558527146787331e+00,-1.307558527146787331e+00
1.090502921659668889e+00,1.090502921659668889e+00
-3.952765248700017553e-01,-3.952765248700017553e-01
-1.844939944812338473e+00,-1.844939944812338473e+00
-4.902561323860126774e-01,-4.902561323860126774e-01
-1.744275677915842593e+00,-1.744275677915842593e+00
1.575201195561596546e+00,1.575201195561596546e+00
-3.780141728912677634e-01,-3.780141728912677634e-01
9.590079746734043731e-01,9.590079746734043731e-01
1.380248206199863992e+00,1.380248206199863992e+00
5.415606208701759239e-02,5.415606208701759239e-02
-8.023223951589717462e-01,-8.023223951589717462e-01
7.037899826527158620e-01,7.037899826527158620e-01
-7.873871161018959342e-01,-7.873871161018959342e-01
9.475621753556099369e-01,9.475621753556099369e-01
-1.426609892825823067e+00,-1.426609892825823067e+00
2.051176099148487975e+00,2.051176099148487975e+00
3.071847494577958582e+00,3.071847494577958582e+00
2.502804677499125940e+00,2.502804677499125940e+00
5.356557458288714324e-01,5.356557458288714324e-01
2.832835344455104210e+00,2.832835344455104210e+00
-4.382754355913037747e-01,-4.382754355913037747e-01
1.607926043688004736e+00,1.607926043688004736e+00
2.869917507153817215e+00,2.869917507153817215e+00
-6.433097046913374140e-01,-6.433097046913374140e-01
1.405076453933542080e+00,1.405076453933542080e+00
-4.631180169712196815e-01,-4.631180169712196815e-01
-1.827534164138803652e+00,-1.827534164138803652e+00
1.194211401798818351e+00,1.194211401798818351e+00
1.990153867119342834e+00,1.990153867119342834e+00
1.161676365864109162e+00,1.161676365864109162e+00
-7.863317063862604872e-01,-7.863317063862604872e-01
-1.072069133144943898e+00,-1.072069133144943898e+00
-1.582208344934788347e+00,-1.582208344934788347e+00
1.111698148301398792e+00,1.111698148301398792e+00
-6.910855702650100518e-01,-6.910855702650100518e-01
8.189923019836461426e-01,8.189923019836461426e-01
-1.033749118625719055e+00,-1.033749118625719055e+00
-2.087889489482348981e+00,-2.087889489482348981e+00
8.150144649498524130e-01,8.150144649498524130e-01
4.892509249648961944e-01,4.892509249648961944e-01
-7.785444908085240590e-01,-7.785444908085240590e-01
-1.436791500200828242e+00,-1.436791500200828242e+00
6.476836801079485229e-01,6.476836801079485229e-01
3.269594075228605679e-01,3.269594075228605679e-01
8.355166706869729953e-01,8.355166706869729953e-01
2.818196761469447531e-01,2.818196761469447531e-01
1.304462016768344723e+00,1.304462016768344723e+00
3.859144458977088465e-01,3.859144458977088465e-01
1.567370457131387118e+00,1.567370457131387118e+00
2.879660126573125645e+00,2.879660126573125645e+00
9.469314586620536378e-02,9.469314586620536378e-02
-1.093931741725591156e-01,-1.093931741725591156e-01
1.180069342213673211e+00,1.180069342213673211e+00
9.298492380392098244e-01,9.298492380392098244e-01
-7.689266710474126909e-02,-7.689266710474126909e-02
2.249946271047318813e+00,2.249946271047318813e+00
-2.440674079569687294e+00,-2.440674079569687294e+00
1.369337361397329644e+00,1.369337361397329644e+00
4.082568722479586465e-01,4.082568722479586465e-01
-2.120990416934116496e+00,-2.120990416934116496e+00
6.979017636040231176e-01,6.979017636040231176e-01
-2.172517589564199714e+00,-2.172517589564199714e+00
-2.108421595955026984e+00,-2.108421595955026984e+00
1.786990681191759078e+00,1.786990681191759078e+00
1.109784531544108388e+00,1.109784531544108388e+00
-9.207451022727062284e-01,-9.207451022727062284e-01
5.642875688912489807e-01,5.642875688912489807e-01
2.155120821403117282e-01,2.155120821403117282e-01
1.855530778889697752e+00,1.855530778889697752e+00
3.239185195045475751e+00,3.239185195045475751e+00
2.196749714457325808e+00,2.196749714457325808e+00
-1.181329291277489618e-01,-1.181329291277489618e-01
3.848489770739427218e-01,3.848489770739427218e-01
