-9.631345691896531225e-02,-9.631345691896531225e-02
-1.021180755665058171e-01,-1.021180755665058171e-01
-6.635944126004850174e-02,-6.635944126004850174e-02
-7.590010995119297887e-02,-7.590010995119297887e-02
-1.021057913207782109e-01,-1.021057913207782109e-01
-7.912499281157764353e-02,-7.912499281157764353e-02
-1.140736503928565515e-01,-1.140736503928565515e-01
-7.643163291399815429e-02,-7.643163291399815429e-02
-7.816628465948370630e-02,-7.816628465948370630e-02
-1.079925026273385880e-01,-1.079925026273385880e-01
-6.321877391499682031e-02,-6.321877391499682031e-02
-8.062335403393550148e-02,-8.062335403393550148e-02
-8.871809260448139389e-02,-8.871809260448139389e-02
-8.591847372745567424e-02,-8.591847372745567424e-02
-6.242686082115759399e-02,-6.242686082115759399e-02
-1.082275911127255907e-01,-1.082275911127255907e-01
-1.069044515373694382e-01,-1.069044515373694382e-01
-7.163217821081196979e-02,-7.163217821081196979e-02
-1.111102832203002960e-01,-1.111102832203002960e-01
-9.821370827952108362e-02,-9.821370827952108362e-02
-7.372207326026476715e-02,-7.372207326026476715e-02
-8.288726442134061734e-02,-8.288726442134061734e-02
-1.067605104351659062e-01,-1.067605104351659062e-01
-1.073815965302103020e-01,-1.073815965302103020e-01
-8.728438244370731458e-02,-8.728438244370731458e-02
-7.595072574113287400e-02,-7.595072574113287400e-02
-1.123337131598708960e-01,-1.123337131598708960e-01
-6.853019793766935985e-02,-6.853019793766935985e-02
-5.640641374162932986e-02,-5.640641374162932986e-02
-9.765983827426080732e-02,-9.765983827426080732e-02
-6.939664001347192746e-02,-6.939664001347192746e-02
-8.728134959433356266e-02,-8.728134959433356266e-02
-5.092783071986147631e-02,-5.092783071986147631e-02
-1.050934071651930951e-01,-1.050934071651930951e-01
-9.160678222629325962e-02,-9.160678222629325962e-02
-7.368755856086132983e-02,-7.368755856086132983e-02
-8.513275400181125052e-02,-8.513275400181125052e-02
-6.924151369921506538e-02,-6.924151369921506538e-02
-8.193040018150707371e-02,-8.193040018150707371e-02
-7.377586860807300306e-02,-7.377586860807300306e-02
-1.004081895774699418e-01,-1.004081895774699418e-01
-7.841644167926258013e-02,-7.841644167926258013e-02
-9.689486346513472015e-02,-9.689486346513472015e-02
-6.906015311795327127e-02,-6.906015311795327127e-02
-1.133499587888034121e-01,-1.133499587888034121e-01
-6.866601371884767380e-02,-6.866601371884767380e-02
-1.104415957850276436e-01,-1.104415957850276436e-01
-5.555201391105533959e-02,-5.555201391105533959e-02
-9.982918785408430307e-02,-9.982918785408430307e-02
-5.958915885708820914e-02,-5.958915885708820914e-02
-9.835744214344639691e-02,-9.835744214344639691e-02
-8.063294579550156493e-02,-8.063294579550156493e-02
-1.034284961903967071e-01,-1.034284961903967071e-01
-1.061607344948006654e-01,-1.061607344948006654e-01
-8.029011474643513169e-02,-8.029011474643513169e-02
-5.720106338462514067e-02,-5.720106338462514067e-02
-9.414201317957783532e-02,-9.414201317957783532e-02
-1.090182684368880550e-01,-1.090182684368880550e-01
-2.253113316056950394e-02,-2.253113316056950394e-02
-9.410851560796246185e-02,-9.410851560796246185e-02
-1.075724087890398278e-01,-1.075724087890398278e-01
-4.609723239777296228e-02,-4.609723239777296228e-02
-9.370259209127580757e-02,-9.370259209127580757e-02
-1.127726263652366889e-01,-1.127726263652366889e-01
-8.385382904504787294e-02,-8.385382904504787294e-02
-5.041198850724339098e-02,-5.041198850724339098e-02
-9.697825451664063290e-02,-9.697825451664063290e-02
-1.035457464327653454e-01,-1.035457464327653454e-01
-6.621965538672250351e-02,-6.621965538672250351e-02
-6.878380114850488058e-02,-6.878380114850488058e-02
-1.073418878768182677e-01,-1.073418878768182677e-01
-6.884217507851675411e-02,-6.884217507851675411e-02
-7.523761839190562517e-02,-7.523761839190562517e-02
-1.120062305937031821e-01,-1.120062305937031821e-01
-1.024996391464409184e-01,-1.024996391464409184e-01
-1.177023605648435389e-01,-1.177023605648435389e-01
-8.603235219051333371e-02,-8.603235219051333371e-02
-8.129635536395515838e-02,-8.129635536395515838e-02
-8.301196800927859720e-02,-8.301196800927859720e-02
-8.080735749050163563e-02,-8.080735749050163563e-02
-9.564088149325422616e-02,-9.564088149325422616e-02
-1.107650663158029902e-01,-1.107650663158029902e-01
-9.733176648419505916e-02,-9.733176648419505916e-02
-4.567577089275150215e-02,-4.567577089275150215e-02
-8.908613601191164855e-02,-8.908613601191164855e-02
-9.632892127083066136e-02,-9.632892127083066136e-02
-9.648072823717737667e-02,-9.648072823717737667e-02
-1.056355146235954529e-01,-1.056355146235954529e-01
-8.940319453794599858e-02,-8.940319453794599858e-02
-1.333573795839351483e-01,-1.333573795839351483e-01
-1.173294558907156393e-01,-1.173294558907156393e-01
-7.397030547920574461e-02,-7.397030547920574461e-02
-8.364714711169179973e-02,-8.364714711169179973e-02
-1.038573741781640830e-01,-1.038573741781640830e-01
-1.273221567743998972e-01,-1.273221567743998972e-01
-1.181404425803068287e-01,-1.181404425803068287e-01
-1.063984432317729434e-01,-1.063984432317729434e-01
-8.329609280285793504e-02,-8.329609280285793504e-02
-1.009677443716353318e-01,-1.009677443716353318e-01
-9.396295716953161070e-02,-9.396295716953161070e-02
-6.530492491693502821e-02,-6.530492491693502821e-02
-8.123469002225797153e-02,-8.123469002225797153e-02
-7.484574697876197891e-02,-7.484574697876197891e-02
-8.604986636549605272e-02,-8.604986636549605272e-02
-6.724071518830998517e-02,-6.724071518830998517e-02
-8.676346330303480459e-02,-8.676346330303480459e-02
-5.493655619876607055e-02,-5.493655619876607055e-02
-8.806963114613786114e-02,-8.806963114613786114e-02
-1.119095722958664552e-01,-1.119095722958664552e-01
-1.030517029333327395e-01,-1.030517029333327395e-01
-1.216438741604706497e-01,-1.216438741604706497e-01
-8.484255944129542870e-02,-8.484255944129542870e-02
-7.200136907894527649e-02,-7.200136907894527649e-02
-9.186339542320109963e-02,-9.186339542320109963e-02
-9.828637850808455423e-02,-9.828637850808455423e-02
-9.874947018106298990e-02,-9.874947018106298990e-02
-7.850610309504144069e-02,-7.850610309504144069e-02
-8.074783938184451615e-02,-8.074783938184451615e-02
-8.361721605612115749e-02,-8.361721605612115749e-02
-8.015770963776197577e-02,-8.015770963776197577e-02
-8.910631882630448697e-02,-8.910631882630448697e-02
-1.022904561894597969e-01,-1.022904561894597969e-01
-8.502337693764894233e-02,-8.502337693764894233e-02
-5.710031507863951722e-02,-5.710031507863951722e-02
-1.050624185898789975e-01,-1.050624185898789975e-01
-9.027853232576002473e-02,-9.027853232576002473e-02
-1.089693013530629306e-01,-1.089693013530629306e-01
-5.755349734327040723e-02,-5.755349734327040723e-02
-5.549428716759151337e-02,-5.549428716759151337e-02
-5.219206181438190012e-02,-5.219206181438190012e-02
-1.052431756295552634e-01,-1.052431756295552634e-01
-1.089668787795532168e-01,-1.089668787795532168e-01
-9.271704232711283633e-02,-9.271704232711283633e-02
-9.239240488545882868e-02,-9.239240488545882868e-02
-1.222485470332719537e-01,-1.222485470332719537e-01
-4.068999845149388894e-02,-4.068999845149388894e-02
-8.680850952873712945e-02,-8.680850952873712945e-02
-8.486793916229584678e-02,-8.486793916229584678e-02
-8.240212020211482025e-02,-8.240212020211482025e-02
-1.212844276747708228e-01,-1.212844276747708228e-01
-9.670402794312470129e-02,-9.670402794312470129e-02
-9.218772018680557179e-02,-9.218772018680557179e-02
-6.980472996103948002e-02,-6.980472996103948002e-02
-1.059333760738717517e-01,-1.059333760738717517e-01
-7.305330329903943209e-02,-7.305330329903943209e-02
-1.073883869218092979e-01,-1.073883869218092979e-01
-8.782712231295769501e-02,-8.782712231295769501e-02
-8.976634295848845424e-02,-8.976634295848845424e-02
-8.171529303074158423e-02,-8.171529303074158423e-02
-8.719966986842894729e-02,-8.719966986842894729e-02
-9.460119585920823138e-02,-9.460119585920823138e-02
-7.301012176201708559e-02,-7.301012176201708559e-02
-6.760669102889878268e-02,-6.760669102889878268e-02
-8.065230638191378532e-02,-8.065230638191378532e-02
-1.061905033350206140e-01,-1.061905033350206140e-01
-7.191279797859242984e-02,-7.191279797859242984e-02
-9.244584200252953243e-02,-9.244584200252953243e-02
-8.687279893482191540e-02,-8.687279893482191540e-02
-9.825897325282817452e-02,-9.825897325282817452e-02
-7.469785145701472728e-02,-7.469785145701472728e-02
-1.166842272151129289e-01,-1.166842272151129289e-01
-9.586774175123316533e-02,-9.586774175123316533e-02
-9.077186967111985916e-02,-9.077186967111985916e-02
-1.168453900582703542e-01,-1.168453900582703542e-01
-7.090746955898269421e-02,-7.090746955898269421e-02
-9.382156683784953488e-02,-9.382156683784953488e-02
-1.145260819253999529e-01,-1.145260819253999529e-01
-1.021841549740007266e-01,-1.021841549740007266e-01
-1.002642882186123574e-01,-1.002642882186123574e-01
-6.575764907285408523e-02,-6.575764907285408523e-02
-9.550380146271819637e-02,-9.550380146271819637e-02
-1.004135126945922135e-01,-1.004135126945922135e-01
-6.863116571130069288e-02,-6.863116571130069288e-02
-8.218213386241057794e-02,-8.218213386241057794e-02
-1.135638337521795715e-01,-1.135638337521795715e-01
-8.629085844648053116e-02,-8.629085844648053116e-02
-1.045751936252657111e-01,-1.045751936252657111e-01
-1.020622418793290798e-01,-1.020622418793290798e-01
-8.178514712571977041e-02,-8.178514712571977041e-02
-7.345771657678946964e-02,-7.345771657678946964e-02
-8.716656845345635563e-02,-8.716656845345635563e-02
-9.502532269608471305e-02,-9.502532269608471305e-02
-1.006058567174235308e-01,-1.006058567174235308e-01
-1.030255190756348138e-01,-1.030255190756348138e-01
-7.230785341956187662e-02,-7.230785341956187662e-02
-9.895461578703908245e-02,-9.895461578703908245e-02
-1.069986214384990586e-01,-1.069986214384990586e-01
-1.036095421516976811e-01,-1.036095421516976811e-01
-9.758756555684039435e-02,-9.758756555684039435e-02
-9.443220924390245685e-02,-9.443220924390245685e-02
-7.828717210552799122e-02,-7.828717210552799122e-02
-7.839530648024176096e-02,-7.839530648024176096e-02
-4.693490419169336209e-02,-4.693490419169336209e-02
-7.343976001511966223e-02,-7.343976001511966223e-02
-8.498455989505337982e-02,-8.498455989505337982e-02
-6.978161652250880476e-02,-6.978161652250880476e-02
-9.888266532960787725e-02,-9.888266532960787725e-02
-8.674951956524357133e-02,-8.674951956524357133e-02
-1.123408193926654780e-01,-1.123408193926654780e-01
-8.054148052501872157e-02,-8.054148052501872157e-02
-9.308133474539739827e-02,-9.308133474539739827e-02
-9.422574466636074453e-02,-9.422574466636074453e-02
-1.179710346566474055e-01,-1.179710346566474055e-01
-7.047166814330976803e-02,-7.047166814330976803e-02
-8.235047415839405471e-02,-8.235047415839405471e-02
-1.050872333345115317e-01,-1.050872333345115317e-01
-1.133628676460715357e-01,-1.133628676460715357e-01
-7.662550484326281774e-02,-7.662550484326281774e-02
-9.151430270475884032e-02,-9.151430270475884032e-02
-7.703632908322093076e-02,-7.703632908322093076e-02
-1.133303382907570600e-01,-1.133303382907570600e-01
-8.879646656530311433e-02,-8.879646656530311433e-02
-1.223132988811094224e-01,-1.223132988811094224e-01
-5.541968367732208467e-02,-5.541968367732208467e-02
-1.076580005751245073e-01,-1.076580005751245073e-01
-8.572536227801380582e-02,-8.572536227801380582e-02
-9.164482956417444037e-02,-9.164482956417444037e-02
-1.032284037526474407e-01,-1.032284037526474407e-01
-9.017017143573660687e-02,-9.017017143573660687e-02
-8.168284102608974750e-02,-8.168284102608974750e-02
-8.655679594856334480e-02,-8.655679594856334480e-02
-6.809177112155612166e-02,-6.809177112155612166e-02
-1.303143714219041627e-01,-1.303143714219041627e-01
-8.857639148739125667e-02,-8.857639148739125667e-02
-8.403655666255537005e-02,-8.403655666255537005e-02
-8.868753133485160478e-02,-8.868753133485160478e-02
-8.898763425760808365e-02,-8.898763425760808365e-02
-8.132323210596929808e-02,-8.132323210596929808e-02
-1.076879523601284583e-01,-1.076879523601284583e-01
-6.360730168090852898e-02,-6.360730168090852898e-02
-7.162475135582829777e-02,-7.162475135582829777e-02
-1.016235630675796364e-01,-1.016235630675796364e-01
-7.347253030953042330e-02,-7.347253030953042330e-02
-9.901561446141579625e-02,-9.901561446141579625e-02
-6.146098640227830312e-02,-6.146098640227830312e-02
-8.820500350065672845e-02,-8.820500350065672845e-02
-1.105326183268879603e-01,-1.105326183268879603e-01
-9.095700663845920908e-02,-9.095700663845920908e-02
-8.835889786967882076e-02,-8.835889786967882076e-02
-9.778378496323889002e-02,-9.778378496323889002e-02
-6.810899388574503943e-02,-6.810899388574503943e-02
-7.490051653440807367e-02,-7.490051653440807367e-02
-8.943351511930514031e-02,-8.943351511930514031e-02
-8.703125876349901424e-02,-8.703125876349901424e-02
-1.060904998789280879e-01,-1.060904998789280879e-01
-7.244742091942391049e-02,-7.244742091942391049e-02
-8.680757063538796503e-02,-8.680757063538796503e-02
-8.667999102683079937e-02,-8.667999102683079937e-02
-5.736190426640914997e-02,-5.736190426640914997e-02
-9.294391716566796635e-02,-9.294391716566796635e-02
-1.057953032198763327e-01,-1.057953032198763327e-01
-9.288298548717822956e-02,-9.288298548717822956e-02
-8.616815749904761790e-02,-8.616815749904761790e-02
-9.472132761684809443e-02,-9.472132761684809443e-02
-7.431568419173482931e-02,-7.431568419173482931e-02
-1.001266694709843086e-01,-1.001266694709843086e-01
-1.432074758795820191e-01,-1.432074758795820191e-01
-7.566529555813017449e-02,-7.566529555813017449e-02
-9.131136574786240245e-02,-9.131136574786240245e-02
-1.205904090547142704e-01,-1.205904090547142704e-01
-9.596941294947841650e-02,-9.596941294947841650e-02
-1.393844355536434376e-01,-1.393844355536434376e-01
-9.806890628443638847e-02,-9.806890628443638847e-02
-7.938623724986809682e-02,-7.938623724986809682e-02
-7.471890391823643451e-02,-7.471890391823643451e-02
-8.538109578415752077e-02,-8.538109578415752077e-02
-9.851900619959017003e-02,-9.851900619959017003e-02
-1.507932888525731485e-01,-1.507932888525731485e-01
-1.378620612911207466e-01,-1.378620612911207466e-01
-7.146024055090306748e-02,-7.146024055090306748e-02
-1.163922076793089538e-01,-1.163922076793089538e-01
-1.008862662185549541e-01,-1.008862662185549541e-01
-1.419356098920309672e-01,-1.419356098920309672e-01
-1.119074741082346225e-01,-1.119074741082346225e-01
-8.818448737615688926e-02,-8.818448737615688926e-02
-7.158992390691384933e-02,-7.158992390691384933e-02
-9.383363676818834431e-02,-9.383363676818834431e-02
-4.284680948023413677e-02,-4.284680948023413677e-02
-9.284051630441908509e-02,-9.284051630441908509e-02
-1.202119498921669083e-01,-1.202119498921669083e-01
-6.495430495446929964e-02,-6.495430495446929964e-02
-1.392081503034942047e-01,-1.392081503034942047e-01
-9.106616848683624088e-02,-9.106616848683624088e-02
-6.662746923141149580e-02,-6.662746923141149580e-02
-1.118262889606317367e-01,-1.118262889606317367e-01
-5.145292399046229315e-02,-5.145292399046229315e-02
-6.548907845649332149e-02,-6.548907845649332149e-02
-9.649942751508666650e-02,-9.649942751508666650e-02
-9.155866654635499979e-02,-9.155866654635499979e-02
-8.250585044222372155e-02,-8.250585044222372155e-02
-5.987143323443878951e-02,-5.987143323443878951e-02
-7.574295324563767862e-02,-7.574295324563767862e-02
-1.072360988383676689e-01,-1.072360988383676689e-01
-8.712560011182685082e-02,-8.712560011182685082e-02
-1.158120670719439277e-01,-1.158120670719439277e-01
-9.304467440640762366e-02,-9.304467440640762366e-02
-8.297791388998836115e-02,-8.297791388998836115e-02
-1.129638587975743957e-01,-1.129638587975743957e-01
-7.763912659788949067e-02,-7.763912659788949067e-02
-1.125383018053364992e-01,-1.125383018053364992e-01
-1.141865038141625238e-01,-1.141865038141625238e-01
-8.555087094104904533e-02,-8.555087094104904533e-02
-6.287803020791993269e-02,-6.287803020791993269e-02
-7.630119139446077392e-02,-7.630119139446077392e-02
-1.166789559046547409e-01,-1.166789559046547409e-01
-9.627638396797930098e-02,-9.627638396797930098e-02
-8.511043243011182091e-02,-8.511043243011182091e-02
-5.539933521086728985e-02,-5.539933521086728985e-02
-1.085491385948936793e-01,-1.085491385948936793e-01
-9.194978528682244689e-02,-9.194978528682244689e-02
-9.291142889662035165e-02,-9.291142889662035165e-02
-7.444516540206727595e-02,-7.444516540206727595e-02
-1.080980597926832487e-01,-1.080980597926832487e-01
-8.448570698702861925e-02,-8.448570698702861925e-02
-6.751163513911967451e-02,-6.751163513911967451e-02
-1.056524868388890037e-01,-1.056524868388890037e-01
-8.521164316328098953e-02,-8.521164316328098953e-02
-7.405448186173255176e-02,-7.405448186173255176e-02
-8.450496646973808257e-02,-8.450496646973808257e-02
-6.038418212495418741e-02,-6.038418212495418741e-02
-1.042563774095898177e-01,-1.042563774095898177e-01
-6.695699279282486815e-02,-6.695699279282486815e-02
-6.673620812273922676e-02,-6.673620812273922676e-02
-8.147289202581239898e-02,-8.147289202581239898e-02
-1.051209882619723868e-01,-1.051209882619723868e-01
-8.608180406079676827e-02,-8.608180406079676827e-02
-9.339325302760073666e-02,-9.339325302760073666e-02
-1.042017212444489860e-01,-1.042017212444489860e-01
-1.119982836030831014e-01,-1.119982836030831014e-01
-9.379216017126576488e-02,-9.379216017126576488e-02
-8.888237293630188440e-02,-8.888237293630188440e-02
-8.023471604407442226e-02,-8.023471604407442226e-02
-8.347414849077648691e-02,-8.347414849077648691e-02
-8.679406405190998042e-02,-8.679406405190998042e-02
-1.122928993155888899e-01,-1.122928993155888899e-01
-8.169844524874725344e-02,-8.169844524874725344e-02
-9.241081023956433660e-02,-9.241081023956433660e-02
-8.145970781534399296e-02,-8.145970781534399296e-02
-7.211411124574823583e-02,-7.211411124574823583e-02
-3.609730420358581160e-02,-3.609730420358581160e-02
-9.340572193661081379e-02,-9.340572193661081379e-02
-1.001905848465892701e-01,-1.001905848465892701e-01
-1.124904368728136400e-01,-1.124904368728136400e-01
-9.528956076969127831e-02,-9.528956076969127831e-02
-9.026475220357246809e-02,-9.026475220357246809e-02
-1.051145031405514713e-01,-1.051145031405514713e-01
-8.445071660957328974e-02,-8.445071660957328974e-02
-5.597809288878610734e-02,-5.597809288878610734e-02
-1.097136889193110754e-01,-1.097136889193110754e-01
-6.920161124688573029e-02,-6.920161124688573029e-02
-6.710143296779963462e-02,-6.710143296779963462e-02
-9.771437292997776913e-02,-9.771437292997776913e-02
-8.360573896446989173e-02,-8.360573896446989173e-02
-8.181079505278433806e-02,-8.181079505278433806e-02
-1.011557761643310654e-01,-1.011557761643310654e-01
-6.508708484723370324e-02,-6.508708484723370324e-02
-5.725439401752612650e-02,-5.725439401752612650e-02
-7.655038821274556815e-02,-7.655038821274556815e-02
-9.655660849478359120e-02,-9.655660849478359120e-02
-8.343357541455700965e-02,-8.343357541455700965e-02
-8.957785423583074225e-02,-8.957785423583074225e-02
-6.099314471764857859e-02,-6.099314471764857859e-02
-9.248936515230396505e-02,-9.248936515230396505e-02
-9.914287313498088006e-02,-9.914287313498088006e-02
-8.543071557548320705e-02,-8.543071557548320705e-02
-8.818224827533864552e-02,-8.818224827533864552e-02
-9.244600147562279102e-02,-9.244600147562279102e-02
-5.615295402615266829e-02,-5.615295402615266829e-02
-7.219300994913291358e-02,-7.219300994913291358e-02
-1.023723389639249748e-01,-1.023723389639249748e-01
-9.421240818359336022e-02,-9.421240818359336022e-02
-8.960071231222051236e-02,-8.960071231222051236e-02
-1.029257894742293677e-01,-1.029257894742293677e-01
-7.955556818991493806e-02,-7.955556818991493806e-02
-7.112658714620861966e-02,-7.112658714620861966e-02
-8.714739875567401040e-02,-8.714739875567401040e-02
-1.011329541865042536e-01,-1.011329541865042536e-01
-9.142490666570018965e-02,-9.142490666570018965e-02
-1.125047724298425533e-01,-1.125047724298425533e-01
-8.137796333819896644e-02,-8.137796333819896644e-02
-5.765200062710963691e-02,-5.765200062710963691e-02
-6.775456349522254729e-02,-6.775456349522254729e-02
-8.265218636204760272e-02,-8.265218636204760272e-02
-1.033842098116441871e-01,-1.033842098116441871e-01
-1.028914244786250654e-01,-1.028914244786250654e-01
-9.537239176169766408e-02,-9.537239176169766408e-02
-1.131739812749295443e-01,-1.131739812749295443e-01
-1.035239178221352141e-01,-1.035239178221352141e-01
-1.199777292042938925e-01,-1.199777292042938925e-01
-8.911512516899719460e-02,-8.911512516899719460e-02
-9.061870006748226625e-02,-9.061870006748226625e-02
-1.124445197447522804e-01,-1.124445197447522804e-01
-9.263257127086327314e-02,-9.263257127086327314e-02
-9.234238171880956858e-02,-9.234238171880956858e-02
-9.623089670547625707e-02,-9.623089670547625707e-02
-7.588579439084400247e-02,-7.588579439084400247e-02
-6.986420313743157973e-02,-6.986420313743157973e-02
-9.060801676022835205e-02,-9.060801676022835205e-02
-1.427964735555763143e-01,-1.427964735555763143e-01
-9.038000860836234440e-02,-9.038000860836234440e-02
-8.822550049115576720e-02,-8.822550049115576720e-02
-7.359213999281125074e-02,-7.359213999281125074e-02
-6.229051252570205754e-02,-6.229051252570205754e-02
-6.844036744128954852e-02,-6.844036744128954852e-02
-3.248811383047267576e-02,-3.248811383047267576e-02
-4.830027039754707791e-02,-4.830027039754707791e-02
-9.426896336720218261e-02,-9.426896336720218261e-02
-8.088173701830607409e-02,-8.088173701830607409e-02
-9.832250372222721413e-02,-9.832250372222721413e-02
-6.888619381338634273e-02,-6.888619381338634273e-02
-7.747859023691903990e-02,-7.747859023691903990e-02
-6.388515336760089425e-02,-6.388515336760089425e-02
-1.109991345921264583e-01,-1.109991345921264583e-01
-6.070251429167232426e-02,-6.070251429167232426e-02
-8.655335244748121881e-02,-8.655335244748121881e-02
-8.734819196912074757e-02,-8.734819196912074757e-02
-9.846379603979980855e-02,-9.846379603979980855e-02
-7.319109624484029797e-02,-7.319109624484029797e-02
-8.036407372718701314e-02,-8.036407372718701314e-02
-9.356589658416070154e-02,-9.356589658416070154e-02
-8.601305800957288750e-02,-8.601305800957288750e-02
-7.327567345639608709e-02,-7.327567345639608709e-02
-9.337499800357501600e-02,-9.337499800357501600e-02
-8.611770800896301203e-02,-8.611770800896301203e-02
-9.102353133497029236e-02,-9.102353133497029236e-02
-1.034754359757295156e-01,-1.034754359757295156e-01
-7.462849459471918023e-02,-7.462849459471918023e-02
-7.235312261646359433e-02,-7.235312261646359433e-02
-9.036398498308476079e-02,-9.036398498308476079e-02
-9.245828089878294076e-02,-9.245828089878294076e-02
-9.525495952284239454e-02,-9.525495952284239454e-02
-6.921560605719759285e-02,-6.921560605719759285e-02
-9.873587377712214619e-02,-9.873587377712214619e-02
-5.610558382433757790e-02,-5.610558382433757790e-02
-6.142160614004771313e-02,-6.142160614004771313e-02
-3.568896615326144772e-02,-3.568896615326144772e-02
-1.257858811331624138e-01,-1.257858811331624138e-01
-4.609028145275159694e-02,-4.609028145275159694e-02
-8.519027063350675943e-02,-8.519027063350675943e-02
-1.003879384697234922e-01,-1.003879384697234922e-01
-9.492022115806261762e-02,-9.492022115806261762e-02
-8.391337930109067644e-02,-8.391337930109067644e-02
-1.016115551280884211e-01,-1.016115551280884211e-01
-7.971195447521575717e-02,-7.971195447521575717e-02
-9.584050814893113612e-02,-9.584050814893113612e-02
-8.552541128198148934e-02,-8.552541128198148934e-02
-1.361112522618275755e-01,-1.361112522618275755e-01
-8.874267724094159204e-02,-8.874267724094159204e-02
-7.893734164282165122e-02,-7.893734164282165122e-02
-1.019418118695919334e-01,-1.019418118695919334e-01
-9.558473972503389593e-02,-9.558473972503389593e-02
-7.554401293386506233e-02,-7.554401293386506233e-02
-9.097714912424223477e-02,-9.097714912424223477e-02
-6.182178299220497664e-02,-6.182178299220497664e-02
-1.095242809448764010e-01,-1.095242809448764010e-01
-9.261880326135116248e-02,-9.261880326135116248e-02
-1.201936034066048986e-01,-1.201936034066048986e-01
-5.483365877070213446e-02,-5.483365877070213446e-02
-1.046193976474792259e-01,-1.046193976474792259e-01
-9.284850763689742048e-02,-9.284850763689742048e-02
-1.198124149394892146e-01,-1.198124149394892146e-01
-9.595918786486615226e-02,-9.595918786486615226e-02
-1.039113369653414110e-01,-1.039113369653414110e-01
-6.643222895968953212e-02,-6.643222895968953212e-02
-5.913762473230656236e-02,-5.913762473230656236e-02
-7.116441517880955914e-02,-7.116441517880955914e-02
-8.068147309063786188e-02,-8.068147309063786188e-02
-1.078901487251113928e-01,-1.078901487251113928e-01
-9.116904420340374293e-02,-9.116904420340374293e-02
-6.816325396088428190e-02,-6.816325396088428190e-02
-8.803652514925286443e-02,-8.803652514925286443e-02
-1.022040607067996321e-01,-1.022040607067996321e-01
-8.961506771204194588e-02,-8.961506771204194588e-02
-7.475200362306338997e-02,-7.475200362306338997e-02
-5.383768925332345356e-02,-5.383768925332345356e-02
-1.034753685264533096e-01,-1.034753685264533096e-01
-1.112867310059877379e-01,-1.112867310059877379e-01
-6.343012004617695765e-02,-6.343012004617695765e-02
-9.183108545096899111e-02,-9.183108545096899111e-02
-9.418639514243536126e-02,-9.418639514243536126e-02
-8.110953033693049652e-02,-8.110953033693049652e-02
-1.187195385132668313e-01,-1.187195385132668313e-01
-1.213560043288594847e-01,-1.213560043288594847e-01
-4.912749138050994530e-02,-4.912749138050994530e-02
-1.004525329316449944e-01,-1.004525329316449944e-01
-1.203654808299072787e-01,-1.203654808299072787e-01
-8.118171221589398634e-02,-8.118171221589398634e-02
-9.136823601461283029e-02,-9.136823601461283029e-02
-9.200633069983077394e-02,-9.200633069983077394e-02
-7.879757729719996662e-02,-7.879757729719996662e-02
-1.066562602240453544e-01,-1.066562602240453544e-01
-9.303791071635925114e-02,-9.303791071635925114e-02
-9.315413994930502040e-02,-9.315413994930502040e-02
-6.675145459497955347e-02,-6.675145459497955347e-02
-1.053139319982269451e-01,-1.053139319982269451e-01
-7.459087205126374576e-02,-7.459087205126374576e-02
-8.857095849881788108e-02,-8.857095849881788108e-02
-5.519702364068198447e-02,-5.519702364068198447e-02
-1.086547107877678664e-01,-1.086547107877678664e-01
-9.221384363147411278e-02,-9.221384363147411278e-02
-5.555666393069913500e-02,-5.555666393069913500e-02
-9.506135725860766217e-02,-9.506135725860766217e-02
-7.077081689496274308e-02,-7.077081689496274308e-02
-1.335163715017483599e-01,-1.335163715017483599e-01
-3.200473840008149357e-02,-3.200473840008149357e-02
-7.218674829436094731e-02,-7.218674829436094731e-02
-7.711650674784222004e-02,-7.711650674784222004e-02
-8.711758052997604918e-02,-8.711758052997604918e-02
-7.657089315004025898e-02,-7.657089315004025898e-02
-7.088774135680284139e-02,-7.088774135680284139e-02
-7.984603693091300858e-02,-7.984603693091300858e-02
-9.980226538754226329e-02,-9.980226538754226329e-02
-9.284496791353927247e-02,-9.284496791353927247e-02
-8.266616876668494984e-02,-8.266616876668494984e-02
-9.078222094982424384e-02,-9.078222094982424384e-02
-9.342444487134873854e-02,-9.342444487134873854e-02
-8.305423184321369945e-02,-8.305423184321369945e-02
-8.804884749553883172e-02,-8.804884749553883172e-02
-8.389514278059635732e-02,-8.389514278059635732e-02
-8.132046953710664328e-02,-8.132046953710664328e-02
-8.058567588022660932e-02,-8.058567588022660932e-02
-1.121119543238578153e-01,-1.121119543238578153e-01
-9.444524523846603570e-02,-9.444524523846603570e-02
-9.641908624484474277e-02,-9.641908624484474277e-02
-1.018481180430947375e-01,-1.018481180430947375e-01
-6.736961351027388745e-02,-6.736961351027388745e-02
-5.237131151392068751e-02,-5.237131151392068751e-02
-9.992302612319906019e-02,-9.992302612319906019e-02
-7.648926995777538540e-02,-7.648926995777538540e-02
-1.086798729860740803e-01,-1.086798729860740803e-01
-6.880781873637334400e-02,-6.880781873637334400e-02
-8.491920238422157041e-02,-8.491920238422157041e-02
-8.140141519507623769e-02,-8.140141519507623769e-02
-5.624155617384991868e-02,-5.624155617384991868e-02
-9.597691075267440752e-02,-9.597691075267440752e-02
-9.038177946368630700e-02,-9.038177946368630700e-02
-8.340879688856689400e-02,-8.340879688856689400e-02
-6.473110621566208200e-02,-6.473110621566208200e-02
-7.271893845860742667e-02,-7.271893845860742667e-02
-1.121226919495350999e-01,-1.121226919495350999e-01
-9.340487356456361745e-02,-9.340487356456361745e-02
-6.541131658676144212e-02,-6.541131658676144212e-02
-8.219786558285305245e-02,-8.219786558285305245e-02
-1.173219534474421732e-01,-1.173219534474421732e-01
-9.213423687924129912e-02,-9.213423687924129912e-02
-1.064678639893330003e-01,-1.064678639893330003e-01
-9.241702528958425922e-02,-9.241702528958425922e-02
-7.019864069968090314e-02,-7.019864069968090314e-02
-7.238653037155122483e-02,-7.238653037155122483e-02
-8.611176996333712308e-02,-8.611176996333712308e-02
-6.342498956321784842e-02,-6.342498956321784842e-02
-8.428110388841615619e-02,-8.428110388841615619e-02
-9.755816664411401384e-02,-9.755816664411401384e-02
-7.033611818126694892e-02,-7.033611818126694892e-02
-5.753161586953371709e-02,-5.753161586953371709e-02
-7.756591941863597017e-02,-7.756591941863597017e-02
-6.180680198874722447e-02,-6.180680198874722447e-02
-8.724668690645470681e-02,-8.724668690645470681e-02
-8.647877936538629629e-02,-8.647877936538629629e-02
-6.716612129631115147e-02,-6.716612129631115147e-02
-8.874407496080768953e-02,-8.874407496080768953e-02
-9.315453934173163753e-02,-9.315453934173163753e-02
-9.893676190505530654e-02,-9.893676190505530654e-02
-6.873456755194529144e-02,-6.873456755194529144e-02
-8.421040537214793953e-02,-8.421040537214793953e-02
-6.809593013431097797e-02,-6.809593013431097797e-02
-1.144026920469157355e-01,-1.144026920469157355e-01
-6.206629479174370634e-02,-6.206629479174370634e-02
-9.155707227807378945e-02,-9.155707227807378945e-02
-1.160101222576776364e-01,-1.160101222576776364e-01
-7.173152801015879321e-02,-7.173152801015879321e-02
-9.444551749810697894e-02,-9.444551749810697894e-02
-8.364164057786407924e-02,-8.364164057786407924e-02
-8.466377786000996164e-02,-8.466377786000996164e-02
-7.700200876126463145e-02,-7.700200876126463145e-02
-7.974712558985487532e-02,-7.974712558985487532e-02
-7.396969094414058976e-02,-7.396969094414058976e-02
-9.540902665740691457e-02,-9.540902665740691457e-02
-1.020282597539495240e-01,-1.020282597539495240e-01
-1.112164213462810414e-01,-1.112164213462810414e-01
-1.149531725817857231e-01,-1.149531725817857231e-01
-1.104397411365888731e-01,-1.104397411365888731e-01
-1.055721679775184219e-01,-1.055721679775184219e-01
-7.664968493734075627e-02,-7.664968493734075627e-02
-1.207511524174884054e-01,-1.207511524174884054e-01
-7.524447981239733296e-02,-7.524447981239733296e-02
-8.387792465876479919e-02,-8.387792465876479919e-02
-6.498461883570058606e-02,-6.498461883570058606e-02
-6.817514676027175424e-02,-6.817514676027175424e-02
-7.916363491051588153e-02,-7.916363491051588153e-02
-1.018358682045926722e-01,-1.018358682045926722e-01
-5.128499400445395151e-02,-5.128499400445395151e-02
-6.866891514908901595e-02,-6.866891514908901595e-02
-7.125712577251122615e-02,-7.125712577251122615e-02
-6.129154956213512390e-02,-6.129154956213512390e-02
-8.165162629739197708e-02,-8.165162629739197708e-02
-5.081342201944111237e-02,-5.081342201944111237e-02
-1.026936828263963625e-01,-1.026936828263963625e-01
-1.176602406623429575e-01,-1.176602406623429575e-01
-1.369331715482359213e-01,-1.369331715482359213e-01
-5.891131550524422722e-02,-5.891131550524422722e-02
-8.324122545862200351e-02,-8.324122545862200351e-02
-4.744124934247179182e-02,-4.744124934247179182e-02
-8.897797182432934382e-02,-8.897797182432934382e-02
-8.098374825530171850e-02,-8.098374825530171850e-02
-8.597408180086792140e-02,-8.597408180086792140e-02
-1.105358065964350822e-01,-1.105358065964350822e-01
-8.116506214395916019e-02,-8.116506214395916019e-02
-1.036464950968421922e-01,-1.036464950968421922e-01
-1.206831681314200488e-01,-1.206831681314200488e-01
-6.951972400596610757e-02,-6.951972400596610757e-02
-9.126997644367525198e-02,-9.126997644367525198e-02
-8.142773493649935190e-02,-8.142773493649935190e-02
-6.562462315042101590e-02,-6.562462315042101590e-02
-7.488515151833644024e-02,-7.488515151833644024e-02
-9.719803643195662479e-02,-9.719803643195662479e-02
-1.078291993169206986e-01,-1.078291993169206986e-01
-7.685035012371624341e-02,-7.685035012371624341e-02
-8.399758519806745094e-02,-8.399758519806745094e-02
-8.469994704320826795e-02,-8.469994704320826795e-02
-8.784810650789132147e-02,-8.784810650789132147e-02
-6.598254919051216305e-02,-6.598254919051216305e-02
-9.090627720936009237e-02,-9.090627720936009237e-02
-9.223110591283736892e-02,-9.223110591283736892e-02
-8.466102304451682270e-02,-8.466102304451682270e-02
-7.386589576879992736e-02,-7.386589576879992736e-02
-1.082844170357286778e-01,-1.082844170357286778e-01
-8.280512886686661189e-02,-8.280512886686661189e-02
-9.377713979571329628e-02,-9.377713979571329628e-02
-9.073305673846006336e-02,-9.073305673846006336e-02
-6.186516408998036370e-02,-6.186516408998036370e-02
-7.847843308879202950e-02,-7.847843308879202950e-02
-1.058707587190508836e-01,-1.058707587190508836e-01
-1.102240525962251416e-01,-1.102240525962251416e-01
-6.730527259244542537e-02,-6.730527259244542537e-02
-1.057688918362156838e-01,-1.057688918362156838e-01
-5.905938420652493553e-02,-5.905938420652493553e-02
-6.049324994706805486e-02,-6.049324994706805486e-02
-8.535438034109561756e-02,-8.535438034109561756e-02
-6.831959698104660139e-02,-6.831959698104660139e-02
-6.904641370734382333e-02,-6.904641370734382333e-02
-3.092338352520474648e-02,-3.092338352520474648e-02
-7.572660496908936723e-02,-7.572660496908936723e-02
-1.164480453139715987e-01,-1.164480453139715987e-01
-7.340949224054804656e-02,-7.340949224054804656e-02
-8.358579180152030108e-02,-8.358579180152030108e-02
-5.928108703531481671e-02,-5.928108703531481671e-02
-7.565433486292526266e-02,-7.565433486292526266e-02
-8.418247747521297175e-02,-8.418247747521297175e-02
-1.048589795438739369e-01,-1.048589795438739369e-01
-4.587285402509194004e-02,-4.587285402509194004e-02
-1.163112076804204698e-01,-1.163112076804204698e-01
-4.231977084333414518e-02,-4.231977084333414518e-02
-8.282798888489595335e-02,-8.282798888489595335e-02
-3.924569776580740660e-02,-3.924569776580740660e-02
-7.798061299876073160e-02,-7.798061299876073160e-02
-1.311540033357575796e-01,-1.311540033357575796e-01
-9.678117407093664304e-02,-9.678117407093664304e-02
-8.494037162564946342e-02,-8.494037162564946342e-02
-9.006088696339509259e-02,-9.006088696339509259e-02
-8.035407366465867340e-02,-8.035407366465867340e-02
-6.560146155330850992e-02,-6.560146155330850992e-02
-1.020520605464668717e-01,-1.020520605464668717e-01
-9.243467970842474124e-02,-9.243467970842474124e-02
-8.276411533141393717e-02,-8.276411533141393717e-02
-8.799524444346877583e-02,-8.799524444346877583e-02
-7.548061264505728785e-02,-7.548061264505728785e-02
-1.015020551107242014e-01,-1.015020551107242014e-01
-9.909219717682404838e-02,-9.909219717682404838e-02
-1.119522285575639958e-01,-1.119522285575639958e-01
-7.763754929456384568e-02,-7.763754929456384568e-02
-1.059475980591899347e-01,-1.059475980591899347e-01
-1.540046188264979632e-01,-1.540046188264979632e-01
-9.003037243647392385e-02,-9.003037243647392385e-02
-7.307244994726450060e-02,-7.307244994726450060e-02
-9.803237170297399161e-02,-9.803237170297399161e-02
-7.013589922935634102e-02,-7.013589922935634102e-02
-7.546236063396286053e-02,-7.546236063396286053e-02
-7.781989162771014990e-02,-7.781989162771014990e-02
-8.796904496748861324e-02,-8.796904496748861324e-02
-6.923626970573892869e-02,-6.923626970573892869e-02
-1.097590563691714233e-01,-1.097590563691714233e-01
-1.071641912362372440e-01,-1.071641912362372440e-01
-8.965155170651604999e-02,-8.965155170651604999e-02
-6.408679099235056742e-02,-6.408679099235056742e-02
-8.265124495727471654e-02,-8.265124495727471654e-02
-9.526539024921135135e-02,-9.526539024921135135e-02
-7.571713629947021684e-02,-7.571713629947021684e-02
-1.034814059744303821e-01,-1.034814059744303821e-01
-1.174231587696276530e-01,-1.174231587696276530e-01
-8.879564106734856577e-02,-8.879564106734856577e-02
-7.389557023904977373e-02,-7.389557023904977373e-02
-9.406736616561407749e-02,-9.406736616561407749e-02
-7.713644585236220652e-02,-7.713644585236220652e-02
-9.462143387598501154e-02,-9.462143387598501154e-02
-6.997486943225064704e-02,-6.997486943225064704e-02
-8.845460400213947527e-02,-8.845460400213947527e-02
-7.553947379545966623e-02,-7.553947379545966623e-02
-1.008869311305158334e-01,-1.008869311305158334e-01
-1.368940350971507014e-01,-1.368940350971507014e-01
-5.811695024806967647e-02,-5.811695024806967647e-02
-9.497298548907494309e-02,-9.497298548907494309e-02
-6.022517857405029068e-02,-6.022517857405029068e-02
-8.040196585018576092e-02,-8.040196585018576092e-02
-1.032420423044276281e-01,-1.032420423044276281e-01
-6.503804074595753715e-02,-6.503804074595753715e-02
-7.058520352689712229e-02,-7.058520352689712229e-02
-8.149892325312958763e-02,-8.149892325312958763e-02
-1.026854271011814201e-01,-1.026854271011814201e-01
-8.385869672298854050e-02,-8.385869672298854050e-02
-9.431072567377872529e-02,-9.431072567377872529e-02
-7.706635297424738185e-02,-7.706635297424738185e-02
-7.575361501898360272e-02,-7.575361501898360272e-02
-8.598766981290689726e-02,-8.598766981290689726e-02
-8.635677573737499113e-02,-8.635677573737499113e-02
-6.099863998145752669e-02,-6.099863998145752669e-02
-9.807143663795316046e-02,-9.807143663795316046e-02
-7.354096084766266472e-02,-7.354096084766266472e-02
-9.273686526959964982e-02,-9.273686526959964982e-02
-7.047656250313646953e-02,-7.047656250313646953e-02
-6.265736095244149595e-02,-6.265736095244149595e-02
-8.423413176810452818e-02,-8.423413176810452818e-02
-1.120132014888453181e-01,-1.120132014888453181e-01
-1.366770268611355033e-01,-1.366770268611355033e-01
-1.108224130704325017e-01,-1.108224130704325017e-01
-8.013421504254997219e-02,-8.013421504254997219e-02
-9.899678825278537819e-02,-9.899678825278537819e-02
-1.252417847239103432e-01,-1.252417847239103432e-01
-9.862565330516169515e-02,-9.862565330516169515e-02
-8.818497411562378763e-02,-8.818497411562378763e-02
-1.016688157411552162e-01,-1.016688157411552162e-01
-8.279774852410803909e-02,-8.279774852410803909e-02
-1.033376877210418210e-01,-1.033376877210418210e-01
-9.073000910706333078e-02,-9.073000910706333078e-02
-8.155104688110641209e-02,-8.155104688110641209e-02
-1.316426192014771290e-01,-1.316426192014771290e-01
-7.599469457973767605e-02,-7.599469457973767605e-02
-6.976208761651270240e-02,-6.976208761651270240e-02
-5.523771752940118129e-02,-5.523771752940118129e-02
-7.737643701512436634e-02,-7.737643701512436634e-02
-7.967234394971321743e-02,-7.967234394971321743e-02
-8.508405743048977343e-02,-8.508405743048977343e-02
-1.257491962659767759e-01,-1.257491962659767759e-01
-8.734462585301312754e-02,-8.734462585301312754e-02
-6.756586945436347802e-02,-6.756586945436347802e-02
-8.690483631160583755e-02,-8.690483631160583755e-02
-9.943937918819827082e-02,-9.943937918819827082e-02
-8.541151287143694537e-02,-8.541151287143694537e-02
-8.632241068661555827e-02,-8.632241068661555827e-02
-6.245114821259416943e-02,-6.245114821259416943e-02
-5.536734779417479962e-02,-5.536734779417479962e-02
-6.821585499316912271e-02,-6.821585499316912271e-02
-9.368446983061892719e-02,-9.368446983061892719e-02
-1.008892074812011014e-01,-1.008892074812011014e-01
-1.165647924624670373e-01,-1.165647924624670373e-01
-4.932419646250493783e-02,-4.932419646250493783e-02
-8.723677459060867612e-02,-8.723677459060867612e-02
-6.233655544745807242e-02,-6.233655544745807242e-02
-7.260121498310367905e-02,-7.260121498310367905e-02
-1.040594920864064549e-01,-1.040594920864064549e-01
-1.258063643406416299e-01,-1.258063643406416299e-01
-8.693133428006878660e-02,-8.693133428006878660e-02
-8.192914503981837959e-02,-8.192914503981837959e-02
-8.745254129977833579e-02,-8.745254129977833579e-02
-7.157123981607882435e-02,-7.157123981607882435e-02
-8.544652657394471995e-02,-8.544652657394471995e-02
-8.075247623879105996e-02,-8.075247623879105996e-02
-4.930740914441534423e-02,-4.930740914441534423e-02
-1.307811420787590440e-01,-1.307811420787590440e-01
-8.546177884049843687e-02,-8.546177884049843687e-02
-7.801207441860555369e-02,-7.801207441860555369e-02
-9.164257957382643260e-02,-9.164257957382643260e-02
-9.552106439067681309e-02,-9.552106439067681309e-02
-1.226583144095356182e-01,-1.226583144095356182e-01
-7.893945180397854422e-02,-7.893945180397854422e-02
-8.022930147965880165e-02,-8.022930147965880165e-02
-9.840672354541260547e-02,-9.840672354541260547e-02
-7.830500252368824410e-02,-7.830500252368824410e-02
-7.142126782293674314e-02,-7.142126782293674314e-02
-8.106411237196635422e-02,-8.106411237196635422e-02
-1.089743077390585846e-01,-1.089743077390585846e-01
-5.900041469334588173e-02,-5.900041469334588173e-02
-5.453996576611863656e-02,-5.453996576611863656e-02
-1.102779541676861541e-01,-1.102779541676861541e-01
-9.745199058306981688e-02,-9.745199058306981688e-02
-9.822189733352543195e-02,-9.822189733352543195e-02
-9.409628243464968067e-02,-9.409628243464968067e-02
-8.510261180365971678e-02,-8.510261180365971678e-02
-1.058239275372153121e-01,-1.058239275372153121e-01
-6.565057605311594435e-02,-6.565057605311594435e-02
-3.919850556184158868e-02,-3.919850556184158868e-02
-8.354089854542383342e-02,-8.354089854542383342e-02
-7.417026803053983208e-02,-7.417026803053983208e-02
-6.749125497235822224e-02,-6.749125497235822224e-02
-4.185471926739452175e-02,-4.185471926739452175e-02
-7.768892079642278348e-02,-7.768892079642278348e-02
-9.766037556162705802e-02,-9.766037556162705802e-02
-6.219567063795371914e-02,-6.219567063795371914e-02
-7.897842422550646613e-02,-7.897842422550646613e-02
-9.806747265590265439e-02,-9.806747265590265439e-02
-1.130936763854625271e-01,-1.130936763854625271e-01
-1.052242055143846750e-01,-1.052242055143846750e-01
-9.319464527791221364e-02,-9.319464527791221364e-02
-1.070811730821140950e-01,-1.070811730821140950e-01
-8.307181823706460966e-02,-8.307181823706460966e-02
-8.389277143812076676e-02,-8.389277143812076676e-02
-8.676810793505766728e-02,-8.676810793505766728e-02
-5.672946596913498729e-02,-5.672946596913498729e-02
-9.722959758857255275e-02,-9.722959758857255275e-02
-1.248471112958109697e-01,-1.248471112958109697e-01
-7.879458776383985175e-02,-7.879458776383985175e-02
-7.070679750757530302e-02,-7.070679750757530302e-02
-8.624531344182645443e-02,-8.624531344182645443e-02
-8.075943855693150375e-02,-8.075943855693150375e-02
-1.041574742163746681e-01,-1.041574742163746681e-01
-7.717078814281928822e-02,-7.717078814281928822e-02
-9.645949222997622641e-02,-9.645949222997622641e-02
-1.283056034819413382e-01,-1.283056034819413382e-01
-1.461084626569705280e-01,-1.461084626569705280e-01
-1.184294834944543545e-01,-1.184294834944543545e-01
-1.142547692721401914e-01,-1.142547692721401914e-01
-8.067439067095637240e-02,-8.067439067095637240e-02
-7.774248146353575362e-02,-7.774248146353575362e-02
-9.913214354123262018e-02,-9.913214354123262018e-02
-9.236349568233259699e-02,-9.236349568233259699e-02
-8.675410868039362677e-02,-8.675410868039362677e-02
-7.363797292018071927e-02,-7.363797292018071927e-02
-1.105772546548962065e-01,-1.105772546548962065e-01
-9.083326312971154448e-02,-9.083326312971154448e-02
-6.263584671076488641e-02,-6.263584671076488641e-02
-8.132675141911073491e-02,-8.132675141911073491e-02
-1.005074522066718712e-01,-1.005074522066718712e-01
-1.097504278099763475e-01,-1.097504278099763475e-01
-7.580370730560018200e-02,-7.580370730560018200e-02
-8.633622744883848177e-02,-8.633622744883848177e-02
-7.236312198602437573e-02,-7.236312198602437573e-02
-6.751412620337586545e-02,-6.751412620337586545e-02
-1.287160844450056241e-01,-1.287160844450056241e-01
-9.071606881317934024e-02,-9.071606881317934024e-02
-5.514194525787366463e-02,-5.514194525787366463e-02
-8.268897380064964275e-02,-8.268897380064964275e-02
-8.248655014898967353e-02,-8.248655014898967353e-02
-7.810761725225240371e-02,-7.810761725225240371e-02
-7.836233047711696487e-02,-7.836233047711696487e-02
-7.755747666253723360e-02,-7.755747666253723360e-02
-1.059918498516574381e-01,-1.059918498516574381e-01
-7.966646050350281727e-02,-7.966646050350281727e-02
-9.359107429920218713e-02,-9.359107429920218713e-02
-9.364716842641696015e-02,-9.364716842641696015e-02
-5.150049705006455592e-02,-5.150049705006455592e-02
-1.077589021921732948e-01,-1.077589021921732948e-01
-8.118975488155390219e-02,-8.118975488155390219e-02
-7.750442062946610866e-02,-7.750442062946610866e-02
-9.359394837226091279e-02,-9.359394837226091279e-02
-1.269467242295836962e-01,-1.269467242295836962e-01
-8.605021650112389120e-02,-8.605021650112389120e-02
-6.044843559615137307e-02,-6.044843559615137307e-02
-8.863703446830743793e-02,-8.863703446830743793e-02
-7.771472028717907321e-02,-7.771472028717907321e-02
-7.881368838276160693e-02,-7.881368838276160693e-02
-1.092853870095042979e-01,-1.092853870095042979e-01
-2.850195992734354256e-02,-2.850195992734354256e-02
-7.623710780916623242e-02,-7.623710780916623242e-02
-8.116361471175925768e-02,-8.116361471175925768e-02
-7.224129779426810560e-02,-7.224129779426810560e-02
-1.141111068426987618e-01,-1.141111068426987618e-01
-9.559712002280171261e-02,-9.559712002280171261e-02
-9.546516061314000434e-02,-9.546516061314000434e-02
-8.849720508037368927e-02,-8.849720508037368927e-02
-9.467933714586412863e-02,-9.467933714586412863e-02
-9.628136063858948324e-02,-9.628136063858948324e-02
-1.111492514648308449e-01,-1.111492514648308449e-01
-1.109990350683251192e-01,-1.109990350683251192e-01
-1.192264833692975590e-01,-1.192264833692975590e-01
-8.463226660476685925e-02,-8.463226660476685925e-02
-8.831490225009688833e-02,-8.831490225009688833e-02
-1.252816035888392743e-01,-1.252816035888392743e-01
-9.821340402490216781e-02,-9.821340402490216781e-02
-1.004341773632325824e-01,-1.004341773632325824e-01
-1.205274535320489948e-01,-1.205274535320489948e-01
-9.848790551926489556e-02,-9.848790551926489556e-02
-6.351851041559461453e-02,-6.351851041559461453e-02
-5.916940891046277434e-02,-5.916940891046277434e-02
-1.014255149189605826e-01,-1.014255149189605826e-01
-8.722088437999381272e-02,-8.722088437999381272e-02
-9.107023940956945895e-02,-9.107023940956945895e-02
-6.735075409144877789e-02,-6.735075409144877789e-02
-9.909489024270617952e-02,-9.909489024270617952e-02
-1.038713833198871145e-01,-1.038713833198871145e-01
-9.943823824477400486e-02,-9.943823824477400486e-02
-8.755304861716028952e-02,-8.755304861716028952e-02
-9.081718412428045617e-02,-9.081718412428045617e-02
-1.097300808910865455e-01,-1.097300808910865455e-01
-1.104820581822128223e-01,-1.104820581822128223e-01
-1.275856991912129867e-01,-1.275856991912129867e-01
-1.137426428191280481e-01,-1.137426428191280481e-01
-7.306388000845678854e-02,-7.306388000845678854e-02
-7.350201864767683113e-02,-7.350201864767683113e-02
-8.870469196325195260e-02,-8.870469196325195260e-02
-8.081421832757033907e-02,-8.081421832757033907e-02
-9.469970767314414561e-02,-9.469970767314414561e-02
-8.338133117906183778e-02,-8.338133117906183778e-02
-1.033012247755396018e-01,-1.033012247755396018e-01
-8.959292513901204180e-02,-8.959292513901204180e-02
-6.655047301941036109e-02,-6.655047301941036109e-02
-7.637410553259912915e-02,-7.637410553259912915e-02
-5.173086304112586853e-02,-5.173086304112586853e-02
-1.009771512613622246e-01,-1.009771512613622246e-01
-1.025704805048236468e-01,-1.025704805048236468e-01
-7.662625714908744001e-02,-7.662625714908744001e-02
-8.866999770128580760e-02,-8.866999770128580760e-02
-1.109437588601217828e-01,-1.109437588601217828e-01
-7.499903296461482571e-02,-7.499903296461482571e-02
-4.988865700707269951e-02,-4.988865700707269951e-02
-9.648956384183168811e-02,-9.648956384183168811e-02
-8.283097226669758339e-02,-8.283097226669758339e-02
-7.822379817517099987e-02,-7.822379817517099987e-02
-9.242254118260370688e-02,-9.242254118260370688e-02
-8.265824568585976306e-02,-8.265824568585976306e-02
-7.852884687942235376e-02,-7.852884687942235376e-02
-9.793770726141701188e-02,-9.793770726141701188e-02
-6.103448322670711190e-02,-6.103448322670711190e-02
-5.758911845059631190e-02,-5.758911845059631190e-02
-7.673629032120692084e-02,-7.673629032120692084e-02
-1.185794486883508803e-01,-1.185794486883508803e-01
-1.089163986305083376e-01,-1.089163986305083376e-01
-1.057624270078235673e-01,-1.057624270078235673e-01
-9.268981096685816046e-02,-9.268981096685816046e-02
-5.619117433095117270e-02,-5.619117433095117270e-02
-9.511881775666244931e-02,-9.511881775666244931e-02
-9.586941232427342863e-02,-9.586941232427342863e-02
-1.021980119951287624e-01,-1.021980119951287624e-01
-1.108221957339164260e-01,-1.108221957339164260e-01
-8.657451139271184204e-02,-8.657451139271184204e-02
-1.384267746456074033e-01,-1.384267746456074033e-01
-1.127185114098935709e-01,-1.127185114098935709e-01
-7.355779337317987221e-02,-7.355779337317987221e-02
-8.844528894720241063e-02,-8.844528894720241063e-02
-8.216673518740125193e-02,-8.216673518740125193e-02
-6.747080574551625465e-02,-6.747080574551625465e-02
-1.067309016011082495e-01,-1.067309016011082495e-01
-8.513339053359916808e-02,-8.513339053359916808e-02
-8.682381921467666186e-02,-8.682381921467666186e-02
-7.351821913151002086e-02,-7.351821913151002086e-02
-8.038417631791365536e-02,-8.038417631791365536e-02
-1.059869333513160650e-01,-1.059869333513160650e-01
-9.467979195378123380e-02,-9.467979195378123380e-02
-6.296716389595580221e-02,-6.296716389595580221e-02
-6.711887423338870617e-02,-6.711887423338870617e-02
-1.091729752316483726e-01,-1.091729752316483726e-01
-1.080313290467861259e-01,-1.080313290467861259e-01
-6.975774301021706036e-02,-6.975774301021706036e-02
-5.866020665461624262e-02,-5.866020665461624262e-02
-6.369425244063796343e-02,-6.369425244063796343e-02
-6.627769968514843346e-02,-6.627769968514843346e-02
-8.061709208201089938e-02,-8.061709208201089938e-02
-7.892356131704396371e-02,-7.892356131704396371e-02
-7.829111926445231351e-02,-7.829111926445231351e-02
-9.948899946240816194e-02,-9.948899946240816194e-02
-1.148891594148330475e-01,-1.148891594148330475e-01
-1.106499611239485648e-01,-1.106499611239485648e-01
-8.659337156186783235e-02,-8.659337156186783235e-02
-8.379044188869574916e-02,-8.379044188869574916e-02
-8.377972044230971860e-02,-8.377972044230971860e-02
-1.303622186480725142e-01,-1.303622186480725142e-01
-7.803506294713891123e-02,-7.803506294713891123e-02
-1.241617060665112793e-01,-1.241617060665112793e-01
-7.826520332679150205e-02,-7.826520332679150205e-02
-1.211427387081377843e-01,-1.211427387081377843e-01
-9.495873403578472538e-02,-9.495873403578472538e-02
-7.262429020464652996e-02,-7.262429020464652996e-02
-7.957150302803896180e-02,-7.957150302803896180e-02
-8.276251336505144329e-02,-8.276251336505144329e-02
-1.208266235899938257e-01,-1.208266235899938257e-01
-9.111124861941724551e-02,-9.111124861941724551e-02
-9.485599186130377891e-02,-9.485599186130377891e-02
-9.796843607515849650e-02,-9.796843607515849650e-02
-9.259245088428091908e-02,-9.259245088428091908e-02
-8.145075724452915944e-02,-8.145075724452915944e-02
-1.278747209478232894e-01,-1.278747209478232894e-01
-1.219648554951668629e-01,-1.219648554951668629e-01
-7.679009858321234061e-02,-7.679009858321234061e-02
-9.260661583848865674e-02,-9.260661583848865674e-02
-8.294772481819867593e-02,-8.294772481819867593e-02
-1.229381887711580579e-01,-1.229381887711580579e-01
-1.143491291554398492e-01,-1.143491291554398492e-01
-8.940986472225312398e-02,-8.940986472225312398e-02
-6.093508909445582294e-02,-6.093508909445582294e-02
-1.286247525016960269e-01,-1.286247525016960269e-01
-9.496648306294189212e-02,-9.496648306294189212e-02
-1.055670243256870700e-01,-1.055670243256870700e-01
-1.121863993396023940e-01,-1.121863993396023940e-01
-8.414236891708490318e-02,-8.414236891708490318e-02
-9.333055883429805522e-02,-9.333055883429805522e-02
-1.046761891011375178e-01,-1.046761891011375178e-01
-6.101954913456220098e-02,-6.101954913456220098e-02
-6.530193182936894214e-02,-6.530193182936894214e-02
-9.051634060137747628e-02,-9.051634060137747628e-02
-9.918096127457601274e-02,-9.918096127457601274e-02
-1.028080582780189489e-01,-1.028080582780189489e-01
-4.567805165269389622e-02,-4.567805165269389622e-02
-1.139450143043361230e-01,-1.139450143043361230e-01
-9.128609926001479691e-02,-9.128609926001479691e-02
-7.173198836632696529e-02,-7.173198836632696529e-02
-7.915951363679446517e-02,-7.915951363679446517e-02
-1.129750575432249826e-01,-1.129750575432249826e-01
-9.459679647620058973e-02,-9.459679647620058973e-02
-8.359775122890239496e-02,-8.359775122890239496e-02
-6.678119626200397507e-02,-6.678119626200397507e-02
-6.239926948411313179e-02,-6.239926948411313179e-02
-3.704139744157733394e-02,-3.704139744157733394e-02
-6.458971872350036114e-02,-6.458971872350036114e-02
-9.361340966657669127e-02,-9.361340966657669127e-02
-9.610542574309965946e-02,-9.610542574309965946e-02
-9.008920141435539097e-02,-9.008920141435539097e-02
-7.564731688159564982e-02,-7.564731688159564982e-02
-8.199335715575449546e-02,-8.199335715575449546e-02
-5.246910606493607188e-02,-5.246910606493607188e-02
-7.804830292584889750e-02,-7.804830292584889750e-02
-1.350067115776722171e-01,-1.350067115776722171e-01
-6.783835967444371007e-02,-6.783835967444371007e-02
-7.537420414407769442e-02,-7.537420414407769442e-02
-7.834192151299247675e-02,-7.834192151299247675e-02
-1.039981032985906051e-01,-1.039981032985906051e-01
-1.380155492483720048e-01,-1.380155492483720048e-01
-1.022093758187334472e-01,-1.022093758187334472e-01
-6.108340482532824411e-02,-6.108340482532824411e-02
-1.194872615145588790e-01,-1.194872615145588790e-01
-8.213195467177430986e-02,-8.213195467177430986e-02
-9.070199215009110139e-02,-9.070199215009110139e-02
-9.406044104307603737e-02,-9.406044104307603737e-02
-8.555027126418529582e-02,-8.555027126418529582e-02
-8.899274265928171224e-02,-8.899274265928171224e-02
-7.830486569683897669e-02,-7.830486569683897669e-02
-8.663831246571529476e-02,-8.663831246571529476e-02
-1.069202722937264982e-01,-1.069202722937264982e-01
-1.169174296339782898e-01,-1.169174296339782898e-01
-8.939932785765029866e-02,-8.939932785765029866e-02
-5.831317065371696695e-02,-5.831317065371696695e-02
-8.492839419940645396e-02,-8.492839419940645396e-02
-6.517707088069366050e-02,-6.517707088069366050e-02
-5.852079347970243900e-02,-5.852079347970243900e-02
-1.136615079579875731e-01,-1.136615079579875731e-01
-8.151441503050475823e-02,-8.151441503050475823e-02
-8.398629448660227537e-02,-8.398629448660227537e-02
-7.075788077334831117e-02,-7.075788077334831117e-02
-8.751973893495632040e-02,-8.751973893495632040e-02
-1.137117497708414193e-01,-1.137117497708414193e-01
-6.878520839802901299e-02,-6.878520839802901299e-02
-7.270554176884513886e-02,-7.270554176884513886e-02
-1.158410073194950374e-01,-1.158410073194950374e-01
-1.132958218989954247e-01,-1.132958218989954247e-01
-8.774928556721109385e-02,-8.774928556721109385e-02
-9.739732049703241079e-02,-9.739732049703241079e-02
-8.350973045724366384e-02,-8.350973045724366384e-02
-8.117119764197264220e-02,-8.117119764197264220e-02
-9.763207238255137976e-02,-9.763207238255137976e-02
-1.213770066357525018e-01,-1.213770066357525018e-01
-8.949513732675964950e-02,-8.949513732675964950e-02
-5.889421037272620646e-02,-5.889421037272620646e-02
-4.606689648741087162e-02,-4.606689648741087162e-02
-1.017202152870897713e-01,-1.017202152870897713e-01
-9.398853418422334349e-02,-9.398853418422334349e-02
-6.108230641373102454e-02,-6.108230641373102454e-02
-7.593409459220062940e-02,-7.593409459220062940e-02
-1.088278217382970259e-01,-1.088278217382970259e-01
-7.560395274645657915e-02,-7.560395274645657915e-02
-6.642537690020713925e-02,-6.642537690020713925e-02
-8.917633177722482374e-02,-8.917633177722482374e-02
-9.939687173722117075e-02,-9.939687173722117075e-02
-6.551496837776193960e-02,-6.551496837776193960e-02
-6.839345647652939064e-02,-6.839345647652939064e-02
-6.883908162137428177e-02,-6.883908162137428177e-02
-9.596527351584294152e-02,-9.596527351584294152e-02
-9.401069849413205837e-02,-9.401069849413205837e-02
-1.095727136466428386e-01,-1.095727136466428386e-01
-7.702679894763413138e-02,-7.702679894763413138e-02
-7.442780929774191201e-02,-7.442780929774191201e-02
-9.177125665521415621e-02,-9.177125665521415621e-02
-8.713032758455382942e-02,-8.713032758455382942e-02
-1.044817893422855248e-01,-1.044817893422855248e-01
-9.941553711507607194e-02,-9.941553711507607194e-02
-8.583332465642209974e-02,-8.583332465642209974e-02
-1.022717281866356576e-01,-1.022717281866356576e-01
-4.435485732747916632e-02,-4.435485732747916632e-02
-7.370143367972889492e-02,-7.370143367972889492e-02
-1.008425717283341350e-01,-1.008425717283341350e-01
-4.756642497214551291e-02,-4.756642497214551291e-02
-6.162449298848635126e-02,-6.162449298848635126e-02
-8.220890349090598237e-02,-8.220890349090598237e-02
-9.098445645918412650e-02,-9.098445645918412650e-02
-6.191037390549330305e-02,-6.191037390549330305e-02
-8.317230773865244564e-02,-8.317230773865244564e-02
-9.376056101703175716e-02,-9.376056101703175716e-02
-1.030685359887970193e-01,-1.030685359887970193e-01
-5.574505524118184702e-02,-5.574505524118184702e-02
-8.034359568761254011e-02,-8.034359568761254011e-02
-9.573225862758794058e-02,-9.573225862758794058e-02
-9.393938874817198137e-02,-9.393938874817198137e-02
-1.028110385496044665e-01,-1.028110385496044665e-01
-1.228914645572468101e-01,-1.228914645572468101e-01
-7.020474972645096567e-02,-7.020474972645096567e-02
-7.649826194591186068e-02,-7.649826194591186068e-02
-6.361961854234290947e-02,-6.361961854234290947e-02
-6.103033492447770131e-02,-6.103033492447770131e-02
-4.865316817066812211e-02,-4.865316817066812211e-02
-1.078467531481430292e-01,-1.078467531481430292e-01
-9.248145673079211093e-02,-9.248145673079211093e-02
-8.337096362003011685e-02,-8.337096362003011685e-02
-5.837950957277518449e-02,-5.837950957277518449e-02
-8.448969853960255905e-02,-8.448969853960255905e-02
-1.167850459930051543e-01,-1.167850459930051543e-01
-9.198390465426381502e-02,-9.198390465426381502e-02
-7.452178928379513123e-02,-7.452178928379513123e-02
-7.590367340346754199e-02,-7.590367340346754199e-02
-1.127218694248153519e-01,-1.127218694248153519e-01
-5.345164660267646972e-02,-5.345164660267646972e-02
-8.198946688970468188e-02,-8.198946688970468188e-02
-1.010328421075110394e-01,-1.010328421075110394e-01
-9.502192547603074968e-02,-9.502192547603074968e-02
-5.948848746966198253e-02,-5.948848746966198253e-02
-9.534682536941115061e-02,-9.534682536941115061e-02
-9.712067257038470292e-02,-9.712067257038470292e-02
-8.197461530600913537e-02,-8.197461530600913537e-02
-8.935621807222948743e-02,-8.935621807222948743e-02
-9.713256406835002466e-02,-9.713256406835002466e-02
-8.237343161231253097e-02,-8.237343161231253097e-02
-1.227087617680565068e-01,-1.227087617680565068e-01
-1.151024140106882837e-01,-1.151024140106882837e-01
-7.352020693299762821e-02,-7.352020693299762821e-02
-7.432000839792765601e-02,-7.432000839792765601e-02
-1.152271657288355677e-01,-1.152271657288355677e-01
-1.371253713781608874e-01,-1.371253713781608874e-01
-7.351275213048799606e-02,-7.351275213048799606e-02
-9.299931104274161697e-02,-9.299931104274161697e-02
-5.873722260438320880e-02,-5.873722260438320880e-02
-8.371462727841298690e-02,-8.371462727841298690e-02
-1.032341486292540911e-01,-1.032341486292540911e-01
-9.691733278175046484e-02,-9.691733278175046484e-02
-7.375938076511606711e-02,-7.375938076511606711e-02
-7.239268068581328208e-02,-7.239268068581328208e-02
-9.886925637686430623e-02,-9.886925637686430623e-02
-8.507117458802362919e-02,-8.507117458802362919e-02
-1.258563922456134021e-01,-1.258563922456134021e-01
-1.090451942555300535e-01,-1.090451942555300535e-01
-7.640818684233460778e-02,-7.640818684233460778e-02
-1.052531848504844464e-01,-1.052531848504844464e-01
-1.055815457543525099e-01,-1.055815457543525099e-01
-6.671366768223399579e-02,-6.671366768223399579e-02
-1.248541740447735721e-01,-1.248541740447735721e-01
-9.404219073836023179e-02,-9.404219073836023179e-02
-9.981564188348854283e-02,-9.981564188348854283e-02
-8.844791808539298472e-02,-8.844791808539298472e-02
-8.861437706565433725e-02,-8.861437706565433725e-02
-6.802214519280205818e-02,-6.802214519280205818e-02
-1.146086434448584657e-01,-1.146086434448584657e-01
-1.225469654312460188e-01,-1.225469654312460188e-01
-8.726170110694866922e-02,-8.726170110694866922e-02
-6.905068728573057757e-02,-6.905068728573057757e-02
-9.165556252137671556e-02,-9.165556252137671556e-02
-6.751127275115177684e-02,-6.751127275115177684e-02
-7.214291728211247312e-02,-7.214291728211247312e-02
-9.508517967256932546e-02,-9.508517967256932546e-02
-1.114704593294492951e-01,-1.114704593294492951e-01
-6.609913468722769525e-02,-6.609913468722769525e-02
-7.591919064797257588e-02,-7.591919064797257588e-02
-9.353416142348960904e-02,-9.353416142348960904e-02
-6.904917923848448436e-02,-6.904917923848448436e-02
-7.459209684762704851e-02,-7.459209684762704851e-02
-1.144394867466244359e-01,-1.144394867466244359e-01
-7.584151852743266364e-02,-7.584151852743266364e-02
-8.490579575681317381e-02,-8.490579575681317381e-02
-7.227951268903567983e-02,-7.227951268903567983e-02
-5.366155310541004947e-02,-5.366155310541004947e-02
-8.660134491643309285e-02,-8.660134491643309285e-02
-9.553688199106594170e-02,-9.553688199106594170e-02
-1.030627176345220719e-01,-1.030627176345220719e-01
-1.088341469197216804e-01,-1.088341469197216804e-01
-1.071842974940268589e-01,-1.071842974940268589e-01
-8.149850743952483101e-02,-8.149850743952483101e-02
-9.044517579230540449e-02,-9.044517579230540449e-02
-1.008955932607912831e-01,-1.008955932607912831e-01
-8.863940999452024627e-02,-8.863940999452024627e-02
-6.910852551478957606e-02,-6.910852551478957606e-02
-6.060199523211515921e-02,-6.060199523211515921e-02
-1.082149844367085723e-01,-1.082149844367085723e-01
-7.982896021154975430e-02,-7.982896021154975430e-02
-7.943752344923386832e-02,-7.943752344923386832e-02
-1.104199935100449725e-01,-1.104199935100449725e-01
-1.052274068869698542e-01,-1.052274068869698542e-01
-9.702912548368987367e-02,-9.702912548368987367e-02
-1.213644846894512408e-01,-1.213644846894512408e-01
-1.135492645604629369e-01,-1.135492645604629369e-01
-6.286702831423568449e-02,-6.286702831423568449e-02
-9.224735395662542192e-02,-9.224735395662542192e-02
-6.384998913957802558e-02,-6.384998913957802558e-02
-1.001589959654289042e-01,-1.001589959654289042e-01
-5.439963707563912759e-02,-5.439963707563912759e-02
-9.532489403123795002e-02,-9.532489403123795002e-02
-1.285409316848370731e-01,-1.285409316848370731e-01
-9.771631711231283657e-02,-9.771631711231283657e-02
-7.074220999323158066e-02,-7.074220999323158066e-02
-7.397157003799448294e-02,-7.397157003799448294e-02
-8.470745074144678255e-02,-8.470745074144678255e-02
-7.179900704541544720e-02,-7.179900704541544720e-02
-5.613933922535255944e-02,-5.613933922535255944e-02
-1.133288727687007391e-01,-1.133288727687007391e-01
-9.607713955811819639e-02,-9.607713955811819639e-02
-9.429081162646187064e-02,-9.429081162646187064e-02
-6.161987040888540490e-02,-6.161987040888540490e-02
-9.463660190040322495e-02,-9.463660190040322495e-02
-8.810131759193667866e-02,-8.810131759193667866e-02
-8.085384166134013117e-02,-8.085384166134013117e-02
-6.678045857937639496e-02,-6.678045857937639496e-02
-1.016166928369541256e-01,-1.016166928369541256e-01
-6.497214352836667983e-02,-6.497214352836667983e-02
-8.992956843927532584e-02,-8.992956843927532584e-02
-7.315910079474546857e-02,-7.315910079474546857e-02
-6.751315537439127323e-02,-6.751315537439127323e-02
-1.248357646518002961e-01,-1.248357646518002961e-01
-7.007495985150147266e-02,-7.007495985150147266e-02
-4.806735130893975694e-02,-4.806735130893975694e-02
-8.936685761682949813e-02,-8.936685761682949813e-02
-6.786459540230860288e-02,-6.786459540230860288e-02
-4.918202003092211200e-02,-4.918202003092211200e-02
-9.928860161010250041e-02,-9.928860161010250041e-02
-6.837306625751815581e-02,-6.837306625751815581e-02
-6.429801353234103345e-02,-6.429801353234103345e-02
-7.958132654717810228e-02,-7.958132654717810228e-02
-1.294151293310271678e-01,-1.294151293310271678e-01
-5.526838602003984052e-02,-5.526838602003984052e-02
-8.994091178384600038e-02,-8.994091178384600038e-02
-1.040580262148906310e-01,-1.040580262148906310e-01
-1.100566869028756639e-01,-1.100566869028756639e-01
-9.628567006651901627e-02,-9.628567006651901627e-02
-4.361151695680677565e-02,-4.361151695680677565e-02
-8.937929904549118953e-02,-8.937929904549118953e-02
-8.698789205896936827e-02,-8.698789205896936827e-02
-8.698484437010930992e-02,-8.698484437010930992e-02
-9.325413631994361463e-02,-9.325413631994361463e-02
-1.188016914192226159e-01,-1.188016914192226159e-01
-1.066222805429132559e-01,-1.066222805429132559e-01
-1.024648135879524802e-01,-1.024648135879524802e-01
-8.169095351729643850e-02,-8.169095351729643850e-02
-5.185334164933384088e-02,-5.185334164933384088e-02
-8.517507149620820450e-02,-8.517507149620820450e-02
-9.223901592692804186e-02,-9.223901592692804186e-02
-9.856182498652452106e-02,-9.856182498652452106e-02
-9.580026693634437207e-02,-9.580026693634437207e-02
-1.202886090812978481e-01,-1.202886090812978481e-01
-6.896392678773374807e-02,-6.896392678773374807e-02
-1.045404656879617838e-01,-1.045404656879617838e-01
-8.711742402056696366e-02,-8.711742402056696366e-02
-8.144402685083050597e-02,-8.144402685083050597e-02
-8.624362883805927749e-02,-8.624362883805927749e-02
-8.388116354529218111e-02,-8.388116354529218111e-02
-9.849439457461885150e-02,-9.849439457461885150e-02
-8.061610061486246259e-02,-8.061610061486246259e-02
-8.880706576951541420e-02,-8.880706576951541420e-02
-1.058328422302164673e-01,-1.058328422302164673e-01
-7.109492618610224746e-02,-7.109492618610224746e-02
-1.022581652045937289e-01,-1.022581652045937289e-01
-7.713639872059274705e-02,-7.713639872059274705e-02
-8.985354394272790368e-02,-8.985354394272790368e-02
-9.408581928608658607e-02,-9.408581928608658607e-02
-7.786283769877136440e-02,-7.786283769877136440e-02
-1.003345635754939041e-01,-1.003345635754939041e-01
-9.532461266610905981e-02,-9.532461266610905981e-02
-7.310138923962006263e-02,-7.310138923962006263e-02
-7.468605224538142628e-02,-7.468605224538142628e-02
-8.455531055677420471e-02,-8.455531055677420471e-02
-1.147232914067290444e-01,-1.147232914067290444e-01
-1.186428920675516169e-01,-1.186428920675516169e-01
-5.245289241835904975e-02,-5.245289241835904975e-02
-6.656573901293263984e-02,-6.656573901293263984e-02
-1.025786542773229754e-01,-1.025786542773229754e-01
-1.027163693686624912e-01,-1.027163693686624912e-01
-9.117132554874507466e-02,-9.117132554874507466e-02
-1.022274511558513843e-01,-1.022274511558513843e-01
-9.775534800666260682e-02,-9.775534800666260682e-02
-1.124621803481881954e-01,-1.124621803481881954e-01
-4.515545571913136269e-02,-4.515545571913136269e-02
-1.127401473073635363e-01,-1.127401473073635363e-01
-8.646559577875179148e-02,-8.646559577875179148e-02
-7.981242553757965374e-02,-7.981242553757965374e-02
-8.908057564468073453e-02,-8.908057564468073453e-02
-5.189401276960503573e-02,-5.189401276960503573e-02
-6.603316512979709452e-02,-6.603316512979709452e-02
-1.026262852856926755e-01,-1.026262852856926755e-01
-1.001748822029805974e-01,-1.001748822029805974e-01
-6.793193647847581285e-02,-6.793193647847581285e-02
-1.079799090449105603e-01,-1.079799090449105603e-01
-8.510735505199229500e-02,-8.510735505199229500e-02
-1.047631248198716697e-01,-1.047631248198716697e-01
-8.051820191044201103e-02,-8.051820191044201103e-02
-1.151117994923637478e-01,-1.151117994923637478e-01
-9.046181681284831688e-02,-9.046181681284831688e-02
-7.606185753268830674e-02,-7.606185753268830674e-02
-8.555230438387090297e-02,-8.555230438387090297e-02
-9.839485463414804345e-02,-9.839485463414804345e-02
-6.764625383167253980e-02,-6.764625383167253980e-02
-6.238484740402190643e-02,-6.238484740402190643e-02
-6.502341245002163372e-02,-6.502341245002163372e-02
-6.821944196457851994e-02,-6.821944196457851994e-02
-9.620993367295949117e-02,-9.620993367295949117e-02
-1.045002214211365743e-01,-1.045002214211365743e-01
-9.374529625227953633e-02,-9.374529625227953633e-02
-4.023773777651873385e-02,-4.023773777651873385e-02
-1.058364886942401439e-01,-1.058364886942401439e-01
-8.708416699236461167e-02,-8.708416699236461167e-02
-1.183437469525669278e-01,-1.183437469525669278e-01
-8.774393342197560341e-02,-8.774393342197560341e-02
-1.094204553196553437e-01,-1.094204553196553437e-01
-8.647448746822983257e-02,-8.647448746822983257e-02
-1.004775184152320311e-01,-1.004775184152320311e-01
-9.624046430733157464e-02,-9.624046430733157464e-02
-8.497684746595038363e-02,-8.497684746595038363e-02
-8.384021246523339077e-02,-8.384021246523339077e-02
-7.717206214578564705e-02,-7.717206214578564705e-02
-1.232937147149698598e-01,-1.232937147149698598e-01
-1.181261239291949705e-01,-1.181261239291949705e-01
-1.190411988634314105e-01,-1.190411988634314105e-01
-1.375247300483348201e-01,-1.375247300483348201e-01
-8.276845358428566723e-02,-8.276845358428566723e-02
-9.485165432454026324e-02,-9.485165432454026324e-02
-6.041339082484723649e-02,-6.041339082484723649e-02
-9.290069734350234198e-02,-9.290069734350234198e-02
-1.070887930233955510e-01,-1.070887930233955510e-01
-7.541765028118228853e-02,-7.541765028118228853e-02
-3.588809865053396025e-02,-3.588809865053396025e-02
-5.654956103165173498e-02,-5.654956103165173498e-02
-9.365569382715113744e-02,-9.365569382715113744e-02
-1.400473500285590034e-01,-1.400473500285590034e-01
-1.173750048295797294e-01,-1.173750048295797294e-01
-1.248717693498884729e-01,-1.248717693498884729e-01
-9.012060255286394317e-02,-9.012060255286394317e-02
-9.123915854753011923e-02,-9.123915854753011923e-02
-9.914620417653013940e-02,-9.914620417653013940e-02
-9.330473641085171299e-02,-9.330473641085171299e-02
-9.095121135495007336e-02,-9.095121135495007336e-02
-9.113267760704321652e-02,-9.113267760704321652e-02
-9.323459993930224843e-02,-9.323459993930224843e-02
-7.496485161392682506e-02,-7.496485161392682506e-02
-7.434466903200445675e-02,-7.434466903200445675e-02
-1.105753189003614023e-01,-1.105753189003614023e-01
-8.731217801481411245e-02,-8.731217801481411245e-02
-1.033162621218953747e-01,-1.033162621218953747e-01
-8.686476302794357562e-02,-8.686476302794357562e-02
-6.512077544062611079e-02,-6.512077544062611079e-02
-4.248132717632754907e-02,-4.248132717632754907e-02
-1.035546174460575258e-01,-1.035546174460575258e-01
-5.936040422748814493e-02,-5.936040422748814493e-02
-9.103216035244826587e-02,-9.103216035244826587e-02
-5.512008285017267611e-02,-5.512008285017267611e-02
-8.572793314315786672e-02,-8.572793314315786672e-02
-7.180689236845315404e-02,-7.180689236845315404e-02
-1.041044265283321973e-01,-1.041044265283321973e-01
-9.077461771998820983e-02,-9.077461771998820983e-02
-1.153209336843170341e-01,-1.153209336843170341e-01
-1.012844447717360374e-01,-1.012844447717360374e-01
-9.348968913006670822e-02,-9.348968913006670822e-02
-8.249639041065084943e-02,-8.249639041065084943e-02
-1.291810480563954366e-01,-1.291810480563954366e-01
-5.518159239996286297e-02,-5.518159239996286297e-02
-1.250094332960455801e-01,-1.250094332960455801e-01
-1.046997703399661500e-01,-1.046997703399661500e-01
-8.100519493394991999e-02,-8.100519493394991999e-02
-1.059378165652109516e-01,-1.059378165652109516e-01
-1.204996127461803179e-01,-1.204996127461803179e-01
-9.909216815741678230e-02,-9.909216815741678230e-02
-9.912048892435423864e-02,-9.912048892435423864e-02
-4.654110316736786990e-02,-4.654110316736786990e-02
-6.980002439386620572e-02,-6.980002439386620572e-02
-8.470654675195764260e-02,-8.470654675195764260e-02
-8.546567843637115081e-02,-8.546567843637115081e-02
-9.466484553345566599e-02,-9.466484553345566599e-02
-1.009347480834023036e-01,-1.009347480834023036e-01
-1.308325755093154852e-01,-1.308325755093154852e-01
-1.018421070292097053e-01,-1.018421070292097053e-01
-9.409525613867132654e-02,-9.409525613867132654e-02
-9.306142287872759544e-02,-9.306142287872759544e-02
-8.294262147318666456e-02,-8.294262147318666456e-02
-6.149180657992754651e-02,-6.149180657992754651e-02
-7.751354030058228706e-02,-7.751354030058228706e-02
-7.542587788777727065e-02,-7.542587788777727065e-02
-6.183661848754586077e-02,-6.183661848754586077e-02
-1.032911584600647026e-01,-1.032911584600647026e-01
-8.346745131229221792e-02,-8.346745131229221792e-02
-1.195624709771027638e-01,-1.195624709771027638e-01
-3.775093380946039495e-02,-3.775093380946039495e-02
-1.007792688103912870e-01,-1.007792688103912870e-01
-4.731034715062926860e-02,-4.731034715062926860e-02
-1.065383220574416256e-01,-1.065383220574416256e-01
-1.080953038314289849e-01,-1.080953038314289849e-01
-8.671428593105165450e-02,-8.671428593105165450e-02
-1.031162507598214345e-01,-1.031162507598214345e-01
-1.125986746364972257e-01,-1.125986746364972257e-01
-1.075410856518975444e-01,-1.075410856518975444e-01
-1.063635197041107316e-01,-1.063635197041107316e-01
-8.017513446583261760e-02,-8.017513446583261760e-02
-1.007177960607689438e-01,-1.007177960607689438e-01
-1.091456284294588797e-01,-1.091456284294588797e-01
-1.000816776601168023e-01,-1.000816776601168023e-01
-8.837277096225454320e-02,-8.837277096225454320e-02
-9.182692103317519061e-02,-9.182692103317519061e-02
-9.565848968996640278e-02,-9.565848968996640278e-02
-7.072712863740875100e-02,-7.072712863740875100e-02
-9.841745415503933003e-02,-9.841745415503933003e-02
-9.968509868415065256e-02,-9.968509868415065256e-02
-5.867711271145013840e-02,-5.867711271145013840e-02
-6.717325005804905547e-02,-6.717325005804905547e-02
-5.588822132406522092e-02,-5.588822132406522092e-02
-1.008708949003945254e-01,-1.008708949003945254e-01
-4.236695603030124491e-02,-4.236695603030124491e-02
-7.062465095178213637e-02,-7.062465095178213637e-02
-1.073695340364131945e-01,-1.073695340364131945e-01
-4.427181633241134701e-02,-4.427181633241134701e-02
-8.599167784914131529e-02,-8.599167784914131529e-02
-5.762123455972154723e-02,-5.762123455972154723e-02
-5.285559217641740831e-02,-5.285559217641740831e-02
-1.091186605365655482e-01,-1.091186605365655482e-01
-1.246833504390037761e-01,-1.246833504390037761e-01
-8.167734562470410631e-02,-8.167734562470410631e-02
-7.357217010190189588e-02,-7.357217010190189588e-02
-8.242049557309612251e-02,-8.242049557309612251e-02
-1.144941524661996224e-01,-1.144941524661996224e-01
-9.240650667629392301e-02,-9.240650667629392301e-02
-9.356531967812090067e-02,-9.356531967812090067e-02
-8.490789004857032807e-02,-8.490789004857032807e-02
-9.263449315482820412e-02,-9.263449315482820412e-02
-6.331154952475109843e-02,-6.331154952475109843e-02
-8.611873831193093964e-02,-8.611873831193093964e-02
-9.250640825701500480e-02,-9.250640825701500480e-02
-7.171437245403886052e-02,-7.171437245403886052e-02
-1.121385525687391416e-01,-1.121385525687391416e-01
-8.437495001729805599e-02,-8.437495001729805599e-02
-7.384740261108219128e-02,-7.384740261108219128e-02
-5.533330887020808386e-02,-5.533330887020808386e-02
-5.203754532029688379e-02,-5.203754532029688379e-02
-6.683745289679897394e-02,-6.683745289679897394e-02
-9.661094465684344490e-02,-9.661094465684344490e-02
-7.361568373374159646e-02,-7.361568373374159646e-02
-8.233250940974407017e-02,-8.233250940974407017e-02
-7.096165675905756476e-02,-7.096165675905756476e-02
-1.034646942781969337e-01,-1.034646942781969337e-01
-9.537569128279207997e-02,-9.537569128279207997e-02
-8.211225424738817502e-02,-8.211225424738817502e-02
-6.335881195110404374e-02,-6.335881195110404374e-02
-9.767697771725336597e-02,-9.767697771725336597e-02
-7.179279178711789333e-02,-7.179279178711789333e-02
-7.816011603111468198e-02,-7.816011603111468198e-02
-1.023910354391031063e-01,-1.023910354391031063e-01
-9.904611720705949751e-02,-9.904611720705949751e-02
-5.072706704900892261e-02,-5.072706704900892261e-02
-1.059556308670489833e-01,-1.059556308670489833e-01
-1.085989849655290274e-01,-1.085989849655290274e-01
-5.354972636907752437e-02,-5.354972636907752437e-02
-9.191923474226532109e-02,-9.191923474226532109e-02
-8.615014227650143186e-02,-8.615014227650143186e-02
-9.153304327945890884e-02,-9.153304327945890884e-02
-1.146434109104753907e-01,-1.146434109104753907e-01
-9.468912924118352836e-02,-9.468912924118352836e-02
-6.767152650605331998e-02,-6.767152650605331998e-02
-7.059014586411375969e-02,-7.059014586411375969e-02
-8.796338746795012709e-02,-8.796338746795012709e-02
-4.552509140182996877e-02,-4.552509140182996877e-02
-9.189406028237007140e-02,-9.189406028237007140e-02
-1.032991362037868621e-01,-1.032991362037868621e-01
-1.160648649582878833e-01,-1.160648649582878833e-01
-1.021988429766775425e-01,-1.021988429766775425e-01
-9.286997463275452336e-02,-9.286997463275452336e-02
-1.014628926076146520e-01,-1.014628926076146520e-01
-7.429829580857752469e-02,-7.429829580857752469e-02
-1.140876629063407588e-01,-1.140876629063407588e-01
-8.592304837893910419e-02,-8.592304837893910419e-02
-1.011278431245653670e-01,-1.011278431245653670e-01
-4.549429672622265497e-02,-4.549429672622265497e-02
-9.657374193759919734e-02,-9.657374193759919734e-02
-8.555315660049941928e-02,-8.555315660049941928e-02
-9.219920564800532237e-02,-9.219920564800532237e-02
-6.952752825018375382e-02,-6.952752825018375382e-02
-1.271893763743968675e-01,-1.271893763743968675e-01
-9.362820795335141666e-02,-9.362820795335141666e-02
-5.767250712360949549e-02,-5.767250712360949549e-02
-9.102904601807668139e-02,-9.102904601807668139e-02
-1.158513132708977600e-01,-1.158513132708977600e-01
-9.139250860740269489e-02,-9.139250860740269489e-02
-7.856385055255890593e-02,-7.856385055255890593e-02
-9.789480045468412772e-02,-9.789480045468412772e-02
-1.038611681213691407e-01,-1.038611681213691407e-01
-1.084987215337450822e-01,-1.084987215337450822e-01
-9.394429004701240760e-02,-9.394429004701240760e-02
-9.421843388610892656e-02,-9.421843388610892656e-02
-5.627865933431988599e-02,-5.627865933431988599e-02
-1.156663653147902704e-01,-1.156663653147902704e-01
-9.068270917928253350e-02,-9.068270917928253350e-02
-9.866323572141327825e-02,-9.866323572141327825e-02
-7.972556794159492422e-02,-7.972556794159492422e-02
-8.926942295096179647e-02,-8.926942295096179647e-02
-1.043794109884408072e-01,-1.043794109884408072e-01
-9.639744629957484878e-02,-9.639744629957484878e-02
-8.867481750041959765e-02,-8.867481750041959765e-02
-9.830879890890392714e-02,-9.830879890890392714e-02
-1.152348329654082904e-01,-1.152348329654082904e-01
-1.049467633023629526e-01,-1.049467633023629526e-01
-1.067090100048919687e-01,-1.067090100048919687e-01
-1.067290908693862839e-01,-1.067290908693862839e-01
-9.185394495681270532e-02,-9.185394495681270532e-02
-7.962122761823858808e-02,-7.962122761823858808e-02
-5.901289869154287271e-02,-5.901289869154287271e-02
-9.898651282068302026e-02,-9.898651282068302026e-02
-9.623389011641970969e-02,-9.623389011641970969e-02
-9.459537866586492649e-02,-9.459537866586492649e-02
-1.026906447714631271e-01,-1.026906447714631271e-01
-7.783204396533999203e-02,-7.783204396533999203e-02
-8.597293081074031118e-02,-8.597293081074031118e-02
-4.930057647985130326e-02,-4.930057647985130326e-02
-9.893872412050168375e-02,-9.893872412050168375e-02
-4.789044348783419447e-02,-4.789044348783419447e-02
-7.012748190336851040e-02,-7.012748190336851040e-02
-6.532403936305564152e-02,-6.532403936305564152e-02
-1.055387977636478430e-01,-1.055387977636478430e-01
-9.940010268594678955e-02,-9.940010268594678955e-02
-9.206345080077968368e-02,-9.206345080077968368e-02
-1.248938665034882156e-01,-1.248938665034882156e-01
-9.070636445670701709e-02,-9.070636445670701709e-02
-9.200723918542214053e-02,-9.200723918542214053e-02
-1.148190166052195232e-01,-1.148190166052195232e-01
-7.880890982857025051e-02,-7.880890982857025051e-02
-7.101653703095819892e-02,-7.101653703095819892e-02
-8.905643844509709972e-02,-8.905643844509709972e-02
-8.038269296540101472e-02,-8.038269296540101472e-02
-9.048113240459870754e-02,-9.048113240459870754e-02
-1.005695313408594554e-01,-1.005695313408594554e-01
-9.784538059080309658e-02,-9.784538059080309658e-02
-9.852634494536399723e-02,-9.852634494536399723e-02
-5.386831748512890122e-02,-5.386831748512890122e-02
-1.116593586745573963e-01,-1.116593586745573963e-01
-1.229770760531686546e-01,-1.229770760531686546e-01
-9.744637896846317093e-02,-9.744637896846317093e-02
-9.089157347420917521e-02,-9.089157347420917521e-02
-1.204798404234589948e-01,-1.204798404234589948e-01
-7.524611550365595258e-02,-7.524611550365595258e-02
-9.094634233195728057e-02,-9.094634233195728057e-02
-9.651472958578247163e-02,-9.651472958578247163e-02
-7.578157718307905466e-02,-7.578157718307905466e-02
-1.108342234029362494e-01,-1.108342234029362494e-01
-9.008847184798253471e-02,-9.008847184798253471e-02
-6.428792985642170499e-02,-6.428792985642170499e-02
-4.206178666913447384e-02,-4.206178666913447384e-02
-1.422577098950395802e-01,-1.422577098950395802e-01
-8.641260964214453333e-02,-8.641260964214453333e-02
-6.358324313640643932e-02,-6.358324313640643932e-02
-8.574069161516925663e-02,-8.574069161516925663e-02
-8.306211112723244083e-02,-8.306211112723244083e-02
-8.173390283863751771e-02,-8.173390283863751771e-02
-1.062058489011633577e-01,-1.062058489011633577e-01
-9.835728550810524107e-02,-9.835728550810524107e-02
-7.924939423977617192e-02,-7.924939423977617192e-02
-5.955520745513366576e-02,-5.955520745513366576e-02
-1.182075133020861757e-01,-1.182075133020861757e-01
-7.472508470897509802e-02,-7.472508470897509802e-02
-5.884847700535308229e-02,-5.884847700535308229e-02
-6.116443467352773722e-02,-6.116443467352773722e-02
-1.100341158575704054e-01,-1.100341158575704054e-01
-1.019733124475981217e-01,-1.019733124475981217e-01
-4.433045544868551707e-02,-4.433045544868551707e-02
-7.002327901918489750e-02,-7.002327901918489750e-02
-8.021029943605059720e-02,-8.021029943605059720e-02
-7.853705421550546961e-02,-7.853705421550546961e-02
-9.488299691159687854e-02,-9.488299691159687854e-02
-1.472207452282398854e-01,-1.472207452282398854e-01
-1.106028409602453633e-01,-1.106028409602453633e-01
-6.858943615284907036e-02,-6.858943615284907036e-02
-7.924111691265886548e-02,-7.924111691265886548e-02
-1.164821185649160262e-01,-1.164821185649160262e-01
-6.107045711041899499e-02,-6.107045711041899499e-02
-6.012157003530572974e-02,-6.012157003530572974e-02
-1.124577343024713155e-01,-1.124577343024713155e-01
-1.047394547617732513e-01,-1.047394547617732513e-01
-8.066868105130101108e-02,-8.066868105130101108e-02
-4.227135829737928979e-02,-4.227135829737928979e-02
-9.209307081082152013e-02,-9.209307081082152013e-02
-1.019045909568538910e-01,-1.019045909568538910e-01
-8.168460955019726799e-02,-8.168460955019726799e-02
-8.172766183448418320e-02,-8.172766183448418320e-02
-8.846499878729213728e-02,-8.846499878729213728e-02
-8.477539334127494330e-02,-8.477539334127494330e-02
-6.750162660089331634e-02,-6.750162660089331634e-02
-8.994433695324505207e-02,-8.994433695324505207e-02
-1.294772090840478618e-01,-1.294772090840478618e-01
-9.020604027607737052e-02,-9.020604027607737052e-02
-8.413320289298564791e-02,-8.413320289298564791e-02
-1.052997127646970177e-01,-1.052997127646970177e-01
-6.561583713914787008e-02,-6.561583713914787008e-02
-7.716867435537040631e-02,-7.716867435537040631e-02
-1.204774496739888234e-01,-1.204774496739888234e-01
-5.203440607274253948e-02,-5.203440607274253948e-02
-6.408904391336402162e-02,-6.408904391336402162e-02
-9.099797287179975380e-02,-9.099797287179975380e-02
-1.036567417080397346e-01,-1.036567417080397346e-01
-5.909062654786723101e-02,-5.909062654786723101e-02
-8.460133082988195719e-02,-8.460133082988195719e-02
-1.136217112496818726e-01,-1.136217112496818726e-01
-1.025278370839073361e-01,-1.025278370839073361e-01
-1.067972290427427612e-01,-1.067972290427427612e-01
-9.549948182495290872e-02,-9.549948182495290872e-02
-7.912620759974263451e-02,-7.912620759974263451e-02
-9.241064161665166199e-02,-9.241064161665166199e-02
-6.747082803071496881e-02,-6.747082803071496881e-02
-8.434418984503197492e-02,-8.434418984503197492e-02
-9.496431023308865571e-02,-9.496431023308865571e-02
-7.778624328671596144e-02,-7.778624328671596144e-02
-9.385670535749042476e-02,-9.385670535749042476e-02
-7.433984131850637778e-02,-7.433984131850637778e-02
-9.581074680979229097e-02,-9.581074680979229097e-02
-1.031774712712629494e-01,-1.031774712712629494e-01
-9.795228702577117585e-02,-9.795228702577117585e-02
-8.645837160198112381e-02,-8.645837160198112381e-02
-6.524478232447034065e-02,-6.524478232447034065e-02
-8.661409558976854162e-02,-8.661409558976854162e-02
-6.368746231827115967e-02,-6.368746231827115967e-02
-8.249731066133009216e-02,-8.249731066133009216e-02
-8.536359717169561545e-02,-8.536359717169561545e-02
-1.060110640211862354e-01,-1.060110640211862354e-01
-8.197295412277819104e-02,-8.197295412277819104e-02
-9.032393721813714027e-02,-9.032393721813714027e-02
-9.342347864832635518e-02,-9.342347864832635518e-02
-6.681448982412067916e-02,-6.681448982412067916e-02
-8.875892600405611843e-02,-8.875892600405611843e-02
-8.120836457337710090e-02,-8.120836457337710090e-02
-8.485992164272704308e-02,-8.485992164272704308e-02
-6.823280270756115762e-02,-6.823280270756115762e-02
-1.404752558610684876e-01,-1.404752558610684876e-01
-7.940386544041611039e-02,-7.940386544041611039e-02
-1.113713436354722836e-01,-1.113713436354722836e-01
-9.032951248460366345e-02,-9.032951248460366345e-02
-8.775251851885373933e-02,-8.775251851885373933e-02
-1.140083777097623818e-01,-1.140083777097623818e-01
-4.505834996354063371e-02,-4.505834996354063371e-02
-6.732469274566582618e-02,-6.732469274566582618e-02
-8.634802574529040764e-02,-8.634802574529040764e-02
-7.154029100151418352e-02,-7.154029100151418352e-02
-8.095456466672180940e-02,-8.095456466672180940e-02
-1.154914511420526563e-01,-1.154914511420526563e-01
-8.279646323978115396e-02,-8.279646323978115396e-02
-1.051542032088144535e-01,-1.051542032088144535e-01
-9.085404081953682431e-02,-9.085404081953682431e-02
-7.049677176808191725e-02,-7.049677176808191725e-02
-6.566601466510182949e-02,-6.566601466510182949e-02
-8.233727236097934665e-02,-8.233727236097934665e-02
-9.440986213312237141e-02,-9.440986213312237141e-02
-1.141666855302796851e-01,-1.141666855302796851e-01
-9.040195319755370273e-02,-9.040195319755370273e-02
-1.042536712936956433e-01,-1.042536712936956433e-01
-7.859251952361764881e-02,-7.859251952361764881e-02
-7.384847771425587237e-02,-7.384847771425587237e-02
-6.581612299612636663e-02,-6.581612299612636663e-02
-5.523150858271083652e-02,-5.523150858271083652e-02
-9.813260445070429161e-02,-9.813260445070429161e-02
-8.730301248163524486e-02,-8.730301248163524486e-02
-1.175054919318871127e-01,-1.175054919318871127e-01
-1.156532848868348229e-01,-1.156532848868348229e-01
-1.017431233686964531e-01,-1.017431233686964531e-01
-8.335984649978674110e-02,-8.335984649978674110e-02
-1.017816344656714278e-01,-1.017816344656714278e-01
-7.404154946417290661e-02,-7.404154946417290661e-02
-9.061628207517219424e-02,-9.061628207517219424e-02
-7.740052282248369164e-02,-7.740052282248369164e-02
-8.719898503110543042e-02,-8.719898503110543042e-02
-8.810940294461291900e-02,-8.810940294461291900e-02
-8.674133765079697356e-02,-8.674133765079697356e-02
-7.279831907416048353e-02,-7.279831907416048353e-02
-9.940649967546932864e-02,-9.940649967546932864e-02
-1.145222123073600662e-01,-1.145222123073600662e-01
-9.101446465970862432e-02,-9.101446465970862432e-02
-7.889989304578169660e-02,-7.889989304578169660e-02
-5.672160017483263844e-02,-5.672160017483263844e-02
-1.047295445828252403e-01,-1.047295445828252403e-01
-9.681156713866405361e-02,-9.681156713866405361e-02
-6.752671065470114420e-02,-6.752671065470114420e-02
-5.017553142736151661e-02,-5.017553142736151661e-02
-1.015089993158629633e-01,-1.015089993158629633e-01
-1.099473992296105401e-01,-1.099473992296105401e-01
-1.171963312134212815e-01,-1.171963312134212815e-01
-7.110636645149201462e-02,-7.110636645149201462e-02
-1.109049695001311786e-01,-1.109049695001311786e-01
-1.123298982473529550e-01,-1.123298982473529550e-01
-8.796875982358484669e-02,-8.796875982358484669e-02
-7.671702450649453553e-02,-7.671702450649453553e-02
-9.431444520096898820e-02,-9.431444520096898820e-02
-9.137068381653332128e-02,-9.137068381653332128e-02
-6.560219979135560597e-02,-6.560219979135560597e-02
-1.388709644429504397e-01,-1.388709644429504397e-01
-9.870573519075062641e-02,-9.870573519075062641e-02
-1.145528052029187033e-01,-1.145528052029187033e-01
-8.829130086844091951e-02,-8.829130086844091951e-02
-9.664074474447448271e-02,-9.664074474447448271e-02
-9.551949646844688779e-02,-9.551949646844688779e-02
-1.112557026598654242e-01,-1.112557026598654242e-01
-8.254885386880395082e-02,-8.254885386880395082e-02
-1.022997874028631071e-01,-1.022997874028631071e-01
-8.830791743624016865e-02,-8.830791743624016865e-02
-8.043912225777172242e-02,-8.043912225777172242e-02
-1.104941480894484768e-01,-1.104941480894484768e-01
-7.922819198316985445e-02,-7.922819198316985445e-02
-1.312088106545938604e-01,-1.312088106545938604e-01
-8.535319750179021225e-02,-8.535319750179021225e-02
-8.711826109349948832e-02,-8.711826109349948832e-02
-9.588016449335248770e-02,-9.588016449335248770e-02
-9.308745488456901529e-02,-9.308745488456901529e-02
-8.104916916732136933e-02,-8.104916916732136933e-02
-1.189042065934590442e-01,-1.189042065934590442e-01
-1.096733007968984097e-01,-1.096733007968984097e-01
-8.037252722737663058e-02,-8.037252722737663058e-02
-8.309795422892266026e-02,-8.309795422892266026e-02
-7.583102670098512688e-02,-7.583102670098512688e-02
-1.105578594801938097e-01,-1.105578594801938097e-01
-8.872092582929566595e-02,-8.872092582929566595e-02
-8.903759021420637465e-02,-8.903759021420637465e-02
