-7.307396801459778435e-02,-7.307396801459778435e-02
-5.263097945709589026e-02,-5.263097945709589026e-02
-4.208419981906761503e-02,-4.208419981906761503e-02
-4.612818790273257724e-02,-4.612818790273257724e-02
-5.744991347550093552e-02,-5.744991347550093552e-02
-5.438536070375975251e-02,-5.438536070375975251e-02
-6.486041488229890573e-02,-6.486041488229890573e-02
-6.174789576192073887e-02,-6.174789576192073887e-02
-7.459933040814951954e-02,-7.459933040814951954e-02
-4.774378956115003791e-02,-4.774378956115003791e-02
-5.644849732304466072e-02,-5.644849732304466072e-02
-4.845396949671817305e-02,-4.845396949671817305e-02
-5.857530778872353794e-02,-5.857530778872353794e-02
-6.656467325493189979e-02,-6.656467325493189979e-02
-4.669392231720592701e-02,-4.669392231720592701e-02
-7.164007769265962056e-02,-7.164007769265962056e-02
-4.350106136298081960e-02,-4.350106136298081960e-02
-6.274947240786193925e-02,-6.274947240786193925e-02
-7.117252816265011439e-02,-7.117252816265011439e-02
-6.457786479586410944e-02,-6.457786479586410944e-02
-4.541079609005616025e-02,-4.541079609005616025e-02
-5.619762459178800906e-02,-5.619762459178800906e-02
-3.603422324194470450e-02,-3.603422324194470450e-02
-4.660143841474362336e-02,-4.660143841474362336e-02
-4.337804946848476673e-02,-4.337804946848476673e-02
-5.813290789596588237e-02,-5.813290789596588237e-02
-7.045997319836441730e-02,-7.045997319836441730e-02
-7.013819823745284787e-02,-7.013819823745284787e-02
-4.824866337214597789e-02,-4.824866337214597789e-02
-3.684982653614720521e-02,-3.684982653614720521e-02
-5.895529059604797534e-02,-5.895529059604797534e-02
-8.175416563304475914e-02,-8.175416563304475914e-02
-5.490442180828890295e-02,-5.490442180828890295e-02
-5.759391689883388427e-02,-5.759391689883388427e-02
-4.716880400516833965e-02,-4.716880400516833965e-02
-5.112063816183481241e-02,-5.112063816183481241e-02
-3.819766500473158188e-02,-3.819766500473158188e-02
-6.391399243181380974e-02,-6.391399243181380974e-02
-4.321329141139899216e-02,-4.321329141139899216e-02
-5.299957115377611216e-02,-5.299957115377611216e-02
-6.491922452725623627e-02,-6.491922452725623627e-02
-5.119099654540738148e-02,-5.119099654540738148e-02
-4.341669676482748375e-02,-4.341669676482748375e-02
-7.644172589944386864e-02,-7.644172589944386864e-02
-6.477771309786370391e-02,-6.477771309786370391e-02
-7.273309264751219583e-02,-7.273309264751219583e-02
-6.261492207851271363e-02,-6.261492207851271363e-02
-6.822773283574831704e-02,-6.822773283574831704e-02
-4.419610829462434359e-02,-4.419610829462434359e-02
-5.873442314969780365e-02,-5.873442314969780365e-02
-6.803489901358250602e-02,-6.803489901358250602e-02
-5.789417109879493872e-02,-5.789417109879493872e-02
-5.583212615512382626e-02,-5.583212615512382626e-02
-5.212362788418833937e-02,-5.212362788418833937e-02
-6.653602352154265598e-02,-6.653602352154265598e-02
-6.453087479759886391e-02,-6.453087479759886391e-02
-6.046370103632627002e-02,-6.046370103632627002e-02
-6.080306272208319679e-02,-6.080306272208319679e-02
-4.803589770948456239e-02,-4.803589770948456239e-02
-5.817463607312797075e-02,-5.817463607312797075e-02
-6.535903718320203171e-02,-6.535903718320203171e-02
-5.596939787427174240e-02,-5.596939787427174240e-02
-7.253078650398026017e-02,-7.253078650398026017e-02
-4.163026087147060628e-02,-4.163026087147060628e-02
-4.656530991300372735e-02,-4.656530991300372735e-02
-5.208915966878643888e-02,-5.208915966878643888e-02
-6.743766995463817970e-02,-6.743766995463817970e-02
-6.457385254769809624e-02,-6.457385254769809624e-02
-6.237565540438218953e-02,-6.237565540438218953e-02
-7.744658404985069189e-02,-7.744658404985069189e-02
-5.055066953572092542e-02,-5.055066953572092542e-02
-6.134184910620263387e-02,-6.134184910620263387e-02
-4.837438737443115061e-02,-4.837438737443115061e-02
-3.260353801470251139e-02,-3.260353801470251139e-02
-7.090447636897127814e-02,-7.090447636897127814e-02
-6.246851564450141281e-02,-6.246851564450141281e-02
-5.600819111830177000e-02,-5.600819111830177000e-02
-4.518795966400703662e-02,-4.518795966400703662e-02
-6.202464883678363017e-02,-6.202464883678363017e-02
-5.561370495875730957e-02,-5.561370495875730957e-02
-5.096194122603030230e-02,-5.096194122603030230e-02
-5.004976169285908771e-02,-5.004976169285908771e-02
-6.608279629355512386e-02,-6.608279629355512386e-02
-4.373545505455199434e-02,-4.373545505455199434e-02
-6.969829494880958043e-02,-6.969829494880958043e-02
-7.450706412947454005e-02,-7.450706412947454005e-02
-6.310275228281977955e-02,-6.310275228281977955e-02
-7.095791728763146955e-02,-7.095791728763146955e-02
-7.472692073614556341e-02,-7.472692073614556341e-02
-3.801146348839283540e-02,-3.801146348839283540e-02
-5.594998790498934005e-02,-5.594998790498934005e-02
-4.665193660062688652e-02,-4.665193660062688652e-02
-5.437421409140082845e-02,-5.437421409140082845e-02
-4.226899803573293257e-02,-4.226899803573293257e-02
-4.581712773381657611e-02,-4.581712773381657611e-02
-7.415973849759877057e-02,-7.415973849759877057e-02
-6.063233842358953934e-02,-6.063233842358953934e-02
-4.705508784622189355e-02,-4.705508784622189355e-02
-5.943863666804363732e-02,-5.943863666804363732e-02
-4.162513503222885214e-02,-4.162513503222885214e-02
-5.392091619184764817e-02,-5.392091619184764817e-02
-3.133027042206444623e-02,-3.133027042206444623e-02
-4.579941245738960998e-02,-4.579941245738960998e-02
-6.005549681252972394e-02,-6.005549681252972394e-02
-7.131627864890452417e-02,-7.131627864890452417e-02
-4.780862465864914312e-02,-4.780862465864914312e-02
-5.586044916369002633e-02,-5.586044916369002633e-02
-4.135782796913624326e-02,-4.135782796913624326e-02
-4.758759294416608360e-02,-4.758759294416608360e-02
-5.349264574204862233e-02,-5.349264574204862233e-02
-4.915111805834190134e-02,-4.915111805834190134e-02
-7.730148549889213905e-02,-7.730148549889213905e-02
-6.585852894044416650e-02,-6.585852894044416650e-02
-4.467437061411784482e-02,-4.467437061411784482e-02
-3.421099060947726395e-02,-3.421099060947726395e-02
-1.854322050479667236e-02,-1.854322050479667236e-02
-7.043294107175193663e-02,-7.043294107175193663e-02
-6.269703843188571823e-02,-6.269703843188571823e-02
-4.883115420796651368e-02,-4.883115420796651368e-02
-5.557509560378370156e-02,-5.557509560378370156e-02
-5.031971372217407951e-02,-5.031971372217407951e-02
-8.370825708395177034e-02,-8.370825708395177034e-02
-5.190692017747033926e-02,-5.190692017747033926e-02
-6.208136472966774982e-02,-6.208136472966774982e-02
-7.284486334428855181e-02,-7.284486334428855181e-02
-6.231181393495058979e-02,-6.231181393495058979e-02
-6.693927174302038985e-02,-6.693927174302038985e-02
-7.606516630694837300e-02,-7.606516630694837300e-02
-5.058781694186504502e-02,-5.058781694186504502e-02
-3.601410993734033283e-02,-3.601410993734033283e-02
-5.718207248570515711e-02,-5.718207248570515711e-02
-5.758512200882660165e-02,-5.758512200882660165e-02
-6.527720836204481403e-02,-6.527720836204481403e-02
-6.175287211219865346e-02,-6.175287211219865346e-02
-5.589006834920778877e-02,-5.589006834920778877e-02
-5.758343601456680089e-02,-5.758343601456680089e-02
-6.934473708686693383e-02,-6.934473708686693383e-02
-7.766156558903712648e-02,-7.766156558903712648e-02
-5.592377357737422783e-02,-5.592377357737422783e-02
-4.490032016892164801e-02,-4.490032016892164801e-02
-4.592266947190426496e-02,-4.592266947190426496e-02
-7.091387765576537272e-02,-7.091387765576537272e-02
-9.412144825382902369e-02,-9.412144825382902369e-02
-6.171237339450730969e-02,-6.171237339450730969e-02
-5.868129128555032992e-02,-5.868129128555032992e-02
-5.075511819500398702e-02,-5.075511819500398702e-02
-5.979053063474963625e-02,-5.979053063474963625e-02
-8.955010054836334832e-02,-8.955010054836334832e-02
-4.766314722332555542e-02,-4.766314722332555542e-02
-5.709411780006837245e-02,-5.709411780006837245e-02
-3.276278489668044830e-02,-3.276278489668044830e-02
-6.160388429233183000e-02,-6.160388429233183000e-02
-5.749058888535069772e-02,-5.749058888535069772e-02
-5.894150796256815428e-02,-5.894150796256815428e-02
-5.210394395896651015e-02,-5.210394395896651015e-02
-5.925307662104290635e-02,-5.925307662104290635e-02
-6.089216841474635877e-02,-6.089216841474635877e-02
-6.481811175189534924e-02,-6.481811175189534924e-02
-5.998433138018366417e-02,-5.998433138018366417e-02
-6.112329175322472885e-02,-6.112329175322472885e-02
-5.788286222223110178e-02,-5.788286222223110178e-02
-5.339464704909550885e-02,-5.339464704909550885e-02
-4.863115658042196920e-02,-4.863115658042196920e-02
-4.533042186088528241e-02,-4.533042186088528241e-02
-4.972652878960968220e-02,-4.972652878960968220e-02
-4.678748313789134888e-02,-4.678748313789134888e-02
-6.224778093647606592e-02,-6.224778093647606592e-02
-7.429121923908102443e-02,-7.429121923908102443e-02
-5.736107739875579564e-02,-5.736107739875579564e-02
-5.530431946102845608e-02,-5.530431946102845608e-02
-5.557288612428930297e-02,-5.557288612428930297e-02
-5.586064211874573054e-02,-5.586064211874573054e-02
-5.982335899569000970e-02,-5.982335899569000970e-02
-4.852655814966982950e-02,-4.852655814966982950e-02
-5.233567808088264439e-02,-5.233567808088264439e-02
-5.032088448042778411e-02,-5.032088448042778411e-02
-6.536655636460039775e-02,-6.536655636460039775e-02
-5.891250910322522877e-02,-5.891250910322522877e-02
-5.455211346057807498e-02,-5.455211346057807498e-02
-4.727289743500198704e-02,-4.727289743500198704e-02
-5.348114844989983185e-02,-5.348114844989983185e-02
-5.843563111440711055e-02,-5.843563111440711055e-02
-5.664032388945906826e-02,-5.664032388945906826e-02
-6.353004709807734407e-02,-6.353004709807734407e-02
-4.925997435144626596e-02,-4.925997435144626596e-02
-5.745774020200766080e-02,-5.745774020200766080e-02
-5.267197926359386273e-02,-5.267197926359386273e-02
-5.507187364099699889e-02,-5.507187364099699889e-02
-6.244891756156929069e-02,-6.244891756156929069e-02
-5.611412161648549751e-02,-5.611412161648549751e-02
-4.404069560969982311e-02,-4.404069560969982311e-02
-5.519020846221019128e-02,-5.519020846221019128e-02
-5.727657661637176184e-02,-5.727657661637176184e-02
-6.920507600546368931e-02,-6.920507600546368931e-02
-5.356206936471534508e-02,-5.356206936471534508e-02
-3.550894928577464499e-02,-3.550894928577464499e-02
-7.481852335470945414e-02,-7.481852335470945414e-02
-4.696691835980703472e-02,-4.696691835980703472e-02
-5.085966442935503651e-02,-5.085966442935503651e-02
-5.877289280634530322e-02,-5.877289280634530322e-02
-5.782219539898837690e-02,-5.782219539898837690e-02
-5.163052901575070075e-02,-5.163052901575070075e-02
-5.737308650289849737e-02,-5.737308650289849737e-02
-5.791989676311953827e-02,-5.791989676311953827e-02
-5.282212541052056648e-02,-5.282212541052056648e-02
-7.778128977428845625e-02,-7.778128977428845625e-02
-6.591035710063190833e-02,-6.591035710063190833e-02
-5.050894540920447540e-02,-5.050894540920447540e-02
-5.285558273382086336e-02,-5.285558273382086336e-02
-8.380018721128329462e-02,-8.380018721128329462e-02
-6.724910612255236009e-02,-6.724910612255236009e-02
-5.259884849615559244e-02,-5.259884849615559244e-02
-3.832027794093310902e-02,-3.832027794093310902e-02
-5.755219837500332586e-02,-5.755219837500332586e-02
-4.022264513240864786e-02,-4.022264513240864786e-02
-5.137560576412596169e-02,-5.137560576412596169e-02
-3.884106095656500446e-02,-3.884106095656500446e-02
-5.905951682056118784e-02,-5.905951682056118784e-02
-4.861005523377408960e-02,-4.861005523377408960e-02
-6.544612252951970133e-02,-6.544612252951970133e-02
-7.985753977580850593e-02,-7.985753977580850593e-02
-7.542531288116782751e-02,-7.542531288116782751e-02
-7.252954139402645328e-02,-7.252954139402645328e-02
-5.948020548135852376e-02,-5.948020548135852376e-02
-6.934063432480383482e-02,-6.934063432480383482e-02
-6.319085150956853247e-02,-6.319085150956853247e-02
-6.872665127908338112e-02,-6.872665127908338112e-02
-4.456702646719364058e-02,-4.456702646719364058e-02
-3.411972983580555119e-02,-3.411972983580555119e-02
-4.856176110352099229e-02,-4.856176110352099229e-02
-7.263748688376113483e-02,-7.263748688376113483e-02
-5.839168374645865855e-02,-5.839168374645865855e-02
-5.812932900444141293e-02,-5.812932900444141293e-02
-6.290949242239365913e-02,-6.290949242239365913e-02
-4.795143541944540955e-02,-4.795143541944540955e-02
-4.441482938710115957e-02,-4.441482938710115957e-02
-6.557481782992630182e-02,-6.557481782992630182e-02
-4.655201133283740078e-02,-4.655201133283740078e-02
-4.477051123434117041e-02,-4.477051123434117041e-02
-6.392201843366242253e-02,-6.392201843366242253e-02
-6.883869156804067746e-02,-6.883869156804067746e-02
-8.112176749139324294e-02,-8.112176749139324294e-02
-4.943729735209532322e-02,-4.943729735209532322e-02
-4.914893086285417739e-02,-4.914893086285417739e-02
-4.296690089627384912e-02,-4.296690089627384912e-02
-4.724604893246259207e-02,-4.724604893246259207e-02
-6.111401134601664870e-02,-6.111401134601664870e-02
-6.116884902332282714e-02,-6.116884902332282714e-02
-4.666081291569058875e-02,-4.666081291569058875e-02
-6.162106950647733283e-02,-6.162106950647733283e-02
-5.746794169898578747e-02,-5.746794169898578747e-02
-4.826791996607617680e-02,-4.826791996607617680e-02
-3.499829860676829940e-02,-3.499829860676829940e-02
-4.962771194639346156e-02,-4.962771194639346156e-02
-6.958532573477840821e-02,-6.958532573477840821e-02
-5.132595970290271259e-02,-5.132595970290271259e-02
-6.914329146620787347e-02,-6.914329146620787347e-02
-4.640737190190279832e-02,-4.640737190190279832e-02
-4.523108222062546119e-02,-4.523108222062546119e-02
-5.595871302479772658e-02,-5.595871302479772658e-02
-6.267036851208669657e-02,-6.267036851208669657e-02
-6.344001500431747931e-02,-6.344001500431747931e-02
-6.842758264789502998e-02,-6.842758264789502998e-02
-4.655035120978234797e-02,-4.655035120978234797e-02
-3.684531238354596394e-02,-3.684531238354596394e-02
-5.532165766918130390e-02,-5.532165766918130390e-02
-6.031701822287285214e-02,-6.031701822287285214e-02
-4.587228288756688144e-02,-4.587228288756688144e-02
-6.999285565130040909e-02,-6.999285565130040909e-02
-4.983128269194460336e-02,-4.983128269194460336e-02
-5.932363420228740913e-02,-5.932363420228740913e-02
-3.907914271266790807e-02,-3.907914271266790807e-02
-5.740371973023364327e-02,-5.740371973023364327e-02
-6.039444405311111819e-02,-6.039444405311111819e-02
-5.238175218317549925e-02,-5.238175218317549925e-02
-5.707624782838413569e-02,-5.707624782838413569e-02
-6.763480250676406902e-02,-6.763480250676406902e-02
-7.782365714036770799e-02,-7.782365714036770799e-02
-7.976508929413990423e-02,-7.976508929413990423e-02
-3.457318842533260023e-02,-3.457318842533260023e-02
-6.300181945950542040e-02,-6.300181945950542040e-02
-5.644735703710480890e-02,-5.644735703710480890e-02
-6.483609437240875351e-02,-6.483609437240875351e-02
-4.351643364665186420e-02,-4.351643364665186420e-02
-4.570853339408076366e-02,-4.570853339408076366e-02
-4.457284046869783994e-02,-4.457284046869783994e-02
-6.529741698179469811e-02,-6.529741698179469811e-02
-6.054884363588511342e-02,-6.054884363588511342e-02
-5.828297996552521398e-02,-5.828297996552521398e-02
-4.395194164957802463e-02,-4.395194164957802463e-02
-7.871910504118717622e-02,-7.871910504118717622e-02
-3.620843767624817161e-02,-3.620843767624817161e-02
-4.905579867042111908e-02,-4.905579867042111908e-02
-6.026558014091702720e-02,-6.026558014091702720e-02
-5.205159407175195124e-02,-5.205159407175195124e-02
-5.462454145968832775e-02,-5.462454145968832775e-02
-5.300236773579786176e-02,-5.300236773579786176e-02
-6.138556990924030898e-02,-6.138556990924030898e-02
-4.655853132367465674e-02,-4.655853132367465674e-02
-6.971133082051536589e-02,-6.971133082051536589e-02
-5.769405087883939381e-02,-5.769405087883939381e-02
-5.798643793236893385e-02,-5.798643793236893385e-02
-4.320158921122260742e-02,-4.320158921122260742e-02
-6.917868674781202376e-02,-6.917868674781202376e-02
-3.902043489009587862e-02,-3.902043489009587862e-02
-6.114613186225370534e-02,-6.114613186225370534e-02
-6.169183380763943597e-02,-6.169183380763943597e-02
-7.578214277501227336e-02,-7.578214277501227336e-02
-7.064232267131335952e-02,-7.064232267131335952e-02
-4.824882745164266878e-02,-4.824882745164266878e-02
-4.842216463256471259e-02,-4.842216463256471259e-02
-8.368838237688654147e-02,-8.368838237688654147e-02
-5.720707245082351511e-02,-5.720707245082351511e-02
-6.884856854045418029e-02,-6.884856854045418029e-02
-5.800618697379487237e-02,-5.800618697379487237e-02
-4.696715308338694078e-02,-4.696715308338694078e-02
-6.193988160869693532e-02,-6.193988160869693532e-02
-8.246145882416928974e-02,-8.246145882416928974e-02
-6.584920153503032170e-02,-6.584920153503032170e-02
-5.911760968837955627e-02,-5.911760968837955627e-02
-4.552857313551649659e-02,-4.552857313551649659e-02
-4.917356709016905414e-02,-4.917356709016905414e-02
-6.319282604093834355e-02,-6.319282604093834355e-02
-6.476604963380139246e-02,-6.476604963380139246e-02
-5.029491727132102963e-02,-5.029491727132102963e-02
-5.697901025423446342e-02,-5.697901025423446342e-02
-4.816144004936532413e-02,-4.816144004936532413e-02
-5.676792541313709084e-02,-5.676792541313709084e-02
-3.892555548416301581e-02,-3.892555548416301581e-02
-3.689385804757318310e-02,-3.689385804757318310e-02
-7.957797705202920846e-02,-7.957797705202920846e-02
-7.265590235274455022e-02,-7.265590235274455022e-02
-2.651036352418923575e-02,-2.651036352418923575e-02
-3.332604477666525900e-02,-3.332604477666525900e-02
-5.317078582300388545e-02,-5.317078582300388545e-02
-5.534788426731995781e-02,-5.534788426731995781e-02
-1.936550577725347846e-02,-1.936550577725347846e-02
-5.068489106120921406e-02,-5.068489106120921406e-02
-5.078514532381532554e-02,-5.078514532381532554e-02
-4.350711187558010951e-02,-4.350711187558010951e-02
-6.732712943640642433e-02,-6.732712943640642433e-02
-7.535771356033085788e-02,-7.535771356033085788e-02
-6.207227309182718894e-02,-6.207227309182718894e-02
-6.794369967143405742e-02,-6.794369967143405742e-02
-6.524666169135712179e-02,-6.524666169135712179e-02
-6.779504861702954910e-02,-6.779504861702954910e-02
-5.387766625988738012e-02,-5.387766625988738012e-02
-3.614467475473161218e-02,-3.614467475473161218e-02
-5.139996698076210874e-02,-5.139996698076210874e-02
-5.043350221262291044e-02,-5.043350221262291044e-02
-7.376453850029487946e-02,-7.376453850029487946e-02
-5.696485858290177562e-02,-5.696485858290177562e-02
-5.035029880563945959e-02,-5.035029880563945959e-02
-4.472740068892400861e-02,-4.472740068892400861e-02
-4.847383352050201738e-02,-4.847383352050201738e-02
-5.393683846509529645e-02,-5.393683846509529645e-02
-5.528240026928672723e-02,-5.528240026928672723e-02
-5.700886435074670883e-02,-5.700886435074670883e-02
-5.264748569740159562e-02,-5.264748569740159562e-02
-6.203245266228313293e-02,-6.203245266228313293e-02
-5.539379142381289922e-02,-5.539379142381289922e-02
-6.495151014713762549e-02,-6.495151014713762549e-02
-5.674390209134580476e-02,-5.674390209134580476e-02
-5.281070771008636311e-02,-5.281070771008636311e-02
-4.906180073602357111e-02,-4.906180073602357111e-02
-5.778258548262058675e-02,-5.778258548262058675e-02
-5.777945612108520423e-02,-5.777945612108520423e-02
-7.104217731298567706e-02,-7.104217731298567706e-02
-4.992024976872549286e-02,-4.992024976872549286e-02
-3.217102784203505067e-02,-3.217102784203505067e-02
-4.340510779353699833e-02,-4.340510779353699833e-02
-4.474908631759200867e-02,-4.474908631759200867e-02
-4.926844487375517390e-02,-4.926844487375517390e-02
-6.530991002174599269e-02,-6.530991002174599269e-02
-6.027738250646156454e-02,-6.027738250646156454e-02
-5.920669595262203350e-02,-5.920669595262203350e-02
-4.790187428535823411e-02,-4.790187428535823411e-02
-8.564331406441028083e-02,-8.564331406441028083e-02
-6.277975440151187247e-02,-6.277975440151187247e-02
-5.606620481702322134e-02,-5.606620481702322134e-02
-5.056024377901555122e-02,-5.056024377901555122e-02
-7.383638587472962644e-02,-7.383638587472962644e-02
-5.785427986904378983e-02,-5.785427986904378983e-02
-4.955572818619573966e-02,-4.955572818619573966e-02
-5.413077667946861182e-02,-5.413077667946861182e-02
-4.691992025054027293e-02,-4.691992025054027293e-02
-6.689174027343802731e-02,-6.689174027343802731e-02
-4.824272757971822395e-02,-4.824272757971822395e-02
-5.398932311196763534e-02,-5.398932311196763534e-02
-4.661513824455877641e-02,-4.661513824455877641e-02
-7.028258729306748054e-02,-7.028258729306748054e-02
-5.320329558467369602e-02,-5.320329558467369602e-02
-5.304046807525785584e-02,-5.304046807525785584e-02
-6.087833602880945993e-02,-6.087833602880945993e-02
-4.035562660459331152e-02,-4.035562660459331152e-02
-6.257396539133991409e-02,-6.257396539133991409e-02
-3.364851579434244289e-02,-3.364851579434244289e-02
-5.430580059838333723e-02,-5.430580059838333723e-02
-6.741558661906117689e-02,-6.741558661906117689e-02
-4.025280767485216182e-02,-4.025280767485216182e-02
-4.221621033384859861e-02,-4.221621033384859861e-02
-4.321634819887874845e-02,-4.321634819887874845e-02
-4.445389776121604075e-02,-4.445389776121604075e-02
-5.529135378306458681e-02,-5.529135378306458681e-02
-6.193890652361032367e-02,-6.193890652361032367e-02
-4.836513115751529812e-02,-4.836513115751529812e-02
-6.169054423351266053e-02,-6.169054423351266053e-02
-1.763297439217582918e-02,-1.763297439217582918e-02
-7.102233789788962859e-02,-7.102233789788962859e-02
-6.118623347253145800e-02,-6.118623347253145800e-02
-6.084686245656481529e-02,-6.084686245656481529e-02
-5.415765179276994801e-02,-5.415765179276994801e-02
-5.074389294395728611e-02,-5.074389294395728611e-02
-3.839087187496627307e-02,-3.839087187496627307e-02
-5.850514398178592590e-02,-5.850514398178592590e-02
-5.174975589760200112e-02,-5.174975589760200112e-02
-5.051759949781500086e-02,-5.051759949781500086e-02
-3.528797424332028032e-02,-3.528797424332028032e-02
-5.034126100017412286e-02,-5.034126100017412286e-02
-6.460237736060127356e-02,-6.460237736060127356e-02
-5.863698599736182071e-02,-5.863698599736182071e-02
-6.301896494173342411e-02,-6.301896494173342411e-02
-6.068933463407442941e-02,-6.068933463407442941e-02
-5.955671522406199431e-02,-5.955671522406199431e-02
-5.567431400382297224e-02,-5.567431400382297224e-02
-6.887209373564132098e-02,-6.887209373564132098e-02
-4.691246913448396394e-02,-4.691246913448396394e-02
-5.327547822175331821e-02,-5.327547822175331821e-02
-7.235574548497357428e-02,-7.235574548497357428e-02
-4.513467148936470275e-02,-4.513467148936470275e-02
-3.582980536032977226e-02,-3.582980536032977226e-02
-6.332776932738636011e-02,-6.332776932738636011e-02
-7.071316529054318123e-02,-7.071316529054318123e-02
-5.493833511251645235e-02,-5.493833511251645235e-02
-7.184865179076183050e-02,-7.184865179076183050e-02
-8.218563497361618120e-02,-8.218563497361618120e-02
-3.733636377321775113e-02,-3.733636377321775113e-02
-4.937360671349412533e-02,-4.937360671349412533e-02
-6.241320812344426650e-02,-6.241320812344426650e-02
-6.943131938041763318e-02,-6.943131938041763318e-02
-6.825093951032940032e-02,-6.825093951032940032e-02
-6.440266182229863190e-02,-6.440266182229863190e-02
-3.896499531113543913e-02,-3.896499531113543913e-02
-7.999017954061229951e-02,-7.999017954061229951e-02
-4.896542249830939525e-02,-4.896542249830939525e-02
-5.668629956137764131e-02,-5.668629956137764131e-02
-4.609790292974227932e-02,-4.609790292974227932e-02
-6.196052771715397645e-02,-6.196052771715397645e-02
-4.644569734402611422e-02,-4.644569734402611422e-02
-3.127577658054275095e-02,-3.127577658054275095e-02
-4.901062131635257335e-02,-4.901062131635257335e-02
-5.082783234900298264e-02,-5.082783234900298264e-02
-6.731491169197857671e-02,-6.731491169197857671e-02
-4.512611035523313163e-02,-4.512611035523313163e-02
-6.647460859520118448e-02,-6.647460859520118448e-02
-5.044012170291077568e-02,-5.044012170291077568e-02
-5.110439013300274724e-02,-5.110439013300274724e-02
-4.126909655008761946e-02,-4.126909655008761946e-02
-3.959879989335558098e-02,-3.959879989335558098e-02
-4.545874468108537791e-02,-4.545874468108537791e-02
-4.830313233465573231e-02,-4.830313233465573231e-02
-5.390035652925659337e-02,-5.390035652925659337e-02
-5.686197504364716437e-02,-5.686197504364716437e-02
-5.274905685325553817e-02,-5.274905685325553817e-02
-5.417240780342555406e-02,-5.417240780342555406e-02
-4.383686953711499190e-02,-4.383686953711499190e-02
-5.597855884561440953e-02,-5.597855884561440953e-02
-6.416048811235958160e-02,-6.416048811235958160e-02
-5.279953157444945006e-02,-5.279953157444945006e-02
-5.314195557654510793e-02,-5.314195557654510793e-02
-5.071686212737910177e-02,-5.071686212737910177e-02
-6.233280414369021805e-02,-6.233280414369021805e-02
-6.795079109415363972e-02,-6.795079109415363972e-02
-5.714081127121325293e-02,-5.714081127121325293e-02
-7.648788073615597760e-02,-7.648788073615597760e-02
-4.347388624464895712e-02,-4.347388624464895712e-02
-5.646740712750727975e-02,-5.646740712750727975e-02
-6.155431569762256916e-02,-6.155431569762256916e-02
-5.385413965019221483e-02,-5.385413965019221483e-02
-5.762234895057391504e-02,-5.762234895057391504e-02
-5.343760912876274749e-02,-5.343760912876274749e-02
-5.272853190969400972e-02,-5.272853190969400972e-02
-4.556335082196628916e-02,-4.556335082196628916e-02
-4.027091481875440249e-02,-4.027091481875440249e-02
-4.981039124546109143e-02,-4.981039124546109143e-02
-4.207516606985062246e-02,-4.207516606985062246e-02
-1.105427049764464154e-01,-1.105427049764464154e-01
-7.062736466762140064e-02,-7.062736466762140064e-02
-6.272206094106189123e-02,-6.272206094106189123e-02
-5.259065589164491072e-02,-5.259065589164491072e-02
-5.300993670549902087e-02,-5.300993670549902087e-02
-6.842586907012480901e-02,-6.842586907012480901e-02
-6.494506321622681155e-02,-6.494506321622681155e-02
-4.981171553845713251e-02,-4.981171553845713251e-02
-5.537726586399352446e-02,-5.537726586399352446e-02
-6.605941643835663846e-02,-6.605941643835663846e-02
-5.054479623336476796e-02,-5.054479623336476796e-02
-4.887006019642048393e-02,-4.887006019642048393e-02
-7.047754713355006140e-02,-7.047754713355006140e-02
-6.954828613986685504e-02,-6.954828613986685504e-02
-5.722039459508304615e-02,-5.722039459508304615e-02
-6.149045691427021398e-02,-6.149045691427021398e-02
-7.126286531173799121e-02,-7.126286531173799121e-02
-5.790116478997116983e-02,-5.790116478997116983e-02
-6.499606980209157725e-02,-6.499606980209157725e-02
-3.951575268824533693e-02,-3.951575268824533693e-02
-4.300211902825400168e-02,-4.300211902825400168e-02
-8.087173926596148699e-02,-8.087173926596148699e-02
-4.533022578921920565e-02,-4.533022578921920565e-02
-4.973087470535619836e-02,-4.973087470535619836e-02
-4.593385707419191111e-02,-4.593385707419191111e-02
-4.767662327569820169e-02,-4.767662327569820169e-02
-5.688170553807925245e-02,-5.688170553807925245e-02
-5.415820635451033122e-02,-5.415820635451033122e-02
-3.514557468557831521e-02,-3.514557468557831521e-02
-5.459401113240755499e-02,-5.459401113240755499e-02
-4.902779356843797731e-02,-4.902779356843797731e-02
-6.100598737017923906e-02,-6.100598737017923906e-02
-6.266622808703894987e-02,-6.266622808703894987e-02
-6.231944523144070797e-02,-6.231944523144070797e-02
-4.543184673754475239e-02,-4.543184673754475239e-02
-7.185248413847727944e-02,-7.185248413847727944e-02
-5.943179268627400702e-02,-5.943179268627400702e-02
-6.812498452021269191e-02,-6.812498452021269191e-02
-7.402844485907941752e-02,-7.402844485907941752e-02
-7.225675257063363111e-02,-7.225675257063363111e-02
-4.764151737607105058e-02,-4.764151737607105058e-02
-5.829337678356535934e-02,-5.829337678356535934e-02
-5.833887308302369845e-02,-5.833887308302369845e-02
-5.740517066606489610e-02,-5.740517066606489610e-02
-5.146326162269541926e-02,-5.146326162269541926e-02
-5.447473201299406209e-02,-5.447473201299406209e-02
-5.951798188819369673e-02,-5.951798188819369673e-02
-6.049196792207153783e-02,-6.049196792207153783e-02
-5.852955554641254415e-02,-5.852955554641254415e-02
-4.264119527057724096e-02,-4.264119527057724096e-02
-4.713437075059520587e-02,-4.713437075059520587e-02
-5.225525995027369835e-02,-5.225525995027369835e-02
-6.902599869602385474e-02,-6.902599869602385474e-02
-7.597312599132595434e-02,-7.597312599132595434e-02
-3.759539776187033333e-02,-3.759539776187033333e-02
-8.403837725177304430e-02,-8.403837725177304430e-02
-5.404926742580452859e-02,-5.404926742580452859e-02
-4.656961109941001875e-02,-4.656961109941001875e-02
-4.947604266490748109e-02,-4.947604266490748109e-02
-6.246321383837377672e-02,-6.246321383837377672e-02
-4.137702859436322156e-02,-4.137702859436322156e-02
-5.174262777735377794e-02,-5.174262777735377794e-02
-7.652738112735008036e-02,-7.652738112735008036e-02
-5.299622390427887603e-02,-5.299622390427887603e-02
-5.884920215758259604e-02,-5.884920215758259604e-02
-4.543921483501446590e-02,-4.543921483501446590e-02
-6.940823931353859444e-02,-6.940823931353859444e-02
-5.028149970242833111e-02,-5.028149970242833111e-02
-5.036214655780602012e-02,-5.036214655780602012e-02
-4.658808486162281659e-02,-4.658808486162281659e-02
-5.223552834897863401e-02,-5.223552834897863401e-02
-5.223620832769151900e-02,-5.223620832769151900e-02
-6.504533648526361622e-02,-6.504533648526361622e-02
-5.958698690614766535e-02,-5.958698690614766535e-02
-5.514053353131177782e-02,-5.514053353131177782e-02
-6.569710321989896684e-02,-6.569710321989896684e-02
-5.396847899334803605e-02,-5.396847899334803605e-02
-4.056695570721476768e-02,-4.056695570721476768e-02
-6.273239193664433000e-02,-6.273239193664433000e-02
-8.500290167733781654e-02,-8.500290167733781654e-02
-6.768740932741762473e-02,-6.768740932741762473e-02
-4.790588252731774882e-02,-4.790588252731774882e-02
-5.349822042949007456e-02,-5.349822042949007456e-02
-8.940117010702083866e-02,-8.940117010702083866e-02
-4.999498976319113885e-02,-4.999498976319113885e-02
-4.839550292793011466e-02,-4.839550292793011466e-02
-7.413607284315115731e-02,-7.413607284315115731e-02
-4.181247422707604772e-02,-4.181247422707604772e-02
-6.658083746266157954e-02,-6.658083746266157954e-02
-2.983488614413404641e-02,-2.983488614413404641e-02
-5.941535614846835123e-02,-5.941535614846835123e-02
-8.431482283433122671e-02,-8.431482283433122671e-02
-5.380611856315827696e-02,-5.380611856315827696e-02
-5.440877623412271324e-02,-5.440877623412271324e-02
-5.985517966953320806e-02,-5.985517966953320806e-02
-7.240711166321810166e-02,-7.240711166321810166e-02
-5.687017295084083324e-02,-5.687017295084083324e-02
-4.954130558408414292e-02,-4.954130558408414292e-02
-5.702167429764445905e-02,-5.702167429764445905e-02
-6.517665433684852183e-02,-6.517665433684852183e-02
-5.134743575137169780e-02,-5.134743575137169780e-02
-4.282662435855467964e-02,-4.282662435855467964e-02
-6.753502888481027755e-02,-6.753502888481027755e-02
-5.155101190305153708e-02,-5.155101190305153708e-02
-4.416694342873844770e-02,-4.416694342873844770e-02
-4.243374180857042988e-02,-4.243374180857042988e-02
-6.871764616721265373e-02,-6.871764616721265373e-02
-6.172972334531176553e-02,-6.172972334531176553e-02
-5.456446122660209286e-02,-5.456446122660209286e-02
-4.097703128815763374e-02,-4.097703128815763374e-02
-6.479752776272458548e-02,-6.479752776272458548e-02
-4.514669274484531258e-02,-4.514669274484531258e-02
-4.870229073095490996e-02,-4.870229073095490996e-02
-3.266390763097985761e-02,-3.266390763097985761e-02
-5.933462502910490793e-02,-5.933462502910490793e-02
-5.104299772665529811e-02,-5.104299772665529811e-02
-7.015807707676133265e-02,-7.015807707676133265e-02
-5.570719032403793902e-02,-5.570719032403793902e-02
-8.360330807870035297e-02,-8.360330807870035297e-02
-5.181955100203824299e-02,-5.181955100203824299e-02
-4.624239580275135708e-02,-4.624239580275135708e-02
-4.391406048052444444e-02,-4.391406048052444444e-02
-6.086081506866580088e-02,-6.086081506866580088e-02
-4.825570433270490178e-02,-4.825570433270490178e-02
-4.286529274411261803e-02,-4.286529274411261803e-02
-5.316780113941209363e-02,-5.316780113941209363e-02
-5.851724455264627200e-02,-5.851724455264627200e-02
-7.133377138206858925e-02,-7.133377138206858925e-02
-5.765494511432205094e-02,-5.765494511432205094e-02
-6.777348711935478331e-02,-6.777348711935478331e-02
-5.725627011273520806e-02,-5.725627011273520806e-02
-2.993656602325611704e-02,-2.993656602325611704e-02
-6.229834755130325696e-02,-6.229834755130325696e-02
-3.796457467323411522e-02,-3.796457467323411522e-02
-7.808674921567157479e-02,-7.808674921567157479e-02
-7.189805073552245351e-02,-7.189805073552245351e-02
-5.810618121353287174e-02,-5.810618121353287174e-02
-8.092226083747584842e-02,-8.092226083747584842e-02
-4.662829582505131909e-02,-4.662829582505131909e-02
-3.927519220760408714e-02,-3.927519220760408714e-02
-5.603629159360027506e-02,-5.603629159360027506e-02
-6.576280007141857564e-02,-6.576280007141857564e-02
-4.981131472057818976e-02,-4.981131472057818976e-02
-7.543659409382058589e-02,-7.543659409382058589e-02
-6.399526101011190904e-02,-6.399526101011190904e-02
-8.042273606069164082e-02,-8.042273606069164082e-02
-6.879811110252170847e-02,-6.879811110252170847e-02
-5.007064509722977674e-02,-5.007064509722977674e-02
-4.449999682144506474e-02,-4.449999682144506474e-02
-6.927731452936169987e-02,-6.927731452936169987e-02
-4.555567051828788433e-02,-4.555567051828788433e-02
-6.860216163195020922e-02,-6.860216163195020922e-02
-3.036556320013041391e-02,-3.036556320013041391e-02
-6.021713078430497579e-02,-6.021713078430497579e-02
-3.892349095512583068e-02,-3.892349095512583068e-02
-5.916657792927422499e-02,-5.916657792927422499e-02
-4.937272553650479123e-02,-4.937272553650479123e-02
-6.982723101141627420e-02,-6.982723101141627420e-02
-4.348155225448099154e-02,-4.348155225448099154e-02
-8.851921984201466254e-02,-8.851921984201466254e-02
-6.573100786102387127e-02,-6.573100786102387127e-02
-7.418663130745746515e-02,-7.418663130745746515e-02
-6.610193019496415912e-02,-6.610193019496415912e-02
-6.315142750188441900e-02,-6.315142750188441900e-02
-3.355125484309831596e-02,-3.355125484309831596e-02
-6.558998810712053651e-02,-6.558998810712053651e-02
-7.422969827990474889e-02,-7.422969827990474889e-02
-7.023268111093983190e-02,-7.023268111093983190e-02
-6.332000806166399043e-02,-6.332000806166399043e-02
-3.504392849779437019e-02,-3.504392849779437019e-02
-8.364714413249034475e-02,-8.364714413249034475e-02
-6.079831005001105210e-02,-6.079831005001105210e-02
-4.549290817627400785e-02,-4.549290817627400785e-02
-2.630608808217017869e-02,-2.630608808217017869e-02
-4.993898585231864445e-02,-4.993898585231864445e-02
-5.911056917972895564e-02,-5.911056917972895564e-02
-4.246046801142066424e-02,-4.246046801142066424e-02
-7.682257601205971786e-02,-7.682257601205971786e-02
-5.367114741432271047e-02,-5.367114741432271047e-02
-6.384053671456003942e-02,-6.384053671456003942e-02
-5.542580457560777191e-02,-5.542580457560777191e-02
-5.306424946340645987e-02,-5.306424946340645987e-02
-5.048112080826768627e-02,-5.048112080826768627e-02
-6.914410435981291347e-02,-6.914410435981291347e-02
-7.509901671572594140e-02,-7.509901671572594140e-02
-4.844465475028647550e-02,-4.844465475028647550e-02
-4.910240153003732344e-02,-4.910240153003732344e-02
-6.743964530577396810e-02,-6.743964530577396810e-02
-7.054404908993761047e-02,-7.054404908993761047e-02
-4.536325242181289685e-02,-4.536325242181289685e-02
-5.858543087363196622e-02,-5.858543087363196622e-02
-6.995402921141403996e-02,-6.995402921141403996e-02
-6.889016671534775593e-02,-6.889016671534775593e-02
-5.052193975726078368e-02,-5.052193975726078368e-02
-6.283913001529430054e-02,-6.283913001529430054e-02
-6.026469823148164484e-02,-6.026469823148164484e-02
-4.534025254586786929e-02,-4.534025254586786929e-02
-8.445107508676930053e-02,-8.445107508676930053e-02
-7.161158103036084632e-02,-7.161158103036084632e-02
-4.430814429803357768e-02,-4.430814429803357768e-02
-4.871805956084260258e-02,-4.871805956084260258e-02
-6.782952117830247374e-02,-6.782952117830247374e-02
-6.657463140605046625e-02,-6.657463140605046625e-02
-5.760077914893304424e-02,-5.760077914893304424e-02
-7.042605636534540747e-02,-7.042605636534540747e-02
-6.574812866939902523e-02,-6.574812866939902523e-02
-6.704289249331585321e-02,-6.704289249331585321e-02
-7.133232001220972396e-02,-7.133232001220972396e-02
-6.590106721386931876e-02,-6.590106721386931876e-02
-6.781033846682775479e-02,-6.781033846682775479e-02
-6.066988357200769899e-02,-6.066988357200769899e-02
-7.001910745174177997e-02,-7.001910745174177997e-02
-4.814189418469044801e-02,-4.814189418469044801e-02
-3.078573499889151674e-02,-3.078573499889151674e-02
-5.726804399279517011e-02,-5.726804399279517011e-02
-3.369302030025544265e-02,-3.369302030025544265e-02
-5.843310767255835425e-02,-5.843310767255835425e-02
-4.930419579049404033e-02,-4.930419579049404033e-02
-6.082925876374521701e-02,-6.082925876374521701e-02
-6.031905254437293362e-02,-6.031905254437293362e-02
-5.431715811390147586e-02,-5.431715811390147586e-02
-7.006841025551410751e-02,-7.006841025551410751e-02
-6.220231052197428695e-02,-6.220231052197428695e-02
-6.084969261982512562e-02,-6.084969261982512562e-02
-5.124015049799325594e-02,-5.124015049799325594e-02
-6.699684407847418532e-02,-6.699684407847418532e-02
-6.900462133853456359e-02,-6.900462133853456359e-02
-6.115047074780605163e-02,-6.115047074780605163e-02
-6.508478413674753660e-02,-6.508478413674753660e-02
-6.034668266462307751e-02,-6.034668266462307751e-02
-6.889887759078955343e-02,-6.889887759078955343e-02
-6.061885750370802489e-02,-6.061885750370802489e-02
-4.107035583317546201e-02,-4.107035583317546201e-02
-3.521107669304850141e-02,-3.521107669304850141e-02
-3.602365461465971419e-02,-3.602365461465971419e-02
-6.284814887267266281e-02,-6.284814887267266281e-02
-4.819898480638830363e-02,-4.819898480638830363e-02
-5.295733490021642398e-02,-5.295733490021642398e-02
-8.010570546169347439e-02,-8.010570546169347439e-02
-3.911162601793002902e-02,-3.911162601793002902e-02
-6.289311492313479079e-02,-6.289311492313479079e-02
-4.069130179668251773e-02,-4.069130179668251773e-02
-6.389945094288217164e-02,-6.389945094288217164e-02
-4.538053574943207852e-02,-4.538053574943207852e-02
-7.319370281905369924e-02,-7.319370281905369924e-02
-6.768587254841408607e-02,-6.768587254841408607e-02
-5.084370830317164192e-02,-5.084370830317164192e-02
-6.341759919930331502e-02,-6.341759919930331502e-02
-5.904931264707743294e-02,-5.904931264707743294e-02
-4.472324098736420173e-02,-4.472324098736420173e-02
-6.773660071776965719e-02,-6.773660071776965719e-02
-6.285973326593558008e-02,-6.285973326593558008e-02
-6.973824505605062674e-02,-6.973824505605062674e-02
-4.206792381081601861e-02,-4.206792381081601861e-02
-5.248575962296812836e-02,-5.248575962296812836e-02
-6.167169102070223230e-02,-6.167169102070223230e-02
-6.775231137608010712e-02,-6.775231137608010712e-02
-3.508000867124821953e-02,-3.508000867124821953e-02
-6.283335864244750379e-02,-6.283335864244750379e-02
-4.705773934285489846e-02,-4.705773934285489846e-02
-6.955618032391031047e-02,-6.955618032391031047e-02
-5.322441009979302085e-02,-5.322441009979302085e-02
-4.058750535688580852e-02,-4.058750535688580852e-02
-5.607769446131456725e-02,-5.607769446131456725e-02
-6.045408982201405657e-02,-6.045408982201405657e-02
-6.060626214142010582e-02,-6.060626214142010582e-02
-4.870620816104401923e-02,-4.870620816104401923e-02
-5.246125545033580168e-02,-5.246125545033580168e-02
-6.292393294612147470e-02,-6.292393294612147470e-02
-6.544943646695863815e-02,-6.544943646695863815e-02
-5.970806347864945907e-02,-5.970806347864945907e-02
-4.450587271003625389e-02,-4.450587271003625389e-02
-6.718766669929650270e-02,-6.718766669929650270e-02
-5.611746470449093666e-02,-5.611746470449093666e-02
-4.248322230583416459e-02,-4.248322230583416459e-02
-6.628999408467631249e-02,-6.628999408467631249e-02
-4.371011716771222577e-02,-4.371011716771222577e-02
-7.001973535901048762e-02,-7.001973535901048762e-02
-6.060344267435541221e-02,-6.060344267435541221e-02
-6.066460823823596055e-02,-6.066460823823596055e-02
-7.049708463401843650e-02,-7.049708463401843650e-02
-4.646019373435060495e-02,-4.646019373435060495e-02
-4.304665838165946945e-02,-4.304665838165946945e-02
-6.380245816837755435e-02,-6.380245816837755435e-02
-2.801205879816938069e-02,-2.801205879816938069e-02
-5.775135512446939734e-02,-5.775135512446939734e-02
-5.776181473980446929e-02,-5.776181473980446929e-02
-5.216109675755981057e-02,-5.216109675755981057e-02
-5.590645675806225900e-02,-5.590645675806225900e-02
-7.676713325256369347e-02,-7.676713325256369347e-02
-5.867938127677859578e-02,-5.867938127677859578e-02
-7.585075688413425721e-02,-7.585075688413425721e-02
-6.659679006488052055e-02,-6.659679006488052055e-02
-6.864690879214907504e-02,-6.864690879214907504e-02
-7.397686116370327802e-02,-7.397686116370327802e-02
-6.285670307953022951e-02,-6.285670307953022951e-02
-6.143222456425986161e-02,-6.143222456425986161e-02
-5.649072590990037585e-02,-5.649072590990037585e-02
-6.515470381917248810e-02,-6.515470381917248810e-02
-4.517744287700779099e-02,-4.517744287700779099e-02
-5.927507158229236572e-02,-5.927507158229236572e-02
-4.905460829375415943e-02,-4.905460829375415943e-02
-3.441709588886489313e-02,-3.441709588886489313e-02
-7.207081045305231692e-02,-7.207081045305231692e-02
-6.892482262653845670e-02,-6.892482262653845670e-02
-4.190856037406437418e-02,-4.190856037406437418e-02
-5.242948709649526695e-02,-5.242948709649526695e-02
-6.950721612585589182e-02,-6.950721612585589182e-02
-7.488477109330947401e-02,-7.488477109330947401e-02
-6.159359172594125464e-02,-6.159359172594125464e-02
-5.542416709404980601e-02,-5.542416709404980601e-02
-5.191434300523030398e-02,-5.191434300523030398e-02
-5.935748076881575130e-02,-5.935748076881575130e-02
-6.632785998664676719e-02,-6.632785998664676719e-02
-5.056180900302732761e-02,-5.056180900302732761e-02
-6.915904763954232315e-02,-6.915904763954232315e-02
-6.438410021358696722e-02,-6.438410021358696722e-02
-6.821990161674224007e-02,-6.821990161674224007e-02
-3.831337006022234037e-02,-3.831337006022234037e-02
-5.332843847128481557e-02,-5.332843847128481557e-02
-4.967876720737232632e-02,-4.967876720737232632e-02
-6.238955511820340472e-02,-6.238955511820340472e-02
-6.926246064421061333e-02,-6.926246064421061333e-02
-5.625479409839683614e-02,-5.625479409839683614e-02
-2.985169251338912894e-02,-2.985169251338912894e-02
-7.345755814380550142e-02,-7.345755814380550142e-02
-8.114637048918264817e-02,-8.114637048918264817e-02
-2.824871207912663107e-02,-2.824871207912663107e-02
-6.301136457497356902e-02,-6.301136457497356902e-02
-6.492233908907535378e-02,-6.492233908907535378e-02
-6.700803303142077727e-02,-6.700803303142077727e-02
-5.930608872405185306e-02,-5.930608872405185306e-02
-6.543903059175380788e-02,-6.543903059175380788e-02
-5.478360442625199167e-02,-5.478360442625199167e-02
-4.970723631292504885e-02,-4.970723631292504885e-02
-6.293317810454368555e-02,-6.293317810454368555e-02
-4.771624819083008368e-02,-4.771624819083008368e-02
-6.100426592363108330e-02,-6.100426592363108330e-02
-7.525563617441506647e-02,-7.525563617441506647e-02
-5.392693986712525367e-02,-5.392693986712525367e-02
-6.784012831376899644e-02,-6.784012831376899644e-02
-4.913580795827721809e-02,-4.913580795827721809e-02
-5.618699880649483114e-02,-5.618699880649483114e-02
-5.414160517656246840e-02,-5.414160517656246840e-02
-7.392636384978043540e-02,-7.392636384978043540e-02
-6.535735171060921833e-02,-6.535735171060921833e-02
-5.258443665829782426e-02,-5.258443665829782426e-02
-5.455451223182842396e-02,-5.455451223182842396e-02
-6.247589739471234860e-02,-6.247589739471234860e-02
-5.657734295494648569e-02,-5.657734295494648569e-02
-6.844642654648905311e-02,-6.844642654648905311e-02
-7.225620283652911535e-02,-7.225620283652911535e-02
-5.949852326478399789e-02,-5.949852326478399789e-02
-6.354438304091235279e-02,-6.354438304091235279e-02
-7.069341069418481893e-02,-7.069341069418481893e-02
-4.237634013097069108e-02,-4.237634013097069108e-02
-5.649669860307341557e-02,-5.649669860307341557e-02
-6.631514860366022335e-02,-6.631514860366022335e-02
-6.899985080572940133e-02,-6.899985080572940133e-02
-5.753314404761360884e-02,-5.753314404761360884e-02
-9.964042214061991087e-02,-9.964042214061991087e-02
-4.545536898951996196e-02,-4.545536898951996196e-02
-4.893516281301427823e-02,-4.893516281301427823e-02
-6.522408262014400826e-02,-6.522408262014400826e-02
-6.359618745099199222e-02,-6.359618745099199222e-02
-6.990403128307687286e-02,-6.990403128307687286e-02
-6.799868646153589546e-02,-6.799868646153589546e-02
-7.513607775695525792e-02,-7.513607775695525792e-02
-4.883562682243584169e-02,-4.883562682243584169e-02
-8.438147637019616232e-02,-8.438147637019616232e-02
-8.458770048482623649e-02,-8.458770048482623649e-02
-5.002256620869149212e-02,-5.002256620869149212e-02
-2.773226025180991830e-02,-2.773226025180991830e-02
-5.356196409578573014e-02,-5.356196409578573014e-02
-4.938911456026044700e-02,-4.938911456026044700e-02
-7.416613563015896082e-02,-7.416613563015896082e-02
-5.431452290908862779e-02,-5.431452290908862779e-02
-5.012379403798497557e-02,-5.012379403798497557e-02
-4.944617418596952696e-02,-4.944617418596952696e-02
-6.900024118568376386e-02,-6.900024118568376386e-02
-6.516572219615998640e-02,-6.516572219615998640e-02
-5.493616162017245924e-02,-5.493616162017245924e-02
-6.286628861643875354e-02,-6.286628861643875354e-02
-6.537185601281075842e-02,-6.537185601281075842e-02
-8.144535103873001836e-02,-8.144535103873001836e-02
-5.591687431621802234e-02,-5.591687431621802234e-02
-7.622434932559336851e-02,-7.622434932559336851e-02
-6.076343260006354663e-02,-6.076343260006354663e-02
-8.643724910208092083e-02,-8.643724910208092083e-02
-6.435834432578987907e-02,-6.435834432578987907e-02
-5.671939201111002998e-02,-5.671939201111002998e-02
-6.442906408067582136e-02,-6.442906408067582136e-02
-5.872927487170773175e-02,-5.872927487170773175e-02
-5.469117631907591259e-02,-5.469117631907591259e-02
-5.780538211503417206e-02,-5.780538211503417206e-02
-8.560380025717968799e-02,-8.560380025717968799e-02
-8.932094735721990419e-02,-8.932094735721990419e-02
-7.659929577192758909e-02,-7.659929577192758909e-02
-5.968518966814150006e-02,-5.968518966814150006e-02
-5.323088303981404756e-02,-5.323088303981404756e-02
-7.485785729745809969e-02,-7.485785729745809969e-02
-5.614297899784898710e-02,-5.614297899784898710e-02
-5.611828063710485454e-02,-5.611828063710485454e-02
-3.532489533005268856e-02,-3.532489533005268856e-02
-6.692536989577967110e-02,-6.692536989577967110e-02
-6.243871993345053578e-02,-6.243871993345053578e-02
-4.257543834882999978e-02,-4.257543834882999978e-02
-3.962643716916038061e-02,-3.962643716916038061e-02
-6.916444049773728953e-02,-6.916444049773728953e-02
-7.251243897184274367e-02,-7.251243897184274367e-02
-4.977521584359034801e-02,-4.977521584359034801e-02
-4.627193513674142389e-02,-4.627193513674142389e-02
-5.055628580108772335e-02,-5.055628580108772335e-02
-6.969084773644135256e-02,-6.969084773644135256e-02
-6.335560969943118681e-02,-6.335560969943118681e-02
-5.666621139568113474e-02,-5.666621139568113474e-02
-5.876128429531316671e-02,-5.876128429531316671e-02
-7.579161657156713305e-02,-7.579161657156713305e-02
-5.518112560730188687e-02,-5.518112560730188687e-02
-6.909854320173741682e-02,-6.909854320173741682e-02
-6.834647680826916316e-02,-6.834647680826916316e-02
-4.170495745180705094e-02,-4.170495745180705094e-02
-4.999410787360600295e-02,-4.999410787360600295e-02
-7.051817090005196853e-02,-7.051817090005196853e-02
-4.647434335453961424e-02,-4.647434335453961424e-02
-5.131946530222282477e-02,-5.131946530222282477e-02
-5.733756532421687563e-02,-5.733756532421687563e-02
-6.092582375797231387e-02,-6.092582375797231387e-02
-2.283026738913113834e-02,-2.283026738913113834e-02
-6.153476473273575276e-02,-6.153476473273575276e-02
-6.645680286789737434e-02,-6.645680286789737434e-02
-6.244747716118637104e-02,-6.244747716118637104e-02
-5.553137647430110568e-02,-5.553137647430110568e-02
-3.693186192463316503e-02,-3.693186192463316503e-02
-4.617029291404541741e-02,-4.617029291404541741e-02
-7.205828885824629160e-02,-7.205828885824629160e-02
-5.684006729228938820e-02,-5.684006729228938820e-02
-5.700623051745117714e-02,-5.700623051745117714e-02
-5.179810237768542325e-02,-5.179810237768542325e-02
-6.822859636281089490e-02,-6.822859636281089490e-02
-7.206980524173783875e-02,-7.206980524173783875e-02
-1.890231711125927791e-02,-1.890231711125927791e-02
-5.615991724507601868e-02,-5.615991724507601868e-02
-3.961769283827116378e-02,-3.961769283827116378e-02
-7.280128355684670205e-02,-7.280128355684670205e-02
-5.594441679890294061e-02,-5.594441679890294061e-02
-4.812237672587870579e-02,-4.812237672587870579e-02
-4.035435062611660018e-02,-4.035435062611660018e-02
-4.608877089927055498e-02,-4.608877089927055498e-02
-4.802050888915374016e-02,-4.802050888915374016e-02
-7.166302014756713301e-02,-7.166302014756713301e-02
-7.423511493343451506e-02,-7.423511493343451506e-02
-5.565231800102909965e-02,-5.565231800102909965e-02
-6.433149293670095692e-02,-6.433149293670095692e-02
-4.686633557147994872e-02,-4.686633557147994872e-02
-6.196861260367712149e-02,-6.196861260367712149e-02
-5.771918874471945043e-02,-5.771918874471945043e-02
-6.149461684411794415e-02,-6.149461684411794415e-02
-7.037111300159522298e-02,-7.037111300159522298e-02
-6.624813234692186747e-02,-6.624813234692186747e-02
-6.622297928291041857e-02,-6.622297928291041857e-02
-4.283457835993388640e-02,-4.283457835993388640e-02
-4.593537793546084713e-02,-4.593537793546084713e-02
-6.571855736740070397e-02,-6.571855736740070397e-02
-6.546750825516521599e-02,-6.546750825516521599e-02
-7.249164192493799674e-02,-7.249164192493799674e-02
-4.166433271934747579e-02,-4.166433271934747579e-02
-4.598109168572786509e-02,-4.598109168572786509e-02
-8.834254177386152707e-02,-8.834254177386152707e-02
-3.412311584507640022e-02,-3.412311584507640022e-02
-4.968496824547560115e-02,-4.968496824547560115e-02
-6.801240710784760279e-02,-6.801240710784760279e-02
-6.693494491071555474e-02,-6.693494491071555474e-02
-5.949739958845666477e-02,-5.949739958845666477e-02
-6.668980932902911218e-02,-6.668980932902911218e-02
-4.160629584170576906e-02,-4.160629584170576906e-02
-7.661029665112975562e-02,-7.661029665112975562e-02
-5.881125998694870793e-02,-5.881125998694870793e-02
-7.201285654396683000e-02,-7.201285654396683000e-02
-6.806347612618518506e-02,-6.806347612618518506e-02
-4.958348018834037030e-02,-4.958348018834037030e-02
-5.716635694699395698e-02,-5.716635694699395698e-02
-6.081327779724920307e-02,-6.081327779724920307e-02
-6.056883128654277915e-02,-6.056883128654277915e-02
-6.682803789427382846e-02,-6.682803789427382846e-02
-5.148116690740493773e-02,-5.148116690740493773e-02
-6.580521720067916691e-02,-6.580521720067916691e-02
-5.894344977566353533e-02,-5.894344977566353533e-02
-6.132812108509751170e-02,-6.132812108509751170e-02
-5.201900252536921510e-02,-5.201900252536921510e-02
-5.660431864196342755e-02,-5.660431864196342755e-02
-5.762309225038136917e-02,-5.762309225038136917e-02
-5.551395842093079236e-02,-5.551395842093079236e-02
-6.111961811485427942e-02,-6.111961811485427942e-02
-5.603850680463386136e-02,-5.603850680463386136e-02
-5.254959753992399091e-02,-5.254959753992399091e-02
-4.630151436395395920e-02,-4.630151436395395920e-02
-6.481119864817994070e-02,-6.481119864817994070e-02
-6.288075781896854122e-02,-6.288075781896854122e-02
-4.258317289712998388e-02,-4.258317289712998388e-02
-5.175843467311150303e-02,-5.175843467311150303e-02
-5.670643332670698145e-02,-5.670643332670698145e-02
-3.702412407961526430e-02,-3.702412407961526430e-02
-4.770399478566524770e-02,-4.770399478566524770e-02
-5.948367937868517807e-02,-5.948367937868517807e-02
-6.995899961686799506e-02,-6.995899961686799506e-02
-5.433540438249522680e-02,-5.433540438249522680e-02
-2.842780760490821665e-02,-2.842780760490821665e-02
-4.748517728873929283e-02,-4.748517728873929283e-02
-7.197523056725838031e-02,-7.197523056725838031e-02
-4.843945888882350559e-02,-4.843945888882350559e-02
-5.289310123651931594e-02,-5.289310123651931594e-02
-5.336771536636640556e-02,-5.336771536636640556e-02
-5.826878820497934097e-02,-5.826878820497934097e-02
-4.171395245476539060e-02,-4.171395245476539060e-02
-3.658186248507070554e-02,-3.658186248507070554e-02
-4.750910162602040715e-02,-4.750910162602040715e-02
-5.768109760630776156e-02,-5.768109760630776156e-02
-6.445445999112747737e-02,-6.445445999112747737e-02
-5.619354841220765978e-02,-5.619354841220765978e-02
-3.520891725263754213e-02,-3.520891725263754213e-02
-6.603810493269193782e-02,-6.603810493269193782e-02
-5.699556501290191368e-02,-5.699556501290191368e-02
-9.897171546921511298e-02,-9.897171546921511298e-02
-5.591509355664110725e-02,-5.591509355664110725e-02
-7.276948259628537863e-02,-7.276948259628537863e-02
-4.963710357538198698e-02,-4.963710357538198698e-02
-4.226932138376643389e-02,-4.226932138376643389e-02
-3.561648108724391193e-02,-3.561648108724391193e-02
-7.743977593197209908e-02,-7.743977593197209908e-02
-4.188446372225181763e-02,-4.188446372225181763e-02
-4.666157715054185251e-02,-4.666157715054185251e-02
-7.164339388303392342e-02,-7.164339388303392342e-02
-4.266239066976729166e-02,-4.266239066976729166e-02
-5.795325788979329568e-02,-5.795325788979329568e-02
-5.396841203354750538e-02,-5.396841203354750538e-02
-7.305179461032690336e-02,-7.305179461032690336e-02
-4.509987763646989417e-02,-4.509987763646989417e-02
-4.432713521522033129e-02,-4.432713521522033129e-02
-4.116348785328824422e-02,-4.116348785328824422e-02
-5.079520347241003875e-02,-5.079520347241003875e-02
-6.898483197439216064e-02,-6.898483197439216064e-02
-5.509416434063765800e-02,-5.509416434063765800e-02
-3.245005665469058442e-02,-3.245005665469058442e-02
-6.610244564323541905e-02,-6.610244564323541905e-02
-5.614489994716573285e-02,-5.614489994716573285e-02
-4.392293299873922807e-02,-4.392293299873922807e-02
-6.230854609773719965e-02,-6.230854609773719965e-02
-6.024695878583920250e-02,-6.024695878583920250e-02
-2.540127238387498640e-02,-2.540127238387498640e-02
-5.581314081757932088e-02,-5.581314081757932088e-02
-7.170190326217806831e-02,-7.170190326217806831e-02
-6.692653020048194845e-02,-6.692653020048194845e-02
-4.767301332287171567e-02,-4.767301332287171567e-02
-4.984114949783838289e-02,-4.984114949783838289e-02
-5.882727928802039541e-02,-5.882727928802039541e-02
-6.622165314365632827e-02,-6.622165314365632827e-02
-6.587175697218422554e-02,-6.587175697218422554e-02
-2.890026316470320836e-02,-2.890026316470320836e-02
-5.336978227072802783e-02,-5.336978227072802783e-02
-4.669544349575360798e-02,-4.669544349575360798e-02
-6.082836654684015132e-02,-6.082836654684015132e-02
-6.178927551897406972e-02,-6.178927551897406972e-02
-5.489315537855257721e-02,-5.489315537855257721e-02
-4.388099786353889115e-02,-4.388099786353889115e-02
-6.561643251095586327e-02,-6.561643251095586327e-02
-4.844108841473421939e-02,-4.844108841473421939e-02
-7.060081591848899052e-02,-7.060081591848899052e-02
-6.712832297923534974e-02,-6.712832297923534974e-02
-5.333151858734223177e-02,-5.333151858734223177e-02
-8.158012253272664549e-02,-8.158012253272664549e-02
-5.819525777961984114e-02,-5.819525777961984114e-02
-6.595224349517379847e-02,-6.595224349517379847e-02
-7.577105109888099266e-02,-7.577105109888099266e-02
-7.302889766448175668e-02,-7.302889766448175668e-02
-6.966858489631765072e-02,-6.966858489631765072e-02
-5.329689719030712702e-02,-5.329689719030712702e-02
-3.000992474130313378e-02,-3.000992474130313378e-02
-3.458345337607647563e-02,-3.458345337607647563e-02
-4.240420768226180193e-02,-4.240420768226180193e-02
-4.978226371187129823e-02,-4.978226371187129823e-02
-4.767026444570708621e-02,-4.767026444570708621e-02
-5.611678219501869957e-02,-5.611678219501869957e-02
-7.564879435312162059e-02,-7.564879435312162059e-02
-5.462540269569739204e-02,-5.462540269569739204e-02
-6.904756637065267988e-02,-6.904756637065267988e-02
-4.270072386131543857e-02,-4.270072386131543857e-02
-5.605694444030759338e-02,-5.605694444030759338e-02
-5.632826599913470095e-02,-5.632826599913470095e-02
-4.626580929992737956e-02,-4.626580929992737956e-02
-7.227644550337368468e-02,-7.227644550337368468e-02
-3.490549380133770724e-02,-3.490549380133770724e-02
-3.056230806994971252e-02,-3.056230806994971252e-02
-7.336182475547664561e-02,-7.336182475547664561e-02
-5.509686413766938518e-02,-5.509686413766938518e-02
-4.611572651931021560e-02,-4.611572651931021560e-02
-5.676441197235690406e-02,-5.676441197235690406e-02
-5.909437280927461872e-02,-5.909437280927461872e-02
-5.400216814739981080e-02,-5.400216814739981080e-02
-7.385594777232895591e-02,-7.385594777232895591e-02
-4.904886822957779668e-02,-4.904886822957779668e-02
-6.269280911013383473e-02,-6.269280911013383473e-02
-6.076681299285166538e-02,-6.076681299285166538e-02
-4.554453911717729064e-02,-4.554453911717729064e-02
-5.370550086134744106e-02,-5.370550086134744106e-02
-3.310340874041159398e-02,-3.310340874041159398e-02
-5.841061308100520960e-02,-5.841061308100520960e-02
-5.933366055044980020e-02,-5.933366055044980020e-02
-4.095738415592067166e-02,-4.095738415592067166e-02
-6.335013744039993955e-02,-6.335013744039993955e-02
-3.830807046710987124e-02,-3.830807046710987124e-02
-6.691269101411309594e-02,-6.691269101411309594e-02
-5.284460676513721977e-02,-5.284460676513721977e-02
-5.100021011465290244e-02,-5.100021011465290244e-02
-7.210948742034099801e-02,-7.210948742034099801e-02
-5.018651285163638898e-02,-5.018651285163638898e-02
-7.765044931548598095e-02,-7.765044931548598095e-02
-4.238025602399668468e-02,-4.238025602399668468e-02
-7.308193399849770289e-02,-7.308193399849770289e-02
-5.406663705668107722e-02,-5.406663705668107722e-02
-6.072220093414367609e-02,-6.072220093414367609e-02
-6.412262336785490291e-02,-6.412262336785490291e-02
-2.156382655406693938e-02,-2.156382655406693938e-02
-4.928559285596047224e-02,-4.928559285596047224e-02
-5.843415122806738804e-02,-5.843415122806738804e-02
-3.572806837463048807e-02,-3.572806837463048807e-02
-6.606046648848917791e-02,-6.606046648848917791e-02
-6.427896888596772162e-02,-6.427896888596772162e-02
-7.029480762524700777e-02,-7.029480762524700777e-02
-5.455944648452037277e-02,-5.455944648452037277e-02
-7.128639793187162288e-02,-7.128639793187162288e-02
-5.431952724594729665e-02,-5.431952724594729665e-02
-5.705539255520078457e-02,-5.705539255520078457e-02
-7.320325678393033164e-02,-7.320325678393033164e-02
-6.289970977533006213e-02,-6.289970977533006213e-02
-5.440524284458381904e-02,-5.440524284458381904e-02
-7.176524248096147196e-02,-7.176524248096147196e-02
-3.441918571872604193e-02,-3.441918571872604193e-02
-4.704567695749351658e-02,-4.704567695749351658e-02
-4.761591805785376358e-02,-4.761591805785376358e-02
-5.917404508248469419e-02,-5.917404508248469419e-02
-4.742041679892680661e-02,-4.742041679892680661e-02
-3.905933340895784145e-02,-3.905933340895784145e-02
-5.183639264220205045e-02,-5.183639264220205045e-02
-6.147846911963150696e-02,-6.147846911963150696e-02
-4.866506697172359730e-02,-4.866506697172359730e-02
-5.108215445867212573e-02,-5.108215445867212573e-02
-5.524873242762820547e-02,-5.524873242762820547e-02
-6.206148409435846558e-02,-6.206148409435846558e-02
-4.150084138651232574e-02,-4.150084138651232574e-02
-4.717043544452924342e-02,-4.717043544452924342e-02
-5.818753713629138541e-02,-5.818753713629138541e-02
-5.626698910971583700e-02,-5.626698910971583700e-02
-7.548095996694237364e-02,-7.548095996694237364e-02
-5.910452526227465142e-02,-5.910452526227465142e-02
-5.338504752028858102e-02,-5.338504752028858102e-02
-6.296111796892250867e-02,-6.296111796892250867e-02
-7.752718527138580118e-02,-7.752718527138580118e-02
-4.877077407697234801e-02,-4.877077407697234801e-02
-6.343512602766501751e-02,-6.343512602766501751e-02
-4.683566248260034870e-02,-4.683566248260034870e-02
-4.756359736303883423e-02,-4.756359736303883423e-02
-7.613246838328324717e-02,-7.613246838328324717e-02
-6.177153319832109218e-02,-6.177153319832109218e-02
-5.424678360075364802e-02,-5.424678360075364802e-02
-5.366424967899079829e-02,-5.366424967899079829e-02
-7.228738100058038074e-02,-7.228738100058038074e-02
-6.337892523348971630e-02,-6.337892523348971630e-02
-3.992687638602882005e-02,-3.992687638602882005e-02
-4.641441963154453731e-02,-4.641441963154453731e-02
-5.297498590772681260e-02,-5.297498590772681260e-02
-5.641359951189725552e-02,-5.641359951189725552e-02
-5.330886380653093726e-02,-5.330886380653093726e-02
-7.250369311031820696e-02,-7.250369311031820696e-02
-6.680066626797677432e-02,-6.680066626797677432e-02
-6.279852188494690346e-02,-6.279852188494690346e-02
-7.073260099881198415e-02,-7.073260099881198415e-02
-4.342887921881077862e-02,-4.342887921881077862e-02
-5.121341183664484403e-02,-5.121341183664484403e-02
-5.480664627008945827e-02,-5.480664627008945827e-02
-6.181008923647163950e-02,-6.181008923647163950e-02
-3.589955831948528353e-02,-3.589955831948528353e-02
-7.647127119134597417e-02,-7.647127119134597417e-02
-5.764827176258864594e-02,-5.764827176258864594e-02
-4.924879124507978295e-02,-4.924879124507978295e-02
-6.584001608542966455e-02,-6.584001608542966455e-02
-7.816653027039958956e-02,-7.816653027039958956e-02
-4.056987697063192677e-02,-4.056987697063192677e-02
-5.606462334595336411e-02,-5.606462334595336411e-02
-5.909918052298988866e-02,-5.909918052298988866e-02
-7.308683253450204420e-02,-7.308683253450204420e-02
-5.542035539324493415e-02,-5.542035539324493415e-02
-6.370231064632179974e-02,-6.370231064632179974e-02
-5.128914554807534332e-02,-5.128914554807534332e-02
-6.391395174946851165e-02,-6.391395174946851165e-02
-6.191722747854662423e-02,-6.191722747854662423e-02
-7.221380753347124426e-02,-7.221380753347124426e-02
-6.517777670318627981e-02,-6.517777670318627981e-02
-6.540780645450516850e-02,-6.540780645450516850e-02
-4.880313289254645248e-02,-4.880313289254645248e-02
-6.757453481029597475e-02,-6.757453481029597475e-02
-5.300326046059239404e-02,-5.300326046059239404e-02
-3.795287718810447242e-02,-3.795287718810447242e-02
-5.392259579135957881e-02,-5.392259579135957881e-02
-8.418246903372150758e-02,-8.418246903372150758e-02
-7.552364246322443297e-02,-7.552364246322443297e-02
-6.331962142843383656e-02,-6.331962142843383656e-02
-4.192852364943069898e-02,-4.192852364943069898e-02
-7.294096526110992185e-02,-7.294096526110992185e-02
-5.565819398277474517e-02,-5.565819398277474517e-02
-2.084421583292456193e-02,-2.084421583292456193e-02
-5.096870130823760725e-02,-5.096870130823760725e-02
-6.553695028955752733e-02,-6.553695028955752733e-02
-4.805060245283771653e-02,-4.805060245283771653e-02
-4.229130003873759341e-02,-4.229130003873759341e-02
-5.193740564868867815e-02,-5.193740564868867815e-02
-5.979894808347609170e-02,-5.979894808347609170e-02
-5.099362077523063308e-02,-5.099362077523063308e-02
-8.126532437876399229e-02,-8.126532437876399229e-02
-7.292036040255692186e-02,-7.292036040255692186e-02
-5.146942732717033064e-02,-5.146942732717033064e-02
-6.418081052158242095e-02,-6.418081052158242095e-02
-3.498211446876486885e-02,-3.498211446876486885e-02
-7.499004465049825818e-02,-7.499004465049825818e-02
-7.509393033158924535e-02,-7.509393033158924535e-02
-4.027492876471972655e-02,-4.027492876471972655e-02
-4.848889347876787770e-02,-4.848889347876787770e-02
-4.670122254000804579e-02,-4.670122254000804579e-02
-7.045622734029464984e-02,-7.045622734029464984e-02
-6.719436824927446650e-02,-6.719436824927446650e-02
-6.415790339506588502e-02,-6.415790339506588502e-02
-6.981670354924077171e-02,-6.981670354924077171e-02
-6.970332917421562247e-02,-6.970332917421562247e-02
-7.486682237062711187e-02,-7.486682237062711187e-02
-3.040269323377241262e-02,-3.040269323377241262e-02
-6.846372689837952608e-02,-6.846372689837952608e-02
-4.997423211185461622e-02,-4.997423211185461622e-02
-4.160660712526842442e-02,-4.160660712526842442e-02
-6.835033991984540425e-02,-6.835033991984540425e-02
-6.443389886677461376e-02,-6.443389886677461376e-02
-6.588570271063340367e-02,-6.588570271063340367e-02
-6.592248795084620916e-02,-6.592248795084620916e-02
-6.573232473823835409e-02,-6.573232473823835409e-02
-8.123189767468624867e-02,-8.123189767468624867e-02
-6.928959286969971210e-02,-6.928959286969971210e-02
-7.181599900476796916e-02,-7.181599900476796916e-02
-4.897390698173472584e-02,-4.897390698173472584e-02
-3.178513085047605241e-02,-3.178513085047605241e-02
-3.807102194401687512e-02,-3.807102194401687512e-02
-6.238521500424987209e-02,-6.238521500424987209e-02
-8.534239819575051289e-02,-8.534239819575051289e-02
-5.340076285594318184e-02,-5.340076285594318184e-02
-5.750328469342078086e-02,-5.750328469342078086e-02
-5.865919382481150912e-02,-5.865919382481150912e-02
-3.886577358371745561e-02,-3.886577358371745561e-02
-5.622084552708642158e-02,-5.622084552708642158e-02
-5.523132731536377349e-02,-5.523132731536377349e-02
-6.221638061324179236e-02,-6.221638061324179236e-02
-5.307964019167704661e-02,-5.307964019167704661e-02
-4.104184588637616038e-02,-4.104184588637616038e-02
-5.243049544036819387e-02,-5.243049544036819387e-02
-4.536395712502531291e-02,-4.536395712502531291e-02
-5.324404544904871861e-02,-5.324404544904871861e-02
-7.603251101132289802e-02,-7.603251101132289802e-02
-6.129804952723812150e-02,-6.129804952723812150e-02
-4.370557581889407406e-02,-4.370557581889407406e-02
-6.558242674816629203e-02,-6.558242674816629203e-02
-6.334627746216052457e-02,-6.334627746216052457e-02
-3.341683180612690929e-02,-3.341683180612690929e-02
-6.053471143151388512e-02,-6.053471143151388512e-02
-5.574112552491179706e-02,-5.574112552491179706e-02
-4.676315606650655043e-02,-4.676315606650655043e-02
-5.354970184522080123e-02,-5.354970184522080123e-02
-5.873829207612510372e-02,-5.873829207612510372e-02
-7.235094737205950699e-02,-7.235094737205950699e-02
-5.242770205010273410e-02,-5.242770205010273410e-02
-5.717812711946523851e-02,-5.717812711946523851e-02
-6.156533194362091843e-02,-6.156533194362091843e-02
-7.592019282250259127e-02,-7.592019282250259127e-02
-5.877546734157977626e-02,-5.877546734157977626e-02
-4.973382999343264194e-02,-4.973382999343264194e-02
-4.501500367967008198e-02,-4.501500367967008198e-02
-5.257674785727725619e-02,-5.257674785727725619e-02
-5.721594611186516660e-02,-5.721594611186516660e-02
-4.079607462754628738e-02,-4.079607462754628738e-02
-5.887179448197216863e-02,-5.887179448197216863e-02
-7.750240466183022647e-02,-7.750240466183022647e-02
-5.992945846495356665e-02,-5.992945846495356665e-02
-4.525485381598083612e-02,-4.525485381598083612e-02
-4.474400720264215536e-02,-4.474400720264215536e-02
-4.614365149987073589e-02,-4.614365149987073589e-02
-4.628472634313157696e-02,-4.628472634313157696e-02
-6.040934116855610492e-02,-6.040934116855610492e-02
-5.378270183805666793e-02,-5.378270183805666793e-02
-4.659531751066632588e-02,-4.659531751066632588e-02
-6.415369221423573853e-02,-6.415369221423573853e-02
-6.638296527016913917e-02,-6.638296527016913917e-02
-5.373676371022598208e-02,-5.373676371022598208e-02
-6.422213948512892068e-02,-6.422213948512892068e-02
-6.299388962817044357e-02,-6.299388962817044357e-02
-4.647682941338604490e-02,-4.647682941338604490e-02
-5.801305384249156455e-02,-5.801305384249156455e-02
-5.063843824683008504e-02,-5.063843824683008504e-02
-5.091908556431962857e-02,-5.091908556431962857e-02
-4.943113034919868753e-02,-4.943113034919868753e-02
-8.222626855453996075e-02,-8.222626855453996075e-02
-3.132888835275877970e-02,-3.132888835275877970e-02
-4.932188605527516867e-02,-4.932188605527516867e-02
-6.158613674573956004e-02,-6.158613674573956004e-02
-5.962734275400911887e-02,-5.962734275400911887e-02
-5.785332741856759331e-02,-5.785332741856759331e-02
-5.504261271344973450e-02,-5.504261271344973450e-02
-5.018991650560551687e-02,-5.018991650560551687e-02
-6.853729834914223940e-02,-6.853729834914223940e-02
-5.825019867322962785e-02,-5.825019867322962785e-02
-6.575827624959522388e-02,-6.575827624959522388e-02
-4.776630995473692132e-02,-4.776630995473692132e-02
-5.579195377926585153e-02,-5.579195377926585153e-02
-4.892824596394933223e-02,-4.892824596394933223e-02
-4.757894415372593971e-02,-4.757894415372593971e-02
-5.192726626893293118e-02,-5.192726626893293118e-02
-5.675697699159772819e-02,-5.675697699159772819e-02
-4.137204557563484847e-02,-4.137204557563484847e-02
-7.318933870331059688e-02,-7.318933870331059688e-02
-6.310256179219100869e-02,-6.310256179219100869e-02
-5.144087701835708959e-02,-5.144087701835708959e-02
-6.149423029998569989e-02,-6.149423029998569989e-02
-5.596347974122414803e-02,-5.596347974122414803e-02
-5.602345549078602271e-02,-5.602345549078602271e-02
-6.609195868875486490e-02,-6.609195868875486490e-02
-4.505065054105741873e-02,-4.505065054105741873e-02
-6.195263498669033309e-02,-6.195263498669033309e-02
-4.141629472475129303e-02,-4.141629472475129303e-02
-8.685456355925202931e-02,-8.685456355925202931e-02
-4.602705025435963743e-02,-4.602705025435963743e-02
-2.687321031282554826e-02,-2.687321031282554826e-02
-7.062009215172329601e-02,-7.062009215172329601e-02
-5.779002798497823168e-02,-5.779002798497823168e-02
-5.409728743521166616e-02,-5.409728743521166616e-02
-5.572970973679547413e-02,-5.572970973679547413e-02
-4.679919877049958099e-02,-4.679919877049958099e-02
-4.537127716925862253e-02,-4.537127716925862253e-02
-6.571800672836884682e-02,-6.571800672836884682e-02
-4.645269680616588570e-02,-4.645269680616588570e-02
-3.639087129988252678e-02,-3.639087129988252678e-02
-4.190880193626953659e-02,-4.190880193626953659e-02
-4.362638172477976972e-02,-4.362638172477976972e-02
-5.595857174279526142e-02,-5.595857174279526142e-02
-5.180218275990840227e-02,-5.180218275990840227e-02
-5.611093130190257516e-02,-5.611093130190257516e-02
-6.430423912514952878e-02,-6.430423912514952878e-02
-3.525495566567679595e-02,-3.525495566567679595e-02
-6.148624167899688353e-02,-6.148624167899688353e-02
-4.442700791928391735e-02,-4.442700791928391735e-02
-4.970542528715061331e-02,-4.970542528715061331e-02
-5.929938860739069478e-02,-5.929938860739069478e-02
-4.128968534164592641e-02,-4.128968534164592641e-02
-5.216296512905620186e-02,-5.216296512905620186e-02
-6.561338029804382466e-02,-6.561338029804382466e-02
-6.958252480127838369e-02,-6.958252480127838369e-02
-4.830513659859120290e-02,-4.830513659859120290e-02
-4.137952900773226445e-02,-4.137952900773226445e-02
-7.798585376675920555e-02,-7.798585376675920555e-02
-5.582740857411175317e-02,-5.582740857411175317e-02
-3.999343919710667689e-02,-3.999343919710667689e-02
-5.615716120634903219e-02,-5.615716120634903219e-02
-5.874625830290991502e-02,-5.874625830290991502e-02
-3.840096337270234444e-02,-3.840096337270234444e-02
-7.393339576327870311e-02,-7.393339576327870311e-02
-4.763744827791949188e-02,-4.763744827791949188e-02
-4.150891027894340612e-02,-4.150891027894340612e-02
-4.935320098387222659e-02,-4.935320098387222659e-02
-2.727332905177408048e-02,-2.727332905177408048e-02
-6.257044963699827378e-02,-6.257044963699827378e-02
-4.907351694452536522e-02,-4.907351694452536522e-02
-5.827965400908949323e-02,-5.827965400908949323e-02
-5.302813936938823025e-02,-5.302813936938823025e-02
-4.604518169968908892e-02,-4.604518169968908892e-02
-6.737558381906487426e-02,-6.737558381906487426e-02
-5.662103362749629221e-02,-5.662103362749629221e-02
-5.838972242167820431e-02,-5.838972242167820431e-02
-5.914885923345845897e-02,-5.914885923345845897e-02
-4.936365307339055097e-02,-4.936365307339055097e-02
-5.042365772724806405e-02,-5.042365772724806405e-02
-5.242338449150074631e-02,-5.242338449150074631e-02
-4.695058170846634626e-02,-4.695058170846634626e-02
-6.310797801717205058e-02,-6.310797801717205058e-02
-5.492540117489992657e-02,-5.492540117489992657e-02
-5.978651737131948640e-02,-5.978651737131948640e-02
-7.012459914717808496e-02,-7.012459914717808496e-02
-6.400841664099313211e-02,-6.400841664099313211e-02
-5.318784099571846613e-02,-5.318784099571846613e-02
-6.646914507086096324e-02,-6.646914507086096324e-02
-4.237633162888765348e-02,-4.237633162888765348e-02
-7.565659528344936824e-02,-7.565659528344936824e-02
-4.748617921959651100e-02,-4.748617921959651100e-02
-6.156311762218549116e-02,-6.156311762218549116e-02
-5.356370711294203973e-02,-5.356370711294203973e-02
-5.033064428532300211e-02,-5.033064428532300211e-02
-5.037062451728367696e-02,-5.037062451728367696e-02
-5.809164543152713078e-02,-5.809164543152713078e-02
-7.806041898661858491e-02,-7.806041898661858491e-02
-3.884987619259750585e-02,-3.884987619259750585e-02
-6.663049529197531684e-02,-6.663049529197531684e-02
-5.933918485944029292e-02,-5.933918485944029292e-02
-4.429471939979263279e-02,-4.429471939979263279e-02
-6.794073659745443472e-02,-6.794073659745443472e-02
-6.086830416751493750e-02,-6.086830416751493750e-02
-6.397911043382446816e-02,-6.397911043382446816e-02
-6.574519676553003400e-02,-6.574519676553003400e-02
-5.956353347662943221e-02,-5.956353347662943221e-02
-5.719936134091992141e-02,-5.719936134091992141e-02
-6.846678641643164087e-02,-6.846678641643164087e-02
-5.633609797797593799e-02,-5.633609797797593799e-02
-5.641243516253065249e-02,-5.641243516253065249e-02
-5.569503664132814669e-02,-5.569503664132814669e-02
-5.831307603969083930e-02,-5.831307603969083930e-02
-5.114367119114404669e-02,-5.114367119114404669e-02
-6.832651571709513760e-02,-6.832651571709513760e-02
-4.966538577622912204e-02,-4.966538577622912204e-02
-4.486124839324385355e-02,-4.486124839324385355e-02
-5.350830415895634073e-02,-5.350830415895634073e-02
-7.161340172055020992e-02,-7.161340172055020992e-02
-5.159583284504349471e-02,-5.159583284504349471e-02
-5.584624905295795805e-02,-5.584624905295795805e-02
-4.549715439767239300e-02,-4.549715439767239300e-02
-6.806245756220855037e-02,-6.806245756220855037e-02
-5.492453917111243117e-02,-5.492453917111243117e-02
-6.350028418057861168e-02,-6.350028418057861168e-02
-3.697467798314772736e-02,-3.697467798314772736e-02
-5.930446961149169610e-02,-5.930446961149169610e-02
-4.626363068889356722e-02,-4.626363068889356722e-02
-5.147366149991275397e-02,-5.147366149991275397e-02
-6.455375426758350188e-02,-6.455375426758350188e-02
-6.317241562148429024e-02,-6.317241562148429024e-02
-4.878914649978881302e-02,-4.878914649978881302e-02
-3.661552925471435460e-02,-3.661552925471435460e-02
-4.654713899830921486e-02,-4.654713899830921486e-02
-4.127670920424612172e-02,-4.127670920424612172e-02
-5.464036364702356402e-02,-5.464036364702356402e-02
-4.341433966317387316e-02,-4.341433966317387316e-02
-6.436578984993775177e-02,-6.436578984993775177e-02
-3.618742432782140472e-02,-3.618742432782140472e-02
-5.353756416271084062e-02,-5.353756416271084062e-02
-6.362271091830196124e-02,-6.362271091830196124e-02
-5.955417278561153660e-02,-5.955417278561153660e-02
-4.920705143094480927e-02,-4.920705143094480927e-02
-6.250058885886118631e-02,-6.250058885886118631e-02
-7.088246121506494579e-02,-7.088246121506494579e-02
-4.665362065389501434e-02,-4.665362065389501434e-02
-5.826619907179715618e-02,-5.826619907179715618e-02
-1.551019789427762405e-02,-1.551019789427762405e-02
-5.446550729848911865e-02,-5.446550729848911865e-02
-6.261362119011060212e-02,-6.261362119011060212e-02
-6.518751830219063348e-02,-6.518751830219063348e-02
-5.044265808822898101e-02,-5.044265808822898101e-02
-4.220186507772338835e-02,-4.220186507772338835e-02
-4.832200245490810703e-02,-4.832200245490810703e-02
-3.988075922146754049e-02,-3.988075922146754049e-02
-6.533072230288745896e-02,-6.533072230288745896e-02
-3.953964077200064486e-02,-3.953964077200064486e-02
-7.415732526418764015e-02,-7.415732526418764015e-02
-8.545965629612926884e-02,-8.545965629612926884e-02
-5.581280619942421278e-02,-5.581280619942421278e-02
-7.185848297268038198e-02,-7.185848297268038198e-02
-5.640030093079687057e-02,-5.640030093079687057e-02
-2.486927180647961755e-02,-2.486927180647961755e-02
-4.512863013348866748e-02,-4.512863013348866748e-02
-6.601572462806711006e-02,-6.601572462806711006e-02
-5.545331876737617793e-02,-5.545331876737617793e-02
-4.129965326356491162e-02,-4.129965326356491162e-02
-4.607573708591260891e-02,-4.607573708591260891e-02
-5.097075521809267540e-02,-5.097075521809267540e-02
-5.574135896070551988e-02,-5.574135896070551988e-02
-5.086882845057703190e-02,-5.086882845057703190e-02
-7.306385180913294031e-02,-7.306385180913294031e-02
-6.819856173010532818e-02,-6.819856173010532818e-02
-3.962845454361110797e-02,-3.962845454361110797e-02
-5.221286987421039361e-02,-5.221286987421039361e-02
-4.317166954042001709e-02,-4.317166954042001709e-02
-1.005831301932107180e-01,-1.005831301932107180e-01
-5.383877952134981382e-02,-5.383877952134981382e-02
-4.287967105723634875e-02,-4.287967105723634875e-02
-6.202341500136683561e-02,-6.202341500136683561e-02
-3.074323388887863565e-02,-3.074323388887863565e-02
-4.026996540026617222e-02,-4.026996540026617222e-02
-4.668182722129921025e-02,-4.668182722129921025e-02
-4.506006185562114186e-02,-4.506006185562114186e-02
-5.453990719475952653e-02,-5.453990719475952653e-02
-4.351905259526159253e-02,-4.351905259526159253e-02
-6.978352267204857018e-02,-6.978352267204857018e-02
-4.099413528017224057e-02,-4.099413528017224057e-02
-7.273774850777685319e-02,-7.273774850777685319e-02
-6.558681246340064552e-02,-6.558681246340064552e-02
-6.960678918764984235e-02,-6.960678918764984235e-02
-3.363441145541855304e-02,-3.363441145541855304e-02
-6.419733361102333835e-02,-6.419733361102333835e-02
-5.389244459911543550e-02,-5.389244459911543550e-02
-6.955872230090026642e-02,-6.955872230090026642e-02
-7.289760832454299233e-02,-7.289760832454299233e-02
-7.063208776609078421e-02,-7.063208776609078421e-02
-5.461945267165989326e-02,-5.461945267165989326e-02
-3.423485395665391839e-02,-3.423485395665391839e-02
-5.874951005149531280e-02,-5.874951005149531280e-02
-7.169492866193927227e-02,-7.169492866193927227e-02
-7.502060735639951017e-02,-7.502060735639951017e-02
-5.958742602262939725e-02,-5.958742602262939725e-02
-6.284527452080226895e-02,-6.284527452080226895e-02
-5.590003139819559042e-02,-5.590003139819559042e-02
-7.119904030696061481e-02,-7.119904030696061481e-02
-5.498501319681946969e-02,-5.498501319681946969e-02
-4.005464714351889000e-02,-4.005464714351889000e-02
-5.141527115674259657e-02,-5.141527115674259657e-02
-4.499600131891862143e-02,-4.499600131891862143e-02
-5.001034382751964880e-02,-5.001034382751964880e-02
-5.863691443095839229e-02,-5.863691443095839229e-02
-5.216190629052538941e-02,-5.216190629052538941e-02
-4.839604722767397449e-02,-4.839604722767397449e-02
-6.173966400345166222e-02,-6.173966400345166222e-02
-3.816009942700061830e-02,-3.816009942700061830e-02
-5.445966111488811934e-02,-5.445966111488811934e-02
-6.618938000443858050e-02,-6.618938000443858050e-02
-4.514495640375788821e-02,-4.514495640375788821e-02
-7.558033756803010650e-02,-7.558033756803010650e-02
-6.105122811056477861e-02,-6.105122811056477861e-02
-3.466289366221092516e-02,-3.466289366221092516e-02
-6.887830136562424210e-02,-6.887830136562424210e-02
-3.983602992285185940e-02,-3.983602992285185940e-02
-4.304681653800953439e-02,-4.304681653800953439e-02
-5.481747255874741542e-02,-5.481747255874741542e-02
-6.202624863829689361e-02,-6.202624863829689361e-02
-7.641627895059041609e-02,-7.641627895059041609e-02
-7.587903534452136722e-02,-7.587903534452136722e-02
-5.698922907036864383e-02,-5.698922907036864383e-02
-4.026640108243785543e-02,-4.026640108243785543e-02
-5.919655507409158496e-02,-5.919655507409158496e-02
-8.239144188641547850e-02,-8.239144188641547850e-02
-5.618445591329004896e-02,-5.618445591329004896e-02
-5.423262753561416266e-02,-5.423262753561416266e-02
-4.857313424536822966e-02,-4.857313424536822966e-02
-6.498906583445424046e-02,-6.498906583445424046e-02
-6.351688001599734013e-02,-6.351688001599734013e-02
-5.601650719833299596e-02,-5.601650719833299596e-02
-3.760689669098200849e-02,-3.760689669098200849e-02
-5.030130821835292199e-02,-5.030130821835292199e-02
-6.269093931067212799e-02,-6.269093931067212799e-02
-7.585094677643711147e-02,-7.585094677643711147e-02
-7.038247251616297495e-02,-7.038247251616297495e-02
-4.916217558398564003e-02,-4.916217558398564003e-02
-7.085650301317923672e-02,-7.085650301317923672e-02
-7.026906374288452439e-02,-7.026906374288452439e-02
-5.958438639488133903e-02,-5.958438639488133903e-02
-5.262334338096767705e-02,-5.262334338096767705e-02
-3.671198434373548758e-02,-3.671198434373548758e-02
-6.001878300265597876e-02,-6.001878300265597876e-02
-6.648902307283245661e-02,-6.648902307283245661e-02
-7.626575394801735075e-02,-7.626575394801735075e-02
-6.895514773358658867e-02,-6.895514773358658867e-02
-5.075440186089975880e-02,-5.075440186089975880e-02
-5.734172933865729765e-02,-5.734172933865729765e-02
-7.078062780450103397e-02,-7.078062780450103397e-02
-6.676269129299317040e-02,-6.676269129299317040e-02
-6.748798976590979215e-02,-6.748798976590979215e-02
-6.004156136672605948e-02,-6.004156136672605948e-02
-4.751544160445447806e-02,-4.751544160445447806e-02
-4.921506536545668803e-02,-4.921506536545668803e-02
-4.387300568325214895e-02,-4.387300568325214895e-02
-5.383088177812835745e-02,-5.383088177812835745e-02
-4.124262399398262446e-02,-4.124262399398262446e-02
-6.215208828220516318e-02,-6.215208828220516318e-02
-4.011591424133148509e-02,-4.011591424133148509e-02
-3.841910369781545431e-02,-3.841910369781545431e-02
-8.667335069894929744e-02,-8.667335069894929744e-02
-4.242775778809390608e-02,-4.242775778809390608e-02
-6.286818464232148129e-02,-6.286818464232148129e-02
-3.109326794535977392e-02,-3.109326794535977392e-02
-6.475779729145209052e-02,-6.475779729145209052e-02
-6.736697778771952305e-02,-6.736697778771952305e-02
-7.577043280259412872e-02,-7.577043280259412872e-02
-4.649424831621927490e-02,-4.649424831621927490e-02
-4.995171142447685231e-02,-4.995171142447685231e-02
-4.366681623749583963e-02,-4.366681623749583963e-02
-5.939718302184830712e-02,-5.939718302184830712e-02
-6.369192085374764112e-02,-6.369192085374764112e-02
-4.239009495945897377e-02,-4.239009495945897377e-02
-4.997442366237059286e-02,-4.997442366237059286e-02
-7.513175747085140688e-02,-7.513175747085140688e-02
-6.293517897236902692e-02,-6.293517897236902692e-02
-8.454742452576147205e-02,-8.454742452576147205e-02
-7.635532376282903877e-02,-7.635532376282903877e-02
-5.868813420012929105e-02,-5.868813420012929105e-02
-6.844407529432983139e-02,-6.844407529432983139e-02
-3.975476191342947052e-02,-3.975476191342947052e-02
-5.141539050111378073e-02,-5.141539050111378073e-02
-6.075141032817528430e-02,-6.075141032817528430e-02
-4.827882525536839747e-02,-4.827882525536839747e-02
-6.216660591965635085e-02,-6.216660591965635085e-02
-6.052810071536278425e-02,-6.052810071536278425e-02
-3.645595207710826402e-02,-3.645595207710826402e-02
-6.436965423926402363e-02,-6.436965423926402363e-02
-4.747337648803717780e-02,-4.747337648803717780e-02
-5.584531234729005894e-02,-5.584531234729005894e-02
-6.228348173938724752e-02,-6.228348173938724752e-02
-5.334876546755210058e-02,-5.334876546755210058e-02
-2.546690245368244537e-02,-2.546690245368244537e-02
-5.403621689723848986e-02,-5.403621689723848986e-02
-7.849738542579490219e-02,-7.849738542579490219e-02
-8.802069356897088137e-02,-8.802069356897088137e-02
-4.801605317263862860e-02,-4.801605317263862860e-02
-5.196694530779619875e-02,-5.196694530779619875e-02
-6.791471603730923901e-02,-6.791471603730923901e-02
-5.074574955958194300e-02,-5.074574955958194300e-02
-5.090469716361450958e-02,-5.090469716361450958e-02
-7.225593340013838906e-02,-7.225593340013838906e-02
-7.678828745864976768e-02,-7.678828745864976768e-02
-5.773211360628727890e-02,-5.773211360628727890e-02
-5.959591006154500020e-02,-5.959591006154500020e-02
-6.711267980663958299e-02,-6.711267980663958299e-02
-6.836312090947530007e-02,-6.836312090947530007e-02
-5.137551277396364829e-02,-5.137551277396364829e-02
-5.049399637249114836e-02,-5.049399637249114836e-02
-7.487324055602792572e-02,-7.487324055602792572e-02
-4.195238428609895931e-02,-4.195238428609895931e-02
-7.343206951925798642e-02,-7.343206951925798642e-02
-8.936099394003245433e-02,-8.936099394003245433e-02
-7.076170461163923397e-02,-7.076170461163923397e-02
-2.938870534733820788e-02,-2.938870534733820788e-02
-5.693630094123447449e-02,-5.693630094123447449e-02
-6.301081611383503589e-02,-6.301081611383503589e-02
-6.881934442499715310e-02,-6.881934442499715310e-02
-6.984928167597762028e-02,-6.984928167597762028e-02
-3.824156711197559955e-02,-3.824156711197559955e-02
-5.023559225435281217e-02,-5.023559225435281217e-02
-3.039090512455530635e-02,-3.039090512455530635e-02
-2.456489883982339653e-02,-2.456489883982339653e-02
-6.665644082139760007e-02,-6.665644082139760007e-02
-5.231904249842386778e-02,-5.231904249842386778e-02
-4.720540565607973804e-02,-4.720540565607973804e-02
-4.921093961532080341e-02,-4.921093961532080341e-02
-6.528400427868741307e-02,-6.528400427868741307e-02
-6.024577870594749474e-02,-6.024577870594749474e-02
-3.968154660149958435e-02,-3.968154660149958435e-02
-6.427260162712444824e-02,-6.427260162712444824e-02
-6.829712865664323840e-02,-6.829712865664323840e-02
-4.918702695899364319e-02,-4.918702695899364319e-02
-5.988079932030999225e-02,-5.988079932030999225e-02
-6.896795611782116642e-02,-6.896795611782116642e-02
-6.736208415528299742e-02,-6.736208415528299742e-02
-3.933881172820609395e-02,-3.933881172820609395e-02
-6.596062486910379830e-02,-6.596062486910379830e-02
-5.560711878282099951e-02,-5.560711878282099951e-02
-7.551486732052632711e-02,-7.551486732052632711e-02
-7.646333370636071436e-02,-7.646333370636071436e-02
-6.888383524126853730e-02,-6.888383524126853730e-02
-5.765501902622705011e-02,-5.765501902622705011e-02
-4.678335474553482753e-02,-4.678335474553482753e-02
-5.909152531158280014e-02,-5.909152531158280014e-02
-4.355730420542730519e-02,-4.355730420542730519e-02
-3.587444427012888987e-02,-3.587444427012888987e-02
-7.184532674745308656e-02,-7.184532674745308656e-02
-6.802506077299266818e-02,-6.802506077299266818e-02
-6.551005638283007027e-02,-6.551005638283007027e-02
-6.767492536985698914e-02,-6.767492536985698914e-02
-5.070363866477681225e-02,-5.070363866477681225e-02
-4.938096131837267644e-02,-4.938096131837267644e-02
-6.860747232287071895e-02,-6.860747232287071895e-02
-6.254338004220792724e-02,-6.254338004220792724e-02
-6.167844059360083619e-02,-6.167844059360083619e-02
-6.932616854765322190e-02,-6.932616854765322190e-02
-6.766235484684683665e-02,-6.766235484684683665e-02
-5.233073462259678343e-02,-5.233073462259678343e-02
-6.600298925319143806e-02,-6.600298925319143806e-02
-6.490207125297191293e-02,-6.490207125297191293e-02
-3.014863740414780446e-02,-3.014863740414780446e-02
-5.361670235571007470e-02,-5.361670235571007470e-02
-6.083914820636800169e-02,-6.083914820636800169e-02
-5.684868110978914812e-02,-5.684868110978914812e-02
-4.378053188989641797e-02,-4.378053188989641797e-02
-6.375854432949713824e-02,-6.375854432949713824e-02
-5.897703570707520798e-02,-5.897703570707520798e-02
-5.964737075390444399e-02,-5.964737075390444399e-02
-5.776120322673224117e-02,-5.776120322673224117e-02
-7.711601364413726845e-02,-7.711601364413726845e-02
-5.880066678599705360e-02,-5.880066678599705360e-02
-3.756557832165609290e-02,-3.756557832165609290e-02
-6.441124887585888970e-02,-6.441124887585888970e-02
-5.357101111710627778e-02,-5.357101111710627778e-02
-8.077591188519564480e-02,-8.077591188519564480e-02
-5.180436187681085325e-02,-5.180436187681085325e-02
-7.216129233459768477e-02,-7.216129233459768477e-02
-6.693810898160153233e-02,-6.693810898160153233e-02
-7.343911893023233328e-02,-7.343911893023233328e-02
-4.714326071345357333e-02,-4.714326071345357333e-02
-4.376274582353426035e-02,-4.376274582353426035e-02
-7.310130711821419269e-02,-7.310130711821419269e-02
-6.049430602727062789e-02,-6.049430602727062789e-02
-6.431271751651575219e-02,-6.431271751651575219e-02
-4.881725971288181087e-02,-4.881725971288181087e-02
-7.157520164342622004e-02,-7.157520164342622004e-02
-5.836830010669628171e-02,-5.836830010669628171e-02
-6.109874800602642375e-02,-6.109874800602642375e-02
-6.490990450487882368e-02,-6.490990450487882368e-02
-3.130431324849924923e-02,-3.130431324849924923e-02
-4.101623660350985079e-02,-4.101623660350985079e-02
-6.601293456610152210e-02,-6.601293456610152210e-02
-2.273646913757256666e-02,-2.273646913757256666e-02
-4.351427181500043539e-02,-4.351427181500043539e-02
-7.111494841224406949e-02,-7.111494841224406949e-02
-6.701116696321007815e-02,-6.701116696321007815e-02
-5.137399095482624023e-02,-5.137399095482624023e-02
-5.777944205258292443e-02,-5.777944205258292443e-02
-3.412663254052712009e-02,-3.412663254052712009e-02
-6.134686406395208763e-02,-6.134686406395208763e-02
-6.256002030219232068e-02,-6.256002030219232068e-02
-4.821803274613464807e-02,-4.821803274613464807e-02
-5.023375016651847325e-02,-5.023375016651847325e-02
-6.003630916518745003e-02,-6.003630916518745003e-02
-5.804975090217757983e-02,-5.804975090217757983e-02
-4.711579640476862285e-02,-4.711579640476862285e-02
-3.443188416725383172e-02,-3.443188416725383172e-02
-4.099327767103928127e-02,-4.099327767103928127e-02
-6.400445079639807688e-02,-6.400445079639807688e-02
-5.614063434373375849e-02,-5.614063434373375849e-02
-3.958141783960270055e-02,-3.958141783960270055e-02
-6.573559667541264973e-02,-6.573559667541264973e-02
-5.991457317895869383e-02,-5.991457317895869383e-02
-5.863972341042959086e-02,-5.863972341042959086e-02
-3.952694396912730113e-02,-3.952694396912730113e-02
-6.701549986341302778e-02,-6.701549986341302778e-02
-5.671290049265723110e-02,-5.671290049265723110e-02
-5.329103330459420557e-02,-5.329103330459420557e-02
-6.128526546654375351e-02,-6.128526546654375351e-02
-5.248239021675716459e-02,-5.248239021675716459e-02
-5.599272494098529729e-02,-5.599272494098529729e-02
