-3.677368164062500000e-02,-3.677368164062500000e-02
-3.750610351562500000e-02,-3.750610351562500000e-02
-3.866577148437500000e-02,-3.866577148437500000e-02
-3.936767578125000000e-02,-3.936767578125000000e-02
-3.952026367187500000e-02,-3.952026367187500000e-02
-4.049682617187500000e-02,-4.049682617187500000e-02
-4.058837890625000000e-02,-4.058837890625000000e-02
-4.010009765625000000e-02,-4.010009765625000000e-02
-4.141235351562500000e-02,-4.141235351562500000e-02
-4.177856445312500000e-02,-4.177856445312500000e-02
-4.156494140625000000e-02,-4.156494140625000000e-02
-4.248046875000000000e-02,-4.248046875000000000e-02
-4.217529296875000000e-02,-4.217529296875000000e-02
-4.150390625000000000e-02,-4.150390625000000000e-02
-4.150390625000000000e-02,-4.150390625000000000e-02
-4.174804687500000000e-02,-4.174804687500000000e-02
-4.141235351562500000e-02,-4.141235351562500000e-02
-4.061889648437500000e-02,-4.061889648437500000e-02
-4.086303710937500000e-02,-4.086303710937500000e-02
-4.107666015625000000e-02,-4.107666015625000000e-02
-4.113769531250000000e-02,-4.113769531250000000e-02
-4.171752929687500000e-02,-4.171752929687500000e-02
-4.183959960937500000e-02,-4.183959960937500000e-02
-4.168701171875000000e-02,-4.168701171875000000e-02
-4.153442382812500000e-02,-4.153442382812500000e-02
-4.138183593750000000e-02,-4.138183593750000000e-02
-4.101562500000000000e-02,-4.101562500000000000e-02
-4.077148437500000000e-02,-4.077148437500000000e-02
-4.074096679687500000e-02,-4.074096679687500000e-02
-4.019165039062500000e-02,-4.019165039062500000e-02
-3.970336914062500000e-02,-3.970336914062500000e-02
-3.860473632812500000e-02,-3.860473632812500000e-02
-3.732299804687500000e-02,-3.732299804687500000e-02
-3.732299804687500000e-02,-3.732299804687500000e-02
-3.656005859375000000e-02,-3.656005859375000000e-02
-3.530883789062500000e-02,-3.530883789062500000e-02
-3.482055664062500000e-02,-3.482055664062500000e-02
-3.363037109375000000e-02,-3.363037109375000000e-02
-3.259277343750000000e-02,-3.259277343750000000e-02
-3.201293945312500000e-02,-3.201293945312500000e-02
-3.106689453125000000e-02,-3.106689453125000000e-02
-2.990722656250000000e-02,-2.990722656250000000e-02
-2.947998046875000000e-02,-2.947998046875000000e-02
-2.865600585937500000e-02,-2.865600585937500000e-02
-2.621459960937500000e-02,-2.621459960937500000e-02
-2.523803710937500000e-02,-2.523803710937500000e-02
-2.474975585937500000e-02,-2.474975585937500000e-02
-2.365112304687500000e-02,-2.365112304687500000e-02
-2.343750000000000000e-02,-2.343750000000000000e-02
-2.243041992187500000e-02,-2.243041992187500000e-02
-2.114868164062500000e-02,-2.114868164062500000e-02
-2.023315429687500000e-02,-2.023315429687500000e-02
-1.831054687500000000e-02,-1.831054687500000000e-02
-1.678466796875000000e-02,-1.678466796875000000e-02
-1.712036132812500000e-02,-1.712036132812500000e-02
-1.702880859375000000e-02,-1.702880859375000000e-02
-1.501464843750000000e-02,-1.501464843750000000e-02
-1.364135742187500000e-02,-1.364135742187500000e-02
-1.364135742187500000e-02,-1.364135742187500000e-02
-1.303100585937500000e-02,-1.303100585937500000e-02
-1.113891601562500000e-02,-1.113891601562500000e-02
-9.307861328125000000e-03,-9.307861328125000000e-03
-9.307861328125000000e-03,-9.307861328125000000e-03
-9.521484375000000000e-03,-9.521484375000000000e-03
-8.331298828125000000e-03,-8.331298828125000000e-03
-7.049560546875000000e-03,-7.049560546875000000e-03
-6.317138671875000000e-03,-6.317138671875000000e-03
-5.554199218750000000e-03,-5.554199218750000000e-03
-4.455566406250000000e-03,-4.455566406250000000e-03
-3.417968750000000000e-03,-3.417968750000000000e-03
-2.685546875000000000e-03,-2.685546875000000000e-03
-1.495361328125000000e-03,-1.495361328125000000e-03
-3.356933593750000000e-04,-3.356933593750000000e-04
-6.103515625000000000e-05,-6.103515625000000000e-05
3.356933593750000000e-04,3.356933593750000000e-04
1.098632812500000000e-03,1.098632812500000000e-03
2.593994140625000000e-03,2.593994140625000000e-03
3.814697265625000000e-03,3.814697265625000000e-03
3.265380859375000000e-03,3.265380859375000000e-03
3.540039062500000000e-03,3.540039062500000000e-03
3.631591796875000000e-03,3.631591796875000000e-03
1.983642578125000000e-03,1.983642578125000000e-03
2.471923828125000000e-03,2.471923828125000000e-03
3.265380859375000000e-03,3.265380859375000000e-03
2.136230468750000000e-03,2.136230468750000000e-03
2.807617187500000000e-03,2.807617187500000000e-03
3.814697265625000000e-03,3.814697265625000000e-03
3.906250000000000000e-03,3.906250000000000000e-03
4.699707031250000000e-03,4.699707031250000000e-03
5.157470703125000000e-03,5.157470703125000000e-03
5.340576171875000000e-03,5.340576171875000000e-03
6.164550781250000000e-03,6.164550781250000000e-03
7.019042968750000000e-03,7.019042968750000000e-03
7.568359375000000000e-03,7.568359375000000000e-03
7.995605468750000000e-03,7.995605468750000000e-03
7.751464843750000000e-03,7.751464843750000000e-03
7.659912109375000000e-03,7.659912109375000000e-03
8.453369140625000000e-03,8.453369140625000000e-03
8.117675781250000000e-03,8.117675781250000000e-03
7.446289062500000000e-03,7.446289062500000000e-03
7.537841796875000000e-03,7.537841796875000000e-03
7.446289062500000000e-03,7.446289062500000000e-03
8.026123046875000000e-03,8.026123046875000000e-03
8.087158203125000000e-03,8.087158203125000000e-03
6.805419921875000000e-03,6.805419921875000000e-03
7.019042968750000000e-03,7.019042968750000000e-03
7.843017578125000000e-03,7.843017578125000000e-03
8.117675781250000000e-03,8.117675781250000000e-03
9.094238281250000000e-03,9.094238281250000000e-03
9.155273437500000000e-03,9.155273437500000000e-03
9.063720703125000000e-03,9.063720703125000000e-03
1.025390625000000000e-02,1.025390625000000000e-02
1.074218750000000000e-02,1.074218750000000000e-02
1.077270507812500000e-02,1.077270507812500000e-02
1.065063476562500000e-02,1.065063476562500000e-02
1.086425781250000000e-02,1.086425781250000000e-02
1.138305664062500000e-02,1.138305664062500000e-02
1.058959960937500000e-02,1.058959960937500000e-02
1.004028320312500000e-02,1.004028320312500000e-02
9.948730468750000000e-03,9.948730468750000000e-03
8.789062500000000000e-03,8.789062500000000000e-03
8.911132812500000000e-03,8.911132812500000000e-03
1.010131835937500000e-02,1.010131835937500000e-02
9.490966796875000000e-03,9.490966796875000000e-03
8.819580078125000000e-03,8.819580078125000000e-03
9.796142578125000000e-03,9.796142578125000000e-03
1.162719726562500000e-02,1.162719726562500000e-02
1.312255859375000000e-02,1.312255859375000000e-02
1.330566406250000000e-02,1.330566406250000000e-02
1.361083984375000000e-02,1.361083984375000000e-02
1.522827148437500000e-02,1.522827148437500000e-02
1.657104492187500000e-02,1.657104492187500000e-02
1.651000976562500000e-02,1.651000976562500000e-02
1.586914062500000000e-02,1.586914062500000000e-02
1.489257812500000000e-02,1.489257812500000000e-02
1.416015625000000000e-02,1.416015625000000000e-02
1.464843750000000000e-02,1.464843750000000000e-02
1.428222656250000000e-02,1.428222656250000000e-02
1.293945312500000000e-02,1.293945312500000000e-02
1.232910156250000000e-02,1.232910156250000000e-02
1.220703125000000000e-02,1.220703125000000000e-02
1.296997070312500000e-02,1.296997070312500000e-02
1.361083984375000000e-02,1.361083984375000000e-02
1.336669921875000000e-02,1.336669921875000000e-02
1.385498046875000000e-02,1.385498046875000000e-02
1.516723632812500000e-02,1.516723632812500000e-02
1.696777343750000000e-02,1.696777343750000000e-02
1.852416992187500000e-02,1.852416992187500000e-02
2.005004882812500000e-02,2.005004882812500000e-02
2.267456054687500000e-02,2.267456054687500000e-02
2.273559570312500000e-02,2.273559570312500000e-02
2.120971679687500000e-02,2.120971679687500000e-02
2.230834960937500000e-02,2.230834960937500000e-02
2.264404296875000000e-02,2.264404296875000000e-02
2.191162109375000000e-02,2.191162109375000000e-02
2.166748046875000000e-02,2.166748046875000000e-02
2.005004882812500000e-02,2.005004882812500000e-02
1.882934570312500000e-02,1.882934570312500000e-02
1.858520507812500000e-02,1.858520507812500000e-02
1.773071289062500000e-02,1.773071289062500000e-02
1.782226562500000000e-02,1.782226562500000000e-02
1.843261718750000000e-02,1.843261718750000000e-02
1.892089843750000000e-02,1.892089843750000000e-02
2.102661132812500000e-02,2.102661132812500000e-02
2.313232421875000000e-02,2.313232421875000000e-02
2.456665039062500000e-02,2.456665039062500000e-02
2.584838867187500000e-02,2.584838867187500000e-02
2.651977539062500000e-02,2.651977539062500000e-02
2.774047851562500000e-02,2.774047851562500000e-02
2.871704101562500000e-02,2.871704101562500000e-02
2.868652343750000000e-02,2.868652343750000000e-02
2.774047851562500000e-02,2.774047851562500000e-02
2.597045898437500000e-02,2.597045898437500000e-02
2.456665039062500000e-02,2.456665039062500000e-02
2.319335937500000000e-02,2.319335937500000000e-02
2.154541015625000000e-02,2.154541015625000000e-02
1.998901367187500000e-02,1.998901367187500000e-02
1.870727539062500000e-02,1.870727539062500000e-02
1.824951171875000000e-02,1.824951171875000000e-02
1.901245117187500000e-02,1.901245117187500000e-02
2.069091796875000000e-02,2.069091796875000000e-02
2.261352539062500000e-02,2.261352539062500000e-02
2.416992187500000000e-02,2.416992187500000000e-02
2.621459960937500000e-02,2.621459960937500000e-02
2.871704101562500000e-02,2.871704101562500000e-02
2.984619140625000000e-02,2.984619140625000000e-02
3.033447265625000000e-02,3.033447265625000000e-02
2.966308593750000000e-02,2.966308593750000000e-02
2.795410156250000000e-02,2.795410156250000000e-02
2.761840820312500000e-02,2.761840820312500000e-02
2.697753906250000000e-02,2.697753906250000000e-02
2.536010742187500000e-02,2.536010742187500000e-02
2.359008789062500000e-02,2.359008789062500000e-02
2.163696289062500000e-02,2.163696289062500000e-02
2.032470703125000000e-02,2.032470703125000000e-02
1.943969726562500000e-02,1.943969726562500000e-02
1.916503906250000000e-02,1.916503906250000000e-02
2.078247070312500000e-02,2.078247070312500000e-02
2.209472656250000000e-02,2.209472656250000000e-02
2.239990234375000000e-02,2.239990234375000000e-02
2.401733398437500000e-02,2.401733398437500000e-02
2.597045898437500000e-02,2.597045898437500000e-02
2.676391601562500000e-02,2.676391601562500000e-02
2.670288085937500000e-02,2.670288085937500000e-02
2.597045898437500000e-02,2.597045898437500000e-02
2.542114257812500000e-02,2.542114257812500000e-02
2.542114257812500000e-02,2.542114257812500000e-02
2.441406250000000000e-02,2.441406250000000000e-02
2.313232421875000000e-02,2.313232421875000000e-02
2.285766601562500000e-02,2.285766601562500000e-02
2.163696289062500000e-02,2.163696289062500000e-02
2.066040039062500000e-02,2.066040039062500000e-02
2.124023437500000000e-02,2.124023437500000000e-02
2.111816406250000000e-02,2.111816406250000000e-02
2.084350585937500000e-02,2.084350585937500000e-02
2.133178710937500000e-02,2.133178710937500000e-02
2.288818359375000000e-02,2.288818359375000000e-02
2.447509765625000000e-02,2.447509765625000000e-02
2.456665039062500000e-02,2.456665039062500000e-02
2.447509765625000000e-02,2.447509765625000000e-02
2.450561523437500000e-02,2.450561523437500000e-02
2.423095703125000000e-02,2.423095703125000000e-02
2.459716796875000000e-02,2.459716796875000000e-02
2.468872070312500000e-02,2.468872070312500000e-02
2.456665039062500000e-02,2.456665039062500000e-02
2.560424804687500000e-02,2.560424804687500000e-02
2.618408203125000000e-02,2.618408203125000000e-02
2.581787109375000000e-02,2.581787109375000000e-02
2.569580078125000000e-02,2.569580078125000000e-02
2.603149414062500000e-02,2.603149414062500000e-02
2.679443359375000000e-02,2.679443359375000000e-02
2.697753906250000000e-02,2.697753906250000000e-02
2.688598632812500000e-02,2.688598632812500000e-02
2.642822265625000000e-02,2.642822265625000000e-02
2.542114257812500000e-02,2.542114257812500000e-02
2.526855468750000000e-02,2.526855468750000000e-02
2.517700195312500000e-02,2.517700195312500000e-02
2.413940429687500000e-02,2.413940429687500000e-02
2.297973632812500000e-02,2.297973632812500000e-02
2.212524414062500000e-02,2.212524414062500000e-02
2.197265625000000000e-02,2.197265625000000000e-02
2.200317382812500000e-02,2.200317382812500000e-02
2.133178710937500000e-02,2.133178710937500000e-02
2.078247070312500000e-02,2.078247070312500000e-02
2.117919921875000000e-02,2.117919921875000000e-02
2.212524414062500000e-02,2.212524414062500000e-02
2.258300781250000000e-02,2.258300781250000000e-02
2.178955078125000000e-02,2.178955078125000000e-02
2.062988281250000000e-02,2.062988281250000000e-02
2.072143554687500000e-02,2.072143554687500000e-02
2.191162109375000000e-02,2.191162109375000000e-02
2.099609375000000000e-02,2.099609375000000000e-02
1.870727539062500000e-02,1.870727539062500000e-02
1.852416992187500000e-02,1.852416992187500000e-02
1.849365234375000000e-02,1.849365234375000000e-02
1.788330078125000000e-02,1.788330078125000000e-02
1.678466796875000000e-02,1.678466796875000000e-02
1.434326171875000000e-02,1.434326171875000000e-02
1.309204101562500000e-02,1.309204101562500000e-02
1.321411132812500000e-02,1.321411132812500000e-02
1.223754882812500000e-02,1.223754882812500000e-02
1.071166992187500000e-02,1.071166992187500000e-02
9.765625000000000000e-03,9.765625000000000000e-03
8.575439453125000000e-03,8.575439453125000000e-03
6.713867187500000000e-03,6.713867187500000000e-03
5.310058593750000000e-03,5.310058593750000000e-03
4.852294921875000000e-03,4.852294921875000000e-03
3.753662109375000000e-03,3.753662109375000000e-03
3.082275390625000000e-03,3.082275390625000000e-03
3.479003906250000000e-03,3.479003906250000000e-03
1.831054687500000000e-03,1.831054687500000000e-03
1.220703125000000000e-04,1.220703125000000000e-04
7.019042968750000000e-04,7.019042968750000000e-04
7.324218750000000000e-04,7.324218750000000000e-04
-5.798339843750000000e-04,-5.798339843750000000e-04
-1.800537109375000000e-03,-1.800537109375000000e-03
-2.777099609375000000e-03,-2.777099609375000000e-03
-3.784179687500000000e-03,-3.784179687500000000e-03
-3.692626953125000000e-03,-3.692626953125000000e-03
-3.814697265625000000e-03,-3.814697265625000000e-03
-5.279541015625000000e-03,-5.279541015625000000e-03
-6.500244140625000000e-03,-6.500244140625000000e-03
-7.080078125000000000e-03,-7.080078125000000000e-03
-7.659912109375000000e-03,-7.659912109375000000e-03
-8.605957031250000000e-03,-8.605957031250000000e-03
-9.857177734375000000e-03,-9.857177734375000000e-03
-1.113891601562500000e-02,-1.113891601562500000e-02
-1.211547851562500000e-02,-1.211547851562500000e-02
-1.269531250000000000e-02,-1.269531250000000000e-02
-1.348876953125000000e-02,-1.348876953125000000e-02
-1.480102539062500000e-02,-1.480102539062500000e-02
-1.638793945312500000e-02,-1.638793945312500000e-02
-1.809692382812500000e-02,-1.809692382812500000e-02
-1.895141601562500000e-02,-1.895141601562500000e-02
-1.831054687500000000e-02,-1.831054687500000000e-02
-1.910400390625000000e-02,-1.910400390625000000e-02
-2.111816406250000000e-02,-2.111816406250000000e-02
-2.182006835937500000e-02,-2.182006835937500000e-02
-2.224731445312500000e-02,-2.224731445312500000e-02
-2.261352539062500000e-02,-2.261352539062500000e-02
-2.279663085937500000e-02,-2.279663085937500000e-02
-2.368164062500000000e-02,-2.368164062500000000e-02
-2.416992187500000000e-02,-2.416992187500000000e-02
-2.389526367187500000e-02,-2.389526367187500000e-02
-2.456665039062500000e-02,-2.456665039062500000e-02
-2.578735351562500000e-02,-2.578735351562500000e-02
-2.584838867187500000e-02,-2.584838867187500000e-02
-2.581787109375000000e-02,-2.581787109375000000e-02
-2.664184570312500000e-02,-2.664184570312500000e-02
-2.774047851562500000e-02,-2.774047851562500000e-02
-2.902221679687500000e-02,-2.902221679687500000e-02
-3.018188476562500000e-02,-3.018188476562500000e-02
-3.164672851562500000e-02,-3.164672851562500000e-02
-3.399658203125000000e-02,-3.399658203125000000e-02
-3.536987304687500000e-02,-3.536987304687500000e-02
-3.631591796875000000e-02,-3.631591796875000000e-02
-3.875732421875000000e-02,-3.875732421875000000e-02
-4.040527343750000000e-02,-4.040527343750000000e-02
-4.159545898437500000e-02,-4.159545898437500000e-02
-4.367065429687500000e-02,-4.367065429687500000e-02
-4.473876953125000000e-02,-4.473876953125000000e-02
-4.531860351562500000e-02,-4.531860351562500000e-02
-4.663085937500000000e-02,-4.663085937500000000e-02
-4.748535156250000000e-02,-4.748535156250000000e-02
-4.748535156250000000e-02,-4.748535156250000000e-02
-4.760742187500000000e-02,-4.760742187500000000e-02
-4.687500000000000000e-02,-4.687500000000000000e-02
-4.644775390625000000e-02,-4.644775390625000000e-02
-4.840087890625000000e-02,-4.840087890625000000e-02
-4.858398437500000000e-02,-4.858398437500000000e-02
-4.724121093750000000e-02,-4.724121093750000000e-02
-4.946899414062500000e-02,-4.946899414062500000e-02
-5.148315429687500000e-02,-5.148315429687500000e-02
-5.148315429687500000e-02,-5.148315429687500000e-02
-5.340576171875000000e-02,-5.340576171875000000e-02
-5.377197265625000000e-02,-5.377197265625000000e-02
-5.426025390625000000e-02,-5.426025390625000000e-02
-5.795288085937500000e-02,-5.795288085937500000e-02
-5.834960937500000000e-02,-5.834960937500000000e-02
-5.734252929687500000e-02,-5.734252929687500000e-02
-5.911254882812500000e-02,-5.911254882812500000e-02
-6.045532226562500000e-02,-6.045532226562500000e-02
-6.109619140625000000e-02,-6.109619140625000000e-02
-6.079101562500000000e-02,-6.079101562500000000e-02
-5.993652343750000000e-02,-5.993652343750000000e-02
-6.161499023437500000e-02,-6.161499023437500000e-02
-6.362915039062500000e-02,-6.362915039062500000e-02
-6.347656250000000000e-02,-6.347656250000000000e-02
-6.320190429687500000e-02,-6.320190429687500000e-02
-6.262207031250000000e-02,-6.262207031250000000e-02
-6.286621093750000000e-02,-6.286621093750000000e-02
-6.399536132812500000e-02,-6.399536132812500000e-02
-6.350708007812500000e-02,-6.350708007812500000e-02
-6.243896484375000000e-02,-6.243896484375000000e-02
-6.109619140625000000e-02,-6.109619140625000000e-02
-5.969238281250000000e-02,-5.969238281250000000e-02
-5.877685546875000000e-02,-5.877685546875000000e-02
-5.801391601562500000e-02,-5.801391601562500000e-02
-5.755615234375000000e-02,-5.755615234375000000e-02
-5.596923828125000000e-02,-5.596923828125000000e-02
-5.459594726562500000e-02,-5.459594726562500000e-02
-5.517578125000000000e-02,-5.517578125000000000e-02
-5.474853515625000000e-02,-5.474853515625000000e-02
-5.307006835937500000e-02,-5.307006835937500000e-02
-5.310058593750000000e-02,-5.310058593750000000e-02
-5.389404296875000000e-02,-5.389404296875000000e-02
-5.395507812500000000e-02,-5.395507812500000000e-02
-5.331420898437500000e-02,-5.331420898437500000e-02
-5.160522460937500000e-02,-5.160522460937500000e-02
-5.078125000000000000e-02,-5.078125000000000000e-02
-5.178833007812500000e-02,-5.178833007812500000e-02
-5.114746093750000000e-02,-5.114746093750000000e-02
-4.873657226562500000e-02,-4.873657226562500000e-02
-4.718017578125000000e-02,-4.718017578125000000e-02
-4.595947265625000000e-02,-4.595947265625000000e-02
-4.531860351562500000e-02,-4.531860351562500000e-02
-4.418945312500000000e-02,-4.418945312500000000e-02
-4.116821289062500000e-02,-4.116821289062500000e-02
-3.863525390625000000e-02,-3.863525390625000000e-02
-3.591918945312500000e-02,-3.591918945312500000e-02
-3.405761718750000000e-02,-3.405761718750000000e-02
-3.384399414062500000e-02,-3.384399414062500000e-02
-3.002929687500000000e-02,-3.002929687500000000e-02
-2.624511718750000000e-02,-2.624511718750000000e-02
-2.709960937500000000e-02,-2.709960937500000000e-02
-2.661132812500000000e-02,-2.661132812500000000e-02
-2.462768554687500000e-02,-2.462768554687500000e-02
-2.322387695312500000e-02,-2.322387695312500000e-02
-1.977539062500000000e-02,-1.977539062500000000e-02
-1.745605468750000000e-02,-1.745605468750000000e-02
-1.818847656250000000e-02,-1.818847656250000000e-02
-1.794433593750000000e-02,-1.794433593750000000e-02
-1.586914062500000000e-02,-1.586914062500000000e-02
-1.437377929687500000e-02,-1.437377929687500000e-02
-1.391601562500000000e-02,-1.391601562500000000e-02
-1.287841796875000000e-02,-1.287841796875000000e-02
-1.159667968750000000e-02,-1.159667968750000000e-02
-1.058959960937500000e-02,-1.058959960937500000e-02
-9.674072265625000000e-03,-9.674072265625000000e-03
-8.453369140625000000e-03,-8.453369140625000000e-03
-7.507324218750000000e-03,-7.507324218750000000e-03
-7.354736328125000000e-03,-7.354736328125000000e-03
-5.981445312500000000e-03,-5.981445312500000000e-03
-4.333496093750000000e-03,-4.333496093750000000e-03
-2.746582031250000000e-03,-2.746582031250000000e-03
-6.103515625000000000e-04,-6.103515625000000000e-04
-3.662109375000000000e-04,-3.662109375000000000e-04
-3.662109375000000000e-04,-3.662109375000000000e-04
2.380371093750000000e-03,2.380371093750000000e-03
5.432128906250000000e-03,5.432128906250000000e-03
5.371093750000000000e-03,5.371093750000000000e-03
4.547119140625000000e-03,4.547119140625000000e-03
5.218505859375000000e-03,5.218505859375000000e-03
5.737304687500000000e-03,5.737304687500000000e-03
7.263183593750000000e-03,7.263183593750000000e-03
8.972167968750000000e-03,8.972167968750000000e-03
7.171630859375000000e-03,7.171630859375000000e-03
4.547119140625000000e-03,4.547119140625000000e-03
6.317138671875000000e-03,6.317138671875000000e-03
9.857177734375000000e-03,9.857177734375000000e-03
1.010131835937500000e-02,1.010131835937500000e-02
1.040649414062500000e-02,1.040649414062500000e-02
1.235961914062500000e-02,1.235961914062500000e-02
1.196289062500000000e-02,1.196289062500000000e-02
1.242065429687500000e-02,1.242065429687500000e-02
1.553344726562500000e-02,1.553344726562500000e-02
1.605224609375000000e-02,1.605224609375000000e-02
1.483154296875000000e-02,1.483154296875000000e-02
1.611328125000000000e-02,1.611328125000000000e-02
1.907348632812500000e-02,1.907348632812500000e-02
1.995849609375000000e-02,1.995849609375000000e-02
1.873779296875000000e-02,1.873779296875000000e-02
1.812744140625000000e-02,1.812744140625000000e-02
1.919555664062500000e-02,1.919555664062500000e-02
2.154541015625000000e-02,2.154541015625000000e-02
2.258300781250000000e-02,2.258300781250000000e-02
2.258300781250000000e-02,2.258300781250000000e-02
2.243041992187500000e-02,2.243041992187500000e-02
2.285766601562500000e-02,2.285766601562500000e-02
2.593994140625000000e-02,2.593994140625000000e-02
2.679443359375000000e-02,2.679443359375000000e-02
2.493286132812500000e-02,2.493286132812500000e-02
2.581787109375000000e-02,2.581787109375000000e-02
2.795410156250000000e-02,2.795410156250000000e-02
2.926635742187500000e-02,2.926635742187500000e-02
2.862548828125000000e-02,2.862548828125000000e-02
2.633666992187500000e-02,2.633666992187500000e-02
2.645874023437500000e-02,2.645874023437500000e-02
2.859497070312500000e-02,2.859497070312500000e-02
2.932739257812500000e-02,2.932739257812500000e-02
2.911376953125000000e-02,2.911376953125000000e-02
2.923583984375000000e-02,2.923583984375000000e-02
3.018188476562500000e-02,3.018188476562500000e-02
3.201293945312500000e-02,3.201293945312500000e-02
3.448486328125000000e-02,3.448486328125000000e-02
3.503417968750000000e-02,3.503417968750000000e-02
3.353881835937500000e-02,3.353881835937500000e-02
3.500366210937500000e-02,3.500366210937500000e-02
3.900146484375000000e-02,3.900146484375000000e-02
4.083251953125000000e-02,4.083251953125000000e-02
3.955078125000000000e-02,3.955078125000000000e-02
3.823852539062500000e-02,3.823852539062500000e-02
3.915405273437500000e-02,3.915405273437500000e-02
4.049682617187500000e-02,4.049682617187500000e-02
4.104614257812500000e-02,4.104614257812500000e-02
4.089355468750000000e-02,4.089355468750000000e-02
4.061889648437500000e-02,4.061889648437500000e-02
4.016113281250000000e-02,4.016113281250000000e-02
4.037475585937500000e-02,4.037475585937500000e-02
4.211425781250000000e-02,4.211425781250000000e-02
4.257202148437500000e-02,4.257202148437500000e-02
4.238891601562500000e-02,4.238891601562500000e-02
4.293823242187500000e-02,4.293823242187500000e-02
4.425048828125000000e-02,4.425048828125000000e-02
4.678344726562500000e-02,4.678344726562500000e-02
4.708862304687500000e-02,4.708862304687500000e-02
4.608154296875000000e-02,4.608154296875000000e-02
4.711914062500000000e-02,4.711914062500000000e-02
4.852294921875000000e-02,4.852294921875000000e-02
4.986572265625000000e-02,4.986572265625000000e-02
5.059814453125000000e-02,5.059814453125000000e-02
4.956054687500000000e-02,4.956054687500000000e-02
4.986572265625000000e-02,4.986572265625000000e-02
5.151367187500000000e-02,5.151367187500000000e-02
5.123901367187500000e-02,5.123901367187500000e-02
5.053710937500000000e-02,5.053710937500000000e-02
5.105590820312500000e-02,5.105590820312500000e-02
5.184936523437500000e-02,5.184936523437500000e-02
5.236816406250000000e-02,5.236816406250000000e-02
5.303955078125000000e-02,5.303955078125000000e-02
5.349731445312500000e-02,5.349731445312500000e-02
5.313110351562500000e-02,5.313110351562500000e-02
5.331420898437500000e-02,5.331420898437500000e-02
5.453491210937500000e-02,5.453491210937500000e-02
5.471801757812500000e-02,5.471801757812500000e-02
5.371093750000000000e-02,5.371093750000000000e-02
5.328369140625000000e-02,5.328369140625000000e-02
5.395507812500000000e-02,5.395507812500000000e-02
5.490112304687500000e-02,5.490112304687500000e-02
5.499267578125000000e-02,5.499267578125000000e-02
5.435180664062500000e-02,5.435180664062500000e-02
5.432128906250000000e-02,5.432128906250000000e-02
5.453491210937500000e-02,5.453491210937500000e-02
5.532836914062500000e-02,5.532836914062500000e-02
5.654907226562500000e-02,5.654907226562500000e-02
5.627441406250000000e-02,5.627441406250000000e-02
5.563354492187500000e-02,5.563354492187500000e-02
5.606079101562500000e-02,5.606079101562500000e-02
5.535888671875000000e-02,5.535888671875000000e-02
5.410766601562500000e-02,5.410766601562500000e-02
5.413818359375000000e-02,5.413818359375000000e-02
5.361938476562500000e-02,5.361938476562500000e-02
5.310058593750000000e-02,5.310058593750000000e-02
5.273437500000000000e-02,5.273437500000000000e-02
5.178833007812500000e-02,5.178833007812500000e-02
5.120849609375000000e-02,5.120849609375000000e-02
5.020141601562500000e-02,5.020141601562500000e-02
4.882812500000000000e-02,4.882812500000000000e-02
4.769897460937500000e-02,4.769897460937500000e-02
4.714965820312500000e-02,4.714965820312500000e-02
4.650878906250000000e-02,4.650878906250000000e-02
4.452514648437500000e-02,4.452514648437500000e-02
4.269409179687500000e-02,4.269409179687500000e-02
4.147338867187500000e-02,4.147338867187500000e-02
4.055786132812500000e-02,4.055786132812500000e-02
4.010009765625000000e-02,4.010009765625000000e-02
3.912353515625000000e-02,3.912353515625000000e-02
3.781127929687500000e-02,3.781127929687500000e-02
3.756713867187500000e-02,3.756713867187500000e-02
3.799438476562500000e-02,3.799438476562500000e-02
3.762817382812500000e-02,3.762817382812500000e-02
3.671264648437500000e-02,3.671264648437500000e-02
3.631591796875000000e-02,3.631591796875000000e-02
3.576660156250000000e-02,3.576660156250000000e-02
3.439331054687500000e-02,3.439331054687500000e-02
3.335571289062500000e-02,3.335571289062500000e-02
3.179931640625000000e-02,3.179931640625000000e-02
2.947998046875000000e-02,2.947998046875000000e-02
2.783203125000000000e-02,2.783203125000000000e-02
2.618408203125000000e-02,2.618408203125000000e-02
2.407836914062500000e-02,2.407836914062500000e-02
2.221679687500000000e-02,2.221679687500000000e-02
2.059936523437500000e-02,2.059936523437500000e-02
1.882934570312500000e-02,1.882934570312500000e-02
1.727294921875000000e-02,1.727294921875000000e-02
1.651000976562500000e-02,1.651000976562500000e-02
1.626586914062500000e-02,1.626586914062500000e-02
1.528930664062500000e-02,1.528930664062500000e-02
1.336669921875000000e-02,1.336669921875000000e-02
1.269531250000000000e-02,1.269531250000000000e-02
1.242065429687500000e-02,1.242065429687500000e-02
1.116943359375000000e-02,1.116943359375000000e-02
1.019287109375000000e-02,1.019287109375000000e-02
9.185791015625000000e-03,9.185791015625000000e-03
8.697509765625000000e-03,8.697509765625000000e-03
8.544921875000000000e-03,8.544921875000000000e-03
7.476806640625000000e-03,7.476806640625000000e-03
6.500244140625000000e-03,6.500244140625000000e-03
5.523681640625000000e-03,5.523681640625000000e-03
4.425048828125000000e-03,4.425048828125000000e-03
4.089355468750000000e-03,4.089355468750000000e-03
3.112792968750000000e-03,3.112792968750000000e-03
1.434326171875000000e-03,1.434326171875000000e-03
6.713867187500000000e-04,6.713867187500000000e-04
6.713867187500000000e-04,6.713867187500000000e-04
3.356933593750000000e-04,3.356933593750000000e-04
-1.190185546875000000e-03,-1.190185546875000000e-03
-2.960205078125000000e-03,-2.960205078125000000e-03
-3.784179687500000000e-03,-3.784179687500000000e-03
-4.486083984375000000e-03,-4.486083984375000000e-03
-5.218505859375000000e-03,-5.218505859375000000e-03
-5.584716796875000000e-03,-5.584716796875000000e-03
-6.164550781250000000e-03,-6.164550781250000000e-03
-7.507324218750000000e-03,-7.507324218750000000e-03
-8.422851562500000000e-03,-8.422851562500000000e-03
-8.392333984375000000e-03,-8.392333984375000000e-03
-8.728027343750000000e-03,-8.728027343750000000e-03
-9.887695312500000000e-03,-9.887695312500000000e-03
-1.055908203125000000e-02,-1.055908203125000000e-02
-1.080322265625000000e-02,-1.080322265625000000e-02
-1.220703125000000000e-02,-1.220703125000000000e-02
-1.266479492187500000e-02,-1.266479492187500000e-02
-1.239013671875000000e-02,-1.239013671875000000e-02
-1.333618164062500000e-02,-1.333618164062500000e-02
-1.309204101562500000e-02,-1.309204101562500000e-02
-1.266479492187500000e-02,-1.266479492187500000e-02
-1.385498046875000000e-02,-1.385498046875000000e-02
-1.400756835937500000e-02,-1.400756835937500000e-02
-1.333618164062500000e-02,-1.333618164062500000e-02
-1.403808593750000000e-02,-1.403808593750000000e-02
-1.513671875000000000e-02,-1.513671875000000000e-02
-1.574707031250000000e-02,-1.574707031250000000e-02
-1.657104492187500000e-02,-1.657104492187500000e-02
-1.785278320312500000e-02,-1.785278320312500000e-02
-1.925659179687500000e-02,-1.925659179687500000e-02
-2.029418945312500000e-02,-2.029418945312500000e-02
-2.096557617187500000e-02,-2.096557617187500000e-02
-2.209472656250000000e-02,-2.209472656250000000e-02
-2.349853515625000000e-02,-2.349853515625000000e-02
-2.410888671875000000e-02,-2.410888671875000000e-02
-2.435302734375000000e-02,-2.435302734375000000e-02
-2.487182617187500000e-02,-2.487182617187500000e-02
-2.603149414062500000e-02,-2.603149414062500000e-02
-2.706909179687500000e-02,-2.706909179687500000e-02
-2.700805664062500000e-02,-2.700805664062500000e-02
-2.832031250000000000e-02,-2.832031250000000000e-02
-3.085327148437500000e-02,-3.085327148437500000e-02
-3.216552734375000000e-02,-3.216552734375000000e-02
-3.286743164062500000e-02,-3.286743164062500000e-02
-3.393554687500000000e-02,-3.393554687500000000e-02
-3.640747070312500000e-02,-3.640747070312500000e-02
-3.887939453125000000e-02,-3.887939453125000000e-02
-3.964233398437500000e-02,-3.964233398437500000e-02
-3.939819335937500000e-02,-3.939819335937500000e-02
-4.013061523437500000e-02,-4.013061523437500000e-02
-4.275512695312500000e-02,-4.275512695312500000e-02
-4.360961914062500000e-02,-4.360961914062500000e-02
-4.260253906250000000e-02,-4.260253906250000000e-02
-4.415893554687500000e-02,-4.415893554687500000e-02
-4.650878906250000000e-02,-4.650878906250000000e-02
-4.666137695312500000e-02,-4.666137695312500000e-02
-4.748535156250000000e-02,-4.748535156250000000e-02
-5.007934570312500000e-02,-5.007934570312500000e-02
-5.236816406250000000e-02,-5.236816406250000000e-02
-5.291748046875000000e-02,-5.291748046875000000e-02
-5.358886718750000000e-02,-5.358886718750000000e-02
-5.609130859375000000e-02,-5.609130859375000000e-02
-5.712890625000000000e-02,-5.712890625000000000e-02
-5.722045898437500000e-02,-5.722045898437500000e-02
-5.874633789062500000e-02,-5.874633789062500000e-02
-5.908203125000000000e-02,-5.908203125000000000e-02
-5.947875976562500000e-02,-5.947875976562500000e-02
-6.243896484375000000e-02,-6.243896484375000000e-02
-6.372070312500000000e-02,-6.372070312500000000e-02
-6.167602539062500000e-02,-6.167602539062500000e-02
-6.213378906250000000e-02,-6.213378906250000000e-02
-6.515502929687500000e-02,-6.515502929687500000e-02
-6.552124023437500000e-02,-6.552124023437500000e-02
-6.564331054687500000e-02,-6.564331054687500000e-02
-6.726074218750000000e-02,-6.726074218750000000e-02
-6.640625000000000000e-02,-6.640625000000000000e-02
-6.570434570312500000e-02,-6.570434570312500000e-02
-6.887817382812500000e-02,-6.887817382812500000e-02
-7.064819335937500000e-02,-7.064819335937500000e-02
-6.863403320312500000e-02,-6.863403320312500000e-02
-6.762695312500000000e-02,-6.762695312500000000e-02
-6.896972656250000000e-02,-6.896972656250000000e-02
-7.028198242187500000e-02,-7.028198242187500000e-02
-7.058715820312500000e-02,-7.058715820312500000e-02
-7.000732421875000000e-02,-7.000732421875000000e-02
-6.884765625000000000e-02,-6.884765625000000000e-02
-6.842041015625000000e-02,-6.842041015625000000e-02
-6.976318359375000000e-02,-6.976318359375000000e-02
-7.019042968750000000e-02,-7.019042968750000000e-02
-6.668090820312500000e-02,-6.668090820312500000e-02
-6.469726562500000000e-02,-6.469726562500000000e-02
-6.640625000000000000e-02,-6.640625000000000000e-02
-6.497192382812500000e-02,-6.497192382812500000e-02
-6.283569335937500000e-02,-6.283569335937500000e-02
-6.369018554687500000e-02,-6.369018554687500000e-02
-6.234741210937500000e-02,-6.234741210937500000e-02
-5.993652343750000000e-02,-5.993652343750000000e-02
-6.130981445312500000e-02,-6.130981445312500000e-02
-6.359863281250000000e-02,-6.359863281250000000e-02
-6.204223632812500000e-02,-6.204223632812500000e-02
-5.957031250000000000e-02,-5.957031250000000000e-02
-5.966186523437500000e-02,-5.966186523437500000e-02
-5.917358398437500000e-02,-5.917358398437500000e-02
-5.654907226562500000e-02,-5.654907226562500000e-02
-5.383300781250000000e-02,-5.383300781250000000e-02
-5.029296875000000000e-02,-5.029296875000000000e-02
-4.693603515625000000e-02,-4.693603515625000000e-02
-4.541015625000000000e-02,-4.541015625000000000e-02
-4.165649414062500000e-02,-4.165649414062500000e-02
-3.607177734375000000e-02,-3.607177734375000000e-02
-3.399658203125000000e-02,-3.399658203125000000e-02
-3.424072265625000000e-02,-3.424072265625000000e-02
-3.228759765625000000e-02,-3.228759765625000000e-02
-2.905273437500000000e-02,-2.905273437500000000e-02
-2.694702148437500000e-02,-2.694702148437500000e-02
-2.575683593750000000e-02,-2.575683593750000000e-02
-2.639770507812500000e-02,-2.639770507812500000e-02
-2.758789062500000000e-02,-2.758789062500000000e-02
-2.597045898437500000e-02,-2.597045898437500000e-02
-2.188110351562500000e-02,-2.188110351562500000e-02
-1.855468750000000000e-02,-1.855468750000000000e-02
-1.858520507812500000e-02,-1.858520507812500000e-02
-1.889038085937500000e-02,-1.889038085937500000e-02
-1.535034179687500000e-02,-1.535034179687500000e-02
-9.674072265625000000e-03,-9.674072265625000000e-03
-7.141113281250000000e-03,-7.141113281250000000e-03
-8.819580078125000000e-03,-8.819580078125000000e-03
-8.361816406250000000e-03,-8.361816406250000000e-03
-3.692626953125000000e-03,-3.692626953125000000e-03
-6.713867187500000000e-04,-6.713867187500000000e-04
-2.441406250000000000e-04,-2.441406250000000000e-04
4.272460937500000000e-04,4.272460937500000000e-04
-2.136230468750000000e-04,-2.136230468750000000e-04
6.103515625000000000e-05,6.103515625000000000e-05
4.699707031250000000e-03,4.699707031250000000e-03
8.392333984375000000e-03,8.392333984375000000e-03
6.774902343750000000e-03,6.774902343750000000e-03
6.958007812500000000e-03,6.958007812500000000e-03
1.303100585937500000e-02,1.303100585937500000e-02
1.589965820312500000e-02,1.589965820312500000e-02
1.467895507812500000e-02,1.467895507812500000e-02
1.690673828125000000e-02,1.690673828125000000e-02
1.992797851562500000e-02,1.992797851562500000e-02
2.172851562500000000e-02,2.172851562500000000e-02
2.416992187500000000e-02,2.416992187500000000e-02
2.420043945312500000e-02,2.420043945312500000e-02
2.011108398437500000e-02,2.011108398437500000e-02
1.791381835937500000e-02,1.791381835937500000e-02
2.175903320312500000e-02,2.175903320312500000e-02
2.380371093750000000e-02,2.380371093750000000e-02
1.849365234375000000e-02,1.849365234375000000e-02
1.449584960937500000e-02,1.449584960937500000e-02
1.593017578125000000e-02,1.593017578125000000e-02
1.654052734375000000e-02,1.654052734375000000e-02
1.586914062500000000e-02,1.586914062500000000e-02
1.428222656250000000e-02,1.428222656250000000e-02
1.266479492187500000e-02,1.266479492187500000e-02
1.669311523437500000e-02,1.669311523437500000e-02
2.255249023437500000e-02,2.255249023437500000e-02
2.182006835937500000e-02,2.182006835937500000e-02
1.828002929687500000e-02,1.828002929687500000e-02
1.995849609375000000e-02,1.995849609375000000e-02
2.551269531250000000e-02,2.551269531250000000e-02
2.804565429687500000e-02,2.804565429687500000e-02
2.578735351562500000e-02,2.578735351562500000e-02
2.349853515625000000e-02,2.349853515625000000e-02
2.334594726562500000e-02,2.334594726562500000e-02
2.227783203125000000e-02,2.227783203125000000e-02
2.166748046875000000e-02,2.166748046875000000e-02
2.215576171875000000e-02,2.215576171875000000e-02
1.989746093750000000e-02,1.989746093750000000e-02
1.739501953125000000e-02,1.739501953125000000e-02
1.809692382812500000e-02,1.809692382812500000e-02
1.931762695312500000e-02,1.931762695312500000e-02
2.032470703125000000e-02,2.032470703125000000e-02
2.117919921875000000e-02,2.117919921875000000e-02
2.096557617187500000e-02,2.096557617187500000e-02
2.139282226562500000e-02,2.139282226562500000e-02
2.221679687500000000e-02,2.221679687500000000e-02
2.175903320312500000e-02,2.175903320312500000e-02
2.105712890625000000e-02,2.105712890625000000e-02
2.166748046875000000e-02,2.166748046875000000e-02
2.124023437500000000e-02,2.124023437500000000e-02
1.855468750000000000e-02,1.855468750000000000e-02
1.757812500000000000e-02,1.757812500000000000e-02
1.861572265625000000e-02,1.861572265625000000e-02
1.992797851562500000e-02,1.992797851562500000e-02
2.087402343750000000e-02,2.087402343750000000e-02
1.980590820312500000e-02,1.980590820312500000e-02
1.995849609375000000e-02,1.995849609375000000e-02
2.355957031250000000e-02,2.355957031250000000e-02
2.648925781250000000e-02,2.648925781250000000e-02
2.630615234375000000e-02,2.630615234375000000e-02
2.578735351562500000e-02,2.578735351562500000e-02
2.816772460937500000e-02,2.816772460937500000e-02
3.103637695312500000e-02,3.103637695312500000e-02
3.121948242187500000e-02,3.121948242187500000e-02
2.969360351562500000e-02,2.969360351562500000e-02
2.767944335937500000e-02,2.767944335937500000e-02
2.685546875000000000e-02,2.685546875000000000e-02
2.786254882812500000e-02,2.786254882812500000e-02
2.841186523437500000e-02,2.841186523437500000e-02
2.682495117187500000e-02,2.682495117187500000e-02
2.496337890625000000e-02,2.496337890625000000e-02
2.651977539062500000e-02,2.651977539062500000e-02
2.978515625000000000e-02,2.978515625000000000e-02
3.030395507812500000e-02,3.030395507812500000e-02
3.036499023437500000e-02,3.036499023437500000e-02
3.225708007812500000e-02,3.225708007812500000e-02
3.396606445312500000e-02,3.396606445312500000e-02
3.503417968750000000e-02,3.503417968750000000e-02
3.564453125000000000e-02,3.564453125000000000e-02
3.604125976562500000e-02,3.604125976562500000e-02
3.771972656250000000e-02,3.771972656250000000e-02
3.924560546875000000e-02,3.924560546875000000e-02
3.906250000000000000e-02,3.906250000000000000e-02
3.912353515625000000e-02,3.912353515625000000e-02
3.994750976562500000e-02,3.994750976562500000e-02
4.083251953125000000e-02,4.083251953125000000e-02
4.064941406250000000e-02,4.064941406250000000e-02
3.973388671875000000e-02,3.973388671875000000e-02
4.031372070312500000e-02,4.031372070312500000e-02
4.196166992187500000e-02,4.196166992187500000e-02
4.260253906250000000e-02,4.260253906250000000e-02
4.171752929687500000e-02,4.171752929687500000e-02
4.153442382812500000e-02,4.153442382812500000e-02
4.293823242187500000e-02,4.293823242187500000e-02
4.479980468750000000e-02,4.479980468750000000e-02
4.614257812500000000e-02,4.614257812500000000e-02
4.559326171875000000e-02,4.559326171875000000e-02
4.479980468750000000e-02,4.479980468750000000e-02
4.583740234375000000e-02,4.583740234375000000e-02
4.705810546875000000e-02,4.705810546875000000e-02
4.751586914062500000e-02,4.751586914062500000e-02
4.718017578125000000e-02,4.718017578125000000e-02
4.620361328125000000e-02,4.620361328125000000e-02
4.699707031250000000e-02,4.699707031250000000e-02
4.876708984375000000e-02,4.876708984375000000e-02
4.882812500000000000e-02,4.882812500000000000e-02
4.827880859375000000e-02,4.827880859375000000e-02
4.840087890625000000e-02,4.840087890625000000e-02
4.904174804687500000e-02,4.904174804687500000e-02
4.980468750000000000e-02,4.980468750000000000e-02
4.986572265625000000e-02,4.986572265625000000e-02
4.901123046875000000e-02,4.901123046875000000e-02
4.852294921875000000e-02,4.852294921875000000e-02
4.882812500000000000e-02,4.882812500000000000e-02
4.901123046875000000e-02,4.901123046875000000e-02
4.940795898437500000e-02,4.940795898437500000e-02
4.833984375000000000e-02,4.833984375000000000e-02
4.617309570312500000e-02,4.617309570312500000e-02
4.626464843750000000e-02,4.626464843750000000e-02
4.696655273437500000e-02,4.696655273437500000e-02
4.641723632812500000e-02,4.641723632812500000e-02
4.498291015625000000e-02,4.498291015625000000e-02
4.345703125000000000e-02,4.345703125000000000e-02
4.321289062500000000e-02,4.321289062500000000e-02
4.437255859375000000e-02,4.437255859375000000e-02
4.553222656250000000e-02,4.553222656250000000e-02
4.534912109375000000e-02,4.534912109375000000e-02
4.403686523437500000e-02,4.403686523437500000e-02
4.333496093750000000e-02,4.333496093750000000e-02
4.489135742187500000e-02,4.489135742187500000e-02
4.647827148437500000e-02,4.647827148437500000e-02
4.565429687500000000e-02,4.565429687500000000e-02
4.418945312500000000e-02,4.418945312500000000e-02
4.330444335937500000e-02,4.330444335937500000e-02
4.211425781250000000e-02,4.211425781250000000e-02
4.080200195312500000e-02,4.080200195312500000e-02
3.897094726562500000e-02,3.897094726562500000e-02
3.616333007812500000e-02,3.616333007812500000e-02
3.442382812500000000e-02,3.442382812500000000e-02
3.305053710937500000e-02,3.305053710937500000e-02
3.134155273437500000e-02,3.134155273437500000e-02
2.996826171875000000e-02,2.996826171875000000e-02
2.719116210937500000e-02,2.719116210937500000e-02
2.514648437500000000e-02,2.514648437500000000e-02
2.514648437500000000e-02,2.514648437500000000e-02
2.490234375000000000e-02,2.490234375000000000e-02
2.429199218750000000e-02,2.429199218750000000e-02
2.325439453125000000e-02,2.325439453125000000e-02
2.206420898437500000e-02,2.206420898437500000e-02
2.148437500000000000e-02,2.148437500000000000e-02
2.133178710937500000e-02,2.133178710937500000e-02
2.050781250000000000e-02,2.050781250000000000e-02
1.950073242187500000e-02,1.950073242187500000e-02
1.962280273437500000e-02,1.962280273437500000e-02
1.956176757812500000e-02,1.956176757812500000e-02
1.895141601562500000e-02,1.895141601562500000e-02
1.791381835937500000e-02,1.791381835937500000e-02
1.623535156250000000e-02,1.623535156250000000e-02
1.528930664062500000e-02,1.528930664062500000e-02
1.486206054687500000e-02,1.486206054687500000e-02
1.397705078125000000e-02,1.397705078125000000e-02
1.248168945312500000e-02,1.248168945312500000e-02
1.022338867187500000e-02,1.022338867187500000e-02
8.758544921875000000e-03,8.758544921875000000e-03
7.904052734375000000e-03,7.904052734375000000e-03
6.500244140625000000e-03,6.500244140625000000e-03
5.096435546875000000e-03,5.096435546875000000e-03
3.417968750000000000e-03,3.417968750000000000e-03
2.044677734375000000e-03,2.044677734375000000e-03
1.892089843750000000e-03,1.892089843750000000e-03
2.563476562500000000e-03,2.563476562500000000e-03
2.136230468750000000e-03,2.136230468750000000e-03
-4.272460937500000000e-04,-4.272460937500000000e-04
-2.258300781250000000e-03,-2.258300781250000000e-03
-1.617431640625000000e-03,-1.617431640625000000e-03
-8.239746093750000000e-04,-8.239746093750000000e-04
-1.922607421875000000e-03,-1.922607421875000000e-03
-3.723144531250000000e-03,-3.723144531250000000e-03
-4.943847656250000000e-03,-4.943847656250000000e-03
-5.371093750000000000e-03,-5.371093750000000000e-03
-5.249023437500000000e-03,-5.249023437500000000e-03
-5.767822265625000000e-03,-5.767822265625000000e-03
-7.385253906250000000e-03,-7.385253906250000000e-03
-8.422851562500000000e-03,-8.422851562500000000e-03
-7.324218750000000000e-03,-7.324218750000000000e-03
-5.065917968750000000e-03,-5.065917968750000000e-03
-4.394531250000000000e-03,-4.394531250000000000e-03
-6.805419921875000000e-03,-6.805419921875000000e-03
-8.972167968750000000e-03,-8.972167968750000000e-03
-7.598876953125000000e-03,-7.598876953125000000e-03
-6.988525390625000000e-03,-6.988525390625000000e-03
-9.246826171875000000e-03,-9.246826171875000000e-03
-1.101684570312500000e-02,-1.101684570312500000e-02
-1.269531250000000000e-02,-1.269531250000000000e-02
-1.434326171875000000e-02,-1.434326171875000000e-02
-1.373291015625000000e-02,-1.373291015625000000e-02
-1.354980468750000000e-02,-1.354980468750000000e-02
-1.608276367187500000e-02,-1.608276367187500000e-02
-1.782226562500000000e-02,-1.782226562500000000e-02
-1.638793945312500000e-02,-1.638793945312500000e-02
-1.458740234375000000e-02,-1.458740234375000000e-02
-1.403808593750000000e-02,-1.403808593750000000e-02
-1.342773437500000000e-02,-1.342773437500000000e-02
-1.419067382812500000e-02,-1.419067382812500000e-02
-1.538085937500000000e-02,-1.538085937500000000e-02
-1.403808593750000000e-02,-1.403808593750000000e-02
-1.312255859375000000e-02,-1.312255859375000000e-02
-1.498413085937500000e-02,-1.498413085937500000e-02
-1.724243164062500000e-02,-1.724243164062500000e-02
-1.834106445312500000e-02,-1.834106445312500000e-02
-1.959228515625000000e-02,-1.959228515625000000e-02
-2.136230468750000000e-02,-2.136230468750000000e-02
-2.331542968750000000e-02,-2.331542968750000000e-02
-2.603149414062500000e-02,-2.603149414062500000e-02
-2.694702148437500000e-02,-2.694702148437500000e-02
-2.667236328125000000e-02,-2.667236328125000000e-02
-2.792358398437500000e-02,-2.792358398437500000e-02
-2.975463867187500000e-02,-2.975463867187500000e-02
-3.179931640625000000e-02,-3.179931640625000000e-02
-3.378295898437500000e-02,-3.378295898437500000e-02
-3.527832031250000000e-02,-3.527832031250000000e-02
-3.573608398437500000e-02,-3.573608398437500000e-02
-3.546142578125000000e-02,-3.546142578125000000e-02
-3.805541992187500000e-02,-3.805541992187500000e-02
-4.223632812500000000e-02,-4.223632812500000000e-02
-4.318237304687500000e-02,-4.318237304687500000e-02
-4.373168945312500000e-02,-4.373168945312500000e-02
-4.763793945312500000e-02,-4.763793945312500000e-02
-5.056762695312500000e-02,-5.056762695312500000e-02
-5.032348632812500000e-02,-5.032348632812500000e-02
-5.194091796875000000e-02,-5.194091796875000000e-02
-5.554199218750000000e-02,-5.554199218750000000e-02
-5.780029296875000000e-02,-5.780029296875000000e-02
-6.118774414062500000e-02,-6.118774414062500000e-02
-6.469726562500000000e-02,-6.469726562500000000e-02
-6.475830078125000000e-02,-6.475830078125000000e-02
-6.472778320312500000e-02,-6.472778320312500000e-02
-6.741333007812500000e-02,-6.741333007812500000e-02
-6.945800781250000000e-02,-6.945800781250000000e-02
-6.979370117187500000e-02,-6.979370117187500000e-02
-7.138061523437500000e-02,-7.138061523437500000e-02
-7.254028320312500000e-02,-7.254028320312500000e-02
-7.318115234375000000e-02,-7.318115234375000000e-02
-7.565307617187500000e-02,-7.565307617187500000e-02
-7.681274414062500000e-02,-7.681274414062500000e-02
-7.739257812500000000e-02,-7.739257812500000000e-02
-7.971191406250000000e-02,-7.971191406250000000e-02
-8.309936523437500000e-02,-8.309936523437500000e-02
-8.706665039062500000e-02,-8.706665039062500000e-02
-8.886718750000000000e-02,-8.886718750000000000e-02
-8.847045898437500000e-02,-8.847045898437500000e-02
-8.801269531250000000e-02,-8.801269531250000000e-02
-8.767700195312500000e-02,-8.767700195312500000e-02
-8.737182617187500000e-02,-8.737182617187500000e-02
-8.648681640625000000e-02,-8.648681640625000000e-02
-8.499145507812500000e-02,-8.499145507812500000e-02
-8.239746093750000000e-02,-8.239746093750000000e-02
-7.907104492187500000e-02,-7.907104492187500000e-02
-7.760620117187500000e-02,-7.760620117187500000e-02
-7.702636718750000000e-02,-7.702636718750000000e-02
-7.461547851562500000e-02,-7.461547851562500000e-02
-7.244873046875000000e-02,-7.244873046875000000e-02
-7.339477539062500000e-02,-7.339477539062500000e-02
-7.546997070312500000e-02,-7.546997070312500000e-02
-7.543945312500000000e-02,-7.543945312500000000e-02
-7.376098632812500000e-02,-7.376098632812500000e-02
-7.183837890625000000e-02,-7.183837890625000000e-02
-7.061767578125000000e-02,-7.061767578125000000e-02
-7.025146484375000000e-02,-7.025146484375000000e-02
-6.924438476562500000e-02,-6.924438476562500000e-02
-6.594848632812500000e-02,-6.594848632812500000e-02
-5.975341796875000000e-02,-5.975341796875000000e-02
-5.651855468750000000e-02,-5.651855468750000000e-02
-5.685424804687500000e-02,-5.685424804687500000e-02
-5.307006835937500000e-02,-5.307006835937500000e-02
-4.837036132812500000e-02,-4.837036132812500000e-02
-4.635620117187500000e-02,-4.635620117187500000e-02
-4.452514648437500000e-02,-4.452514648437500000e-02
-4.400634765625000000e-02,-4.400634765625000000e-02
-4.394531250000000000e-02,-4.394531250000000000e-02
-4.269409179687500000e-02,-4.269409179687500000e-02
-4.119873046875000000e-02,-4.119873046875000000e-02
-3.955078125000000000e-02,-3.955078125000000000e-02
-3.683471679687500000e-02,-3.683471679687500000e-02
-3.457641601562500000e-02,-3.457641601562500000e-02
-3.408813476562500000e-02,-3.408813476562500000e-02
-3.140258789062500000e-02,-3.140258789062500000e-02
-2.566528320312500000e-02,-2.566528320312500000e-02
-2.273559570312500000e-02,-2.273559570312500000e-02
-2.093505859375000000e-02,-2.093505859375000000e-02
-1.693725585937500000e-02,-1.693725585937500000e-02
-1.348876953125000000e-02,-1.348876953125000000e-02
-1.040649414062500000e-02,-1.040649414062500000e-02
-8.697509765625000000e-03,-8.697509765625000000e-03
-1.080322265625000000e-02,-1.080322265625000000e-02
-1.296997070312500000e-02,-1.296997070312500000e-02
-9.979248046875000000e-03,-9.979248046875000000e-03
-5.493164062500000000e-03,-5.493164062500000000e-03
-6.011962890625000000e-03,-6.011962890625000000e-03
-7.659912109375000000e-03,-7.659912109375000000e-03
-9.887695312500000000e-03,-9.887695312500000000e-03
-1.403808593750000000e-02,-1.403808593750000000e-02
-1.095581054687500000e-02,-1.095581054687500000e-02
-5.126953125000000000e-03,-5.126953125000000000e-03
-9.124755859375000000e-03,-9.124755859375000000e-03
-1.321411132812500000e-02,-1.321411132812500000e-02
-6.744384765625000000e-03,-6.744384765625000000e-03
-4.577636718750000000e-04,-4.577636718750000000e-04
-1.861572265625000000e-03,-1.861572265625000000e-03
-4.669189453125000000e-03,-4.669189453125000000e-03
-4.394531250000000000e-03,-4.394531250000000000e-03
1.831054687500000000e-04,1.831054687500000000e-04
8.178710937500000000e-03,8.178710937500000000e-03
1.092529296875000000e-02,1.092529296875000000e-02
3.662109375000000000e-03,3.662109375000000000e-03
-1.983642578125000000e-03,-1.983642578125000000e-03
2.075195312500000000e-03,2.075195312500000000e-03
7.202148437500000000e-03,7.202148437500000000e-03
5.950927734375000000e-03,5.950927734375000000e-03
6.103515625000000000e-05,6.103515625000000000e-05
-4.394531250000000000e-03,-4.394531250000000000e-03
-1.007080078125000000e-03,-1.007080078125000000e-03
6.896972656250000000e-03,6.896972656250000000e-03
7.202148437500000000e-03,7.202148437500000000e-03
-2.014160156250000000e-03,-2.014160156250000000e-03
-6.866455078125000000e-03,-6.866455078125000000e-03
2.929687500000000000e-03,2.929687500000000000e-03
1.593017578125000000e-02,1.593017578125000000e-02
1.434326171875000000e-02,1.434326171875000000e-02
2.746582031250000000e-03,2.746582031250000000e-03
-2.319335937500000000e-03,-2.319335937500000000e-03
2.807617187500000000e-03,2.807617187500000000e-03
9.368896484375000000e-03,9.368896484375000000e-03
7.537841796875000000e-03,7.537841796875000000e-03
-5.493164062500000000e-04,-5.493164062500000000e-04
-2.593994140625000000e-03,-2.593994140625000000e-03
2.960205078125000000e-03,2.960205078125000000e-03
7.080078125000000000e-03,7.080078125000000000e-03
5.676269531250000000e-03,5.676269531250000000e-03
1.983642578125000000e-03,1.983642578125000000e-03
3.265380859375000000e-03,3.265380859375000000e-03
1.165771484375000000e-02,1.165771484375000000e-02
1.934814453125000000e-02,1.934814453125000000e-02
1.983642578125000000e-02,1.983642578125000000e-02
1.489257812500000000e-02,1.489257812500000000e-02
1.293945312500000000e-02,1.293945312500000000e-02
1.852416992187500000e-02,1.852416992187500000e-02
2.380371093750000000e-02,2.380371093750000000e-02
2.288818359375000000e-02,2.288818359375000000e-02
1.885986328125000000e-02,1.885986328125000000e-02
1.589965820312500000e-02,1.589965820312500000e-02
1.745605468750000000e-02,1.745605468750000000e-02
1.980590820312500000e-02,1.980590820312500000e-02
1.742553710937500000e-02,1.742553710937500000e-02
1.507568359375000000e-02,1.507568359375000000e-02
1.715087890625000000e-02,1.715087890625000000e-02
2.066040039062500000e-02,2.066040039062500000e-02
2.166748046875000000e-02,2.166748046875000000e-02
2.114868164062500000e-02,2.114868164062500000e-02
2.252197265625000000e-02,2.252197265625000000e-02
2.536010742187500000e-02,2.536010742187500000e-02
2.856445312500000000e-02,2.856445312500000000e-02
3.094482421875000000e-02,3.094482421875000000e-02
3.192138671875000000e-02,3.192138671875000000e-02
3.390502929687500000e-02,3.390502929687500000e-02
3.710937500000000000e-02,3.710937500000000000e-02
3.976440429687500000e-02,3.976440429687500000e-02
4.159545898437500000e-02,4.159545898437500000e-02
4.278564453125000000e-02,4.278564453125000000e-02
4.492187500000000000e-02,4.492187500000000000e-02
4.803466796875000000e-02,4.803466796875000000e-02
5.029296875000000000e-02,5.029296875000000000e-02
5.200195312500000000e-02,5.200195312500000000e-02
5.209350585937500000e-02,5.209350585937500000e-02
5.145263671875000000e-02,5.145263671875000000e-02
5.261230468750000000e-02,5.261230468750000000e-02
5.386352539062500000e-02,5.386352539062500000e-02
5.334472656250000000e-02,5.334472656250000000e-02
5.191040039062500000e-02,5.191040039062500000e-02
5.227661132812500000e-02,5.227661132812500000e-02
5.374145507812500000e-02,5.374145507812500000e-02
5.462646484375000000e-02,5.462646484375000000e-02
5.487060546875000000e-02,5.487060546875000000e-02
5.395507812500000000e-02,5.395507812500000000e-02
5.444335937500000000e-02,5.444335937500000000e-02
5.703735351562500000e-02,5.703735351562500000e-02
5.911254882812500000e-02,5.911254882812500000e-02
6.066894531250000000e-02,6.066894531250000000e-02
6.152343750000000000e-02,6.152343750000000000e-02
6.167602539062500000e-02,6.167602539062500000e-02
6.335449218750000000e-02,6.335449218750000000e-02
6.530761718750000000e-02,6.530761718750000000e-02
6.558227539062500000e-02,6.558227539062500000e-02
6.588745117187500000e-02,6.588745117187500000e-02
6.628417968750000000e-02,6.628417968750000000e-02
6.701660156250000000e-02,6.701660156250000000e-02
6.927490234375000000e-02,6.927490234375000000e-02
7.022094726562500000e-02,7.022094726562500000e-02
6.921386718750000000e-02,6.921386718750000000e-02
6.881713867187500000e-02,6.881713867187500000e-02
6.991577148437500000e-02,6.991577148437500000e-02
7.205200195312500000e-02,7.205200195312500000e-02
7.296752929687500000e-02,7.296752929687500000e-02
7.141113281250000000e-02,7.141113281250000000e-02
6.997680664062500000e-02,6.997680664062500000e-02
7.043457031250000000e-02,7.043457031250000000e-02
7.077026367187500000e-02,7.077026367187500000e-02
6.939697265625000000e-02,6.939697265625000000e-02
6.744384765625000000e-02,6.744384765625000000e-02
6.619262695312500000e-02,6.619262695312500000e-02
6.579589843750000000e-02,6.579589843750000000e-02
6.597900390625000000e-02,6.597900390625000000e-02
6.546020507812500000e-02,6.546020507812500000e-02
6.408691406250000000e-02,6.408691406250000000e-02
6.436157226562500000e-02,6.436157226562500000e-02
6.652832031250000000e-02,6.652832031250000000e-02
6.823730468750000000e-02,6.823730468750000000e-02
6.817626953125000000e-02,6.817626953125000000e-02
6.845092773437500000e-02,6.845092773437500000e-02
7.009887695312500000e-02,7.009887695312500000e-02
7.003784179687500000e-02,7.003784179687500000e-02
6.881713867187500000e-02,6.881713867187500000e-02
6.893920898437500000e-02,6.893920898437500000e-02
6.884765625000000000e-02,6.884765625000000000e-02
6.686401367187500000e-02,6.686401367187500000e-02
6.466674804687500000e-02,6.466674804687500000e-02
6.375122070312500000e-02,6.375122070312500000e-02
6.234741210937500000e-02,6.234741210937500000e-02
5.892944335937500000e-02,5.892944335937500000e-02
5.529785156250000000e-02,5.529785156250000000e-02
5.383300781250000000e-02,5.383300781250000000e-02
5.319213867187500000e-02,5.319213867187500000e-02
5.151367187500000000e-02,5.151367187500000000e-02
4.983520507812500000e-02,4.983520507812500000e-02
4.751586914062500000e-02,4.751586914062500000e-02
4.547119140625000000e-02,4.547119140625000000e-02
4.611206054687500000e-02,4.611206054687500000e-02
4.534912109375000000e-02,4.534912109375000000e-02
4.351806640625000000e-02,4.351806640625000000e-02
4.357910156250000000e-02,4.357910156250000000e-02
4.272460937500000000e-02,4.272460937500000000e-02
4.241943359375000000e-02,4.241943359375000000e-02
4.263305664062500000e-02,4.263305664062500000e-02
4.132080078125000000e-02,4.132080078125000000e-02
3.948974609375000000e-02,3.948974609375000000e-02
3.839111328125000000e-02,3.839111328125000000e-02
3.884887695312500000e-02,3.884887695312500000e-02
3.747558593750000000e-02,3.747558593750000000e-02
3.466796875000000000e-02,3.466796875000000000e-02
3.277587890625000000e-02,3.277587890625000000e-02
3.018188476562500000e-02,3.018188476562500000e-02
2.880859375000000000e-02,2.880859375000000000e-02
2.706909179687500000e-02,2.706909179687500000e-02
2.313232421875000000e-02,2.313232421875000000e-02
2.096557617187500000e-02,2.096557617187500000e-02
1.901245117187500000e-02,1.901245117187500000e-02
1.602172851562500000e-02,1.602172851562500000e-02
1.443481445312500000e-02,1.443481445312500000e-02
1.184082031250000000e-02,1.184082031250000000e-02
9.155273437500000000e-03,9.155273437500000000e-03
8.453369140625000000e-03,8.453369140625000000e-03
6.652832031250000000e-03,6.652832031250000000e-03
4.852294921875000000e-03,4.852294921875000000e-03
5.126953125000000000e-03,5.126953125000000000e-03
5.554199218750000000e-03,5.554199218750000000e-03
4.730224609375000000e-03,4.730224609375000000e-03
3.753662109375000000e-03,3.753662109375000000e-03
3.417968750000000000e-03,3.417968750000000000e-03
3.326416015625000000e-03,3.326416015625000000e-03
3.875732421875000000e-03,3.875732421875000000e-03
4.913330078125000000e-03,4.913330078125000000e-03
4.516601562500000000e-03,4.516601562500000000e-03
3.021240234375000000e-03,3.021240234375000000e-03
3.967285156250000000e-03,3.967285156250000000e-03
5.035400390625000000e-03,5.035400390625000000e-03
2.258300781250000000e-03,2.258300781250000000e-03
-8.544921875000000000e-04,-8.544921875000000000e-04
-2.349853515625000000e-03,-2.349853515625000000e-03
-3.051757812500000000e-03,-3.051757812500000000e-03
-3.448486328125000000e-03,-3.448486328125000000e-03
-5.645751953125000000e-03,-5.645751953125000000e-03
-8.544921875000000000e-03,-8.544921875000000000e-03
-1.058959960937500000e-02,-1.058959960937500000e-02
-1.254272460937500000e-02,-1.254272460937500000e-02
-1.336669921875000000e-02,-1.336669921875000000e-02
-1.364135742187500000e-02,-1.364135742187500000e-02
-1.531982421875000000e-02,-1.531982421875000000e-02
-1.696777343750000000e-02,-1.696777343750000000e-02
-1.818847656250000000e-02,-1.818847656250000000e-02
-1.840209960937500000e-02,-1.840209960937500000e-02
-1.803588867187500000e-02,-1.803588867187500000e-02
-1.968383789062500000e-02,-1.968383789062500000e-02
-1.992797851562500000e-02,-1.992797851562500000e-02
-1.855468750000000000e-02,-1.855468750000000000e-02
-1.995849609375000000e-02,-1.995849609375000000e-02
-2.087402343750000000e-02,-2.087402343750000000e-02
-2.130126953125000000e-02,-2.130126953125000000e-02
-2.416992187500000000e-02,-2.416992187500000000e-02
-2.493286132812500000e-02,-2.493286132812500000e-02
-2.462768554687500000e-02,-2.462768554687500000e-02
-2.761840820312500000e-02,-2.761840820312500000e-02
-3.082275390625000000e-02,-3.082275390625000000e-02
-3.231811523437500000e-02,-3.231811523437500000e-02
-3.399658203125000000e-02,-3.399658203125000000e-02
-3.887939453125000000e-02,-3.887939453125000000e-02
-4.464721679687500000e-02,-4.464721679687500000e-02
-4.696655273437500000e-02,-4.696655273437500000e-02
-4.846191406250000000e-02,-4.846191406250000000e-02
-5.072021484375000000e-02,-5.072021484375000000e-02
-5.459594726562500000e-02,-5.459594726562500000e-02
-6.066894531250000000e-02,-6.066894531250000000e-02
-6.408691406250000000e-02,-6.408691406250000000e-02
-6.445312500000000000e-02,-6.445312500000000000e-02
-6.604003906250000000e-02,-6.604003906250000000e-02
-6.979370117187500000e-02,-6.979370117187500000e-02
-7.397460937500000000e-02,-7.397460937500000000e-02
-7.479858398437500000e-02,-7.479858398437500000e-02
-7.223510742187500000e-02,-7.223510742187500000e-02
-7.247924804687500000e-02,-7.247924804687500000e-02
-7.675170898437500000e-02,-7.675170898437500000e-02
-7.943725585937500000e-02,-7.943725585937500000e-02
-7.952880859375000000e-02,-7.952880859375000000e-02
-8.016967773437500000e-02,-8.016967773437500000e-02
-8.078002929687500000e-02,-8.078002929687500000e-02
-8.224487304687500000e-02,-8.224487304687500000e-02
-8.676147460937500000e-02,-8.676147460937500000e-02
-9.005737304687500000e-02,-9.005737304687500000e-02
-9.091186523437500000e-02,-9.091186523437500000e-02
-9.320068359375000000e-02,-9.320068359375000000e-02
-9.698486328125000000e-02,-9.698486328125000000e-02
-9.933471679687500000e-02,-9.933471679687500000e-02
-1.014099121093750000e-01,-1.014099121093750000e-01
-1.054382324218750000e-01,-1.054382324218750000e-01
-1.060791015625000000e-01,-1.060791015625000000e-01
-1.062622070312500000e-01,-1.062622070312500000e-01
-1.121520996093750000e-01,-1.121520996093750000e-01
-1.149291992187500000e-01,-1.149291992187500000e-01
-1.138610839843750000e-01,-1.138610839843750000e-01
-1.161804199218750000e-01,-1.161804199218750000e-01
-1.168212890625000000e-01,-1.168212890625000000e-01
-1.137695312500000000e-01,-1.137695312500000000e-01
-1.141967773437500000e-01,-1.141967773437500000e-01
-1.179809570312500000e-01,-1.179809570312500000e-01
-1.168518066406250000e-01,-1.168518066406250000e-01
-1.113891601562500000e-01,-1.113891601562500000e-01
-1.107482910156250000e-01,-1.107482910156250000e-01
-1.116333007812500000e-01,-1.116333007812500000e-01
-1.076660156250000000e-01,-1.076660156250000000e-01
-1.052856445312500000e-01,-1.052856445312500000e-01
-1.048278808593750000e-01,-1.048278808593750000e-01
-1.008605957031250000e-01,-1.008605957031250000e-01
-9.939575195312500000e-02,-9.939575195312500000e-02
-1.027526855468750000e-01,-1.027526855468750000e-01
-1.006774902343750000e-01,-1.006774902343750000e-01
-9.359741210937500000e-02,-9.359741210937500000e-02
-9.365844726562500000e-02,-9.365844726562500000e-02
-9.796142578125000000e-02,-9.796142578125000000e-02
-9.765625000000000000e-02,-9.765625000000000000e-02
-9.594726562500000000e-02,-9.594726562500000000e-02
-9.463500976562500000e-02,-9.463500976562500000e-02
-9.127807617187500000e-02,-9.127807617187500000e-02
-9.045410156250000000e-02,-9.045410156250000000e-02
-9.265136718750000000e-02,-9.265136718750000000e-02
-8.789062500000000000e-02,-8.789062500000000000e-02
-7.888793945312500000e-02,-7.888793945312500000e-02
-7.727050781250000000e-02,-7.727050781250000000e-02
-7.809448242187500000e-02,-7.809448242187500000e-02
-7.382202148437500000e-02,-7.382202148437500000e-02
-6.753540039062500000e-02,-6.753540039062500000e-02
-6.094360351562500000e-02,-6.094360351562500000e-02
-5.627441406250000000e-02,-5.627441406250000000e-02
-5.569458007812500000e-02,-5.569458007812500000e-02
-5.453491210937500000e-02,-5.453491210937500000e-02
-4.751586914062500000e-02,-4.751586914062500000e-02
-3.829956054687500000e-02,-3.829956054687500000e-02
-3.704833984375000000e-02,-3.704833984375000000e-02
-4.244995117187500000e-02,-4.244995117187500000e-02
-4.122924804687500000e-02,-4.122924804687500000e-02
-3.106689453125000000e-02,-3.106689453125000000e-02
-2.307128906250000000e-02,-2.307128906250000000e-02
-2.432250976562500000e-02,-2.432250976562500000e-02
-2.807617187500000000e-02,-2.807617187500000000e-02
-2.621459960937500000e-02,-2.621459960937500000e-02
-1.913452148437500000e-02,-1.913452148437500000e-02
-1.153564453125000000e-02,-1.153564453125000000e-02
-1.147460937500000000e-02,-1.147460937500000000e-02
-1.837158203125000000e-02,-1.837158203125000000e-02
-1.794433593750000000e-02,-1.794433593750000000e-02
-8.239746093750000000e-03,-8.239746093750000000e-03
-3.906250000000000000e-03,-3.906250000000000000e-03
-9.490966796875000000e-03,-9.490966796875000000e-03
-1.501464843750000000e-02,-1.501464843750000000e-02
-1.174926757812500000e-02,-1.174926757812500000e-02
-3.112792968750000000e-03,-3.112792968750000000e-03
7.629394531250000000e-04,7.629394531250000000e-04
-2.624511718750000000e-03,-2.624511718750000000e-03
-6.866455078125000000e-03,-6.866455078125000000e-03
-5.554199218750000000e-03,-5.554199218750000000e-03
1.037597656250000000e-03,1.037597656250000000e-03
8.178710937500000000e-03,8.178710937500000000e-03
1.062011718750000000e-02,1.062011718750000000e-02
7.659912109375000000e-03,7.659912109375000000e-03
6.103515625000000000e-03,6.103515625000000000e-03
9.307861328125000000e-03,9.307861328125000000e-03
1.464843750000000000e-02,1.464843750000000000e-02
1.766967773437500000e-02,1.766967773437500000e-02
1.547241210937500000e-02,1.547241210937500000e-02
1.132202148437500000e-02,1.132202148437500000e-02
1.086425781250000000e-02,1.086425781250000000e-02
1.501464843750000000e-02,1.501464843750000000e-02
1.684570312500000000e-02,1.684570312500000000e-02
1.345825195312500000e-02,1.345825195312500000e-02
1.016235351562500000e-02,1.016235351562500000e-02
8.972167968750000000e-03,8.972167968750000000e-03
1.168823242187500000e-02,1.168823242187500000e-02
1.657104492187500000e-02,1.657104492187500000e-02
1.391601562500000000e-02,1.391601562500000000e-02
6.683349609375000000e-03,6.683349609375000000e-03
8.056640625000000000e-03,8.056640625000000000e-03
1.828002929687500000e-02,1.828002929687500000e-02
2.719116210937500000e-02,2.719116210937500000e-02
2.786254882812500000e-02,2.786254882812500000e-02
2.328491210937500000e-02,2.328491210937500000e-02
2.215576171875000000e-02,2.215576171875000000e-02
2.978515625000000000e-02,2.978515625000000000e-02
4.159545898437500000e-02,4.159545898437500000e-02
4.470825195312500000e-02,4.470825195312500000e-02
3.771972656250000000e-02,3.771972656250000000e-02
3.457641601562500000e-02,3.457641601562500000e-02
4.031372070312500000e-02,4.031372070312500000e-02
4.489135742187500000e-02,4.489135742187500000e-02
4.156494140625000000e-02,4.156494140625000000e-02
3.546142578125000000e-02,3.546142578125000000e-02
3.466796875000000000e-02,3.466796875000000000e-02
3.973388671875000000e-02,3.973388671875000000e-02
4.333496093750000000e-02,4.333496093750000000e-02
4.101562500000000000e-02,4.101562500000000000e-02
3.720092773437500000e-02,3.720092773437500000e-02
3.808593750000000000e-02,3.808593750000000000e-02
4.406738281250000000e-02,4.406738281250000000e-02
5.117797851562500000e-02,5.117797851562500000e-02
5.450439453125000000e-02,5.450439453125000000e-02
5.337524414062500000e-02,5.337524414062500000e-02
5.264282226562500000e-02,5.264282226562500000e-02
5.487060546875000000e-02,5.487060546875000000e-02
5.865478515625000000e-02,5.865478515625000000e-02
6.170654296875000000e-02,6.170654296875000000e-02
6.219482421875000000e-02,6.219482421875000000e-02
6.207275390625000000e-02,6.207275390625000000e-02
6.341552734375000000e-02,6.341552734375000000e-02
6.579589843750000000e-02,6.579589843750000000e-02
6.732177734375000000e-02,6.732177734375000000e-02
6.704711914062500000e-02,6.704711914062500000e-02
6.729125976562500000e-02,6.729125976562500000e-02
6.924438476562500000e-02,6.924438476562500000e-02
7.238769531250000000e-02,7.238769531250000000e-02
7.363891601562500000e-02,7.363891601562500000e-02
7.287597656250000000e-02,7.287597656250000000e-02
7.418823242187500000e-02,7.418823242187500000e-02
7.559204101562500000e-02,7.559204101562500000e-02
7.473754882812500000e-02,7.473754882812500000e-02
7.458496093750000000e-02,7.458496093750000000e-02
7.623291015625000000e-02,7.623291015625000000e-02
7.778930664062500000e-02,7.778930664062500000e-02
7.772827148437500000e-02,7.772827148437500000e-02
7.791137695312500000e-02,7.791137695312500000e-02
7.910156250000000000e-02,7.910156250000000000e-02
7.974243164062500000e-02,7.974243164062500000e-02
8.160400390625000000e-02,8.160400390625000000e-02
8.386230468750000000e-02,8.386230468750000000e-02
8.383178710937500000e-02,8.383178710937500000e-02
8.355712890625000000e-02,8.355712890625000000e-02
8.447265625000000000e-02,8.447265625000000000e-02
8.541870117187500000e-02,8.541870117187500000e-02
8.514404296875000000e-02,8.514404296875000000e-02
8.499145507812500000e-02,8.499145507812500000e-02
8.508300781250000000e-02,8.508300781250000000e-02
8.486938476562500000e-02,8.486938476562500000e-02
8.621215820312500000e-02,8.621215820312500000e-02
8.819580078125000000e-02,8.819580078125000000e-02
8.929443359375000000e-02,8.929443359375000000e-02
8.926391601562500000e-02,8.926391601562500000e-02
8.947753906250000000e-02,8.947753906250000000e-02
9.036254882812500000e-02,9.036254882812500000e-02
8.871459960937500000e-02,8.871459960937500000e-02
8.743286132812500000e-02,8.743286132812500000e-02
8.856201171875000000e-02,8.856201171875000000e-02
8.828735351562500000e-02,8.828735351562500000e-02
8.700561523437500000e-02,8.700561523437500000e-02
8.520507812500000000e-02,8.520507812500000000e-02
8.309936523437500000e-02,8.309936523437500000e-02
8.319091796875000000e-02,8.319091796875000000e-02
8.428955078125000000e-02,8.428955078125000000e-02
8.407592773437500000e-02,8.407592773437500000e-02
8.374023437500000000e-02,8.374023437500000000e-02
8.459472656250000000e-02,8.459472656250000000e-02
8.609008789062500000e-02,8.609008789062500000e-02
8.709716796875000000e-02,8.709716796875000000e-02
8.749389648437500000e-02,8.749389648437500000e-02
8.728027343750000000e-02,8.728027343750000000e-02
8.737182617187500000e-02,8.737182617187500000e-02
8.676147460937500000e-02,8.676147460937500000e-02
8.438110351562500000e-02,8.438110351562500000e-02
8.340454101562500000e-02,8.340454101562500000e-02
8.197021484375000000e-02,8.197021484375000000e-02
7.876586914062500000e-02,7.876586914062500000e-02
7.730102539062500000e-02,7.730102539062500000e-02
7.614135742187500000e-02,7.614135742187500000e-02
7.446289062500000000e-02,7.446289062500000000e-02
7.296752929687500000e-02,7.296752929687500000e-02
7.153320312500000000e-02,7.153320312500000000e-02
7.092285156250000000e-02,7.092285156250000000e-02
6.997680664062500000e-02,6.997680664062500000e-02
6.814575195312500000e-02,6.814575195312500000e-02
6.658935546875000000e-02,6.658935546875000000e-02
6.546020507812500000e-02,6.546020507812500000e-02
6.381225585937500000e-02,6.381225585937500000e-02
6.192016601562500000e-02,6.192016601562500000e-02
6.149291992187500000e-02,6.149291992187500000e-02
6.097412109375000000e-02,6.097412109375000000e-02
5.825805664062500000e-02,5.825805664062500000e-02
5.560302734375000000e-02,5.560302734375000000e-02
5.392456054687500000e-02,5.392456054687500000e-02
5.255126953125000000e-02,5.255126953125000000e-02
5.111694335937500000e-02,5.111694335937500000e-02
4.852294921875000000e-02,4.852294921875000000e-02
4.598999023437500000e-02,4.598999023437500000e-02
4.318237304687500000e-02,4.318237304687500000e-02
3.988647460937500000e-02,3.988647460937500000e-02
3.811645507812500000e-02,3.811645507812500000e-02
3.594970703125000000e-02,3.594970703125000000e-02
3.189086914062500000e-02,3.189086914062500000e-02
2.841186523437500000e-02,2.841186523437500000e-02
2.548217773437500000e-02,2.548217773437500000e-02
2.239990234375000000e-02,2.239990234375000000e-02
2.062988281250000000e-02,2.062988281250000000e-02
1.907348632812500000e-02,1.907348632812500000e-02
1.510620117187500000e-02,1.510620117187500000e-02
1.019287109375000000e-02,1.019287109375000000e-02
7.568359375000000000e-03,7.568359375000000000e-03
5.828857421875000000e-03,5.828857421875000000e-03
3.021240234375000000e-03,3.021240234375000000e-03
5.187988281250000000e-04,5.187988281250000000e-04
-2.655029296875000000e-03,-2.655029296875000000e-03
-5.889892578125000000e-03,-5.889892578125000000e-03
-6.561279296875000000e-03,-6.561279296875000000e-03
-7.537841796875000000e-03,-7.537841796875000000e-03
-1.013183593750000000e-02,-1.013183593750000000e-02
-1.211547851562500000e-02,-1.211547851562500000e-02
-1.397705078125000000e-02,-1.397705078125000000e-02
-1.541137695312500000e-02,-1.541137695312500000e-02
-1.510620117187500000e-02,-1.510620117187500000e-02
-1.660156250000000000e-02,-1.660156250000000000e-02
-2.117919921875000000e-02,-2.117919921875000000e-02
-2.447509765625000000e-02,-2.447509765625000000e-02
-2.627563476562500000e-02,-2.627563476562500000e-02
-2.777099609375000000e-02,-2.777099609375000000e-02
-2.807617187500000000e-02,-2.807617187500000000e-02
-2.993774414062500000e-02,-2.993774414062500000e-02
-3.317260742187500000e-02,-3.317260742187500000e-02
-3.363037109375000000e-02,-3.363037109375000000e-02
-3.323364257812500000e-02,-3.323364257812500000e-02
-3.302001953125000000e-02,-3.302001953125000000e-02
-3.204345703125000000e-02,-3.204345703125000000e-02
-3.326416015625000000e-02,-3.326416015625000000e-02
-3.497314453125000000e-02,-3.497314453125000000e-02
-3.298950195312500000e-02,-3.298950195312500000e-02
-3.121948242187500000e-02,-3.121948242187500000e-02
-3.399658203125000000e-02,-3.399658203125000000e-02
-3.732299804687500000e-02,-3.732299804687500000e-02
-3.955078125000000000e-02,-3.955078125000000000e-02
-4.229736328125000000e-02,-4.229736328125000000e-02
-4.235839843750000000e-02,-4.235839843750000000e-02
-4.122924804687500000e-02,-4.122924804687500000e-02
-4.400634765625000000e-02,-4.400634765625000000e-02
-4.821777343750000000e-02,-4.821777343750000000e-02
-5.038452148437500000e-02,-5.038452148437500000e-02
-5.038452148437500000e-02,-5.038452148437500000e-02
-4.907226562500000000e-02,-4.907226562500000000e-02
-4.898071289062500000e-02,-4.898071289062500000e-02
-5.093383789062500000e-02,-5.093383789062500000e-02
-5.358886718750000000e-02,-5.358886718750000000e-02
-5.532836914062500000e-02,-5.532836914062500000e-02
-5.404663085937500000e-02,-5.404663085937500000e-02
-5.505371093750000000e-02,-5.505371093750000000e-02
-6.195068359375000000e-02,-6.195068359375000000e-02
-6.573486328125000000e-02,-6.573486328125000000e-02
-6.472778320312500000e-02,-6.472778320312500000e-02
-6.652832031250000000e-02,-6.652832031250000000e-02
-7.012939453125000000e-02,-7.012939453125000000e-02
-7.171630859375000000e-02,-7.171630859375000000e-02
-7.556152343750000000e-02,-7.556152343750000000e-02
-8.004760742187500000e-02,-8.004760742187500000e-02
-7.861328125000000000e-02,-7.861328125000000000e-02
-7.733154296875000000e-02,-7.733154296875000000e-02
-8.062744140625000000e-02,-8.062744140625000000e-02
-8.334350585937500000e-02,-8.334350585937500000e-02
-8.407592773437500000e-02,-8.407592773437500000e-02
-8.630371093750000000e-02,-8.630371093750000000e-02
-9.091186523437500000e-02,-9.091186523437500000e-02
-9.338378906250000000e-02,-9.338378906250000000e-02
-9.429931640625000000e-02,-9.429931640625000000e-02
-9.799194335937500000e-02,-9.799194335937500000e-02
-1.004028320312500000e-01,-1.004028320312500000e-01
-1.010742187500000000e-01,-1.010742187500000000e-01
-1.061096191406250000e-01,-1.061096191406250000e-01
-1.126708984375000000e-01,-1.126708984375000000e-01
-1.141052246093750000e-01,-1.141052246093750000e-01
-1.134338378906250000e-01,-1.134338378906250000e-01
-1.173706054687500000e-01,-1.173706054687500000e-01
-1.196899414062500000e-01,-1.196899414062500000e-01
-1.159362792968750000e-01,-1.159362792968750000e-01
-1.195068359375000000e-01,-1.195068359375000000e-01
-1.264953613281250000e-01,-1.264953613281250000e-01
-1.219482421875000000e-01,-1.219482421875000000e-01
-1.186218261718750000e-01,-1.186218261718750000e-01
-1.228637695312500000e-01,-1.228637695312500000e-01
-1.190795898437500000e-01,-1.190795898437500000e-01
-1.145935058593750000e-01,-1.145935058593750000e-01
-1.222229003906250000e-01,-1.222229003906250000e-01
-1.249084472656250000e-01,-1.249084472656250000e-01
-1.177978515625000000e-01,-1.177978515625000000e-01
-1.207580566406250000e-01,-1.207580566406250000e-01
-1.285705566406250000e-01,-1.285705566406250000e-01
-1.259155273437500000e-01,-1.259155273437500000e-01
-1.270141601562500000e-01,-1.270141601562500000e-01
-1.352233886718750000e-01,-1.352233886718750000e-01
-1.317749023437500000e-01,-1.317749023437500000e-01
-1.271057128906250000e-01,-1.271057128906250000e-01
-1.332397460937500000e-01,-1.332397460937500000e-01
-1.321105957031250000e-01,-1.321105957031250000e-01
-1.235656738281250000e-01,-1.235656738281250000e-01
-1.241455078125000000e-01,-1.241455078125000000e-01
-1.249694824218750000e-01,-1.249694824218750000e-01
-1.156005859375000000e-01,-1.156005859375000000e-01
-1.123962402343750000e-01,-1.123962402343750000e-01
-1.202392578125000000e-01,-1.202392578125000000e-01
-1.193542480468750000e-01,-1.193542480468750000e-01
-1.117858886718750000e-01,-1.117858886718750000e-01
-1.136169433593750000e-01,-1.136169433593750000e-01
-1.150207519531250000e-01,-1.150207519531250000e-01
-1.105041503906250000e-01,-1.105041503906250000e-01
-1.127014160156250000e-01,-1.127014160156250000e-01
-1.135253906250000000e-01,-1.135253906250000000e-01
-1.016540527343750000e-01,-1.016540527343750000e-01
-9.573364257812500000e-02,-9.573364257812500000e-02
-1.024169921875000000e-01,-1.024169921875000000e-01
-9.658813476562500000e-02,-9.658813476562500000e-02
-8.062744140625000000e-02,-8.062744140625000000e-02
-7.760620117187500000e-02,-7.760620117187500000e-02
-7.562255859375000000e-02,-7.562255859375000000e-02
-6.597900390625000000e-02,-6.597900390625000000e-02
-6.469726562500000000e-02,-6.469726562500000000e-02
-6.512451171875000000e-02,-6.512451171875000000e-02
-5.645751953125000000e-02,-5.645751953125000000e-02
-5.474853515625000000e-02,-5.474853515625000000e-02
-6.036376953125000000e-02,-6.036376953125000000e-02
-5.392456054687500000e-02,-5.392456054687500000e-02
-4.544067382812500000e-02,-4.544067382812500000e-02
-4.980468750000000000e-02,-4.980468750000000000e-02
-5.053710937500000000e-02,-5.053710937500000000e-02
-3.955078125000000000e-02,-3.955078125000000000e-02
-3.048706054687500000e-02,-3.048706054687500000e-02
-2.471923828125000000e-02,-2.471923828125000000e-02
-1.901245117187500000e-02,-1.901245117187500000e-02
-1.730346679687500000e-02,-1.730346679687500000e-02
-1.174926757812500000e-02,-1.174926757812500000e-02
3.295898437500000000e-03,3.295898437500000000e-03
1.223754882812500000e-02,1.223754882812500000e-02
8.544921875000000000e-03,8.544921875000000000e-03
7.415771484375000000e-03,7.415771484375000000e-03
1.647949218750000000e-02,1.647949218750000000e-02
2.584838867187500000e-02,2.584838867187500000e-02
2.542114257812500000e-02,2.542114257812500000e-02
2.017211914062500000e-02,2.017211914062500000e-02
2.096557617187500000e-02,2.096557617187500000e-02
2.523803710937500000e-02,2.523803710937500000e-02
2.932739257812500000e-02,2.932739257812500000e-02
3.311157226562500000e-02,3.311157226562500000e-02
3.033447265625000000e-02,3.033447265625000000e-02
2.505493164062500000e-02,2.505493164062500000e-02
2.935791015625000000e-02,2.935791015625000000e-02
3.860473632812500000e-02,3.860473632812500000e-02
4.025268554687500000e-02,4.025268554687500000e-02
3.662109375000000000e-02,3.662109375000000000e-02
3.445434570312500000e-02,3.445434570312500000e-02
3.393554687500000000e-02,3.393554687500000000e-02
3.854370117187500000e-02,3.854370117187500000e-02
4.763793945312500000e-02,4.763793945312500000e-02
4.986572265625000000e-02,4.986572265625000000e-02
4.360961914062500000e-02,4.360961914062500000e-02
4.095458984375000000e-02,4.095458984375000000e-02
4.702758789062500000e-02,4.702758789062500000e-02
5.810546875000000000e-02,5.810546875000000000e-02
6.512451171875000000e-02,6.512451171875000000e-02
5.957031250000000000e-02,5.957031250000000000e-02
5.078125000000000000e-02,5.078125000000000000e-02
5.361938476562500000e-02,5.361938476562500000e-02
6.716918945312500000e-02,6.716918945312500000e-02
7.745361328125000000e-02,7.745361328125000000e-02
7.324218750000000000e-02,7.324218750000000000e-02
6.130981445312500000e-02,6.130981445312500000e-02
5.902099609375000000e-02,5.902099609375000000e-02
7.052612304687500000e-02,7.052612304687500000e-02
8.041381835937500000e-02,8.041381835937500000e-02
7.650756835937500000e-02,7.650756835937500000e-02
6.600952148437500000e-02,6.600952148437500000e-02
6.271362304687500000e-02,6.271362304687500000e-02
7.006835937500000000e-02,7.006835937500000000e-02
7.589721679687500000e-02,7.589721679687500000e-02
6.976318359375000000e-02,6.976318359375000000e-02
6.082153320312500000e-02,6.082153320312500000e-02
6.155395507812500000e-02,6.155395507812500000e-02
6.863403320312500000e-02,6.863403320312500000e-02
7.141113281250000000e-02,7.141113281250000000e-02
6.665039062500000000e-02,6.665039062500000000e-02
6.265258789062500000e-02,6.265258789062500000e-02
6.515502929687500000e-02,6.515502929687500000e-02
7.263183593750000000e-02,7.263183593750000000e-02
8.016967773437500000e-02,8.016967773437500000e-02
7.940673828125000000e-02,7.940673828125000000e-02
7.452392578125000000e-02,7.452392578125000000e-02
7.678222656250000000e-02,7.678222656250000000e-02
8.407592773437500000e-02,8.407592773437500000e-02
8.917236328125000000e-02,8.917236328125000000e-02
8.911132812500000000e-02,8.911132812500000000e-02
8.660888671875000000e-02,8.660888671875000000e-02
8.666992187500000000e-02,8.666992187500000000e-02
8.840942382812500000e-02,8.840942382812500000e-02
8.874511718750000000e-02,8.874511718750000000e-02
8.804321289062500000e-02,8.804321289062500000e-02
8.746337890625000000e-02,8.746337890625000000e-02
8.914184570312500000e-02,8.914184570312500000e-02
9.176635742187500000e-02,9.176635742187500000e-02
9.075927734375000000e-02,9.075927734375000000e-02
8.932495117187500000e-02,8.932495117187500000e-02
9.170532226562500000e-02,9.170532226562500000e-02
9.558105468750000000e-02,9.558105468750000000e-02
9.805297851562500000e-02,9.805297851562500000e-02
9.786987304687500000e-02,9.786987304687500000e-02
9.655761718750000000e-02,9.655761718750000000e-02
9.713745117187500000e-02,9.713745117187500000e-02
9.979248046875000000e-02,9.979248046875000000e-02
1.014404296875000000e-01,1.014404296875000000e-01
1.000671386718750000e-01,1.000671386718750000e-01
9.738159179687500000e-02,9.738159179687500000e-02
9.725952148437500000e-02,9.725952148437500000e-02
1.003112792968750000e-01,1.003112792968750000e-01
1.020202636718750000e-01,1.020202636718750000e-01
1.011352539062500000e-01,1.011352539062500000e-01
1.010742187500000000e-01,1.010742187500000000e-01
1.029663085937500000e-01,1.029663085937500000e-01
1.059570312500000000e-01,1.059570312500000000e-01
1.089782714843750000e-01,1.089782714843750000e-01
1.101989746093750000e-01,1.101989746093750000e-01
1.092834472656250000e-01,1.092834472656250000e-01
1.090087890625000000e-01,1.090087890625000000e-01
1.105651855468750000e-01,1.105651855468750000e-01
1.103820800781250000e-01,1.103820800781250000e-01
1.076965332031250000e-01,1.076965332031250000e-01
1.051025390625000000e-01,1.051025390625000000e-01
1.018676757812500000e-01,1.018676757812500000e-01
9.875488281250000000e-02,9.875488281250000000e-02
9.603881835937500000e-02,9.603881835937500000e-02
9.237670898437500000e-02,9.237670898437500000e-02
8.944702148437500000e-02,8.944702148437500000e-02
8.728027343750000000e-02,8.728027343750000000e-02
8.551025390625000000e-02,8.551025390625000000e-02
8.526611328125000000e-02,8.526611328125000000e-02
8.554077148437500000e-02,8.554077148437500000e-02
8.560180664062500000e-02,8.560180664062500000e-02
8.514404296875000000e-02,8.514404296875000000e-02
8.489990234375000000e-02,8.489990234375000000e-02
8.651733398437500000e-02,8.651733398437500000e-02
8.795166015625000000e-02,8.795166015625000000e-02
8.752441406250000000e-02,8.752441406250000000e-02
8.679199218750000000e-02,8.679199218750000000e-02
8.428955078125000000e-02,8.428955078125000000e-02
8.053588867187500000e-02,8.053588867187500000e-02
7.855224609375000000e-02,7.855224609375000000e-02
7.546997070312500000e-02,7.546997070312500000e-02
7.131958007812500000e-02,7.131958007812500000e-02
6.878662109375000000e-02,6.878662109375000000e-02
6.597900390625000000e-02,6.597900390625000000e-02
6.271362304687500000e-02,6.271362304687500000e-02
6.127929687500000000e-02,6.127929687500000000e-02
6.069946289062500000e-02,6.069946289062500000e-02
5.990600585937500000e-02,5.990600585937500000e-02
6.072998046875000000e-02,6.072998046875000000e-02
6.277465820312500000e-02,6.277465820312500000e-02
6.292724609375000000e-02,6.292724609375000000e-02
6.207275390625000000e-02,6.207275390625000000e-02
6.234741210937500000e-02,6.234741210937500000e-02
6.082153320312500000e-02,6.082153320312500000e-02
5.728149414062500000e-02,5.728149414062500000e-02
5.636596679687500000e-02,5.636596679687500000e-02
5.545043945312500000e-02,5.545043945312500000e-02
5.184936523437500000e-02,5.184936523437500000e-02
4.827880859375000000e-02,4.827880859375000000e-02
4.385375976562500000e-02,4.385375976562500000e-02
3.823852539062500000e-02,3.823852539062500000e-02
3.414916992187500000e-02,3.414916992187500000e-02
3.201293945312500000e-02,3.201293945312500000e-02
2.963256835937500000e-02,2.963256835937500000e-02
2.593994140625000000e-02,2.593994140625000000e-02
2.331542968750000000e-02,2.331542968750000000e-02
2.148437500000000000e-02,2.148437500000000000e-02
1.849365234375000000e-02,1.849365234375000000e-02
1.544189453125000000e-02,1.544189453125000000e-02
1.287841796875000000e-02,1.287841796875000000e-02
1.019287109375000000e-02,1.019287109375000000e-02
6.378173828125000000e-03,6.378173828125000000e-03
1.678466796875000000e-03,1.678466796875000000e-03
-2.624511718750000000e-03,-2.624511718750000000e-03
-7.141113281250000000e-03,-7.141113281250000000e-03
-1.138305664062500000e-02,-1.138305664062500000e-02
-1.583862304687500000e-02,-1.583862304687500000e-02
-2.154541015625000000e-02,-2.154541015625000000e-02
-2.505493164062500000e-02,-2.505493164062500000e-02
-2.590942382812500000e-02,-2.590942382812500000e-02
-2.886962890625000000e-02,-2.886962890625000000e-02
-3.295898437500000000e-02,-3.295898437500000000e-02
