4.607341166912921199e-02,4.607341166912921199e-02
5.327275136708158748e-02,5.327275136708158748e-02
2.729780103688497772e-02,2.729780103688497772e-02
5.406737831277827477e-02,5.406737831277827477e-02
2.557587526610755752e-02,2.557587526610755752e-02
4.249856546521024736e-02,4.249856546521024736e-02
4.604704348921086210e-02,4.604704348921086210e-02
4.842762715775465049e-02,4.842762715775465049e-02
5.457994995331491572e-02,5.457994995331491572e-02
4.188845754094398105e-02,4.188845754094398105e-02
3.589206983969567277e-02,3.589206983969567277e-02
3.805548747232957718e-02,3.805548747232957718e-02
4.371146465430062605e-02,4.371146465430062605e-02
3.043413843798822502e-02,3.043413843798822502e-02
4.478774584719392993e-02,4.478774584719392993e-02
4.079986238117325192e-02,4.079986238117325192e-02
5.255546673260309831e-02,5.255546673260309831e-02
3.673050597091508107e-02,3.673050597091508107e-02
3.253763796289401572e-02,3.253763796289401572e-02
3.205041845621224572e-02,3.205041845621224572e-02
5.075327884294855707e-02,5.075327884294855707e-02
3.906021634501367218e-02,3.906021634501367218e-02
3.922206865102621787e-02,3.922206865102621787e-02
4.659663413242619290e-02,4.659663413242619290e-02
6.303447740455085657e-02,6.303447740455085657e-02
4.471218367942789151e-02,4.471218367942789151e-02
4.802825114338715728e-02,4.802825114338715728e-02
4.268928939419209395e-02,4.268928939419209395e-02
4.971037295560103153e-02,4.971037295560103153e-02
5.473066579855846714e-02,5.473066579855846714e-02
4.988211753043414465e-02,4.988211753043414465e-02
4.341141589730514172e-02,4.341141589730514172e-02
4.262522339879576405e-02,4.262522339879576405e-02
5.339764829851329636e-02,5.339764829851329636e-02
4.210018761561583334e-02,4.210018761561583334e-02
4.000279267905407221e-02,4.000279267905407221e-02
3.918773532443796392e-02,3.918773532443796392e-02
4.518262794423359013e-02,4.518262794423359013e-02
3.745977593858294125e-02,3.745977593858294125e-02
2.208245274512970341e-02,2.208245274512970341e-02
4.515406414053363404e-02,4.515406414053363404e-02
4.095347202059213682e-02,4.095347202059213682e-02
4.308891395665694068e-02,4.308891395665694068e-02
4.439122033523774241e-02,4.439122033523774241e-02
3.465020242104022152e-02,3.465020242104022152e-02
4.609188998802757342e-02,4.609188998802757342e-02
5.170096379847678725e-02,5.170096379847678725e-02
3.899756352553818139e-02,3.899756352553818139e-02
2.729959157075688772e-02,2.729959157075688772e-02
1.648348860347691874e-02,1.648348860347691874e-02
4.079681121596817617e-02,4.079681121596817617e-02
3.518167325004968593e-02,3.518167325004968593e-02
5.072169811323457012e-02,5.072169811323457012e-02
4.101320183450360424e-02,4.101320183450360424e-02
4.717828959110018788e-02,4.717828959110018788e-02
5.611633730711865914e-02,5.611633730711865914e-02
5.068323510510178848e-02,5.068323510510178848e-02
5.384689872943577982e-02,5.384689872943577982e-02
3.511329198256015610e-02,3.511329198256015610e-02
4.565773833984886065e-02,4.565773833984886065e-02
3.681340329763106711e-02,3.681340329763106711e-02
2.405840412418284308e-02,2.405840412418284308e-02
3.372209555881433563e-02,3.372209555881433563e-02
6.423518520174860413e-02,6.423518520174860413e-02
4.112983646070910576e-02,4.112983646070910576e-02
4.537798728012251703e-02,4.537798728012251703e-02
5.852015410903299575e-02,5.852015410903299575e-02
4.575233125061617390e-02,4.575233125061617390e-02
3.881145800324191375e-02,3.881145800324191375e-02
2.760515597265303725e-02,2.760515597265303725e-02
3.866427090977272996e-02,3.866427090977272996e-02
4.446998400604178919e-02,4.446998400604178919e-02
3.977538284976910032e-02,3.977538284976910032e-02
2.466530709231365415e-02,2.466530709231365415e-02
5.273855052217592265e-02,5.273855052217592265e-02
3.649844539328873927e-02,3.649844539328873927e-02
4.394650417603247761e-02,4.394650417603247761e-02
4.024187987431561420e-02,4.024187987431561420e-02
3.844545495496826115e-02,3.844545495496826115e-02
4.600580625062906936e-02,4.600580625062906936e-02
3.755756729882809425e-02,3.755756729882809425e-02
4.448887054071377911e-02,4.448887054071377911e-02
5.787649203026581923e-02,5.787649203026581923e-02
4.830729454783803944e-02,4.830729454783803944e-02
3.765833439049866282e-02,3.765833439049866282e-02
4.884720275018637758e-02,4.884720275018637758e-02
2.675298115678034078e-02,2.675298115678034078e-02
5.838832360893735085e-02,5.838832360893735085e-02
3.224033023794141417e-02,3.224033023794141417e-02
3.979702171525947851e-02,3.979702171525947851e-02
5.170992584765027322e-02,5.170992584765027322e-02
4.676493104279355606e-02,4.676493104279355606e-02
5.153096430929039046e-02,5.153096430929039046e-02
3.548329774281215598e-02,3.548329774281215598e-02
3.094807731937403508e-02,3.094807731937403508e-02
4.567985622376059818e-02,4.567985622376059818e-02
4.579389420685139878e-02,4.579389420685139878e-02
4.578159655004566952e-02,4.578159655004566952e-02
4.589369799771916836e-02,4.589369799771916836e-02
5.813983815501445190e-02,5.813983815501445190e-02
2.842944891607341457e-02,2.842944891607341457e-02
5.031971356078667607e-02,5.031971356078667607e-02
5.108729993568809913e-02,5.108729993568809913e-02
3.550077553616096809e-02,3.550077553616096809e-02
2.912049815637072006e-02,2.912049815637072006e-02
4.630167213217223354e-02,4.630167213217223354e-02
4.021891801034255254e-02,4.021891801034255254e-02
3.669631968355135943e-02,3.669631968355135943e-02
4.670947549539594679e-02,4.670947549539594679e-02
2.988890337895897323e-02,2.988890337895897323e-02
3.855589881406931707e-02,3.855589881406931707e-02
4.692481950735662849e-02,4.692481950735662849e-02
3.965654459101153329e-02,3.965654459101153329e-02
3.615717531164629878e-02,3.615717531164629878e-02
5.045388326051082617e-02,5.045388326051082617e-02
2.639147386138260276e-02,2.639147386138260276e-02
4.315238393068033390e-02,4.315238393068033390e-02
8.307274769063573150e-03,8.307274769063573150e-03
4.366785248535560993e-02,4.366785248535560993e-02
5.183694487649293664e-02,5.183694487649293664e-02
5.249165356345266570e-02,5.249165356345266570e-02
4.366000820481805156e-02,4.366000820481805156e-02
3.290273365766756969e-02,3.290273365766756969e-02
2.613257131024709218e-02,2.613257131024709218e-02
5.139180097209645331e-02,5.139180097209645331e-02
4.805989485615508316e-02,4.805989485615508316e-02
5.140723200842266249e-02,5.140723200842266249e-02
4.075538738753097662e-02,4.075538738753097662e-02
3.363756852666020120e-02,3.363756852666020120e-02
3.635691215162966533e-02,3.635691215162966533e-02
3.467236658361705359e-02,3.467236658361705359e-02
3.994540638483357053e-02,3.994540638483357053e-02
5.947081958265060253e-02,5.947081958265060253e-02
4.030298620038200164e-02,4.030298620038200164e-02
3.880712973187401549e-02,3.880712973187401549e-02
2.745738777808332670e-02,2.745738777808332670e-02
4.777012901844084058e-02,4.777012901844084058e-02
4.650472367083911124e-02,4.650472367083911124e-02
5.043625855604896152e-02,5.043625855604896152e-02
3.109228080163879693e-02,3.109228080163879693e-02
3.973800595150230736e-02,3.973800595150230736e-02
4.005780458661604981e-02,4.005780458661604981e-02
5.619335820485017036e-02,5.619335820485017036e-02
5.525552018979049129e-02,5.525552018979049129e-02
3.931460952001016029e-02,3.931460952001016029e-02
5.297632220560073019e-02,5.297632220560073019e-02
2.407690911323739219e-02,2.407690911323739219e-02
4.798329488024427603e-02,4.798329488024427603e-02
2.929028663791870962e-02,2.929028663791870962e-02
4.831373373323080006e-02,4.831373373323080006e-02
2.026094427067471476e-02,2.026094427067471476e-02
5.631533600842975745e-02,5.631533600842975745e-02
5.068037355530232574e-02,5.068037355530232574e-02
4.505937925692819757e-02,4.505937925692819757e-02
4.393035101793341113e-02,4.393035101793341113e-02
2.877581086299926816e-02,2.877581086299926816e-02
4.944787759908460256e-02,4.944787759908460256e-02
3.533784840909420799e-02,3.533784840909420799e-02
2.903644347633464046e-02,2.903644347633464046e-02
2.176871153673345938e-02,2.176871153673345938e-02
7.236392231432474398e-02,7.236392231432474398e-02
2.919995223489282865e-02,2.919995223489282865e-02
5.491191451542238450e-02,5.491191451542238450e-02
4.326589327775832994e-02,4.326589327775832994e-02
3.784688776502240226e-02,3.784688776502240226e-02
5.657325799340949535e-02,5.657325799340949535e-02
2.754107029922550978e-02,2.754107029922550978e-02
3.417761876327930770e-02,3.417761876327930770e-02
3.205146478473912958e-02,3.205146478473912958e-02
4.124100683030227504e-02,4.124100683030227504e-02
6.603169601489150553e-02,6.603169601489150553e-02
4.300433406232129219e-02,4.300433406232129219e-02
2.336918024680389311e-02,2.336918024680389311e-02
4.388166938613936863e-02,4.388166938613936863e-02
3.196263736422166879e-02,3.196263736422166879e-02
6.598541957812494030e-02,6.598541957812494030e-02
3.490426471738515557e-02,3.490426471738515557e-02
3.667044691043318955e-02,3.667044691043318955e-02
3.566868539244209824e-02,3.566868539244209824e-02
2.444667467213750695e-02,2.444667467213750695e-02
5.960670343301090190e-02,5.960670343301090190e-02
4.989820962704361040e-02,4.989820962704361040e-02
2.545701510934070266e-02,2.545701510934070266e-02
4.241358361270408661e-02,4.241358361270408661e-02
4.689102405305874133e-02,4.689102405305874133e-02
2.841080923056626961e-02,2.841080923056626961e-02
5.315662981408330462e-02,5.315662981408330462e-02
4.919024605717473020e-02,4.919024605717473020e-02
3.914727589351596482e-02,3.914727589351596482e-02
4.980192133230815915e-02,4.980192133230815915e-02
4.703931384724801407e-02,4.703931384724801407e-02
3.323281967760063904e-02,3.323281967760063904e-02
5.648422994225564542e-02,5.648422994225564542e-02
5.759838792830675874e-02,5.759838792830675874e-02
6.651529362516066246e-02,6.651529362516066246e-02
2.122781527010160485e-02,2.122781527010160485e-02
4.127200654056076973e-02,4.127200654056076973e-02
4.470802053970250600e-02,4.470802053970250600e-02
3.460908832692075054e-02,3.460908832692075054e-02
3.842024729527456633e-02,3.842024729527456633e-02
4.426749220903905546e-02,4.426749220903905546e-02
6.169947896551682825e-02,6.169947896551682825e-02
2.685742790360270277e-02,2.685742790360270277e-02
6.678682841946294302e-02,6.678682841946294302e-02
4.108113048833116066e-02,4.108113048833116066e-02
3.916188102285299288e-02,3.916188102285299288e-02
5.140230740571623269e-02,5.140230740571623269e-02
3.656782120539600611e-02,3.656782120539600611e-02
5.867006014834249411e-02,5.867006014834249411e-02
5.751271764323927227e-02,5.751271764323927227e-02
3.544812671467049980e-02,3.544812671467049980e-02
3.188874435892551096e-02,3.188874435892551096e-02
3.293317122325127577e-02,3.293317122325127577e-02
3.976464770297632317e-02,3.976464770297632317e-02
2.437649528318653128e-02,2.437649528318653128e-02
2.623712259215809500e-02,2.623712259215809500e-02
4.884935448441820455e-02,4.884935448441820455e-02
4.976959637469224179e-02,4.976959637469224179e-02
4.568152774199495114e-02,4.568152774199495114e-02
3.944023865221762265e-02,3.944023865221762265e-02
3.409486500764270789e-02,3.409486500764270789e-02
3.433838939025062043e-02,3.433838939025062043e-02
5.040719848179164853e-02,5.040719848179164853e-02
2.332771781531947988e-02,2.332771781531947988e-02
5.215290706066254278e-02,5.215290706066254278e-02
4.161462215938073472e-02,4.161462215938073472e-02
5.958939145165349088e-02,5.958939145165349088e-02
4.125250305724374039e-02,4.125250305724374039e-02
5.961381859219401502e-02,5.961381859219401502e-02
5.395991796355657788e-02,5.395991796355657788e-02
3.787139646979652274e-02,3.787139646979652274e-02
4.324224407529154990e-02,4.324224407529154990e-02
4.991704734150663458e-02,4.991704734150663458e-02
4.636725159744818636e-02,4.636725159744818636e-02
5.320679898754743231e-02,5.320679898754743231e-02
4.508734352565459125e-02,4.508734352565459125e-02
4.440677852532019798e-02,4.440677852532019798e-02
3.462174658138962580e-02,3.462174658138962580e-02
2.893275697934393625e-02,2.893275697934393625e-02
4.003928185190147593e-02,4.003928185190147593e-02
4.653093961315481197e-02,4.653093961315481197e-02
2.355680429016221780e-02,2.355680429016221780e-02
5.212016887976812785e-02,5.212016887976812785e-02
5.102864178497715231e-02,5.102864178497715231e-02
5.049824202830725112e-02,5.049824202830725112e-02
4.831239163445844725e-02,4.831239163445844725e-02
4.421994511418889107e-02,4.421994511418889107e-02
3.705674643838113846e-02,3.705674643838113846e-02
2.954514908512495888e-02,2.954514908512495888e-02
4.165811168147762200e-02,4.165811168147762200e-02
2.952460372642753614e-02,2.952460372642753614e-02
4.464058497518153673e-02,4.464058497518153673e-02
4.236347344417590310e-02,4.236347344417590310e-02
4.058271475980619603e-02,4.058271475980619603e-02
5.802131160532172233e-02,5.802131160532172233e-02
6.529446159790094906e-02,6.529446159790094906e-02
2.399126028088258492e-02,2.399126028088258492e-02
5.757652369294118111e-02,5.757652369294118111e-02
4.917639767625410496e-02,4.917639767625410496e-02
2.944267205427167008e-02,2.944267205427167008e-02
5.354084698491730354e-02,5.354084698491730354e-02
3.865464755780031320e-02,3.865464755780031320e-02
3.476427424008000922e-02,3.476427424008000922e-02
4.187038600969500424e-02,4.187038600969500424e-02
3.141173015119472223e-02,3.141173015119472223e-02
2.643081176866167795e-02,2.643081176866167795e-02
5.609746408298271758e-02,5.609746408298271758e-02
4.969676208116462213e-02,4.969676208116462213e-02
4.360685831514106436e-02,4.360685831514106436e-02
4.311930035385878879e-02,4.311930035385878879e-02
5.240085230155092089e-02,5.240085230155092089e-02
5.002001379835989414e-02,5.002001379835989414e-02
3.123459393931726433e-02,3.123459393931726433e-02
2.695230682360560265e-02,2.695230682360560265e-02
6.490319631683580393e-02,6.490319631683580393e-02
4.121318252010384292e-02,4.121318252010384292e-02
4.824974049505590529e-02,4.824974049505590529e-02
5.842413388504012761e-02,5.842413388504012761e-02
4.204817437095655780e-02,4.204817437095655780e-02
6.083202440033940589e-02,6.083202440033940589e-02
4.976146006089398471e-02,4.976146006089398471e-02
4.260938178308662505e-02,4.260938178308662505e-02
6.730595167829600545e-02,6.730595167829600545e-02
5.031076402686496946e-02,5.031076402686496946e-02
5.128522934524026161e-02,5.128522934524026161e-02
4.147826518856798095e-02,4.147826518856798095e-02
5.585697042563887021e-02,5.585697042563887021e-02
4.446846723537725699e-02,4.446846723537725699e-02
2.604911522051422609e-02,2.604911522051422609e-02
5.056958767265834487e-02,5.056958767265834487e-02
5.117662179724374177e-02,5.117662179724374177e-02
3.638086517248070861e-02,3.638086517248070861e-02
3.308710872215026022e-02,3.308710872215026022e-02
3.373881713851364927e-02,3.373881713851364927e-02
3.973240535354530256e-02,3.973240535354530256e-02
5.952301425183834788e-02,5.952301425183834788e-02
4.034793791020827025e-02,4.034793791020827025e-02
4.329535337688637103e-02,4.329535337688637103e-02
4.443856535524311202e-02,4.443856535524311202e-02
4.655348225401157586e-02,4.655348225401157586e-02
4.916295605067758784e-02,4.916295605067758784e-02
4.270510053332843975e-02,4.270510053332843975e-02
1.895747346708136563e-02,1.895747346708136563e-02
4.202033322216309347e-02,4.202033322216309347e-02
4.103511357852604458e-02,4.103511357852604458e-02
4.396955877557147396e-02,4.396955877557147396e-02
1.440473975774971688e-02,1.440473975774971688e-02
5.801164077790234297e-02,5.801164077790234297e-02
2.945273404991725213e-02,2.945273404991725213e-02
4.422669998550621262e-02,4.422669998550621262e-02
5.119235561509540011e-02,5.119235561509540011e-02
3.730296942308555103e-02,3.730296942308555103e-02
3.438892692764562720e-02,3.438892692764562720e-02
3.664530825049890084e-02,3.664530825049890084e-02
4.337028205045997953e-02,4.337028205045997953e-02
3.868992009686695460e-02,3.868992009686695460e-02
4.851227180326812133e-02,4.851227180326812133e-02
4.856386394127379380e-02,4.856386394127379380e-02
5.812222948102652859e-02,5.812222948102652859e-02
5.235331454406790680e-02,5.235331454406790680e-02
4.550400354273480275e-02,4.550400354273480275e-02
5.076865299575411550e-02,5.076865299575411550e-02
2.837166895340811207e-02,2.837166895340811207e-02
3.324517550543751310e-02,3.324517550543751310e-02
4.704765247628237695e-02,4.704765247628237695e-02
6.074602835737944601e-02,6.074602835737944601e-02
3.908319480661787831e-02,3.908319480661787831e-02
4.055315888930629414e-02,4.055315888930629414e-02
5.760047727744233015e-02,5.760047727744233015e-02
5.418836568706004997e-02,5.418836568706004997e-02
2.294860232586808102e-02,2.294860232586808102e-02
4.657240108078336549e-02,4.657240108078336549e-02
4.996055576462847536e-02,4.996055576462847536e-02
4.422952078972731960e-02,4.422952078972731960e-02
3.997337830177637163e-02,3.997337830177637163e-02
3.083612590563571468e-02,3.083612590563571468e-02
3.792645149589542186e-02,3.792645149589542186e-02
3.221722856518126343e-02,3.221722856518126343e-02
2.035333484517844529e-02,2.035333484517844529e-02
4.925811662956741666e-02,4.925811662956741666e-02
3.483354730770992641e-02,3.483354730770992641e-02
3.644043549895441270e-03,3.644043549895441270e-03
4.804967168260766697e-02,4.804967168260766697e-02
4.363680791870412634e-02,4.363680791870412634e-02
4.100597361882708097e-02,4.100597361882708097e-02
3.113948331818843299e-02,3.113948331818843299e-02
3.638052234501801263e-02,3.638052234501801263e-02
4.838275195349546476e-02,4.838275195349546476e-02
3.551626411363696667e-02,3.551626411363696667e-02
5.498144215909914895e-02,5.498144215909914895e-02
2.594058433387351481e-02,2.594058433387351481e-02
4.656655163942224895e-02,4.656655163942224895e-02
3.134249735236543932e-02,3.134249735236543932e-02
5.475800741283887857e-02,5.475800741283887857e-02
6.011920957596186832e-02,6.011920957596186832e-02
5.187265811901380780e-02,5.187265811901380780e-02
2.943908957983579905e-02,2.943908957983579905e-02
4.633440710053177147e-02,4.633440710053177147e-02
4.808866405055570864e-02,4.808866405055570864e-02
5.230584772726541015e-02,5.230584772726541015e-02
4.198641567534010938e-02,4.198641567534010938e-02
5.507026062284663126e-02,5.507026062284663126e-02
3.855852601877503977e-02,3.855852601877503977e-02
5.521729611552491507e-02,5.521729611552491507e-02
5.181732884039893378e-02,5.181732884039893378e-02
3.385853073410580172e-02,3.385853073410580172e-02
4.434220539263438593e-02,4.434220539263438593e-02
3.702519693220687746e-02,3.702519693220687746e-02
3.120769925152167348e-02,3.120769925152167348e-02
3.309504438559138229e-02,3.309504438559138229e-02
3.230464217237283275e-02,3.230464217237283275e-02
4.010110440009258259e-02,4.010110440009258259e-02
5.108225080310677124e-02,5.108225080310677124e-02
4.589996521497781423e-02,4.589996521497781423e-02
2.847172143657587459e-02,2.847172143657587459e-02
5.592170853734671626e-02,5.592170853734671626e-02
4.994567081910764733e-02,4.994567081910764733e-02
6.003015644659187577e-02,6.003015644659187577e-02
4.713928075915160831e-02,4.713928075915160831e-02
4.610177102756944645e-02,4.610177102756944645e-02
2.830346395349251157e-02,2.830346395349251157e-02
2.832587984072608422e-02,2.832587984072608422e-02
4.104287148451756656e-02,4.104287148451756656e-02
4.097179103074211071e-02,4.097179103074211071e-02
5.261770375259296889e-02,5.261770375259296889e-02
4.226239577288925381e-02,4.226239577288925381e-02
3.452982935491605287e-02,3.452982935491605287e-02
2.953617624453340820e-02,2.953617624453340820e-02
4.329072943758625891e-02,4.329072943758625891e-02
6.430592081423618100e-02,6.430592081423618100e-02
3.965751232867258114e-02,3.965751232867258114e-02
4.799304390350338928e-02,4.799304390350338928e-02
5.215158039347903007e-02,5.215158039347903007e-02
3.261218198354397246e-02,3.261218198354397246e-02
4.023011417459650130e-02,4.023011417459650130e-02
4.564496714291918500e-02,4.564496714291918500e-02
4.250344759963337049e-02,4.250344759963337049e-02
3.810122965537020984e-02,3.810122965537020984e-02
2.440139834507411287e-02,2.440139834507411287e-02
3.140135413930160435e-02,3.140135413930160435e-02
5.643616293781423404e-02,5.643616293781423404e-02
4.071355976693871725e-02,4.071355976693871725e-02
3.238899713659175450e-02,3.238899713659175450e-02
2.677395119116779063e-02,2.677395119116779063e-02
3.749973785174148810e-02,3.749973785174148810e-02
4.511738022788369662e-02,4.511738022788369662e-02
5.289391843887544103e-02,5.289391843887544103e-02
2.948010666790163228e-02,2.948010666790163228e-02
4.734592683445973393e-02,4.734592683445973393e-02
3.281395044575936837e-02,3.281395044575936837e-02
4.088703182466087854e-02,4.088703182466087854e-02
2.902609965453478713e-02,2.902609965453478713e-02
5.128849388706378798e-02,5.128849388706378798e-02
3.459265633274294371e-02,3.459265633274294371e-02
4.173368805318025676e-02,4.173368805318025676e-02
3.258191899249472667e-02,3.258191899249472667e-02
3.532231667956117760e-02,3.532231667956117760e-02
3.683540048403935452e-02,3.683540048403935452e-02
4.592904168640458279e-02,4.592904168640458279e-02
6.007581614308660223e-02,6.007581614308660223e-02
3.931793666990250624e-02,3.931793666990250624e-02
4.467156372535227571e-02,4.467156372535227571e-02
4.139924987524884470e-02,4.139924987524884470e-02
4.535507199602330924e-02,4.535507199602330924e-02
2.898265855789738596e-02,2.898265855789738596e-02
4.033339914967525724e-02,4.033339914967525724e-02
1.260024734213513464e-02,1.260024734213513464e-02
5.266312252341613653e-02,5.266312252341613653e-02
4.929685415276009036e-02,4.929685415276009036e-02
5.099756796615355359e-02,5.099756796615355359e-02
5.462406144303290356e-02,5.462406144303290356e-02
3.452609742749145061e-02,3.452609742749145061e-02
3.398158832627432013e-02,3.398158832627432013e-02
5.909439474410174697e-02,5.909439474410174697e-02
5.161882498690000681e-02,5.161882498690000681e-02
3.115943006900468923e-02,3.115943006900468923e-02
4.654120466118711469e-02,4.654120466118711469e-02
3.494514239394810873e-02,3.494514239394810873e-02
4.336953313582829483e-02,4.336953313582829483e-02
4.846515188805760460e-02,4.846515188805760460e-02
3.327679934756285623e-02,3.327679934756285623e-02
4.170004003633664968e-02,4.170004003633664968e-02
4.971312585941060208e-02,4.971312585941060208e-02
4.896880167972943176e-02,4.896880167972943176e-02
4.543465165884696955e-02,4.543465165884696955e-02
4.828617544265734196e-02,4.828617544265734196e-02
4.566097057082805361e-02,4.566097057082805361e-02
3.084228677305181007e-02,3.084228677305181007e-02
3.886609488650086264e-02,3.886609488650086264e-02
5.038612135506412293e-02,5.038612135506412293e-02
4.876579156331846410e-02,4.876579156331846410e-02
3.568602588891245375e-02,3.568602588891245375e-02
3.772390623479870975e-02,3.772390623479870975e-02
4.048381116622120496e-02,4.048381116622120496e-02
2.508408153235901911e-02,2.508408153235901911e-02
5.315264571767994162e-02,5.315264571767994162e-02
4.194226740498616102e-02,4.194226740498616102e-02
5.609195661646728531e-02,5.609195661646728531e-02
4.603157663145925060e-02,4.603157663145925060e-02
6.511739837293586963e-02,6.511739837293586963e-02
6.149643187370860964e-02,6.149643187370860964e-02
3.603280367558456265e-02,3.603280367558456265e-02
4.157122566896627458e-02,4.157122566896627458e-02
5.060630335276705000e-02,5.060630335276705000e-02
7.480610497705003636e-02,7.480610497705003636e-02
4.435105037829448899e-02,4.435105037829448899e-02
5.184835875227725849e-02,5.184835875227725849e-02
5.271053188142292567e-02,5.271053188142292567e-02
4.568654232718723923e-02,4.568654232718723923e-02
6.208800991893090315e-02,6.208800991893090315e-02
3.317575749540953994e-02,3.317575749540953994e-02
4.107906357826641291e-02,4.107906357826641291e-02
3.846979169323854614e-02,3.846979169323854614e-02
4.426520528597763932e-02,4.426520528597763932e-02
7.831462475810499480e-02,7.831462475810499480e-02
4.601392748522677156e-02,4.601392748522677156e-02
2.821467400680989501e-02,2.821467400680989501e-02
5.538198588115945259e-02,5.538198588115945259e-02
3.952557170247262414e-02,3.952557170247262414e-02
3.686819846822442931e-02,3.686819846822442931e-02
2.108447076516622304e-02,2.108447076516622304e-02
4.185425535357747973e-02,4.185425535357747973e-02
3.687825934618681883e-02,3.687825934618681883e-02
4.784295603134848529e-02,4.784295603134848529e-02
4.405098909500224785e-02,4.405098909500224785e-02
5.619560454352895418e-02,5.619560454352895418e-02
4.157984698247520206e-02,4.157984698247520206e-02
4.836621863774853702e-02,4.836621863774853702e-02
4.916520908710049487e-02,4.916520908710049487e-02
4.333515899453783959e-02,4.333515899453783959e-02
2.015637723238995413e-02,2.015637723238995413e-02
3.718702801534777558e-02,3.718702801534777558e-02
6.258659938495418629e-02,6.258659938495418629e-02
4.343378048855218304e-02,4.343378048855218304e-02
4.384726602019491104e-02,4.384726602019491104e-02
3.477432103963552790e-02,3.477432103963552790e-02
5.067581423261280360e-02,5.067581423261280360e-02
3.541995084052801390e-02,3.541995084052801390e-02
3.052132378897707762e-02,3.052132378897707762e-02
6.474042548623201720e-02,6.474042548623201720e-02
3.806994263853782923e-02,3.806994263853782923e-02
3.813309417022935771e-02,3.813309417022935771e-02
4.107378373918257886e-02,4.107378373918257886e-02
2.843394152793271915e-02,2.843394152793271915e-02
3.904456680507183836e-02,3.904456680507183836e-02
3.880694091268645229e-02,3.880694091268645229e-02
4.253397879741790955e-02,4.253397879741790955e-02
4.066955384778501992e-02,4.066955384778501992e-02
4.996813074830307178e-02,4.996813074830307178e-02
3.976465393686259842e-02,3.976465393686259842e-02
3.949794479031948358e-02,3.949794479031948358e-02
3.881132195724223966e-02,3.881132195724223966e-02
3.501280135948176692e-02,3.501280135948176692e-02
4.413011452098741794e-02,4.413011452098741794e-02
3.546927590052625229e-02,3.546927590052625229e-02
3.687603278913764021e-02,3.687603278913764021e-02
3.423696685345824220e-02,3.423696685345824220e-02
5.214124368043587809e-02,5.214124368043587809e-02
3.876568206091531021e-02,3.876568206091531021e-02
4.116150280371150272e-02,4.116150280371150272e-02
4.355599881197392415e-02,4.355599881197392415e-02
4.059642239614356940e-02,4.059642239614356940e-02
4.759597691165583233e-02,4.759597691165583233e-02
4.713865265998321702e-02,4.713865265998321702e-02
1.687545120331043064e-02,1.687545120331043064e-02
3.791800799693741814e-02,3.791800799693741814e-02
3.941736873863939394e-02,3.941736873863939394e-02
5.240865947302389416e-02,5.240865947302389416e-02
5.460059898547098278e-02,5.460059898547098278e-02
3.854799362990800338e-02,3.854799362990800338e-02
4.590010001080105373e-02,4.590010001080105373e-02
2.943022858988859208e-02,2.943022858988859208e-02
4.323293692659627846e-02,4.323293692659627846e-02
2.334095109896985182e-02,2.334095109896985182e-02
2.483822779815628157e-02,2.483822779815628157e-02
3.350164512441179687e-02,3.350164512441179687e-02
4.695738130697096890e-02,4.695738130697096890e-02
4.229466440261123172e-02,4.229466440261123172e-02
5.929455489080593528e-02,5.929455489080593528e-02
3.353245727505605595e-02,3.353245727505605595e-02
5.506435487405613588e-02,5.506435487405613588e-02
5.405492064019425807e-02,5.405492064019425807e-02
2.652324871526625868e-02,2.652324871526625868e-02
4.815393081907844153e-02,4.815393081907844153e-02
5.950070891801609307e-02,5.950070891801609307e-02
3.257640923793327092e-02,3.257640923793327092e-02
4.004217633726013525e-02,4.004217633726013525e-02
4.160184084995484366e-02,4.160184084995484366e-02
4.248584394639344508e-02,4.248584394639344508e-02
4.231765277498397704e-02,4.231765277498397704e-02
2.242159698596326786e-02,2.242159698596326786e-02
3.561261526475643924e-02,3.561261526475643924e-02
4.368308265969728793e-02,4.368308265969728793e-02
4.636729421528743011e-02,4.636729421528743011e-02
3.826691998304752179e-02,3.826691998304752179e-02
4.515556306574204648e-02,4.515556306574204648e-02
3.638574427758690250e-02,3.638574427758690250e-02
4.908872218356891137e-02,4.908872218356891137e-02
3.319299556953340946e-02,3.319299556953340946e-02
4.448030799192179141e-02,4.448030799192179141e-02
6.001028352742888289e-02,6.001028352742888289e-02
3.569152257755037194e-02,3.569152257755037194e-02
4.697825748163025894e-02,4.697825748163025894e-02
4.736267849882133674e-02,4.736267849882133674e-02
5.209137087075418893e-02,5.209137087075418893e-02
3.870130913907903619e-02,3.870130913907903619e-02
6.328506970014191602e-02,6.328506970014191602e-02
4.996874499926296648e-02,4.996874499926296648e-02
4.619608354532369482e-02,4.619608354532369482e-02
4.480381282757388284e-02,4.480381282757388284e-02
3.538245195783749908e-02,3.538245195783749908e-02
4.873007760071713934e-02,4.873007760071713934e-02
3.418710867635239847e-02,3.418710867635239847e-02
3.674057801139665735e-02,3.674057801139665735e-02
4.183191203046897344e-02,4.183191203046897344e-02
2.982474289912405777e-02,2.982474289912405777e-02
3.745435750294059257e-02,3.745435750294059257e-02
3.818092629348401185e-02,3.818092629348401185e-02
1.983540215552601765e-02,1.983540215552601765e-02
3.559679009694235313e-02,3.559679009694235313e-02
3.484819627014532767e-02,3.484819627014532767e-02
5.177455971421858483e-02,5.177455971421858483e-02
2.948845221460200117e-02,2.948845221460200117e-02
4.575770850745947138e-02,4.575770850745947138e-02
2.504775186704239626e-02,2.504775186704239626e-02
3.360750928659068243e-02,3.360750928659068243e-02
3.958617137509952422e-02,3.958617137509952422e-02
5.084553470405511061e-02,5.084553470405511061e-02
4.389057777688754047e-02,4.389057777688754047e-02
3.177879898052732993e-02,3.177879898052732993e-02
5.311197077082544654e-02,5.311197077082544654e-02
3.584162689998173640e-02,3.584162689998173640e-02
4.491538484323934904e-02,4.491538484323934904e-02
3.489101309981599425e-02,3.489101309981599425e-02
5.675728795405129978e-02,5.675728795405129978e-02
6.833525275765665874e-02,6.833525275765665874e-02
3.325457816156800195e-02,3.325457816156800195e-02
3.463097602279952003e-02,3.463097602279952003e-02
3.221711170110230088e-02,3.221711170110230088e-02
4.710478300914885952e-02,4.710478300914885952e-02
4.116335960864247329e-02,4.116335960864247329e-02
3.731062703850068080e-02,3.731062703850068080e-02
4.978561603985230677e-02,4.978561603985230677e-02
4.022813344458335549e-02,4.022813344458335549e-02
4.130173341130018161e-02,4.130173341130018161e-02
5.391387026316085684e-02,5.391387026316085684e-02
5.509328873905627866e-02,5.509328873905627866e-02
4.300240623644292076e-02,4.300240623644292076e-02
4.758775976007775105e-02,4.758775976007775105e-02
4.767834721464174474e-02,4.767834721464174474e-02
2.846885757536608830e-02,2.846885757536608830e-02
4.017340805901926243e-02,4.017340805901926243e-02
5.709588921942315709e-02,5.709588921942315709e-02
3.262491353625211754e-02,3.262491353625211754e-02
4.336854603988178625e-02,4.336854603988178625e-02
3.656646734830371059e-02,3.656646734830371059e-02
4.497393659963768581e-02,4.497393659963768581e-02
3.990353989059119977e-02,3.990353989059119977e-02
3.143765921522294338e-02,3.143765921522294338e-02
5.474717795545941401e-02,5.474717795545941401e-02
3.692225463632682614e-02,3.692225463632682614e-02
2.802457836463935134e-02,2.802457836463935134e-02
4.149209943577592680e-02,4.149209943577592680e-02
4.962141527531394036e-02,4.962141527531394036e-02
3.492078440794910144e-02,3.492078440794910144e-02
2.932629175299027169e-02,2.932629175299027169e-02
4.454470089903014157e-02,4.454470089903014157e-02
4.210819446272644206e-02,4.210819446272644206e-02
4.664305550011213497e-02,4.664305550011213497e-02
2.195032976222207471e-02,2.195032976222207471e-02
5.755681025757881930e-02,5.755681025757881930e-02
4.618510483718724080e-02,4.618510483718724080e-02
4.524108502959300893e-02,4.524108502959300893e-02
3.866123245098815331e-02,3.866123245098815331e-02
4.503703802534853029e-02,4.503703802534853029e-02
5.181950419186411028e-02,5.181950419186411028e-02
3.828165343969605616e-02,3.828165343969605616e-02
4.574825665815009795e-02,4.574825665815009795e-02
5.279135072259968225e-02,5.279135072259968225e-02
5.280845482143328717e-02,5.280845482143328717e-02
4.127157186166272723e-02,4.127157186166272723e-02
4.763360272184507388e-02,4.763360272184507388e-02
5.665956059009405466e-02,5.665956059009405466e-02
4.999680879725039440e-02,4.999680879725039440e-02
3.586774255599495254e-02,3.586774255599495254e-02
4.544967109319736354e-02,4.544967109319736354e-02
2.999166993595644981e-02,2.999166993595644981e-02
5.195570521645922341e-02,5.195570521645922341e-02
4.670946117243817558e-02,4.670946117243817558e-02
3.824842534617244744e-02,3.824842534617244744e-02
4.260818860754205656e-02,4.260818860754205656e-02
4.807594908699736047e-02,4.807594908699736047e-02
4.743865391934452835e-02,4.743865391934452835e-02
3.480399095256836439e-02,3.480399095256836439e-02
3.644147951768057780e-02,3.644147951768057780e-02
5.008100563055734034e-02,5.008100563055734034e-02
4.970415440729056972e-02,4.970415440729056972e-02
4.164700920379425103e-02,4.164700920379425103e-02
4.467813221005595414e-02,4.467813221005595414e-02
4.613318720494548331e-02,4.613318720494548331e-02
5.433928322929480748e-02,5.433928322929480748e-02
5.186263322473441684e-02,5.186263322473441684e-02
4.103119201380844155e-02,4.103119201380844155e-02
3.987876559454987119e-02,3.987876559454987119e-02
4.048622255634541645e-02,4.048622255634541645e-02
3.486781400145853166e-02,3.486781400145853166e-02
6.166188827126843630e-02,6.166188827126843630e-02
3.600982878656755481e-02,3.600982878656755481e-02
5.249146718810812628e-02,5.249146718810812628e-02
3.733919828513126288e-02,3.733919828513126288e-02
4.080328015451624435e-02,4.080328015451624435e-02
4.915744100673150041e-02,4.915744100673150041e-02
2.807755683976968439e-02,2.807755683976968439e-02
2.642313397014863646e-02,2.642313397014863646e-02
3.600552126431640076e-02,3.600552126431640076e-02
4.323232257817550411e-02,4.323232257817550411e-02
5.447760294253714553e-02,5.447760294253714553e-02
5.080080614602274641e-02,5.080080614602274641e-02
5.391667646121351548e-02,5.391667646121351548e-02
2.778466185297654920e-02,2.778466185297654920e-02
6.542312150726309339e-02,6.542312150726309339e-02
6.430239138694494871e-02,6.430239138694494871e-02
5.142432950186233420e-02,5.142432950186233420e-02
5.124048871821358653e-02,5.124048871821358653e-02
3.072087331780313027e-02,3.072087331780313027e-02
3.350111288977927759e-02,3.350111288977927759e-02
3.909076423702177033e-02,3.909076423702177033e-02
3.821480786067146113e-02,3.821480786067146113e-02
5.724031930119774514e-02,5.724031930119774514e-02
3.798268941749422672e-02,3.798268941749422672e-02
2.074834886077889587e-02,2.074834886077889587e-02
4.125436306295117428e-02,4.125436306295117428e-02
3.487318078950618627e-02,3.487318078950618627e-02
4.881493141764170485e-02,4.881493141764170485e-02
5.041116068194279737e-02,5.041116068194279737e-02
2.934782024314164586e-02,2.934782024314164586e-02
5.690849300779216025e-02,5.690849300779216025e-02
4.308335299981722044e-02,4.308335299981722044e-02
5.580842827900614478e-02,5.580842827900614478e-02
5.648831667545105989e-02,5.648831667545105989e-02
3.619214172931566748e-02,3.619214172931566748e-02
6.459854379229314214e-02,6.459854379229314214e-02
4.660551456608744147e-02,4.660551456608744147e-02
3.944581833601738807e-02,3.944581833601738807e-02
4.094452481769145225e-02,4.094452481769145225e-02
4.660486607805113674e-02,4.660486607805113674e-02
4.175798241279867623e-02,4.175798241279867623e-02
4.175972958666920171e-02,4.175972958666920171e-02
4.562294226597080754e-02,4.562294226597080754e-02
4.713413216531850414e-02,4.713413216531850414e-02
3.149887152090477538e-02,3.149887152090477538e-02
5.619679557374693268e-02,5.619679557374693268e-02
3.917213464022337166e-02,3.917213464022337166e-02
4.286362126586840127e-02,4.286362126586840127e-02
4.600230931462951506e-02,4.600230931462951506e-02
2.880346311949482513e-02,2.880346311949482513e-02
3.915201057621851138e-02,3.915201057621851138e-02
2.575637465368454948e-02,2.575637465368454948e-02
4.202262474580584911e-02,4.202262474580584911e-02
5.337229710099489904e-02,5.337229710099489904e-02
3.917886629429763456e-02,3.917886629429763456e-02
4.760757442017612279e-02,4.760757442017612279e-02
4.814017116920468742e-02,4.814017116920468742e-02
2.765935570674763269e-02,2.765935570674763269e-02
4.403314543090525168e-02,4.403314543090525168e-02
5.259282825917507148e-02,5.259282825917507148e-02
4.213073383754065149e-02,4.213073383754065149e-02
3.920959228325097967e-02,3.920959228325097967e-02
3.476478507979752219e-02,3.476478507979752219e-02
4.129672604473880182e-02,4.129672604473880182e-02
5.601593432638916209e-02,5.601593432638916209e-02
3.869418514056129077e-02,3.869418514056129077e-02
4.987619305051285701e-02,4.987619305051285701e-02
3.628723183672011299e-02,3.628723183672011299e-02
3.991263737302204462e-02,3.991263737302204462e-02
4.536254833908853756e-02,4.536254833908853756e-02
4.099771229588029808e-02,4.099771229588029808e-02
3.480730937237476452e-02,3.480730937237476452e-02
3.398777997924355698e-02,3.398777997924355698e-02
5.149330458307189995e-02,5.149330458307189995e-02
6.358284252537856063e-02,6.358284252537856063e-02
5.348900736168875347e-02,5.348900736168875347e-02
4.552275396749866365e-02,4.552275396749866365e-02
2.857510020810510171e-02,2.857510020810510171e-02
4.496975499795971554e-02,4.496975499795971554e-02
3.901672590608633306e-02,3.901672590608633306e-02
4.171655550438241322e-02,4.171655550438241322e-02
3.097089091565037242e-02,3.097089091565037242e-02
2.711593227413657339e-02,2.711593227413657339e-02
2.599738699365033989e-02,2.599738699365033989e-02
4.170249892947751336e-02,4.170249892947751336e-02
4.861200493338359990e-02,4.861200493338359990e-02
4.387401422113330202e-02,4.387401422113330202e-02
5.577510085215595104e-02,5.577510085215595104e-02
4.557255667761145324e-02,4.557255667761145324e-02
2.705921771422804475e-02,2.705921771422804475e-02
4.321402366054437338e-02,4.321402366054437338e-02
3.894489612563496739e-02,3.894489612563496739e-02
5.974218950897772218e-02,5.974218950897772218e-02
3.242801959690798375e-02,3.242801959690798375e-02
5.472048137377513721e-02,5.472048137377513721e-02
3.200883271153874554e-02,3.200883271153874554e-02
5.435731511176743885e-02,5.435731511176743885e-02
4.034710059272056393e-02,4.034710059272056393e-02
4.413315946573992399e-02,4.413315946573992399e-02
2.358184367147797209e-02,2.358184367147797209e-02
7.155741085425645909e-02,7.155741085425645909e-02
4.500128669669958836e-02,4.500128669669958836e-02
6.415364707209086914e-02,6.415364707209086914e-02
4.919167227865341163e-02,4.919167227865341163e-02
4.141622753688561920e-02,4.141622753688561920e-02
6.248362250274749202e-02,6.248362250274749202e-02
6.444595615961244695e-02,6.444595615961244695e-02
3.295503774676276226e-02,3.295503774676276226e-02
5.631142159127094232e-02,5.631142159127094232e-02
4.272815119505116166e-02,4.272815119505116166e-02
3.903821677971363452e-02,3.903821677971363452e-02
2.858554132758450717e-02,2.858554132758450717e-02
2.556202564381622466e-02,2.556202564381622466e-02
3.888955467548182998e-02,3.888955467548182998e-02
4.144008370185525009e-02,4.144008370185525009e-02
5.713840507565474264e-02,5.713840507565474264e-02
4.088441266086868114e-02,4.088441266086868114e-02
5.402606574556109709e-02,5.402606574556109709e-02
4.014352021525223468e-02,4.014352021525223468e-02
5.392022348228805301e-02,5.392022348228805301e-02
5.849527759309832570e-02,5.849527759309832570e-02
5.685588098126469897e-02,5.685588098126469897e-02
3.648259829519111264e-02,3.648259829519111264e-02
5.813204502068524543e-02,5.813204502068524543e-02
2.824698185970834705e-02,2.824698185970834705e-02
3.822521109103858838e-02,3.822521109103858838e-02
4.178066089321315346e-02,4.178066089321315346e-02
5.326002410171414014e-02,5.326002410171414014e-02
3.650066956605231561e-02,3.650066956605231561e-02
5.187288296597419857e-02,5.187288296597419857e-02
2.842134723919208933e-02,2.842134723919208933e-02
3.351974337101334966e-02,3.351974337101334966e-02
3.198722804448661527e-02,3.198722804448661527e-02
4.442794261807882228e-02,4.442794261807882228e-02
3.332969789675869349e-02,3.332969789675869349e-02
4.027939505237410067e-02,4.027939505237410067e-02
5.482732917694856101e-02,5.482732917694856101e-02
5.226760909372118319e-02,5.226760909372118319e-02
3.553853421708605409e-02,3.553853421708605409e-02
2.629224720642126326e-02,2.629224720642126326e-02
3.954245772882337973e-02,3.954245772882337973e-02
6.244983923654635893e-02,6.244983923654635893e-02
3.252190757812338517e-02,3.252190757812338517e-02
3.394028695179929223e-02,3.394028695179929223e-02
5.555358692631071765e-02,5.555358692631071765e-02
4.777357577321018900e-02,4.777357577321018900e-02
4.040115038734205105e-02,4.040115038734205105e-02
3.153529887166327261e-02,3.153529887166327261e-02
2.442290321953639182e-02,2.442290321953639182e-02
3.318974978258678460e-02,3.318974978258678460e-02
5.124862159782138382e-02,5.124862159782138382e-02
4.314767032537691893e-02,4.314767032537691893e-02
5.255442883760923223e-02,5.255442883760923223e-02
2.731692690490180805e-02,2.731692690490180805e-02
3.295032859474836262e-02,3.295032859474836262e-02
4.007374167081266536e-02,4.007374167081266536e-02
3.688784221986417255e-02,3.688784221986417255e-02
5.705634809278570252e-02,5.705634809278570252e-02
4.966905609103852010e-02,4.966905609103852010e-02
3.704613889685677564e-02,3.704613889685677564e-02
5.477713730563420896e-02,5.477713730563420896e-02
4.694657876168197019e-02,4.694657876168197019e-02
5.163609773375616580e-02,5.163609773375616580e-02
3.337951539954361196e-02,3.337951539954361196e-02
3.592484241930516548e-02,3.592484241930516548e-02
2.711610629889228685e-02,2.711610629889228685e-02
4.109921472181625457e-02,4.109921472181625457e-02
2.790026537337497031e-02,2.790026537337497031e-02
3.575770428684965641e-02,3.575770428684965641e-02
4.662998368128568050e-02,4.662998368128568050e-02
4.922279592120499397e-02,4.922279592120499397e-02
3.330377649354922948e-02,3.330377649354922948e-02
4.929519187776031791e-02,4.929519187776031791e-02
2.765909627389949096e-02,2.765909627389949096e-02
6.231136035496374903e-02,6.231136035496374903e-02
3.809535647544595033e-02,3.809535647544595033e-02
2.573652090500124640e-02,2.573652090500124640e-02
4.121139544620193440e-02,4.121139544620193440e-02
4.829086709385303766e-02,4.829086709385303766e-02
4.163757970027058553e-02,4.163757970027058553e-02
4.756413362462311167e-02,4.756413362462311167e-02
2.969106268044505864e-02,2.969106268044505864e-02
3.214903083636151682e-02,3.214903083636151682e-02
2.279821985757573416e-02,2.279821985757573416e-02
4.147422405719667499e-02,4.147422405719667499e-02
5.895025212035368001e-02,5.895025212035368001e-02
3.341303388662077156e-02,3.341303388662077156e-02
4.400229486187599848e-02,4.400229486187599848e-02
3.865752596062872748e-02,3.865752596062872748e-02
5.173253185003499899e-02,5.173253185003499899e-02
4.315504563285428585e-02,4.315504563285428585e-02
4.423255492370187225e-02,4.423255492370187225e-02
2.812659108800426994e-02,2.812659108800426994e-02
3.615813148249676784e-02,3.615813148249676784e-02
4.808636732119819096e-02,4.808636732119819096e-02
3.296369082758546232e-02,3.296369082758546232e-02
5.239600826060356042e-02,5.239600826060356042e-02
3.401293524694531945e-02,3.401293524694531945e-02
2.764592457190180944e-02,2.764592457190180944e-02
4.458431606677829701e-02,4.458431606677829701e-02
4.244938062321316347e-02,4.244938062321316347e-02
5.153314096505162006e-02,5.153314096505162006e-02
4.979934576638217480e-02,4.979934576638217480e-02
3.934330382914732332e-02,3.934330382914732332e-02
5.493778786312066009e-02,5.493778786312066009e-02
4.822749888621384595e-02,4.822749888621384595e-02
6.932991414223642346e-02,6.932991414223642346e-02
4.650966579602623663e-02,4.650966579602623663e-02
3.615832530271179124e-02,3.615832530271179124e-02
1.930944499897697952e-02,1.930944499897697952e-02
3.818163376867242387e-02,3.818163376867242387e-02
3.087746749211685640e-02,3.087746749211685640e-02
5.655767433035393393e-02,5.655767433035393393e-02
5.369685967930955955e-02,5.369685967930955955e-02
4.568242221500665862e-02,4.568242221500665862e-02
5.022878672949798728e-02,5.022878672949798728e-02
3.673732289782964677e-02,3.673732289782964677e-02
3.753347236012158361e-02,3.753347236012158361e-02
4.407397283524044918e-02,4.407397283524044918e-02
4.648076593998635986e-02,4.648076593998635986e-02
4.833674998770901010e-02,4.833674998770901010e-02
5.118437741472967734e-02,5.118437741472967734e-02
3.774868772480463597e-02,3.774868772480463597e-02
4.223931077561067504e-02,4.223931077561067504e-02
5.521880651347811642e-02,5.521880651347811642e-02
3.408476449713565559e-02,3.408476449713565559e-02
2.939120163591667570e-02,2.939120163591667570e-02
3.949592981061991748e-02,3.949592981061991748e-02
5.415560353242390712e-02,5.415560353242390712e-02
4.088670842634892916e-02,4.088670842634892916e-02
2.707836146765702640e-02,2.707836146765702640e-02
4.187688824861451886e-02,4.187688824861451886e-02
4.280586406570337926e-02,4.280586406570337926e-02
3.019194983409690530e-02,3.019194983409690530e-02
3.955421641394739340e-02,3.955421641394739340e-02
3.501656321429549856e-02,3.501656321429549856e-02
5.034501016591991229e-02,5.034501016591991229e-02
3.286407593658510762e-02,3.286407593658510762e-02
4.921810971574386989e-02,4.921810971574386989e-02
6.030361074729691240e-02,6.030361074729691240e-02
4.166139780107278728e-02,4.166139780107278728e-02
3.300967552284313211e-02,3.300967552284313211e-02
4.233134917229611910e-02,4.233134917229611910e-02
1.884530588636795789e-02,1.884530588636795789e-02
5.781048037396638306e-02,5.781048037396638306e-02
2.971319225379099455e-02,2.971319225379099455e-02
5.636486702509779789e-02,5.636486702509779789e-02
4.044473085535870566e-02,4.044473085535870566e-02
3.030302739613429178e-02,3.030302739613429178e-02
5.568511297593213560e-02,5.568511297593213560e-02
3.736305673539978833e-02,3.736305673539978833e-02
4.470864196640186167e-02,4.470864196640186167e-02
6.965708064761469420e-02,6.965708064761469420e-02
3.336849599001825983e-02,3.336849599001825983e-02
3.875555535870812973e-02,3.875555535870812973e-02
4.231474768182874602e-02,4.231474768182874602e-02
5.014920466601199139e-02,5.014920466601199139e-02
3.982362101935189164e-02,3.982362101935189164e-02
3.904535755289124943e-02,3.904535755289124943e-02
3.595320002300068929e-02,3.595320002300068929e-02
4.386833257685417153e-02,4.386833257685417153e-02
3.595333023274898537e-02,3.595333023274898537e-02
2.233519320544335995e-02,2.233519320544335995e-02
4.615923111574581073e-02,4.615923111574581073e-02
4.010143321173748054e-02,4.010143321173748054e-02
5.070231344820441688e-02,5.070231344820441688e-02
5.142639963335433884e-02,5.142639963335433884e-02
4.436813020553760645e-02,4.436813020553760645e-02
5.573991796034147989e-02,5.573991796034147989e-02
4.681975880060256640e-02,4.681975880060256640e-02
4.888670933996495244e-02,4.888670933996495244e-02
2.077423736515198599e-02,2.077423736515198599e-02
5.075522448550866955e-02,5.075522448550866955e-02
4.124018962293228563e-02,4.124018962293228563e-02
3.063878363609121025e-02,3.063878363609121025e-02
4.250305636465526171e-02,4.250305636465526171e-02
4.409906664286146472e-02,4.409906664286146472e-02
4.542369244777128695e-02,4.542369244777128695e-02
5.684037009003059526e-02,5.684037009003059526e-02
4.287916513831135229e-02,4.287916513831135229e-02
3.695222892475177878e-02,3.695222892475177878e-02
3.440406511168218190e-02,3.440406511168218190e-02
2.417055561253655255e-02,2.417055561253655255e-02
4.022473387910148468e-02,4.022473387910148468e-02
5.056523501274074600e-02,5.056523501274074600e-02
4.771819688023915679e-02,4.771819688023915679e-02
4.626651208533227172e-02,4.626651208533227172e-02
4.397942337203696733e-02,4.397942337203696733e-02
5.232986971868128223e-02,5.232986971868128223e-02
5.355884518554836216e-02,5.355884518554836216e-02
5.295865558257838862e-02,5.295865558257838862e-02
2.846390626093452808e-02,2.846390626093452808e-02
5.890288974835439922e-02,5.890288974835439922e-02
2.404179962771090667e-02,2.404179962771090667e-02
3.901400622772538407e-02,3.901400622772538407e-02
5.709413710007743559e-02,5.709413710007743559e-02
3.993710285560244516e-02,3.993710285560244516e-02
4.462274046851789217e-02,4.462274046851789217e-02
2.658261295390325352e-02,2.658261295390325352e-02
5.328995574575445815e-02,5.328995574575445815e-02
4.314788774606969496e-02,4.314788774606969496e-02
4.143437462714733011e-02,4.143437462714733011e-02
4.201726984369788531e-02,4.201726984369788531e-02
3.735397610564672455e-02,3.735397610564672455e-02
3.344815202487973205e-02,3.344815202487973205e-02
4.651172908169552700e-02,4.651172908169552700e-02
3.708739706483009380e-02,3.708739706483009380e-02
5.943592811991525032e-02,5.943592811991525032e-02
4.422393138643269245e-02,4.422393138643269245e-02
4.176000124138932318e-02,4.176000124138932318e-02
3.674569564814914036e-02,3.674569564814914036e-02
4.327097458004669495e-02,4.327097458004669495e-02
2.048162474876122352e-02,2.048162474876122352e-02
4.992761080695734544e-02,4.992761080695734544e-02
3.430519432895735854e-02,3.430519432895735854e-02
3.686485323196246611e-02,3.686485323196246611e-02
4.308154194950335192e-02,4.308154194950335192e-02
2.367927337925577330e-02,2.367927337925577330e-02
4.631723941043817266e-02,4.631723941043817266e-02
5.055865233724575469e-02,5.055865233724575469e-02
4.036227572414231163e-02,4.036227572414231163e-02
5.641627424966873944e-02,5.641627424966873944e-02
4.616077319693079328e-02,4.616077319693079328e-02
3.008445202601743931e-02,3.008445202601743931e-02
6.694031532878869095e-02,6.694031532878869095e-02
5.657449085163794578e-02,5.657449085163794578e-02
3.923281450923100933e-02,3.923281450923100933e-02
4.975127613087107492e-02,4.975127613087107492e-02
5.432850396970466400e-02,5.432850396970466400e-02
4.265911318232097627e-02,4.265911318232097627e-02
3.249776409179431363e-02,3.249776409179431363e-02
5.885142812227131537e-02,5.885142812227131537e-02
4.761381353632689745e-02,4.761381353632689745e-02
4.649996837633189189e-02,4.649996837633189189e-02
4.184382826379776099e-02,4.184382826379776099e-02
3.800858938334271409e-02,3.800858938334271409e-02
6.095037154970851800e-02,6.095037154970851800e-02
3.886030445305053982e-02,3.886030445305053982e-02
2.265547442028069056e-02,2.265547442028069056e-02
2.060354071817401336e-02,2.060354071817401336e-02
4.283306919082363606e-02,4.283306919082363606e-02
6.264343663595375866e-02,6.264343663595375866e-02
4.062116444350101496e-02,4.062116444350101496e-02
3.462579587586803176e-02,3.462579587586803176e-02
4.097813337513952353e-02,4.097813337513952353e-02
5.234457289572842786e-02,5.234457289572842786e-02
5.335137312253787623e-02,5.335137312253787623e-02
3.157693927040426674e-02,3.157693927040426674e-02
3.253342643617108260e-02,3.253342643617108260e-02
4.603199785809091588e-02,4.603199785809091588e-02
2.204567284779130470e-02,2.204567284779130470e-02
3.717014639641220974e-02,3.717014639641220974e-02
8.173663301357786404e-02,8.173663301357786404e-02
3.099469439995159933e-02,3.099469439995159933e-02
3.260341319823874262e-02,3.260341319823874262e-02
3.824257025536222099e-02,3.824257025536222099e-02
4.455349014773923866e-02,4.455349014773923866e-02
2.901077786822426827e-02,2.901077786822426827e-02
5.822617297863949548e-02,5.822617297863949548e-02
4.707727127828331692e-02,4.707727127828331692e-02
3.283452898907700257e-02,3.283452898907700257e-02
4.216991635870549759e-02,4.216991635870549759e-02
6.335454579514519791e-02,6.335454579514519791e-02
2.462116367478109011e-02,2.462116367478109011e-02
4.052305845499160758e-02,4.052305845499160758e-02
4.050720502863701389e-02,4.050720502863701389e-02
2.437234707962762995e-02,2.437234707962762995e-02
3.975495696529499079e-02,3.975495696529499079e-02
6.421092630254010558e-02,6.421092630254010558e-02
4.048363688422756956e-02,4.048363688422756956e-02
4.606379801754257458e-02,4.606379801754257458e-02
5.269354480585827089e-02,5.269354480585827089e-02
6.177334201495805754e-02,6.177334201495805754e-02
2.321837874035353674e-02,2.321837874035353674e-02
4.332941770539654874e-02,4.332941770539654874e-02
3.913054941605516313e-02,3.913054941605516313e-02
5.553054550824593205e-02,5.553054550824593205e-02
5.281364803442546718e-02,5.281364803442546718e-02
3.699811421525927430e-02,3.699811421525927430e-02
2.777256928446389384e-02,2.777256928446389384e-02
3.854954323928216908e-02,3.854954323928216908e-02
4.103323499493105597e-02,4.103323499493105597e-02
1.534347561259171572e-02,1.534347561259171572e-02
6.071328397068749549e-02,6.071328397068749549e-02
5.502863219608471884e-02,5.502863219608471884e-02
3.947156870673416973e-02,3.947156870673416973e-02
5.008229404178236172e-02,5.008229404178236172e-02
1.732021257695656735e-02,1.732021257695656735e-02
3.426908899346191306e-02,3.426908899346191306e-02
3.607307186802956311e-02,3.607307186802956311e-02
4.036645153412748294e-02,4.036645153412748294e-02
4.163265254097563844e-02,4.163265254097563844e-02
4.018346565909215740e-02,4.018346565909215740e-02
5.679328562219237292e-02,5.679328562219237292e-02
4.777604586063025072e-02,4.777604586063025072e-02
3.510743016205093020e-02,3.510743016205093020e-02
4.124186142453450943e-02,4.124186142453450943e-02
3.185804897532071300e-02,3.185804897532071300e-02
3.001961614710079926e-02,3.001961614710079926e-02
4.275156765555936794e-02,4.275156765555936794e-02
3.777943581069766188e-02,3.777943581069766188e-02
2.995119814065388270e-02,2.995119814065388270e-02
5.500904302548455249e-02,5.500904302548455249e-02
2.580044745097937603e-02,2.580044745097937603e-02
3.370089043593319650e-02,3.370089043593319650e-02
3.799704604055885448e-02,3.799704604055885448e-02
5.084634233609318377e-02,5.084634233609318377e-02
5.529129914291670833e-02,5.529129914291670833e-02
3.297357553079437870e-02,3.297357553079437870e-02
1.162518116888949099e-02,1.162518116888949099e-02
3.926393923986227358e-02,3.926393923986227358e-02
4.407355424066559946e-02,4.407355424066559946e-02
5.547969873195832818e-02,5.547969873195832818e-02
2.861560006997460048e-02,2.861560006997460048e-02
4.916559115068326602e-02,4.916559115068326602e-02
4.484562143213562113e-02,4.484562143213562113e-02
4.540367565042523895e-02,4.540367565042523895e-02
4.390651529038389761e-02,4.390651529038389761e-02
2.638043056271804562e-02,2.638043056271804562e-02
4.622480145130205414e-02,4.622480145130205414e-02
3.467792558367820133e-02,3.467792558367820133e-02
4.242160202572925476e-02,4.242160202572925476e-02
4.831942387553761487e-02,4.831942387553761487e-02
3.878168233930348596e-02,3.878168233930348596e-02
5.805135264682928509e-02,5.805135264682928509e-02
4.340290919130415648e-02,4.340290919130415648e-02
4.720835401057618674e-02,4.720835401057618674e-02
2.212128116477898171e-02,2.212128116477898171e-02
3.752283238880391170e-02,3.752283238880391170e-02
5.063703845955348781e-02,5.063703845955348781e-02
3.163366772622637491e-02,3.163366772622637491e-02
4.562896886157596921e-02,4.562896886157596921e-02
5.269986158599249126e-02,5.269986158599249126e-02
4.391197147587648508e-02,4.391197147587648508e-02
6.082423387461421277e-02,6.082423387461421277e-02
5.059953200505336313e-02,5.059953200505336313e-02
5.010465632709831807e-02,5.010465632709831807e-02
3.100429520385806700e-02,3.100429520385806700e-02
3.307303097095973254e-02,3.307303097095973254e-02
4.693867487173424002e-02,4.693867487173424002e-02
2.183146081367353178e-02,2.183146081367353178e-02
4.770894401987033073e-02,4.770894401987033073e-02
3.168025682365210871e-02,3.168025682365210871e-02
5.625433838646863582e-02,5.625433838646863582e-02
2.534740333949403804e-02,2.534740333949403804e-02
4.354928556454501498e-02,4.354928556454501498e-02
3.730434606799487574e-02,3.730434606799487574e-02
3.936596421774973820e-02,3.936596421774973820e-02
4.277936666247627445e-02,4.277936666247627445e-02
2.904470608109476631e-02,2.904470608109476631e-02
3.059393675132371718e-02,3.059393675132371718e-02
4.305244736480079437e-02,4.305244736480079437e-02
3.443359851556659218e-02,3.443359851556659218e-02
7.020046678555137698e-02,7.020046678555137698e-02
4.173630940327666128e-02,4.173630940327666128e-02
2.559651088227459653e-02,2.559651088227459653e-02
5.492861291579739791e-02,5.492861291579739791e-02
4.511472513708539300e-02,4.511472513708539300e-02
3.339653762207750454e-02,3.339653762207750454e-02
3.281816322071426373e-02,3.281816322071426373e-02
4.359729696604185134e-02,4.359729696604185134e-02
4.540087185849632501e-02,4.540087185849632501e-02
5.516190319052398372e-02,5.516190319052398372e-02
4.940281424559772594e-02,4.940281424559772594e-02
5.206621715829005959e-02,5.206621715829005959e-02
4.902396870009279733e-02,4.902396870009279733e-02
4.703144977232058543e-02,4.703144977232058543e-02
4.282794569018251452e-02,4.282794569018251452e-02
4.108525909485175737e-02,4.108525909485175737e-02
3.124245483073586835e-02,3.124245483073586835e-02
5.034931371263554056e-02,5.034931371263554056e-02
4.092925972674566620e-02,4.092925972674566620e-02
5.244919537142682386e-02,5.244919537142682386e-02
4.135812995972590334e-02,4.135812995972590334e-02
5.544898169577761049e-02,5.544898169577761049e-02
4.698584707062216509e-02,4.698584707062216509e-02
4.970078426763862439e-02,4.970078426763862439e-02
5.700744252581327332e-02,5.700744252581327332e-02
4.277422337196488955e-02,4.277422337196488955e-02
5.291284072823319862e-02,5.291284072823319862e-02
3.646941674906273301e-02,3.646941674906273301e-02
5.301808249837408615e-02,5.301808249837408615e-02
4.241902311467857928e-02,4.241902311467857928e-02
5.533160824421572144e-02,5.533160824421572144e-02
6.063715282700723325e-02,6.063715282700723325e-02
4.704477248492590358e-02,4.704477248492590358e-02
3.614059412599456705e-02,3.614059412599456705e-02
4.770397858080470399e-02,4.770397858080470399e-02
6.014919527380440528e-02,6.014919527380440528e-02
3.524599341041614181e-02,3.524599341041614181e-02
4.388296929967516746e-02,4.388296929967516746e-02
5.186744944237640237e-02,5.186744944237640237e-02
4.280343790638282270e-02,4.280343790638282270e-02
3.265056296150178894e-02,3.265056296150178894e-02
3.695253449203099450e-02,3.695253449203099450e-02
3.472612801793414222e-02,3.472612801793414222e-02
3.417651407971755706e-02,3.417651407971755706e-02
5.755471391773982204e-02,5.755471391773982204e-02
5.131299144376869070e-02,5.131299144376869070e-02
5.171811717616685289e-02,5.171811717616685289e-02
3.803646537437946340e-02,3.803646537437946340e-02
4.502430116163305684e-02,4.502430116163305684e-02
3.079864699706534939e-02,3.079864699706534939e-02
5.654278260941936196e-02,5.654278260941936196e-02
4.433897850262268070e-02,4.433897850262268070e-02
3.059812311958375400e-02,3.059812311958375400e-02
3.669234845769352160e-02,3.669234845769352160e-02
4.092871142216639863e-02,4.092871142216639863e-02
5.094381559729291992e-02,5.094381559729291992e-02
4.867404544524495807e-02,4.867404544524495807e-02
3.122342198633393934e-02,3.122342198633393934e-02
6.027732934802855491e-02,6.027732934802855491e-02
2.372667770507301543e-02,2.372667770507301543e-02
3.973759201050455769e-02,3.973759201050455769e-02
2.412775967631614754e-02,2.412775967631614754e-02
2.706593710174092643e-02,2.706593710174092643e-02
4.563188372867237053e-02,4.563188372867237053e-02
1.907320835505988202e-02,1.907320835505988202e-02
3.362378362224401757e-02,3.362378362224401757e-02
4.362758451674056404e-02,4.362758451674056404e-02
3.476968869826366215e-02,3.476968869826366215e-02
2.506064301839875177e-02,2.506064301839875177e-02
4.610998829615065714e-02,4.610998829615065714e-02
4.627779491988245897e-02,4.627779491988245897e-02
4.185751889350240035e-02,4.185751889350240035e-02
4.400095735969514199e-02,4.400095735969514199e-02
2.168840194568379814e-02,2.168840194568379814e-02
3.780292376548693295e-02,3.780292376548693295e-02
3.040560713983273336e-02,3.040560713983273336e-02
5.210801457698378825e-02,5.210801457698378825e-02
5.314722167521463564e-02,5.314722167521463564e-02
5.284953288817270667e-02,5.284953288817270667e-02
5.129370238020274086e-02,5.129370238020274086e-02
4.881253638413900892e-02,4.881253638413900892e-02
4.044088784008656456e-02,4.044088784008656456e-02
3.466235965013852310e-02,3.466235965013852310e-02
4.793605705201801209e-02,4.793605705201801209e-02
4.552056150162159254e-02,4.552056150162159254e-02
4.431765941736916237e-02,4.431765941736916237e-02
6.434764038244281115e-02,6.434764038244281115e-02
5.939721928615945140e-02,5.939721928615945140e-02
2.145432028344308392e-02,2.145432028344308392e-02
5.340775789572625720e-02,5.340775789572625720e-02
2.608132265059522753e-02,2.608132265059522753e-02
4.057489110150029610e-02,4.057489110150029610e-02
8.047124416683792969e-02,8.047124416683792969e-02
4.351439647758892360e-02,4.351439647758892360e-02
2.222007763647036727e-02,2.222007763647036727e-02
4.712095843917415983e-02,4.712095843917415983e-02
3.459629151822463111e-02,3.459629151822463111e-02
3.954627887098213779e-02,3.954627887098213779e-02
5.608329887316416962e-02,5.608329887316416962e-02
3.926652818346287876e-02,3.926652818346287876e-02
4.984587241101486044e-02,4.984587241101486044e-02
4.521742531745000238e-02,4.521742531745000238e-02
4.371840850593885358e-02,4.371840850593885358e-02
5.666446032218250967e-02,5.666446032218250967e-02
4.226600614224017283e-02,4.226600614224017283e-02
4.449493307559408001e-02,4.449493307559408001e-02
3.752766188469607717e-02,3.752766188469607717e-02
4.235288263274002846e-02,4.235288263274002846e-02
5.542250814828590666e-02,5.542250814828590666e-02
2.910676797136660388e-02,2.910676797136660388e-02
5.848903174472770000e-02,5.848903174472770000e-02
4.943512140305105634e-02,4.943512140305105634e-02
4.632209380215509403e-02,4.632209380215509403e-02
3.485136685762531966e-02,3.485136685762531966e-02
3.835275524105524747e-02,3.835275524105524747e-02
3.735121279839111186e-02,3.735121279839111186e-02
2.874342294196473996e-02,2.874342294196473996e-02
2.739260490766058653e-02,2.739260490766058653e-02
5.660332256824150698e-02,5.660332256824150698e-02
3.567057221354413832e-02,3.567057221354413832e-02
3.456592802537521159e-02,3.456592802537521159e-02
5.531876502679679286e-02,5.531876502679679286e-02
4.433399255432976527e-02,4.433399255432976527e-02
3.779518867415145034e-02,3.779518867415145034e-02
3.934799890959921054e-02,3.934799890959921054e-02
5.819800314395039142e-02,5.819800314395039142e-02
4.284023925165893198e-02,4.284023925165893198e-02
4.576467241018998544e-02,4.576467241018998544e-02
4.237676896410784433e-02,4.237676896410784433e-02
5.426805249836586659e-02,5.426805249836586659e-02
4.609272908830272519e-02,4.609272908830272519e-02
4.187628399340378310e-02,4.187628399340378310e-02
2.692203559478497168e-02,2.692203559478497168e-02
4.466804531451158689e-02,4.466804531451158689e-02
2.947562224670655096e-02,2.947562224670655096e-02
3.683748626126495673e-02,3.683748626126495673e-02
4.024509585822078073e-02,4.024509585822078073e-02
3.846411850181066794e-02,3.846411850181066794e-02
4.511631225504831449e-02,4.511631225504831449e-02
3.844331955864398881e-02,3.844331955864398881e-02
4.641658212782433929e-02,4.641658212782433929e-02
5.367805651453723403e-02,5.367805651453723403e-02
5.535399348961456828e-02,5.535399348961456828e-02
3.168293265796197355e-02,3.168293265796197355e-02
4.287302148744955022e-02,4.287302148744955022e-02
2.935727498898256863e-02,2.935727498898256863e-02
3.785053060629773453e-02,3.785053060629773453e-02
3.676835763664048490e-02,3.676835763664048490e-02
4.604506766263321421e-02,4.604506766263321421e-02
2.960476666059449341e-02,2.960476666059449341e-02
5.317267033418450473e-02,5.317267033418450473e-02
4.626667942069466466e-02,4.626667942069466466e-02
4.206495618072945281e-02,4.206495618072945281e-02
4.805842400681861748e-02,4.805842400681861748e-02
5.274606436105769292e-02,5.274606436105769292e-02
5.098424768968135706e-02,5.098424768968135706e-02
4.714089171777394172e-02,4.714089171777394172e-02
5.121411162266736178e-02,5.121411162266736178e-02
5.776622316401323204e-02,5.776622316401323204e-02
5.542006300607448671e-02,5.542006300607448671e-02
5.653359771971350201e-02,5.653359771971350201e-02
4.070305566476556391e-02,4.070305566476556391e-02
3.835072193200331908e-02,3.835072193200331908e-02
5.093930414981968913e-02,5.093930414981968913e-02
2.619657489772005479e-02,2.619657489772005479e-02
3.180175263438813488e-02,3.180175263438813488e-02
3.769635753674257378e-02,3.769635753674257378e-02
4.660927183618057690e-02,4.660927183618057690e-02
6.932773397577013386e-02,6.932773397577013386e-02
3.168547207741157640e-02,3.168547207741157640e-02
3.138100838687073180e-02,3.138100838687073180e-02
3.956334532059915809e-02,3.956334532059915809e-02
5.400177587761341436e-02,5.400177587761341436e-02
5.267247977740811132e-02,5.267247977740811132e-02
3.658054935160193200e-02,3.658054935160193200e-02
3.093903458793615877e-02,3.093903458793615877e-02
5.891724545086141074e-02,5.891724545086141074e-02
3.763829767908720425e-02,3.763829767908720425e-02
6.281505302585962958e-02,6.281505302585962958e-02
4.613237913384558853e-02,4.613237913384558853e-02
4.599512187370288080e-02,4.599512187370288080e-02
4.536608820614432269e-02,4.536608820614432269e-02
3.404542377510853812e-02,3.404542377510853812e-02
4.679079085026768836e-02,4.679079085026768836e-02
4.571268227424213348e-02,4.571268227424213348e-02
5.155204267179559763e-02,5.155204267179559763e-02
4.712046509021886043e-02,4.712046509021886043e-02
3.913754105478151057e-02,3.913754105478151057e-02
4.575046177955126303e-02,4.575046177955126303e-02
5.383536194606760444e-02,5.383536194606760444e-02
4.963342833077989680e-02,4.963342833077989680e-02
5.786864971681329739e-02,5.786864971681329739e-02
3.310721028042060143e-02,3.310721028042060143e-02
7.108337520355836880e-02,7.108337520355836880e-02
4.302571485917044275e-02,4.302571485917044275e-02
4.257702785608574042e-02,4.257702785608574042e-02
5.231626897109969282e-02,5.231626897109969282e-02
2.711473914797773999e-02,2.711473914797773999e-02
4.413161235525087100e-02,4.413161235525087100e-02
3.996746144482335450e-02,3.996746144482335450e-02
3.693677032833385387e-02,3.693677032833385387e-02
4.382736304850617937e-02,4.382736304850617937e-02
5.245455076227789615e-02,5.245455076227789615e-02
6.210796082414998809e-02,6.210796082414998809e-02
3.702767352109287424e-02,3.702767352109287424e-02
3.634404216359582440e-02,3.634404216359582440e-02
4.609863017400281371e-02,4.609863017400281371e-02
3.208032769928335914e-02,3.208032769928335914e-02
5.346056971423002180e-02,5.346056971423002180e-02
3.789160269591863861e-02,3.789160269591863861e-02
3.998453834566855630e-02,3.998453834566855630e-02
4.369131155017877410e-02,4.369131155017877410e-02
5.629881218605786719e-02,5.629881218605786719e-02
4.249568110157733725e-02,4.249568110157733725e-02
4.626248933562669002e-02,4.626248933562669002e-02
3.890609631378989797e-02,3.890609631378989797e-02
4.079548722646446357e-02,4.079548722646446357e-02
5.599081367374716262e-02,5.599081367374716262e-02
2.765472072176249768e-02,2.765472072176249768e-02
3.708230051252336956e-02,3.708230051252336956e-02
3.004453490362022847e-02,3.004453490362022847e-02
3.636597805419539142e-02,3.636597805419539142e-02
4.112111368051536708e-02,4.112111368051536708e-02
5.057991146545826044e-02,5.057991146545826044e-02
4.576008012540483394e-02,4.576008012540483394e-02
4.860200276525723784e-02,4.860200276525723784e-02
3.415333490398599070e-02,3.415333490398599070e-02
3.185639664459261056e-02,3.185639664459261056e-02
2.232556864753588305e-02,2.232556864753588305e-02
4.522253705178097549e-02,4.522253705178097549e-02
3.676142205114908690e-02,3.676142205114908690e-02
5.761051185370511668e-02,5.761051185370511668e-02
5.591109032852766003e-02,5.591109032852766003e-02
3.182113705342632520e-02,3.182113705342632520e-02
4.554576502864515763e-02,4.554576502864515763e-02
4.723667981026211105e-02,4.723667981026211105e-02
5.755183692505114190e-02,5.755183692505114190e-02
4.665924766537479090e-02,4.665924766537479090e-02
3.756118940036494436e-02,3.756118940036494436e-02
4.751579292361067519e-02,4.751579292361067519e-02
4.333701566848508629e-02,4.333701566848508629e-02
2.573058927999786333e-02,2.573058927999786333e-02
2.341008083760613007e-02,2.341008083760613007e-02
4.226132220070190348e-02,4.226132220070190348e-02
4.517400226873240221e-02,4.517400226873240221e-02
4.070635936910918518e-02,4.070635936910918518e-02
3.147547784672295734e-02,3.147547784672295734e-02
4.021230159453322017e-02,4.021230159453322017e-02
5.449201771298319702e-02,5.449201771298319702e-02
4.643099066472627934e-02,4.643099066472627934e-02
4.083043656482567008e-02,4.083043656482567008e-02
4.151202505655598313e-02,4.151202505655598313e-02
4.582510895171820753e-02,4.582510895171820753e-02
2.971970168818121455e-02,2.971970168818121455e-02
3.641742707416409375e-02,3.641742707416409375e-02
2.697068426164354882e-02,2.697068426164354882e-02
3.606846764303760222e-02,3.606846764303760222e-02
3.365905953387169497e-02,3.365905953387169497e-02
3.449051223007428696e-02,3.449051223007428696e-02
3.185755239052216747e-02,3.185755239052216747e-02
4.193094207943392354e-02,4.193094207943392354e-02
3.630949938136843191e-02,3.630949938136843191e-02
4.352728118564937188e-02,4.352728118564937188e-02
2.998094591223306182e-02,2.998094591223306182e-02
4.515769767844258348e-02,4.515769767844258348e-02
2.751066116709976334e-02,2.751066116709976334e-02
6.166798065722824129e-02,6.166798065722824129e-02
5.205056781671005273e-02,5.205056781671005273e-02
4.448535993021145163e-02,4.448535993021145163e-02
4.742999340995351920e-02,4.742999340995351920e-02
3.950723061919531737e-02,3.950723061919531737e-02
1.610107588877930651e-02,1.610107588877930651e-02
5.773235449203267117e-02,5.773235449203267117e-02
4.644573657407370659e-02,4.644573657407370659e-02
4.507528560777492033e-02,4.507528560777492033e-02
5.714005632613248370e-02,5.714005632613248370e-02
2.398399050345767503e-02,2.398399050345767503e-02
3.108597601770543215e-02,3.108597601770543215e-02
4.943111342791214197e-02,4.943111342791214197e-02
3.805184983590863268e-02,3.805184983590863268e-02
2.832700146461234955e-02,2.832700146461234955e-02
3.397327815239253174e-02,3.397327815239253174e-02
2.960588622327387995e-02,2.960588622327387995e-02
4.047958999088120680e-02,4.047958999088120680e-02
3.779334727451631737e-02,3.779334727451631737e-02
4.474524516894663045e-02,4.474524516894663045e-02
3.443633258509570111e-02,3.443633258509570111e-02
5.813718366573074336e-02,5.813718366573074336e-02
3.870970110961535759e-02,3.870970110961535759e-02
4.441145367466965699e-02,4.441145367466965699e-02
4.813393079526447765e-02,4.813393079526447765e-02
3.453336298552897587e-02,3.453336298552897587e-02
3.937669233110781264e-02,3.937669233110781264e-02
2.230017018678432522e-02,2.230017018678432522e-02
3.045305315823802067e-02,3.045305315823802067e-02
4.199848875978066942e-02,4.199848875978066942e-02
3.945344394582009362e-02,3.945344394582009362e-02
5.615944873783636215e-02,5.615944873783636215e-02
4.557929211873613939e-02,4.557929211873613939e-02
2.974536057994069116e-02,2.974536057994069116e-02
4.515217332074449030e-02,4.515217332074449030e-02
4.982022950062672817e-02,4.982022950062672817e-02
4.484378319852842798e-02,4.484378319852842798e-02
4.198560677427724819e-02,4.198560677427724819e-02
5.294261862189332535e-02,5.294261862189332535e-02
4.959026693676391040e-02,4.959026693676391040e-02
4.632174514447968960e-02,4.632174514447968960e-02
2.698873949971180436e-02,2.698873949971180436e-02
5.158104389669897899e-02,5.158104389669897899e-02
4.553966609832489632e-02,4.553966609832489632e-02
2.680805284124708476e-02,2.680805284124708476e-02
2.830132235636422661e-02,2.830132235636422661e-02
3.831036604202572859e-02,3.831036604202572859e-02
2.923021093032143747e-02,2.923021093032143747e-02
3.132549234821147000e-02,3.132549234821147000e-02
4.349421023199716296e-02,4.349421023199716296e-02
1.995169712296710612e-02,1.995169712296710612e-02
5.104678334676712725e-02,5.104678334676712725e-02
4.022852439601463936e-02,4.022852439601463936e-02
3.863464082795741578e-02,3.863464082795741578e-02
4.214346398687355416e-02,4.214346398687355416e-02
1.851305349125787619e-02,1.851305349125787619e-02
4.028665440733103509e-02,4.028665440733103509e-02
4.353782392366638970e-02,4.353782392366638970e-02
3.276702872454501786e-02,3.276702872454501786e-02
4.157316176311183498e-02,4.157316176311183498e-02
3.460080646477852601e-02,3.460080646477852601e-02
3.771131145645201244e-02,3.771131145645201244e-02
4.609476388471277913e-02,4.609476388471277913e-02
4.996339069529235483e-02,4.996339069529235483e-02
5.752222633237803751e-02,5.752222633237803751e-02
4.859517314844363778e-02,4.859517314844363778e-02
5.719507257968628466e-02,5.719507257968628466e-02
4.015463147929884680e-02,4.015463147929884680e-02
2.663528478696140789e-02,2.663528478696140789e-02
3.756654258307219607e-02,3.756654258307219607e-02
1.019589292265273006e-02,1.019589292265273006e-02
4.075806455550669283e-02,4.075806455550669283e-02
6.818925739117190354e-02,6.818925739117190354e-02
3.983768840945475787e-02,3.983768840945475787e-02
3.187559968627282081e-02,3.187559968627282081e-02
5.264183786941143556e-02,5.264183786941143556e-02
4.764629226778463456e-02,4.764629226778463456e-02
6.399473331717731028e-02,6.399473331717731028e-02
4.920201575904094293e-02,4.920201575904094293e-02
4.944560465526065540e-02,4.944560465526065540e-02
4.936964517995121038e-02,4.936964517995121038e-02
4.322332296544788288e-02,4.322332296544788288e-02
2.817812697686316453e-02,2.817812697686316453e-02
4.354955351448145523e-02,4.354955351448145523e-02
4.813597156972342084e-02,4.813597156972342084e-02
2.395546347368441090e-02,2.395546347368441090e-02
4.659611920994509437e-02,4.659611920994509437e-02
3.949627975603932362e-02,3.949627975603932362e-02
6.426509286222434336e-02,6.426509286222434336e-02
3.738780113640730735e-02,3.738780113640730735e-02
4.303895845392744640e-02,4.303895845392744640e-02
5.292074312890865384e-02,5.292074312890865384e-02
4.676908402282398125e-02,4.676908402282398125e-02
3.728843450459420894e-02,3.728843450459420894e-02
3.846231021551457796e-02,3.846231021551457796e-02
3.605651695446145111e-02,3.605651695446145111e-02
5.008608949427633544e-02,5.008608949427633544e-02
3.036140089134066813e-02,3.036140089134066813e-02
4.405662131714494639e-02,4.405662131714494639e-02
3.779458286552030838e-02,3.779458286552030838e-02
2.124483174565411359e-02,2.124483174565411359e-02
3.016668027833387458e-02,3.016668027833387458e-02
4.944450814088414276e-02,4.944450814088414276e-02
4.869301756702043571e-02,4.869301756702043571e-02
6.717193055699209603e-02,6.717193055699209603e-02
4.734503024052898190e-02,4.734503024052898190e-02
6.695167674193659713e-02,6.695167674193659713e-02
4.147543332601097421e-02,4.147543332601097421e-02
4.722571353841675118e-02,4.722571353841675118e-02
3.236352741155020668e-02,3.236352741155020668e-02
4.492533766776617143e-02,4.492533766776617143e-02
3.804160650005573852e-02,3.804160650005573852e-02
5.091435411270463229e-02,5.091435411270463229e-02
5.140304423038630915e-02,5.140304423038630915e-02
5.181379085657066008e-02,5.181379085657066008e-02
3.118502908779571467e-02,3.118502908779571467e-02
4.295417227950881767e-02,4.295417227950881767e-02
3.190933005977858450e-02,3.190933005977858450e-02
2.368519105446675876e-02,2.368519105446675876e-02
5.182250272965487070e-02,5.182250272965487070e-02
4.526673387956985095e-02,4.526673387956985095e-02
6.224567791294269292e-02,6.224567791294269292e-02
4.833681359673373812e-02,4.833681359673373812e-02
4.049870358860265668e-02,4.049870358860265668e-02
3.051186997243025834e-02,3.051186997243025834e-02
3.362296782617370250e-02,3.362296782617370250e-02
4.130673723449605067e-02,4.130673723449605067e-02
2.381626663773973168e-02,2.381626663773973168e-02
2.815119742721629292e-02,2.815119742721629292e-02
5.000855352069556725e-02,5.000855352069556725e-02
5.121744781993918527e-02,5.121744781993918527e-02
3.999972248980983303e-02,3.999972248980983303e-02
5.051999550951445650e-02,5.051999550951445650e-02
1.833045549097250468e-02,1.833045549097250468e-02
3.638878589696067922e-02,3.638878589696067922e-02
4.430069665267645507e-02,4.430069665267645507e-02
4.369862297812368568e-02,4.369862297812368568e-02
4.562999043952693096e-02,4.562999043952693096e-02
3.638599813686899109e-02,3.638599813686899109e-02
3.621441881872179691e-02,3.621441881872179691e-02
3.480248052881405874e-02,3.480248052881405874e-02
3.950573464764377263e-02,3.950573464764377263e-02
3.331421207707407905e-02,3.331421207707407905e-02
4.609193252689549464e-02,4.609193252689549464e-02
4.232911368083282222e-02,4.232911368083282222e-02
3.804103692358509758e-02,3.804103692358509758e-02
3.071775605283002392e-02,3.071775605283002392e-02
4.049595184775736656e-02,4.049595184775736656e-02
3.084586143112183487e-02,3.084586143112183487e-02
4.084105041836746941e-02,4.084105041836746941e-02
2.878934937714785341e-02,2.878934937714785341e-02
1.749828165282438924e-02,1.749828165282438924e-02
5.279257607150031339e-02,5.279257607150031339e-02
5.039125739933456027e-02,5.039125739933456027e-02
3.499173938620692148e-02,3.499173938620692148e-02
5.037253146580348423e-02,5.037253146580348423e-02
4.847368968633632841e-02,4.847368968633632841e-02
6.512015834153714322e-02,6.512015834153714322e-02
4.767598815741209278e-02,4.767598815741209278e-02
4.236807197179676826e-02,4.236807197179676826e-02
5.590045726061000642e-02,5.590045726061000642e-02
2.402639027772468169e-02,2.402639027772468169e-02
5.693821009888781759e-02,5.693821009888781759e-02
4.855286759886178610e-02,4.855286759886178610e-02
5.468839470195480806e-02,5.468839470195480806e-02
3.962029480074016896e-02,3.962029480074016896e-02
4.952973563786745859e-02,4.952973563786745859e-02
5.963808199707096996e-02,5.963808199707096996e-02
3.773046245731825898e-02,3.773046245731825898e-02
5.352303738206801859e-02,5.352303738206801859e-02
2.316742131126310958e-02,2.316742131126310958e-02
5.525544213904654001e-02,5.525544213904654001e-02
3.823827832676353344e-02,3.823827832676353344e-02
2.509373760392562616e-02,2.509373760392562616e-02
6.569760298919430364e-02,6.569760298919430364e-02
4.892574055804446709e-02,4.892574055804446709e-02
4.640772541816914898e-02,4.640772541816914898e-02
5.001215072125390904e-02,5.001215072125390904e-02
3.797977115781257795e-02,3.797977115781257795e-02
4.357671720491385070e-02,4.357671720491385070e-02
3.241862717371735148e-02,3.241862717371735148e-02
2.188984011136265936e-02,2.188984011136265936e-02
6.206031002572442307e-02,6.206031002572442307e-02
3.317305648708621102e-02,3.317305648708621102e-02
5.008730732613668468e-02,5.008730732613668468e-02
4.072927967452047437e-02,4.072927967452047437e-02
4.321910934263214349e-02,4.321910934263214349e-02
4.215406546165967328e-02,4.215406546165967328e-02
2.258953521423949160e-02,2.258953521423949160e-02
5.654678235475490977e-02,5.654678235475490977e-02
4.299654663128196774e-02,4.299654663128196774e-02
2.441805346637846569e-02,2.441805346637846569e-02
3.448359212113964040e-02,3.448359212113964040e-02
4.869708507545595505e-02,4.869708507545595505e-02
4.004295595732046409e-02,4.004295595732046409e-02
3.558807140327015228e-02,3.558807140327015228e-02
4.177723050703399665e-02,4.177723050703399665e-02
3.130573871933314822e-02,3.130573871933314822e-02
4.283019169532428089e-02,4.283019169532428089e-02
4.410988000103990142e-02,4.410988000103990142e-02
3.242297652870428093e-02,3.242297652870428093e-02
5.133805187643357415e-02,5.133805187643357415e-02
3.742275620486391896e-02,3.742275620486391896e-02
5.581003674472784226e-02,5.581003674472784226e-02
5.338132656749948468e-02,5.338132656749948468e-02
3.626430102526372740e-02,3.626430102526372740e-02
5.682299624487060358e-02,5.682299624487060358e-02
5.959305419351441924e-02,5.959305419351441924e-02
3.975312300339980953e-02,3.975312300339980953e-02
4.478176827909174929e-02,4.478176827909174929e-02
3.323055800533834814e-02,3.323055800533834814e-02
4.356714792448967977e-02,4.356714792448967977e-02
5.395222385753694477e-02,5.395222385753694477e-02
3.413658085909513501e-02,3.413658085909513501e-02
4.982042596051485667e-02,4.982042596051485667e-02
4.482249114542709995e-02,4.482249114542709995e-02
3.252534702666086408e-02,3.252534702666086408e-02
4.358104745510998912e-02,4.358104745510998912e-02
5.631288016067108326e-02,5.631288016067108326e-02
2.688881805773215769e-02,2.688881805773215769e-02
5.694519053711924461e-02,5.694519053711924461e-02
5.199219670169388102e-02,5.199219670169388102e-02
4.695478892163218454e-02,4.695478892163218454e-02
4.603398288293658602e-02,4.603398288293658602e-02
4.532337885967533536e-02,4.532337885967533536e-02
5.651884913748670553e-02,5.651884913748670553e-02
4.016990634260283327e-02,4.016990634260283327e-02
4.483437096958359930e-02,4.483437096958359930e-02
1.019639807922972929e-02,1.019639807922972929e-02
3.559174024914395218e-02,3.559174024914395218e-02
5.323486965766142942e-02,5.323486965766142942e-02
5.255925027296051710e-02,5.255925027296051710e-02
3.934699324856632402e-02,3.934699324856632402e-02
4.081560015258825502e-02,4.081560015258825502e-02
1.438425049286996132e-02,1.438425049286996132e-02
3.861875336095337702e-02,3.861875336095337702e-02
3.936888252553710776e-02,3.936888252553710776e-02
2.762284321960771158e-02,2.762284321960771158e-02
5.897709471064292025e-02,5.897709471064292025e-02
4.123595079346708409e-02,4.123595079346708409e-02
4.820717146816203003e-02,4.820717146816203003e-02
5.319084836429521096e-02,5.319084836429521096e-02
4.569830557290045780e-02,4.569830557290045780e-02
5.981171308290778033e-02,5.981171308290778033e-02
5.643484154090416122e-02,5.643484154090416122e-02
4.386411901550110737e-02,4.386411901550110737e-02
3.332142548311324559e-02,3.332142548311324559e-02
3.971861331376221743e-02,3.971861331376221743e-02
5.365055866733711709e-02,5.365055866733711709e-02
1.396044876911466115e-02,1.396044876911466115e-02
4.723746157022491038e-02,4.723746157022491038e-02
4.235369493203897107e-02,4.235369493203897107e-02
3.422953775288052614e-02,3.422953775288052614e-02
5.723311562711992651e-02,5.723311562711992651e-02
2.623441733648032570e-02,2.623441733648032570e-02
3.541953342773975638e-02,3.541953342773975638e-02
5.770010659321688634e-02,5.770010659321688634e-02
4.430427111022755549e-02,4.430427111022755549e-02
4.994026612623313904e-02,4.994026612623313904e-02
4.845771166359419402e-02,4.845771166359419402e-02
3.688711057674784466e-02,3.688711057674784466e-02
3.295921856603881150e-02,3.295921856603881150e-02
4.178868857009775117e-02,4.178868857009775117e-02
3.598178247585687162e-02,3.598178247585687162e-02
2.660111846433461241e-02,2.660111846433461241e-02
3.375785401278506154e-02,3.375785401278506154e-02
2.203500665588201471e-02,2.203500665588201471e-02
4.536551008502396481e-02,4.536551008502396481e-02
4.635312998274522533e-02,4.635312998274522533e-02
7.184933385391222005e-02,7.184933385391222005e-02
3.585574028178947076e-02,3.585574028178947076e-02
2.600915810581081941e-02,2.600915810581081941e-02
4.150388802033864316e-02,4.150388802033864316e-02
4.298817391408922550e-02,4.298817391408922550e-02
3.078378803482503118e-02,3.078378803482503118e-02
1.658873732856295385e-02,1.658873732856295385e-02
3.136725026164145780e-02,3.136725026164145780e-02
2.109117404257115913e-02,2.109117404257115913e-02
3.791070844824381836e-02,3.791070844824381836e-02
3.815880038982200073e-02,3.815880038982200073e-02
4.810328167617895084e-02,4.810328167617895084e-02
4.472635340977664659e-02,4.472635340977664659e-02
4.776433366436316774e-02,4.776433366436316774e-02
6.761288659513148280e-02,6.761288659513148280e-02
3.391319045968368973e-02,3.391319045968368973e-02
5.387407034129608474e-02,5.387407034129608474e-02
3.258388344246421903e-02,3.258388344246421903e-02
4.649097640804744636e-02,4.649097640804744636e-02
3.353073565002846756e-02,3.353073565002846756e-02
4.988298542791449325e-02,4.988298542791449325e-02
2.340249844598876749e-02,2.340249844598876749e-02
4.215509548188565991e-02,4.215509548188565991e-02
3.902425409987620580e-02,3.902425409987620580e-02
5.226138205811674958e-02,5.226138205811674958e-02
5.678083448603523514e-02,5.678083448603523514e-02
3.764980831283255142e-02,3.764980831283255142e-02
3.738276523893050568e-02,3.738276523893050568e-02
5.152379764326859429e-02,5.152379764326859429e-02
3.879090309577996887e-02,3.879090309577996887e-02
4.449590683788862133e-02,4.449590683788862133e-02
5.096760697607493479e-02,5.096760697607493479e-02
6.875068621934739277e-02,6.875068621934739277e-02
4.416496155956962932e-02,4.416496155956962932e-02
3.829380389726537437e-02,3.829380389726537437e-02
4.032883039443634077e-02,4.032883039443634077e-02
3.811616725774823883e-02,3.811616725774823883e-02
3.425344871952759607e-02,3.425344871952759607e-02
6.983795962993270823e-02,6.983795962993270823e-02
3.071053053786728174e-02,3.071053053786728174e-02
4.769376774595619067e-02,4.769376774595619067e-02
4.713077262928284245e-02,4.713077262928284245e-02
3.949125344633235696e-02,3.949125344633235696e-02
3.599790422363706444e-02,3.599790422363706444e-02
4.108648816393417613e-02,4.108648816393417613e-02
6.271900008823842743e-02,6.271900008823842743e-02
4.355461213417662070e-02,4.355461213417662070e-02
3.530888465001656012e-02,3.530888465001656012e-02
4.332135496750234849e-02,4.332135496750234849e-02
4.881571808481081909e-02,4.881571808481081909e-02
5.126891291226064878e-02,5.126891291226064878e-02
5.379120572710918702e-02,5.379120572710918702e-02
3.170434069749133998e-02,3.170434069749133998e-02
4.969480863570188006e-02,4.969480863570188006e-02
4.506263697123606693e-02,4.506263697123606693e-02
4.946307027963051106e-02,4.946307027963051106e-02
3.582023041541121389e-02,3.582023041541121389e-02
4.843231869177788695e-02,4.843231869177788695e-02
4.002426622334059880e-02,4.002426622334059880e-02
5.259917894912707892e-02,5.259917894912707892e-02
4.758910304054472795e-02,4.758910304054472795e-02
3.179216559198357051e-02,3.179216559198357051e-02
5.714499550954771356e-02,5.714499550954771356e-02
5.251117538766170850e-02,5.251117538766170850e-02
5.152417601157131821e-02,5.152417601157131821e-02
3.470565254501258023e-02,3.470565254501258023e-02
