-4.111080262450133443e-02,-4.111080262450133443e-02
-1.883298192503185531e-02,-1.883298192503185531e-02
-1.324860915535297501e-02,-1.324860915535297501e-02
-2.581600932048971897e-02,-2.581600932048971897e-02
-2.086892920337923840e-02,-2.086892920337923840e-02
-3.863057869669710848e-02,-3.863057869669710848e-02
-4.598053479103458158e-02,-4.598053479103458158e-02
-4.699615858939019952e-02,-4.699615858939019952e-02
-2.764244312514019253e-02,-2.764244312514019253e-02
-4.879875133400170956e-02,-4.879875133400170956e-02
-3.512833131580674062e-02,-3.512833131580674062e-02
-4.019616282134475665e-02,-4.019616282134475665e-02
-6.194097600518783109e-02,-6.194097600518783109e-02
-3.699115811376061519e-02,-3.699115811376061519e-02
-3.182616712256087360e-02,-3.182616712256087360e-02
-3.846997963909753321e-02,-3.846997963909753321e-02
-5.952718271938704786e-02,-5.952718271938704786e-02
-3.114344530581923676e-02,-3.114344530581923676e-02
-2.933106927353901217e-02,-2.933106927353901217e-02
-5.594809554785224598e-02,-5.594809554785224598e-02
-4.176535983692027804e-02,-4.176535983692027804e-02
-1.892626237834513919e-02,-1.892626237834513919e-02
-2.825066805090652861e-02,-2.825066805090652861e-02
-4.622036344969389365e-02,-4.622036344969389365e-02
-8.194090938831374848e-04,-8.194090938831374848e-04
-2.618946907762353601e-02,-2.618946907762353601e-02
-3.516650579748147043e-02,-3.516650579748147043e-02
-4.592496874807630580e-02,-4.592496874807630580e-02
-5.367199901778385573e-02,-5.367199901778385573e-02
-4.530791709826732794e-02,-4.530791709826732794e-02
-4.050737313275899060e-02,-4.050737313275899060e-02
-4.752470516125820166e-02,-4.752470516125820166e-02
-2.825870121565565024e-02,-2.825870121565565024e-02
-4.253745741509284278e-02,-4.253745741509284278e-02
-4.034445341254611073e-02,-4.034445341254611073e-02
-2.569466687027432972e-02,-2.569466687027432972e-02
-3.082810952768594986e-02,-3.082810952768594986e-02
-2.394960009833740910e-02,-2.394960009833740910e-02
-5.446390162330213419e-02,-5.446390162330213419e-02
-3.203380998539007152e-02,-3.203380998539007152e-02
-4.676606014314133031e-02,-4.676606014314133031e-02
-1.619261088422863093e-02,-1.619261088422863093e-02
-4.017228505727986343e-02,-4.017228505727986343e-02
-6.760663097939591248e-02,-6.760663097939591248e-02
-3.232509680668128882e-02,-3.232509680668128882e-02
-4.901784168477524295e-02,-4.901784168477524295e-02
-5.172667940566023220e-02,-5.172667940566023220e-02
-4.108974721690892423e-02,-4.108974721690892423e-02
-5.089258110629075321e-02,-5.089258110629075321e-02
-4.767998436309271032e-02,-4.767998436309271032e-02
-3.772964664576078375e-02,-3.772964664576078375e-02
-3.313126831600363142e-02,-3.313126831600363142e-02
-3.066377230669039416e-02,-3.066377230669039416e-02
-1.868386536135078352e-02,-1.868386536135078352e-02
-4.104979451494704390e-02,-4.104979451494704390e-02
-2.946893274668967166e-02,-2.946893274668967166e-02
-3.492046692575228456e-02,-3.492046692575228456e-02
-3.794513843691853239e-02,-3.794513843691853239e-02
-4.207204426929365970e-02,-4.207204426929365970e-02
-5.693813087340520579e-02,-5.693813087340520579e-02
-3.155807788212260795e-02,-3.155807788212260795e-02
-4.214139767288453686e-02,-4.214139767288453686e-02
-4.080925504290503630e-02,-4.080925504290503630e-02
-4.217256692400146723e-02,-4.217256692400146723e-02
-3.821104808413076925e-02,-3.821104808413076925e-02
-2.733709451597036294e-02,-2.733709451597036294e-02
-2.933404105682316243e-02,-2.933404105682316243e-02
-3.697433235707824062e-02,-3.697433235707824062e-02
-3.393152619127815656e-02,-3.393152619127815656e-02
-5.889874714738885242e-02,-5.889874714738885242e-02
-2.627817433851089429e-02,-2.627817433851089429e-02
-5.745706414984853849e-02,-5.745706414984853849e-02
-4.826120666143254856e-02,-4.826120666143254856e-02
-6.416602926475580004e-02,-6.416602926475580004e-02
-3.573642351621077878e-02,-3.573642351621077878e-02
-5.192098598038184104e-02,-5.192098598038184104e-02
-5.151382959810046208e-02,-5.151382959810046208e-02
-4.332818807014588575e-02,-4.332818807014588575e-02
-5.213625791410147342e-02,-5.213625791410147342e-02
-4.678901991502480706e-02,-4.678901991502480706e-02
-2.257148552944281128e-02,-2.257148552944281128e-02
-2.049401370568362801e-02,-2.049401370568362801e-02
-6.552673072076094229e-02,-6.552673072076094229e-02
-3.305274784348162520e-02,-3.305274784348162520e-02
-5.088561334010970050e-02,-5.088561334010970050e-02
-3.900578661697868404e-02,-3.900578661697868404e-02
-2.049764374660374699e-02,-2.049764374660374699e-02
-3.746246678471638891e-02,-3.746246678471638891e-02
-5.944944700017286421e-02,-5.944944700017286421e-02
-2.881710107727203374e-02,-2.881710107727203374e-02
-2.276689358533798280e-02,-2.276689358533798280e-02
-6.362993133919694899e-02,-6.362993133919694899e-02
-2.395676652734079343e-02,-2.395676652734079343e-02
-2.130668264369577763e-02,-2.130668264369577763e-02
-4.591321346185270325e-02,-4.591321346185270325e-02
-2.538501112452451469e-02,-2.538501112452451469e-02
-2.170219434326779717e-02,-2.170219434326779717e-02
-2.983887739138845613e-02,-2.983887739138845613e-02
-4.191155093282151328e-02,-4.191155093282151328e-02
-3.152821137813824337e-02,-3.152821137813824337e-02
-3.553339005847462595e-02,-3.553339005847462595e-02
-2.707618230845397142e-02,-2.707618230845397142e-02
-4.672151693792710170e-02,-4.672151693792710170e-02
-6.258887554308961709e-02,-6.258887554308961709e-02
-3.411023363903729899e-02,-3.411023363903729899e-02
-3.131242913902091557e-02,-3.131242913902091557e-02
-3.683627235923986332e-02,-3.683627235923986332e-02
-4.630428955698727422e-02,-4.630428955698727422e-02
-2.389524565806216971e-02,-2.389524565806216971e-02
-3.460329734548627661e-02,-3.460329734548627661e-02
-5.047614679109303781e-02,-5.047614679109303781e-02
-3.435877630280764761e-02,-3.435877630280764761e-02
-4.966906877134519283e-02,-4.966906877134519283e-02
-4.261018551121351083e-02,-4.261018551121351083e-02
-3.133980597794827627e-02,-3.133980597794827627e-02
-3.537925510256952760e-02,-3.537925510256952760e-02
-3.097539911017678504e-02,-3.097539911017678504e-02
-3.603702968064943085e-02,-3.603702968064943085e-02
-5.234354683542772474e-02,-5.234354683542772474e-02
-4.726766336536770280e-02,-4.726766336536770280e-02
-4.367477334916519682e-03,-4.367477334916519682e-03
-4.808468905690859579e-02,-4.808468905690859579e-02
-2.286571430659659065e-02,-2.286571430659659065e-02
-3.756535537947942871e-02,-3.756535537947942871e-02
-3.656313959875413799e-02,-3.656313959875413799e-02
-3.868024892743136822e-02,-3.868024892743136822e-02
-3.023655951353283744e-02,-3.023655951353283744e-02
-4.733151800450353247e-02,-4.733151800450353247e-02
-3.717567842024785407e-02,-3.717567842024785407e-02
-3.041682110979199855e-02,-3.041682110979199855e-02
-3.690302762987963253e-02,-3.690302762987963253e-02
-5.034221655183920147e-02,-5.034221655183920147e-02
-3.734828374163874642e-02,-3.734828374163874642e-02
-3.838589985948730882e-02,-3.838589985948730882e-02
-3.636797258379719650e-02,-3.636797258379719650e-02
-6.290245266463262430e-02,-6.290245266463262430e-02
-4.182183616600660542e-02,-4.182183616600660542e-02
-3.248942853317699636e-02,-3.248942853317699636e-02
-3.203118045650579782e-02,-3.203118045650579782e-02
-1.382722368887873143e-02,-1.382722368887873143e-02
-3.816627053733905039e-02,-3.816627053733905039e-02
-4.761374041681350200e-02,-4.761374041681350200e-02
-3.096097652258157640e-02,-3.096097652258157640e-02
-4.598977153251300465e-02,-4.598977153251300465e-02
-2.970255815440286939e-02,-2.970255815440286939e-02
-4.780411073053380394e-02,-4.780411073053380394e-02
-4.419994917149072666e-02,-4.419994917149072666e-02
-1.495589715245044388e-02,-1.495589715245044388e-02
-4.554141499568029744e-02,-4.554141499568029744e-02
-4.618805884212529023e-02,-4.618805884212529023e-02
-1.027017403595174155e-02,-1.027017403595174155e-02
-4.014495358318664886e-02,-4.014495358318664886e-02
-5.574860384386694234e-02,-5.574860384386694234e-02
-4.865700847313757238e-02,-4.865700847313757238e-02
-2.749344422558976792e-02,-2.749344422558976792e-02
-6.550927992420801926e-02,-6.550927992420801926e-02
-4.037771590510904479e-02,-4.037771590510904479e-02
-1.832818920048469996e-02,-1.832818920048469996e-02
-4.727632064508412169e-02,-4.727632064508412169e-02
-5.568127373093737648e-02,-5.568127373093737648e-02
-3.245183650463937669e-02,-3.245183650463937669e-02
-4.661116957298148261e-02,-4.661116957298148261e-02
-2.864442528322534015e-02,-2.864442528322534015e-02
-5.406330544482475936e-02,-5.406330544482475936e-02
-2.533008319435321731e-02,-2.533008319435321731e-02
-5.965212009260883325e-02,-5.965212009260883325e-02
-6.950162853093644344e-02,-6.950162853093644344e-02
-4.269191092248688507e-02,-4.269191092248688507e-02
-5.165815857281555457e-02,-5.165815857281555457e-02
-4.686639220597107330e-02,-4.686639220597107330e-02
-2.055889930606355498e-02,-2.055889930606355498e-02
-3.745477284921307215e-02,-3.745477284921307215e-02
-2.560658633035974019e-02,-2.560658633035974019e-02
-3.167676971606307040e-02,-3.167676971606307040e-02
-2.024565729208863130e-02,-2.024565729208863130e-02
-3.229730183099399632e-02,-3.229730183099399632e-02
-4.142598449806850908e-02,-4.142598449806850908e-02
-4.113402471456185233e-02,-4.113402471456185233e-02
-4.353563746565623782e-02,-4.353563746565623782e-02
-2.194335653074506315e-02,-2.194335653074506315e-02
-3.520925606602225144e-02,-3.520925606602225144e-02
-4.948336713271551945e-02,-4.948336713271551945e-02
-3.558800081417353572e-02,-3.558800081417353572e-02
-3.446442031065971578e-02,-3.446442031065971578e-02
-4.049999637060849866e-02,-4.049999637060849866e-02
-3.766669232248463783e-02,-3.766669232248463783e-02
-4.233296156193402937e-02,-4.233296156193402937e-02
-2.492998308494748239e-02,-2.492998308494748239e-02
-7.387671034907131173e-02,-7.387671034907131173e-02
-4.308147979406116296e-02,-4.308147979406116296e-02
-4.346391201782602576e-02,-4.346391201782602576e-02
-4.738268282769124429e-02,-4.738268282769124429e-02
-6.169840795722772442e-02,-6.169840795722772442e-02
-4.715893786800157139e-02,-4.715893786800157139e-02
-4.076489446401850708e-02,-4.076489446401850708e-02
-1.757311993867966687e-02,-1.757311993867966687e-02
-2.976511250648057605e-02,-2.976511250648057605e-02
-4.364990624813990666e-02,-4.364990624813990666e-02
-3.028318187002551620e-02,-3.028318187002551620e-02
-3.525513236138853868e-02,-3.525513236138853868e-02
-5.322524515545651314e-02,-5.322524515545651314e-02
-4.073852392423627650e-02,-4.073852392423627650e-02
-1.671416083217449472e-02,-1.671416083217449472e-02
-5.246203756640028387e-02,-5.246203756640028387e-02
-4.946439060285083567e-02,-4.946439060285083567e-02
-4.859324543345520941e-02,-4.859324543345520941e-02
-2.304954181776723565e-02,-2.304954181776723565e-02
-4.417815419687948220e-02,-4.417815419687948220e-02
-3.748831193679427742e-02,-3.748831193679427742e-02
-6.125530061348918864e-02,-6.125530061348918864e-02
-2.507117164470322457e-02,-2.507117164470322457e-02
-1.055665660984340948e-02,-1.055665660984340948e-02
-3.048597282421175447e-02,-3.048597282421175447e-02
-5.117059801452771006e-02,-5.117059801452771006e-02
-2.662882925473756754e-02,-2.662882925473756754e-02
-3.593679556530997993e-02,-3.593679556530997993e-02
-3.983470651623031988e-02,-3.983470651623031988e-02
-3.928119140373389356e-02,-3.928119140373389356e-02
-2.810477544209531719e-02,-2.810477544209531719e-02
-4.972981492225727468e-02,-4.972981492225727468e-02
-4.949742220296435291e-02,-4.949742220296435291e-02
-3.746899437516221232e-02,-3.746899437516221232e-02
-5.576090151646120180e-02,-5.576090151646120180e-02
-4.608539459361871843e-02,-4.608539459361871843e-02
-3.696546612750433586e-02,-3.696546612750433586e-02
-3.219878206944434829e-02,-3.219878206944434829e-02
-2.705562919487815993e-02,-2.705562919487815993e-02
-3.550403608064628402e-02,-3.550403608064628402e-02
-3.978036466735781346e-02,-3.978036466735781346e-02
-4.114868569793898867e-02,-4.114868569793898867e-02
-6.095440755706178770e-02,-6.095440755706178770e-02
-4.239376466918652608e-02,-4.239376466918652608e-02
-6.388545365699370426e-02,-6.388545365699370426e-02
-4.426349667597409554e-02,-4.426349667597409554e-02
-5.351212718953437392e-02,-5.351212718953437392e-02
-2.544165369061159726e-02,-2.544165369061159726e-02
-4.759049094411767905e-02,-4.759049094411767905e-02
-4.692292817138866978e-02,-4.692292817138866978e-02
-4.189708599909209435e-02,-4.189708599909209435e-02
-5.651652118727037294e-02,-5.651652118727037294e-02
-5.540227544475699595e-02,-5.540227544475699595e-02
-5.422622516283302080e-02,-5.422622516283302080e-02
-4.114450241744722903e-02,-4.114450241744722903e-02
-3.957703802016827171e-02,-3.957703802016827171e-02
-5.612256459274134884e-02,-5.612256459274134884e-02
-4.048728224362332234e-02,-4.048728224362332234e-02
-4.731274258453316978e-02,-4.731274258453316978e-02
-3.358575231966046820e-02,-3.358575231966046820e-02
-5.872298945794205555e-02,-5.872298945794205555e-02
-2.854751096320570780e-02,-2.854751096320570780e-02
-2.440999968637438261e-02,-2.440999968637438261e-02
-3.755178515852091586e-02,-3.755178515852091586e-02
-6.228592685425143882e-02,-6.228592685425143882e-02
-2.620738271400508551e-02,-2.620738271400508551e-02
-4.589418725848885133e-02,-4.589418725848885133e-02
-4.755477312565344755e-02,-4.755477312565344755e-02
-5.584182386713978929e-02,-5.584182386713978929e-02
-3.156801375193445114e-02,-3.156801375193445114e-02
-5.330645435276873401e-02,-5.330645435276873401e-02
-3.969438060200290719e-02,-3.969438060200290719e-02
-3.906168087050390647e-02,-3.906168087050390647e-02
-2.729255033062708002e-02,-2.729255033062708002e-02
-2.950981037646595306e-02,-2.950981037646595306e-02
-4.370301274164489075e-02,-4.370301274164489075e-02
-5.134205786213291711e-02,-5.134205786213291711e-02
-4.798509335028637579e-02,-4.798509335028637579e-02
-2.327358561239271928e-02,-2.327358561239271928e-02
-2.228043363828722395e-02,-2.228043363828722395e-02
-3.452698744615643328e-02,-3.452698744615643328e-02
-3.024551225633514973e-02,-3.024551225633514973e-02
-5.769424486773707533e-02,-5.769424486773707533e-02
-5.091733033388567975e-02,-5.091733033388567975e-02
-4.324722131747979481e-02,-4.324722131747979481e-02
-3.955006968344059598e-02,-3.955006968344059598e-02
-3.232177565402837710e-02,-3.232177565402837710e-02
-5.639346066494495963e-02,-5.639346066494495963e-02
-5.470157982118392659e-02,-5.470157982118392659e-02
-4.376477574798186970e-02,-4.376477574798186970e-02
-4.153798064573272636e-02,-4.153798064573272636e-02
-5.798508234244891674e-02,-5.798508234244891674e-02
-5.612596558802512153e-02,-5.612596558802512153e-02
-5.434815113865765213e-02,-5.434815113865765213e-02
-4.532275480227208192e-02,-4.532275480227208192e-02
-4.114531599332301587e-02,-4.114531599332301587e-02
-2.521138008587046897e-02,-2.521138008587046897e-02
-4.079736820128927050e-02,-4.079736820128927050e-02
-3.549596864985599121e-02,-3.549596864985599121e-02
-2.154172715811204786e-02,-2.154172715811204786e-02
-4.357032312491374709e-02,-4.357032312491374709e-02
-3.940559857857974663e-02,-3.940559857857974663e-02
-5.886752594440304576e-02,-5.886752594440304576e-02
-3.810220116981281879e-02,-3.810220116981281879e-02
-1.900538949158503410e-02,-1.900538949158503410e-02
-4.345090763845040061e-02,-4.345090763845040061e-02
-5.748313929278557610e-02,-5.748313929278557610e-02
-4.140308932194086688e-02,-4.140308932194086688e-02
-1.703367418107376574e-02,-1.703367418107376574e-02
-2.778930376934224400e-02,-2.778930376934224400e-02
-4.212846234575341742e-02,-4.212846234575341742e-02
-3.060251421693792329e-02,-3.060251421693792329e-02
-4.750064996038293880e-02,-4.750064996038293880e-02
-3.097162492118561011e-02,-3.097162492118561011e-02
-3.747188450274956117e-02,-3.747188450274956117e-02
-2.849243288720523098e-02,-2.849243288720523098e-02
-3.670297658364683746e-02,-3.670297658364683746e-02
-3.812270037490760738e-02,-3.812270037490760738e-02
-2.049036050794753039e-02,-2.049036050794753039e-02
-4.021152187507746889e-02,-4.021152187507746889e-02
-3.127652751047083762e-02,-3.127652751047083762e-02
-3.751797018691020030e-02,-3.751797018691020030e-02
-2.149587009608307925e-02,-2.149587009608307925e-02
-3.824768396154298172e-02,-3.824768396154298172e-02
-3.383532258671936854e-02,-3.383532258671936854e-02
-4.323642814639662435e-02,-4.323642814639662435e-02
-5.707483000378460458e-02,-5.707483000378460458e-02
-4.156245101587850016e-02,-4.156245101587850016e-02
-4.582867973416764051e-02,-4.582867973416764051e-02
-5.385501760698535589e-02,-5.385501760698535589e-02
-3.831760698541944454e-02,-3.831760698541944454e-02
-4.398611687050860836e-02,-4.398611687050860836e-02
-6.209943903539189708e-02,-6.209943903539189708e-02
-4.874581759970393613e-02,-4.874581759970393613e-02
-1.327223127345493470e-02,-1.327223127345493470e-02
-3.848056338779769908e-02,-3.848056338779769908e-02
-2.268278573144773269e-02,-2.268278573144773269e-02
-3.109998989699586103e-02,-3.109998989699586103e-02
-3.321183223296360343e-02,-3.321183223296360343e-02
-3.826791893955888008e-02,-3.826791893955888008e-02
-2.166317163469867052e-02,-2.166317163469867052e-02
-3.963368097089692288e-02,-3.963368097089692288e-02
-3.401011074312408622e-02,-3.401011074312408622e-02
-5.258620565009004821e-02,-5.258620565009004821e-02
-4.241936559283827207e-02,-4.241936559283827207e-02
-3.970939977872664506e-02,-3.970939977872664506e-02
-3.380894945314070338e-02,-3.380894945314070338e-02
-3.376803632807105077e-02,-3.376803632807105077e-02
-2.069902896835333628e-02,-2.069902896835333628e-02
-5.317049560501705546e-02,-5.317049560501705546e-02
-6.114451642738093912e-02,-6.114451642738093912e-02
-4.447206752465641261e-02,-4.447206752465641261e-02
-4.890277267218724050e-02,-4.890277267218724050e-02
-3.940068719878339620e-02,-3.940068719878339620e-02
-5.617774561296215441e-02,-5.617774561296215441e-02
-4.205845231561078368e-02,-4.205845231561078368e-02
-2.254082928695576304e-02,-2.254082928695576304e-02
-1.999710770677279315e-02,-1.999710770677279315e-02
-4.241992476103752935e-02,-4.241992476103752935e-02
-4.737315141991960132e-02,-4.737315141991960132e-02
-3.118645396855211638e-02,-3.118645396855211638e-02
-2.493683546859330746e-02,-2.493683546859330746e-02
-4.745849901307121199e-02,-4.745849901307121199e-02
-4.127839900318374527e-02,-4.127839900318374527e-02
-3.953124781785152808e-02,-3.953124781785152808e-02
-2.648897542768240132e-02,-2.648897542768240132e-02
-4.935430082840760319e-02,-4.935430082840760319e-02
-4.458066068872813120e-02,-4.458066068872813120e-02
-4.248807066186895826e-02,-4.248807066186895826e-02
-3.450014827048718258e-02,-3.450014827048718258e-02
-4.618724360149179670e-02,-4.618724360149179670e-02
-4.498266398161676616e-02,-4.498266398161676616e-02
-4.866450517077230975e-02,-4.866450517077230975e-02
-5.686964027041591097e-02,-5.686964027041591097e-02
-4.801501985838774189e-02,-4.801501985838774189e-02
-3.086668108456419590e-02,-3.086668108456419590e-02
-2.583180134195861566e-02,-2.583180134195861566e-02
-1.666293650238553220e-02,-1.666293650238553220e-02
-3.841226013060580757e-02,-3.841226013060580757e-02
-2.929041100022970745e-02,-2.929041100022970745e-02
-5.017692026030936420e-02,-5.017692026030936420e-02
-1.720831949186096138e-02,-1.720831949186096138e-02
-5.285192250960964178e-02,-5.285192250960964178e-02
-3.912379787828068611e-02,-3.912379787828068611e-02
-1.915694921223459746e-02,-1.915694921223459746e-02
-4.083230642334750859e-02,-4.083230642334750859e-02
-4.085025879743051092e-02,-4.085025879743051092e-02
-2.343598534029485425e-02,-2.343598534029485425e-02
-2.194386523100039926e-02,-2.194386523100039926e-02
-3.668036393713203225e-02,-3.668036393713203225e-02
-5.892168186689920872e-02,-5.892168186689920872e-02
-3.343922519019573714e-02,-3.343922519019573714e-02
-4.754604588424796163e-02,-4.754604588424796163e-02
-4.148842768707110967e-02,-4.148842768707110967e-02
-1.102766205994547971e-02,-1.102766205994547971e-02
-2.958416503954894305e-02,-2.958416503954894305e-02
-8.661482845112825069e-03,-8.661482845112825069e-03
-3.403612026021540782e-02,-3.403612026021540782e-02
-3.546601237303437237e-02,-3.546601237303437237e-02
-4.193475092620427280e-02,-4.193475092620427280e-02
-4.565138167701605215e-02,-4.565138167701605215e-02
-4.502906158533374892e-02,-4.502906158533374892e-02
-3.420572956814839360e-02,-3.420572956814839360e-02
-2.641856136247446030e-02,-2.641856136247446030e-02
-1.479291541760486411e-02,-1.479291541760486411e-02
-3.837796164929514059e-02,-3.837796164929514059e-02
-3.081923751057527583e-02,-3.081923751057527583e-02
-4.181928035185118048e-02,-4.181928035185118048e-02
-3.496750054741380731e-02,-3.496750054741380731e-02
-3.854534827382862655e-02,-3.854534827382862655e-02
-2.333621142626872424e-02,-2.333621142626872424e-02
-2.089147062106820607e-02,-2.089147062106820607e-02
-3.541921724108998415e-02,-3.541921724108998415e-02
-2.416367494958957668e-02,-2.416367494958957668e-02
-4.814840030657945025e-02,-4.814840030657945025e-02
-4.381909598112578019e-02,-4.381909598112578019e-02
-3.634739149167383332e-02,-3.634739149167383332e-02
-3.972609061175255002e-02,-3.972609061175255002e-02
-4.959832573713076481e-02,-4.959832573713076481e-02
-2.613874519024243781e-02,-2.613874519024243781e-02
-2.030656830091234766e-02,-2.030656830091234766e-02
-4.179817694221367452e-02,-4.179817694221367452e-02
-3.495194546655738116e-02,-3.495194546655738116e-02
-6.030729693953046366e-02,-6.030729693953046366e-02
-3.237022698066915893e-02,-3.237022698066915893e-02
-1.468268325513361755e-02,-1.468268325513361755e-02
-2.495839140069919249e-02,-2.495839140069919249e-02
-4.212896953878172979e-02,-4.212896953878172979e-02
-5.416427914563629042e-02,-5.416427914563629042e-02
-4.835336878497743102e-02,-4.835336878497743102e-02
-2.282087578359837804e-02,-2.282087578359837804e-02
-4.367908437646022407e-02,-4.367908437646022407e-02
-4.932406013435045034e-02,-4.932406013435045034e-02
-5.093496503213645887e-02,-5.093496503213645887e-02
-3.411660197358721419e-02,-3.411660197358721419e-02
-3.586447520005402179e-02,-3.586447520005402179e-02
-3.450001505587539652e-02,-3.450001505587539652e-02
-3.465581477797992360e-02,-3.465581477797992360e-02
-1.149343916210365801e-02,-1.149343916210365801e-02
-2.050240105138260299e-02,-2.050240105138260299e-02
-3.757601174945464362e-02,-3.757601174945464362e-02
-4.656862231687802084e-02,-4.656862231687802084e-02
-6.101041811839500589e-02,-6.101041811839500589e-02
-3.073784967532324983e-02,-3.073784967532324983e-02
-2.786254588858348702e-02,-2.786254588858348702e-02
-6.363076302901871095e-02,-6.363076302901871095e-02
-5.438404900658632551e-02,-5.438404900658632551e-02
-4.299103369293851007e-02,-4.299103369293851007e-02
-2.291416844866918379e-02,-2.291416844866918379e-02
-1.694657354040553232e-02,-1.694657354040553232e-02
-2.844715202279472083e-02,-2.844715202279472083e-02
-4.163464312057404276e-02,-4.163464312057404276e-02
-2.519973833083084813e-02,-2.519973833083084813e-02
-3.836859961281850057e-02,-3.836859961281850057e-02
-6.017008461777649531e-02,-6.017008461777649531e-02
-3.652445479363734121e-02,-3.652445479363734121e-02
-3.331505580310156756e-02,-3.331505580310156756e-02
-3.341786617311003071e-02,-3.341786617311003071e-02
-3.613846585392717359e-03,-3.613846585392717359e-03
-2.365075514701843462e-02,-2.365075514701843462e-02
-3.520581160294863204e-02,-3.520581160294863204e-02
-3.261469670204169419e-02,-3.261469670204169419e-02
-3.753709838175050412e-02,-3.753709838175050412e-02
-3.633790495996282177e-02,-3.633790495996282177e-02
2.707881749276122574e-03,2.707881749276122574e-03
-3.288530360892507470e-02,-3.288530360892507470e-02
-3.043600027067667330e-02,-3.043600027067667330e-02
-2.705542905871740483e-02,-2.705542905871740483e-02
-4.268234342291685190e-02,-4.268234342291685190e-02
-4.768777030924949839e-02,-4.768777030924949839e-02
-2.496178963400157158e-02,-2.496178963400157158e-02
-4.931067839444189249e-02,-4.931067839444189249e-02
-3.091459784140712652e-02,-3.091459784140712652e-02
-4.146022254534536405e-02,-4.146022254534536405e-02
-3.602470692163800559e-02,-3.602470692163800559e-02
-2.264428853510370293e-02,-2.264428853510370293e-02
-1.404403200633273091e-02,-1.404403200633273091e-02
-2.332543271670699941e-02,-2.332543271670699941e-02
-3.697822004243357663e-02,-3.697822004243357663e-02
-3.082392765485233999e-02,-3.082392765485233999e-02
-4.710944717975333595e-02,-4.710944717975333595e-02
-2.629951859250537899e-02,-2.629951859250537899e-02
-6.556560084391219179e-03,-6.556560084391219179e-03
-1.610292247687799411e-02,-1.610292247687799411e-02
-5.350294904616211683e-02,-5.350294904616211683e-02
-2.886491885917262523e-02,-2.886491885917262523e-02
-6.096409837439405177e-02,-6.096409837439405177e-02
-4.339236752721344764e-02,-4.339236752721344764e-02
-2.347737666711040283e-02,-2.347737666711040283e-02
-4.198938734368293235e-02,-4.198938734368293235e-02
-4.374716092195609501e-02,-4.374716092195609501e-02
-2.341657829276863612e-02,-2.341657829276863612e-02
-4.759742701068246651e-02,-4.759742701068246651e-02
-1.334377942740323786e-02,-1.334377942740323786e-02
-2.990268212105250817e-02,-2.990268212105250817e-02
-5.679367922375441746e-02,-5.679367922375441746e-02
-1.857015982229361095e-02,-1.857015982229361095e-02
-3.812485092640188755e-02,-3.812485092640188755e-02
-4.652403423430359619e-03,-4.652403423430359619e-03
-5.770359087579716995e-02,-5.770359087579716995e-02
-3.880813890331984151e-02,-3.880813890331984151e-02
-3.654820580209830472e-02,-3.654820580209830472e-02
-2.547686234097110147e-02,-2.547686234097110147e-02
-4.646492267264510506e-02,-4.646492267264510506e-02
-5.398817251302517883e-02,-5.398817251302517883e-02
-4.615603891265825792e-02,-4.615603891265825792e-02
-3.148117607750438446e-02,-3.148117607750438446e-02
-1.717461922726566670e-02,-1.717461922726566670e-02
-6.044876514565168668e-02,-6.044876514565168668e-02
-5.208759291552397114e-02,-5.208759291552397114e-02
-3.422207602892294448e-02,-3.422207602892294448e-02
-4.772728248501328929e-02,-4.772728248501328929e-02
-6.401889011391193041e-02,-6.401889011391193041e-02
-1.362677111906406696e-02,-1.362677111906406696e-02
-4.389780222010371269e-02,-4.389780222010371269e-02
-1.607262512341140620e-02,-1.607262512341140620e-02
-4.055199896837693302e-02,-4.055199896837693302e-02
-5.043884746419543402e-02,-5.043884746419543402e-02
-3.517229105340920203e-02,-3.517229105340920203e-02
-4.430600982682134786e-02,-4.430600982682134786e-02
-3.016035442846747017e-02,-3.016035442846747017e-02
-3.455930242453282564e-02,-3.455930242453282564e-02
-3.737385698248932991e-02,-3.737385698248932991e-02
-4.185195999895036795e-02,-4.185195999895036795e-02
-2.690203811820752328e-02,-2.690203811820752328e-02
-3.436174937486814046e-02,-3.436174937486814046e-02
-4.452048718343129541e-02,-4.452048718343129541e-02
-3.507320051276711231e-02,-3.507320051276711231e-02
-5.495943105828933473e-02,-5.495943105828933473e-02
-3.605400752650692736e-02,-3.605400752650692736e-02
-5.376505910520899822e-02,-5.376505910520899822e-02
-2.828803729787186111e-02,-2.828803729787186111e-02
-2.648338177534149962e-02,-2.648338177534149962e-02
-4.139626824608717143e-02,-4.139626824608717143e-02
-5.581599727864792332e-02,-5.581599727864792332e-02
-1.965436032760997653e-02,-1.965436032760997653e-02
-4.795986632584062909e-02,-4.795986632584062909e-02
-3.780585170949113394e-02,-3.780585170949113394e-02
-3.139410895068479868e-02,-3.139410895068479868e-02
-4.127789289589493121e-02,-4.127789289589493121e-02
-2.995439701934833610e-02,-2.995439701934833610e-02
-2.151430873742702504e-02,-2.151430873742702504e-02
-5.019978563868630200e-02,-5.019978563868630200e-02
-2.600916186184708268e-02,-2.600916186184708268e-02
-6.378729761334707427e-02,-6.378729761334707427e-02
-5.769763989956172567e-02,-5.769763989956172567e-02
-3.165024787665216000e-02,-3.165024787665216000e-02
-4.935540930516203045e-02,-4.935540930516203045e-02
-5.538047945290675012e-02,-5.538047945290675012e-02
-5.147466394484902230e-02,-5.147466394484902230e-02
-4.623997173729843535e-02,-4.623997173729843535e-02
-2.485636371178983478e-02,-2.485636371178983478e-02
-4.749879308830602664e-02,-4.749879308830602664e-02
-4.772515555103576390e-02,-4.772515555103576390e-02
-2.854010242594500618e-02,-2.854010242594500618e-02
-4.006235889033833014e-02,-4.006235889033833014e-02
-3.890717320185153177e-02,-3.890717320185153177e-02
-3.747468664956286888e-02,-3.747468664956286888e-02
-5.927769170256288328e-02,-5.927769170256288328e-02
-4.602407869821861092e-02,-4.602407869821861092e-02
-5.895425957111266602e-02,-5.895425957111266602e-02
-4.471886856384089948e-02,-4.471886856384089948e-02
-4.992717741989709246e-02,-4.992717741989709246e-02
-3.490043477961354834e-02,-3.490043477961354834e-02
-3.040818746168216791e-02,-3.040818746168216791e-02
-4.016581891971422735e-02,-4.016581891971422735e-02
-1.852355214703194086e-02,-1.852355214703194086e-02
-2.772620589526490070e-02,-2.772620589526490070e-02
-3.561684450846375194e-02,-3.561684450846375194e-02
-3.008964453727368260e-02,-3.008964453727368260e-02
-3.928914457525580634e-02,-3.928914457525580634e-02
-9.687631854385647667e-03,-9.687631854385647667e-03
-3.573613921759041800e-02,-3.573613921759041800e-02
-2.874031348342432485e-02,-2.874031348342432485e-02
-4.985404791532175445e-02,-4.985404791532175445e-02
-3.786778061255994393e-02,-3.786778061255994393e-02
-4.246245022053406204e-02,-4.246245022053406204e-02
-5.248441171952633599e-02,-5.248441171952633599e-02
-2.285175294713674699e-02,-2.285175294713674699e-02
-4.459896248226792592e-02,-4.459896248226792592e-02
-2.917299337572159396e-02,-2.917299337572159396e-02
-3.960694009041056812e-02,-3.960694009041056812e-02
-6.277674207812916629e-02,-6.277674207812916629e-02
-5.039902753042507788e-02,-5.039902753042507788e-02
-5.742115255708439558e-02,-5.742115255708439558e-02
-4.779902173865394760e-02,-4.779902173865394760e-02
-5.734267182220731396e-02,-5.734267182220731396e-02
-2.866063914259976697e-02,-2.866063914259976697e-02
-3.902758909544758181e-02,-3.902758909544758181e-02
-2.246636596212348708e-02,-2.246636596212348708e-02
-1.510027386186454934e-02,-1.510027386186454934e-02
-4.423269742884730626e-02,-4.423269742884730626e-02
-3.529464328526451394e-02,-3.529464328526451394e-02
-3.967025411408946212e-02,-3.967025411408946212e-02
-3.793526506265391951e-02,-3.793526506265391951e-02
-5.495606081212152383e-02,-5.495606081212152383e-02
-3.110154208183241870e-02,-3.110154208183241870e-02
-6.028433051565323247e-02,-6.028433051565323247e-02
-3.848122060452325438e-02,-3.848122060452325438e-02
-6.349486601257209317e-02,-6.349486601257209317e-02
-6.188268582070930585e-02,-6.188268582070930585e-02
-2.805140334287590381e-02,-2.805140334287590381e-02
-3.344486840862770372e-02,-3.344486840862770372e-02
-3.652834721823372544e-02,-3.652834721823372544e-02
-4.681663159157363474e-02,-4.681663159157363474e-02
-5.065124838708276456e-02,-5.065124838708276456e-02
-5.952582052544748425e-02,-5.952582052544748425e-02
-4.387271395402142504e-02,-4.387271395402142504e-02
-3.897043567327472535e-02,-3.897043567327472535e-02
-4.380085214098067281e-02,-4.380085214098067281e-02
-3.338124074075021763e-02,-3.338124074075021763e-02
-3.199997331759460439e-02,-3.199997331759460439e-02
-3.607886370521970476e-02,-3.607886370521970476e-02
-2.365845279006996427e-02,-2.365845279006996427e-02
-4.837916659235251549e-02,-4.837916659235251549e-02
-2.061471145334323185e-02,-2.061471145334323185e-02
-3.695171027527594659e-02,-3.695171027527594659e-02
-5.648109563986535020e-02,-5.648109563986535020e-02
-3.450803780278389327e-02,-3.450803780278389327e-02
-4.274069838080817030e-02,-4.274069838080817030e-02
-1.319918915118142161e-02,-1.319918915118142161e-02
-3.894120291588117067e-02,-3.894120291588117067e-02
-3.421358833007617783e-02,-3.421358833007617783e-02
-5.974104369087287342e-02,-5.974104369087287342e-02
-6.513996361893464870e-02,-6.513996361893464870e-02
-3.691077670459660953e-02,-3.691077670459660953e-02
-3.278600428346409995e-02,-3.278600428346409995e-02
-5.237258567260517916e-02,-5.237258567260517916e-02
-6.203038232531874613e-02,-6.203038232531874613e-02
-3.291018116986769299e-02,-3.291018116986769299e-02
-2.001820588897160885e-02,-2.001820588897160885e-02
-2.783068554835464725e-02,-2.783068554835464725e-02
-3.001943420854137623e-02,-3.001943420854137623e-02
-3.234198870528005171e-02,-3.234198870528005171e-02
-4.602630636373397643e-02,-4.602630636373397643e-02
-3.145176188311292476e-02,-3.145176188311292476e-02
-4.801256794810544737e-02,-4.801256794810544737e-02
-5.033952367571414843e-02,-5.033952367571414843e-02
-2.123793874595492071e-02,-2.123793874595492071e-02
-3.248910732400627638e-02,-3.248910732400627638e-02
-3.342109323697217693e-02,-3.342109323697217693e-02
-3.196225568154040242e-02,-3.196225568154040242e-02
-3.524804313858354021e-02,-3.524804313858354021e-02
-3.908143368595528439e-02,-3.908143368595528439e-02
-4.142487579744628945e-02,-4.142487579744628945e-02
-3.209663946431041970e-02,-3.209663946431041970e-02
-7.307904421996966327e-02,-7.307904421996966327e-02
-5.299319996747245409e-02,-5.299319996747245409e-02
-4.980771712178474336e-02,-4.980771712178474336e-02
-3.789832226836804818e-02,-3.789832226836804818e-02
-3.616267504200269128e-02,-3.616267504200269128e-02
-6.424441067671848860e-02,-6.424441067671848860e-02
-3.690708133553891740e-02,-3.690708133553891740e-02
-4.110869987756067545e-02,-4.110869987756067545e-02
-4.421312101867934385e-02,-4.421312101867934385e-02
-2.637743037427919129e-02,-2.637743037427919129e-02
-4.701630544788355098e-02,-4.701630544788355098e-02
-5.295132978494179743e-02,-5.295132978494179743e-02
-2.545966290729608644e-02,-2.545966290729608644e-02
-5.134183364069858091e-02,-5.134183364069858091e-02
-5.444524249901599305e-02,-5.444524249901599305e-02
-3.986805613154904143e-02,-3.986805613154904143e-02
-5.284842439538477155e-02,-5.284842439538477155e-02
-1.073767289000491371e-02,-1.073767289000491371e-02
-5.414383597065549475e-02,-5.414383597065549475e-02
-5.203859059939205944e-02,-5.203859059939205944e-02
-3.832316823990174204e-02,-3.832316823990174204e-02
-2.872240493154910868e-02,-2.872240493154910868e-02
-3.235686447560143925e-02,-3.235686447560143925e-02
-4.890389088255043398e-02,-4.890389088255043398e-02
-5.575192373368394183e-02,-5.575192373368394183e-02
-2.140629207878388951e-02,-2.140629207878388951e-02
-2.818375525044904129e-02,-2.818375525044904129e-02
-3.852576115128496237e-02,-3.852576115128496237e-02
-3.394513193788286504e-02,-3.394513193788286504e-02
-1.942193646458108963e-02,-1.942193646458108963e-02
-2.943732676731719566e-02,-2.943732676731719566e-02
-2.286948034286628850e-02,-2.286948034286628850e-02
-2.669758511153735164e-02,-2.669758511153735164e-02
-4.077565391774722742e-02,-4.077565391774722742e-02
-9.555635827587678766e-03,-9.555635827587678766e-03
-3.538969742881749314e-02,-3.538969742881749314e-02
-4.025988951813930239e-02,-4.025988951813930239e-02
-3.299656638744664222e-02,-3.299656638744664222e-02
-1.780008007303816864e-02,-1.780008007303816864e-02
-4.398071201110752282e-02,-4.398071201110752282e-02
-2.942987215053387284e-02,-2.942987215053387284e-02
-2.224096889880875644e-02,-2.224096889880875644e-02
-3.800045530195038379e-02,-3.800045530195038379e-02
-2.645726040588164407e-02,-2.645726040588164407e-02
-5.387117695903451825e-02,-5.387117695903451825e-02
-3.647595127526277042e-02,-3.647595127526277042e-02
-3.724499007304884340e-02,-3.724499007304884340e-02
-5.106639260260553703e-02,-5.106639260260553703e-02
-2.290372759642666373e-02,-2.290372759642666373e-02
-1.695970532934137909e-02,-1.695970532934137909e-02
-3.808614230224015296e-02,-3.808614230224015296e-02
-2.745873603424759182e-02,-2.745873603424759182e-02
-3.396698719447822923e-02,-3.396698719447822923e-02
-3.227962119466885188e-02,-3.227962119466885188e-02
-2.960695346246638993e-02,-2.960695346246638993e-02
-3.701892203767585127e-02,-3.701892203767585127e-02
-2.626223139393637357e-02,-2.626223139393637357e-02
-4.436546570915791271e-02,-4.436546570915791271e-02
-2.536719164771625290e-02,-2.536719164771625290e-02
-3.528398282237761585e-02,-3.528398282237761585e-02
-6.069536779040889118e-02,-6.069536779040889118e-02
-6.289943789281021713e-02,-6.289943789281021713e-02
-2.004789602463429021e-02,-2.004789602463429021e-02
-4.516456765624049519e-02,-4.516456765624049519e-02
-3.551762634804193908e-02,-3.551762634804193908e-02
-3.415202674182264003e-02,-3.415202674182264003e-02
-2.876621189167945930e-02,-2.876621189167945930e-02
-4.235036972240462105e-02,-4.235036972240462105e-02
-4.928315935378282941e-02,-4.928315935378282941e-02
-5.045535668658319983e-02,-5.045535668658319983e-02
-3.631668483805935987e-02,-3.631668483805935987e-02
-4.215290636000927627e-02,-4.215290636000927627e-02
-3.451705668163282392e-02,-3.451705668163282392e-02
-4.068528870900713773e-02,-4.068528870900713773e-02
-4.081562355271853987e-02,-4.081562355271853987e-02
-4.900782391850281444e-02,-4.900782391850281444e-02
-2.630057093904813320e-02,-2.630057093904813320e-02
-3.488415365111675881e-02,-3.488415365111675881e-02
-3.580966072477756446e-02,-3.580966072477756446e-02
-4.393482372100707828e-02,-4.393482372100707828e-02
-3.430917277460652365e-02,-3.430917277460652365e-02
-3.246440483401085569e-02,-3.246440483401085569e-02
-3.762118622193583173e-02,-3.762118622193583173e-02
-4.085348214423128316e-02,-4.085348214423128316e-02
-4.742693613117550389e-02,-4.742693613117550389e-02
-5.699333293888371454e-02,-5.699333293888371454e-02
-3.564501264396532226e-02,-3.564501264396532226e-02
-4.700131363068130175e-02,-4.700131363068130175e-02
-3.732335604486965164e-02,-3.732335604486965164e-02
-5.202727340338224316e-02,-5.202727340338224316e-02
-2.205833228015333103e-02,-2.205833228015333103e-02
-2.927416773113254017e-02,-2.927416773113254017e-02
-2.126097295979652302e-02,-2.126097295979652302e-02
-2.941045827678125807e-02,-2.941045827678125807e-02
-4.664113382646608436e-02,-4.664113382646608436e-02
-4.116111222037674433e-02,-4.116111222037674433e-02
-4.056499853844326708e-02,-4.056499853844326708e-02
-2.196444702616612288e-02,-2.196444702616612288e-02
-3.810230842335228518e-02,-3.810230842335228518e-02
-3.426848048867611740e-02,-3.426848048867611740e-02
-2.505937827200600820e-02,-2.505937827200600820e-02
-3.076293901533781044e-02,-3.076293901533781044e-02
-4.350032688449896601e-02,-4.350032688449896601e-02
-5.086501052708000681e-02,-5.086501052708000681e-02
-6.335319248059639863e-02,-6.335319248059639863e-02
-2.770392876723657555e-02,-2.770392876723657555e-02
-4.432076200084882067e-02,-4.432076200084882067e-02
-2.685399746651512265e-02,-2.685399746651512265e-02
-4.095420407558101467e-02,-4.095420407558101467e-02
-2.891708949243493310e-02,-2.891708949243493310e-02
-5.928811061007460692e-02,-5.928811061007460692e-02
-5.077714799645907662e-02,-5.077714799645907662e-02
-4.680425183256649996e-02,-4.680425183256649996e-02
-3.281330952818483498e-02,-3.281330952818483498e-02
-3.764188154886403959e-02,-3.764188154886403959e-02
-4.433446807785475230e-02,-4.433446807785475230e-02
-5.476787423284256578e-02,-5.476787423284256578e-02
-4.988825407917771293e-02,-4.988825407917771293e-02
-5.903251494264238897e-02,-5.903251494264238897e-02
-3.974517204124070752e-02,-3.974517204124070752e-02
-3.721306609822530587e-02,-3.721306609822530587e-02
-3.113550817211095667e-02,-3.113550817211095667e-02
-4.642736515750197496e-02,-4.642736515750197496e-02
-5.355797868367134784e-02,-5.355797868367134784e-02
-4.792148414993921413e-02,-4.792148414993921413e-02
-2.111600052940026950e-02,-2.111600052940026950e-02
-3.848483933373147287e-02,-3.848483933373147287e-02
-5.316543443034020544e-02,-5.316543443034020544e-02
-3.748983641823986496e-02,-3.748983641823986496e-02
-4.001401314831947581e-02,-4.001401314831947581e-02
-3.991573941650444074e-02,-3.991573941650444074e-02
-5.915916139281148650e-02,-5.915916139281148650e-02
-3.686033004845061523e-02,-3.686033004845061523e-02
-3.895879599000999505e-02,-3.895879599000999505e-02
-2.900555298854842062e-02,-2.900555298854842062e-02
-3.473144905526978632e-02,-3.473144905526978632e-02
-5.879011732168323845e-02,-5.879011732168323845e-02
-1.973982725188661025e-02,-1.973982725188661025e-02
-5.044249917247192738e-02,-5.044249917247192738e-02
-1.923766549938550618e-02,-1.923766549938550618e-02
-2.918233314372004061e-02,-2.918233314372004061e-02
-4.618889386594141749e-02,-4.618889386594141749e-02
-3.779820773252191846e-02,-3.779820773252191846e-02
-4.046030651680791040e-02,-4.046030651680791040e-02
-4.875386267990024919e-02,-4.875386267990024919e-02
-5.253534611039112345e-02,-5.253534611039112345e-02
-6.323815118293124593e-02,-6.323815118293124593e-02
-5.602579990085134604e-02,-5.602579990085134604e-02
-5.490548543331652542e-02,-5.490548543331652542e-02
-5.610114463927371592e-02,-5.610114463927371592e-02
-2.729825838722056697e-02,-2.729825838722056697e-02
-4.694969750689311633e-02,-4.694969750689311633e-02
-1.879292701088053352e-02,-1.879292701088053352e-02
-3.019349249159169329e-02,-3.019349249159169329e-02
-2.392606805310702051e-02,-2.392606805310702051e-02
-2.983207655764528315e-02,-2.983207655764528315e-02
-8.530542558026944777e-02,-8.530542558026944777e-02
-4.599711959273754258e-02,-4.599711959273754258e-02
-2.622243151425369956e-02,-2.622243151425369956e-02
-4.244902677975422034e-02,-4.244902677975422034e-02
-2.838454478163474765e-02,-2.838454478163474765e-02
-3.252355780034384830e-02,-3.252355780034384830e-02
-4.706686733181122961e-02,-4.706686733181122961e-02
-4.912490022364234682e-02,-4.912490022364234682e-02
-2.379013028201996949e-02,-2.379013028201996949e-02
-3.720063512453661986e-02,-3.720063512453661986e-02
-6.603700771919213119e-03,-6.603700771919213119e-03
-2.691061232835863931e-02,-2.691061232835863931e-02
-4.168416610678676859e-02,-4.168416610678676859e-02
-2.841069405429150901e-02,-2.841069405429150901e-02
-2.597093994909160236e-02,-2.597093994909160236e-02
-3.974942482481431949e-02,-3.974942482481431949e-02
-3.156027809114828053e-02,-3.156027809114828053e-02
-2.500881301580717281e-02,-2.500881301580717281e-02
-2.688471188087238062e-02,-2.688471188087238062e-02
-3.314756807882725254e-02,-3.314756807882725254e-02
-5.401665507823398549e-02,-5.401665507823398549e-02
-2.844160391200389187e-02,-2.844160391200389187e-02
-1.376516417924412289e-02,-1.376516417924412289e-02
-2.349626957865284804e-02,-2.349626957865284804e-02
-4.702759076057206472e-02,-4.702759076057206472e-02
-3.552467948366812289e-02,-3.552467948366812289e-02
-2.590707614138307996e-02,-2.590707614138307996e-02
-2.318310122676046220e-02,-2.318310122676046220e-02
-4.171871064058234324e-02,-4.171871064058234324e-02
-4.249535413472049772e-02,-4.249535413472049772e-02
-1.529290140487070404e-02,-1.529290140487070404e-02
-2.367080133901353078e-02,-2.367080133901353078e-02
-4.012848467292692151e-02,-4.012848467292692151e-02
-4.110116832415484228e-02,-4.110116832415484228e-02
-6.760400316441450563e-02,-6.760400316441450563e-02
-3.392214636210187650e-02,-3.392214636210187650e-02
-4.175899087797284998e-02,-4.175899087797284998e-02
-9.937566628242244793e-03,-9.937566628242244793e-03
-2.954204848631745983e-02,-2.954204848631745983e-02
-5.331219066606583679e-02,-5.331219066606583679e-02
-5.344117502145027954e-02,-5.344117502145027954e-02
-2.635243849351484591e-02,-2.635243849351484591e-02
-4.874420700536657991e-02,-4.874420700536657991e-02
-4.256866583114557456e-02,-4.256866583114557456e-02
-3.517533506975267094e-02,-3.517533506975267094e-02
-1.870197855940388537e-02,-1.870197855940388537e-02
-3.906348007987798382e-02,-3.906348007987798382e-02
-4.872629675576988645e-02,-4.872629675576988645e-02
-4.384774769782365245e-02,-4.384774769782365245e-02
-3.769765211123678184e-02,-3.769765211123678184e-02
-3.665302343121152467e-02,-3.665302343121152467e-02
-2.934403562771851354e-02,-2.934403562771851354e-02
-3.659901298314038182e-02,-3.659901298314038182e-02
-4.219180096034756688e-02,-4.219180096034756688e-02
-5.152677769211037179e-02,-5.152677769211037179e-02
-4.393807247075922490e-02,-4.393807247075922490e-02
-4.890845582535172098e-02,-4.890845582535172098e-02
-5.486504460238383202e-02,-5.486504460238383202e-02
-4.074322412564073542e-02,-4.074322412564073542e-02
-3.655113168123972495e-02,-3.655113168123972495e-02
-4.324505415891023719e-02,-4.324505415891023719e-02
-4.523200262934949645e-02,-4.523200262934949645e-02
-3.399819694894304356e-02,-3.399819694894304356e-02
-2.853651202145109783e-02,-2.853651202145109783e-02
-5.130614210727899027e-02,-5.130614210727899027e-02
-5.070317124325861985e-02,-5.070317124325861985e-02
-4.001199379829926961e-02,-4.001199379829926961e-02
-3.220193371847584335e-02,-3.220193371847584335e-02
-2.187271937969647445e-02,-2.187271937969647445e-02
-1.741396876407457633e-02,-1.741396876407457633e-02
-3.975646070672812088e-02,-3.975646070672812088e-02
-4.769519281672190275e-02,-4.769519281672190275e-02
-4.798742111879671091e-02,-4.798742111879671091e-02
-3.206387282573540387e-02,-3.206387282573540387e-02
-3.564432193391559728e-02,-3.564432193391559728e-02
-3.447814310923310449e-02,-3.447814310923310449e-02
-3.774730677899010983e-02,-3.774730677899010983e-02
-4.663690224697095849e-02,-4.663690224697095849e-02
-4.347161827011551682e-02,-4.347161827011551682e-02
-3.245657072463852683e-02,-3.245657072463852683e-02
-6.214544872040814877e-02,-6.214544872040814877e-02
-1.699328789303083953e-02,-1.699328789303083953e-02
-3.262476588563067298e-02,-3.262476588563067298e-02
-3.532861203125649968e-02,-3.532861203125649968e-02
-5.525863769905406397e-02,-5.525863769905406397e-02
-2.276107160280695790e-02,-2.276107160280695790e-02
-4.865149971830159265e-02,-4.865149971830159265e-02
-2.441448056144102097e-02,-2.441448056144102097e-02
-6.210511515666539833e-02,-6.210511515666539833e-02
-1.574125438772117080e-02,-1.574125438772117080e-02
-1.816305560275061071e-02,-1.816305560275061071e-02
-4.112731729492820343e-02,-4.112731729492820343e-02
-3.921624979863905236e-02,-3.921624979863905236e-02
-3.540792045843009495e-02,-3.540792045843009495e-02
-2.215085377033866598e-02,-2.215085377033866598e-02
-1.776683722108088337e-02,-1.776683722108088337e-02
-4.357628549891966879e-02,-4.357628549891966879e-02
-5.820541684297508844e-02,-5.820541684297508844e-02
-2.860034452562375262e-02,-2.860034452562375262e-02
-4.749609908491020382e-02,-4.749609908491020382e-02
-3.449051598450110501e-02,-3.449051598450110501e-02
-3.018182807073407220e-02,-3.018182807073407220e-02
-5.476796808788602505e-02,-5.476796808788602505e-02
-4.244816557288512426e-02,-4.244816557288512426e-02
-3.156114603608357883e-02,-3.156114603608357883e-02
-3.240570074084415247e-02,-3.240570074084415247e-02
-2.111944107344630034e-02,-2.111944107344630034e-02
-5.343688663958470753e-02,-5.343688663958470753e-02
-5.504615025407644247e-02,-5.504615025407644247e-02
-2.514946360484728027e-02,-2.514946360484728027e-02
-6.313885968439232610e-02,-6.313885968439232610e-02
-4.424461086309511293e-02,-4.424461086309511293e-02
-4.652772307740693503e-02,-4.652772307740693503e-02
-4.448295062111914250e-02,-4.448295062111914250e-02
-4.904600978659496430e-02,-4.904600978659496430e-02
-2.990657464461340259e-02,-2.990657464461340259e-02
-2.986007092767532789e-02,-2.986007092767532789e-02
-5.890614122333659441e-02,-5.890614122333659441e-02
-3.016424648354707611e-02,-3.016424648354707611e-02
-3.464976687777457376e-02,-3.464976687777457376e-02
-5.909092767777329031e-02,-5.909092767777329031e-02
-2.304040111833650234e-02,-2.304040111833650234e-02
-5.077702013302409778e-02,-5.077702013302409778e-02
-2.544349687672967791e-02,-2.544349687672967791e-02
-2.451606627418878581e-02,-2.451606627418878581e-02
-5.524951027024021383e-02,-5.524951027024021383e-02
-5.262485390161179138e-02,-5.262485390161179138e-02
-1.593159479730502787e-02,-1.593159479730502787e-02
-4.048102380826327368e-02,-4.048102380826327368e-02
-5.278207458085434206e-02,-5.278207458085434206e-02
-4.410953405055045157e-02,-4.410953405055045157e-02
-6.297739400686760969e-02,-6.297739400686760969e-02
-6.087240378797095092e-02,-6.087240378797095092e-02
-4.353912326726061544e-02,-4.353912326726061544e-02
-2.594799122136381281e-02,-2.594799122136381281e-02
-4.761745691331647351e-02,-4.761745691331647351e-02
-3.481710648248632217e-02,-3.481710648248632217e-02
-3.822971916278427446e-02,-3.822971916278427446e-02
-6.139776295281686169e-02,-6.139776295281686169e-02
-1.618087725644283548e-02,-1.618087725644283548e-02
-4.951514490472877505e-02,-4.951514490472877505e-02
-2.373101624785503572e-02,-2.373101624785503572e-02
-3.832436870688636643e-02,-3.832436870688636643e-02
-1.395144221207571256e-02,-1.395144221207571256e-02
-2.932518937446426666e-02,-2.932518937446426666e-02
-2.412500526356783914e-02,-2.412500526356783914e-02
-3.656409057499086790e-02,-3.656409057499086790e-02
-3.174273893357570236e-02,-3.174273893357570236e-02
-3.602785383862171231e-02,-3.602785383862171231e-02
-3.734748342023144069e-02,-3.734748342023144069e-02
-3.041191511328253730e-02,-3.041191511328253730e-02
-2.679498370674229107e-02,-2.679498370674229107e-02
-3.016298272201924785e-02,-3.016298272201924785e-02
-3.196396837962534737e-02,-3.196396837962534737e-02
-1.334270850564228672e-02,-1.334270850564228672e-02
-3.877877449970588281e-02,-3.877877449970588281e-02
-2.596167593179690702e-02,-2.596167593179690702e-02
-3.788697772972263872e-02,-3.788697772972263872e-02
-4.613617438351914901e-02,-4.613617438351914901e-02
-3.560870532312218617e-02,-3.560870532312218617e-02
-2.222901129117568070e-02,-2.222901129117568070e-02
-5.149680744616908640e-02,-5.149680744616908640e-02
-2.786816442001682770e-02,-2.786816442001682770e-02
-4.943433534568477533e-02,-4.943433534568477533e-02
-4.558439974831596936e-02,-4.558439974831596936e-02
-2.672531266569914271e-02,-2.672531266569914271e-02
-5.783091419761440116e-02,-5.783091419761440116e-02
-3.061249732441809202e-02,-3.061249732441809202e-02
-2.326006503281534410e-02,-2.326006503281534410e-02
-3.648324045926312070e-02,-3.648324045926312070e-02
-2.503572981383769824e-02,-2.503572981383769824e-02
-3.404624072825587766e-02,-3.404624072825587766e-02
-4.014601206237854158e-02,-4.014601206237854158e-02
-4.130440027241796819e-02,-4.130440027241796819e-02
-3.650510492199247892e-02,-3.650510492199247892e-02
-4.128595395406148283e-02,-4.128595395406148283e-02
-2.116927920208946934e-02,-2.116927920208946934e-02
-4.581339504327503614e-02,-4.581339504327503614e-02
-1.743101976138855536e-02,-1.743101976138855536e-02
-2.155944033997861387e-02,-2.155944033997861387e-02
-3.699642595377898580e-02,-3.699642595377898580e-02
-5.102953326226055547e-02,-5.102953326226055547e-02
-3.778477648878950101e-02,-3.778477648878950101e-02
-3.050011327221328894e-02,-3.050011327221328894e-02
-4.386985174542882421e-02,-4.386985174542882421e-02
-4.125761128386859489e-02,-4.125761128386859489e-02
-6.293253454514084744e-03,-6.293253454514084744e-03
-2.042743400235121076e-02,-2.042743400235121076e-02
-3.569567778849334211e-02,-3.569567778849334211e-02
-1.592254796516496401e-02,-1.592254796516496401e-02
-2.537708087942176088e-02,-2.537708087942176088e-02
-4.183337467476879595e-02,-4.183337467476879595e-02
-3.492639850886689046e-02,-3.492639850886689046e-02
-2.420310575754920646e-02,-2.420310575754920646e-02
-2.550835859846239950e-02,-2.550835859846239950e-02
-3.151579706583939461e-02,-3.151579706583939461e-02
-2.967537739195907215e-02,-2.967537739195907215e-02
-3.680407792496414449e-02,-3.680407792496414449e-02
-3.789453714623648717e-02,-3.789453714623648717e-02
-2.958812191852757192e-02,-2.958812191852757192e-02
-3.597185166421963676e-02,-3.597185166421963676e-02
-2.760224425193172348e-02,-2.760224425193172348e-02
-4.128638374493912716e-02,-4.128638374493912716e-02
-5.372202861176984812e-02,-5.372202861176984812e-02
-3.254248430094607708e-02,-3.254248430094607708e-02
-2.326113653222811745e-02,-2.326113653222811745e-02
-3.307117964527597764e-02,-3.307117964527597764e-02
-2.986641726967595445e-02,-2.986641726967595445e-02
-1.587657549709339810e-02,-1.587657549709339810e-02
-5.125515193598615543e-02,-5.125515193598615543e-02
-2.791547963259745010e-02,-2.791547963259745010e-02
-2.587185425541183720e-02,-2.587185425541183720e-02
-4.018685024057665200e-02,-4.018685024057665200e-02
-3.882614629997614003e-02,-3.882614629997614003e-02
-3.386205803208694465e-02,-3.386205803208694465e-02
-2.001612254286288389e-02,-2.001612254286288389e-02
-2.037426800958688083e-02,-2.037426800958688083e-02
-4.668303865070433378e-02,-4.668303865070433378e-02
-5.125348302587696275e-02,-5.125348302587696275e-02
-3.898081607866658166e-02,-3.898081607866658166e-02
-4.959399152346459505e-02,-4.959399152346459505e-02
-5.093378699522769365e-02,-5.093378699522769365e-02
-4.199649876242181334e-02,-4.199649876242181334e-02
-1.766233500072541401e-02,-1.766233500072541401e-02
-2.354843533624183249e-02,-2.354843533624183249e-02
-3.502688003621484691e-02,-3.502688003621484691e-02
-6.001619673993654341e-02,-6.001619673993654341e-02
-4.917630218603650377e-02,-4.917630218603650377e-02
-4.205225889862914540e-02,-4.205225889862914540e-02
-1.760618940512659325e-02,-1.760618940512659325e-02
-4.310268411517347020e-02,-4.310268411517347020e-02
-3.666872875740403992e-02,-3.666872875740403992e-02
-4.262412716601571977e-02,-4.262412716601571977e-02
-5.026340065270378660e-02,-5.026340065270378660e-02
-9.537935599968773437e-03,-9.537935599968773437e-03
-2.398276776801531313e-02,-2.398276776801531313e-02
-4.755104351995480955e-02,-4.755104351995480955e-02
-7.333130349197386488e-03,-7.333130349197386488e-03
-4.006197239736618287e-02,-4.006197239736618287e-02
-3.688919115952987715e-02,-3.688919115952987715e-02
-2.804262524022718001e-02,-2.804262524022718001e-02
-1.807364898274484155e-02,-1.807364898274484155e-02
-2.931005804548212149e-02,-2.931005804548212149e-02
-2.977423456793538981e-02,-2.977423456793538981e-02
-3.715106506693193616e-02,-3.715106506693193616e-02
-4.648095804593464775e-02,-4.648095804593464775e-02
-5.152838067540711775e-02,-5.152838067540711775e-02
-3.470672716336619529e-02,-3.470672716336619529e-02
-2.648106960367748591e-02,-2.648106960367748591e-02
-4.012345911484480748e-02,-4.012345911484480748e-02
-5.245132812541007661e-02,-5.245132812541007661e-02
-4.548685702602253689e-02,-4.548685702602253689e-02
-2.368003021871155356e-02,-2.368003021871155356e-02
-4.473862608413040065e-02,-4.473862608413040065e-02
-7.010404840944835236e-02,-7.010404840944835236e-02
-5.149100091071567853e-02,-5.149100091071567853e-02
-5.686767925867695916e-02,-5.686767925867695916e-02
-2.810686983332251476e-02,-2.810686983332251476e-02
-4.382742223122619574e-02,-4.382742223122619574e-02
-6.618453187613287936e-02,-6.618453187613287936e-02
-2.983905430491176625e-02,-2.983905430491176625e-02
-4.546009389498609915e-02,-4.546009389498609915e-02
-1.082781778557079938e-02,-1.082781778557079938e-02
-3.623556858129231562e-02,-3.623556858129231562e-02
-2.488688752715537827e-02,-2.488688752715537827e-02
-3.084854088688182561e-02,-3.084854088688182561e-02
-2.017188945060285898e-02,-2.017188945060285898e-02
-3.973148401719928113e-02,-3.973148401719928113e-02
-2.188387624924596764e-02,-2.188387624924596764e-02
-3.808213647084575382e-02,-3.808213647084575382e-02
-4.330492351004425894e-02,-4.330492351004425894e-02
-3.922539412874057746e-02,-3.922539412874057746e-02
-2.319003508146242482e-02,-2.319003508146242482e-02
-4.129993169064934827e-02,-4.129993169064934827e-02
-3.814741256473382774e-02,-3.814741256473382774e-02
-3.572540838466883861e-02,-3.572540838466883861e-02
-3.110580740979629333e-02,-3.110580740979629333e-02
-3.990850136484497268e-02,-3.990850136484497268e-02
-3.040273679285458719e-02,-3.040273679285458719e-02
-3.631683215913977109e-02,-3.631683215913977109e-02
-5.138660921377902896e-02,-5.138660921377902896e-02
-3.314906696050563123e-02,-3.314906696050563123e-02
-2.256666696699274888e-02,-2.256666696699274888e-02
-4.757362814239394361e-02,-4.757362814239394361e-02
-3.656049799975839842e-02,-3.656049799975839842e-02
-4.101643206510831308e-02,-4.101643206510831308e-02
-2.874877601215762579e-02,-2.874877601215762579e-02
-7.713093176860616462e-02,-7.713093176860616462e-02
-3.941052038238140875e-02,-3.941052038238140875e-02
-5.235651693924219668e-02,-5.235651693924219668e-02
-2.304513889206177835e-02,-2.304513889206177835e-02
-1.334346296125308445e-02,-1.334346296125308445e-02
-3.084847759031099368e-02,-3.084847759031099368e-02
-5.788688699740850846e-02,-5.788688699740850846e-02
-5.506267316314590599e-02,-5.506267316314590599e-02
-2.086023367959104202e-02,-2.086023367959104202e-02
-3.156198434729173830e-02,-3.156198434729173830e-02
-4.513983325637926231e-02,-4.513983325637926231e-02
-1.382119855803376485e-02,-1.382119855803376485e-02
-4.238643395405281705e-02,-4.238643395405281705e-02
-3.013583928984399363e-02,-3.013583928984399363e-02
-5.930738292593432798e-02,-5.930738292593432798e-02
-3.791169497960376888e-02,-3.791169497960376888e-02
-5.544417369945165569e-02,-5.544417369945165569e-02
-3.082862585523326454e-02,-3.082862585523326454e-02
-5.114438635474669731e-02,-5.114438635474669731e-02
-2.360119525435856735e-02,-2.360119525435856735e-02
-4.719199414374550955e-02,-4.719199414374550955e-02
-4.884597486667782013e-02,-4.884597486667782013e-02
-3.394255053505500913e-02,-3.394255053505500913e-02
-3.766835358180357918e-02,-3.766835358180357918e-02
-5.493305083163285002e-02,-5.493305083163285002e-02
-2.954668695104310100e-02,-2.954668695104310100e-02
-3.983120278212092663e-02,-3.983120278212092663e-02
-4.623470331651988868e-02,-4.623470331651988868e-02
-4.435579375060722668e-02,-4.435579375060722668e-02
-3.894177532001120989e-02,-3.894177532001120989e-02
-5.015244871553426603e-02,-5.015244871553426603e-02
-2.301117784920548442e-02,-2.301117784920548442e-02
-3.958435441499404128e-02,-3.958435441499404128e-02
-3.860010345218488348e-02,-3.860010345218488348e-02
-1.517641777545342130e-02,-1.517641777545342130e-02
-2.521736329125735809e-02,-2.521736329125735809e-02
-4.706106195895102401e-02,-4.706106195895102401e-02
-5.506651990083767656e-02,-5.506651990083767656e-02
-1.372311541345355712e-02,-1.372311541345355712e-02
-3.362944628351813292e-02,-3.362944628351813292e-02
-6.686924887131524831e-02,-6.686924887131524831e-02
-4.417670434825048814e-02,-4.417670434825048814e-02
-3.219226713291532121e-02,-3.219226713291532121e-02
-3.519790038271972121e-02,-3.519790038271972121e-02
-4.875301784326943610e-02,-4.875301784326943610e-02
-2.555587021515225155e-02,-2.555587021515225155e-02
-4.978144945370534952e-02,-4.978144945370534952e-02
-3.735759497790037964e-02,-3.735759497790037964e-02
-1.919808032209162352e-02,-1.919808032209162352e-02
-3.702135748729007414e-02,-3.702135748729007414e-02
-2.017919576057128350e-02,-2.017919576057128350e-02
-2.687964485496352474e-02,-2.687964485496352474e-02
-2.622165636791652654e-02,-2.622165636791652654e-02
-2.471689325694272077e-02,-2.471689325694272077e-02
-2.644740868809777185e-02,-2.644740868809777185e-02
-1.601521983016827161e-02,-1.601521983016827161e-02
-2.290711600447775664e-02,-2.290711600447775664e-02
-2.771234204247187416e-02,-2.771234204247187416e-02
-5.347645338690982381e-02,-5.347645338690982381e-02
-4.092988594106908989e-02,-4.092988594106908989e-02
-3.650497605477385360e-02,-3.650497605477385360e-02
-4.027557075416650367e-02,-4.027557075416650367e-02
-1.303993174727399729e-02,-1.303993174727399729e-02
-2.510455095311579787e-02,-2.510455095311579787e-02
-2.975962201442382965e-02,-2.975962201442382965e-02
-5.277077503104195960e-02,-5.277077503104195960e-02
-1.294151230296214372e-02,-1.294151230296214372e-02
-5.862369906355388571e-02,-5.862369906355388571e-02
-5.915649259748435168e-02,-5.915649259748435168e-02
-2.780989527792328275e-02,-2.780989527792328275e-02
-3.885147684157490289e-02,-3.885147684157490289e-02
-2.374404022849706947e-02,-2.374404022849706947e-02
-5.062345851716650025e-02,-5.062345851716650025e-02
-4.522148010811896657e-02,-4.522148010811896657e-02
-3.776953208981627397e-02,-3.776953208981627397e-02
-3.597416379747248039e-02,-3.597416379747248039e-02
-1.729862076921390157e-02,-1.729862076921390157e-02
-3.198716701583571853e-02,-3.198716701583571853e-02
-1.360014057841690133e-02,-1.360014057841690133e-02
-2.154978410227136737e-02,-2.154978410227136737e-02
-3.497931004193693960e-02,-3.497931004193693960e-02
-2.841032167641537737e-02,-2.841032167641537737e-02
-3.186417303265397238e-02,-3.186417303265397238e-02
-4.375904117463607496e-02,-4.375904117463607496e-02
-3.634343958591582102e-02,-3.634343958591582102e-02
-4.025032343566033177e-02,-4.025032343566033177e-02
-3.390294593378998661e-02,-3.390294593378998661e-02
-5.529742182701086889e-02,-5.529742182701086889e-02
-4.331491207408781630e-02,-4.331491207408781630e-02
-2.371911400041556289e-02,-2.371911400041556289e-02
-2.477973487316360163e-02,-2.477973487316360163e-02
-6.284901609753666685e-02,-6.284901609753666685e-02
-2.757231986276372643e-02,-2.757231986276372643e-02
-1.954079421027687946e-02,-1.954079421027687946e-02
-4.823000828460944495e-02,-4.823000828460944495e-02
-4.362575836826808329e-02,-4.362575836826808329e-02
-2.926164801760962331e-02,-2.926164801760962331e-02
-3.824104160835559846e-02,-3.824104160835559846e-02
-2.350204567323590371e-02,-2.350204567323590371e-02
-3.158949746407076209e-02,-3.158949746407076209e-02
-3.596099520125037308e-02,-3.596099520125037308e-02
-4.175808257308096655e-02,-4.175808257308096655e-02
-5.807820989428129355e-02,-5.807820989428129355e-02
-5.372983808947920381e-02,-5.372983808947920381e-02
-4.517757113065134361e-02,-4.517757113065134361e-02
-3.805850834080505563e-02,-3.805850834080505563e-02
-4.464424715190806747e-02,-4.464424715190806747e-02
-4.058592717903783398e-02,-4.058592717903783398e-02
-3.283517229940806359e-02,-3.283517229940806359e-02
-4.478504757270866665e-02,-4.478504757270866665e-02
-3.682790786095666014e-02,-3.682790786095666014e-02
-2.936182084681825122e-02,-2.936182084681825122e-02
-1.956387479595586565e-02,-1.956387479595586565e-02
-3.747740023449613184e-02,-3.747740023449613184e-02
-5.136970995937117923e-02,-5.136970995937117923e-02
-4.000740292841268447e-02,-4.000740292841268447e-02
-5.512837875611519695e-02,-5.512837875611519695e-02
-3.931196306238865512e-02,-3.931196306238865512e-02
-1.790117535477443733e-02,-1.790117535477443733e-02
-3.071192383724726666e-02,-3.071192383724726666e-02
-5.662243053137067106e-02,-5.662243053137067106e-02
-3.723017498803555397e-02,-3.723017498803555397e-02
-3.601199797621951193e-02,-3.601199797621951193e-02
-3.179998738307052847e-02,-3.179998738307052847e-02
-5.773697042332121693e-02,-5.773697042332121693e-02
-3.841807308298595541e-02,-3.841807308298595541e-02
-3.664808545778329429e-02,-3.664808545778329429e-02
-3.016122123752082440e-02,-3.016122123752082440e-02
-5.398459981380239470e-02,-5.398459981380239470e-02
-4.225303108750903813e-02,-4.225303108750903813e-02
-3.423692201086085685e-02,-3.423692201086085685e-02
-3.523928900058015401e-02,-3.523928900058015401e-02
-4.326554418498701482e-02,-4.326554418498701482e-02
-2.421543496373813192e-02,-2.421543496373813192e-02
-5.864144284102530691e-02,-5.864144284102530691e-02
-5.367115456493352227e-02,-5.367115456493352227e-02
-6.177406089180294269e-02,-6.177406089180294269e-02
-2.432903549834115192e-02,-2.432903549834115192e-02
-3.991724182481694305e-02,-3.991724182481694305e-02
-3.110286137001273821e-02,-3.110286137001273821e-02
-3.456090249391226971e-02,-3.456090249391226971e-02
-4.248970717147180359e-02,-4.248970717147180359e-02
-5.289175968089185331e-02,-5.289175968089185331e-02
-3.729634109139445819e-02,-3.729634109139445819e-02
-2.784292293304329452e-02,-2.784292293304329452e-02
-3.684091579169401776e-02,-3.684091579169401776e-02
-3.797094482739392374e-02,-3.797094482739392374e-02
-5.106857877827009756e-02,-5.106857877827009756e-02
-3.655225705105848155e-02,-3.655225705105848155e-02
-1.480842334859590326e-02,-1.480842334859590326e-02
-1.817949065426551630e-02,-1.817949065426551630e-02
-4.334429717217514605e-02,-4.334429717217514605e-02
-3.398357614594064297e-02,-3.398357614594064297e-02
-5.384506040202757804e-02,-5.384506040202757804e-02
-4.130517350578258307e-02,-4.130517350578258307e-02
-3.272568396840989241e-02,-3.272568396840989241e-02
-3.478633365213125439e-02,-3.478633365213125439e-02
-3.772737356335902764e-02,-3.772737356335902764e-02
-3.066418552344953030e-02,-3.066418552344953030e-02
-4.195302538947413146e-02,-4.195302538947413146e-02
-1.935949341902617332e-02,-1.935949341902617332e-02
-3.078954123302444362e-02,-3.078954123302444362e-02
-3.183218084395541408e-02,-3.183218084395541408e-02
-5.786553062116962104e-02,-5.786553062116962104e-02
-3.131746585731447208e-03,-3.131746585731447208e-03
-3.003744115356343780e-02,-3.003744115356343780e-02
-2.159525163423879623e-02,-2.159525163423879623e-02
-5.582103080742924217e-03,-5.582103080742924217e-03
-3.983358121249932354e-02,-3.983358121249932354e-02
-3.969439976776034662e-02,-3.969439976776034662e-02
-5.065923976585049587e-02,-5.065923976585049587e-02
-4.678451039783106807e-02,-4.678451039783106807e-02
-3.878858033602089472e-02,-3.878858033602089472e-02
-4.973395773803142295e-02,-4.973395773803142295e-02
-3.752180666875566672e-02,-3.752180666875566672e-02
-2.345948848444161933e-02,-2.345948848444161933e-02
-4.856929713984489694e-02,-4.856929713984489694e-02
-1.025391716406277853e-02,-1.025391716406277853e-02
-3.571912956045769638e-02,-3.571912956045769638e-02
-3.344557728544994557e-02,-3.344557728544994557e-02
-4.838269404262698220e-02,-4.838269404262698220e-02
-2.770269403760824284e-02,-2.770269403760824284e-02
-4.832657743019013602e-02,-4.832657743019013602e-02
-3.913203856627932298e-02,-3.913203856627932298e-02
-4.340587622020709163e-02,-4.340587622020709163e-02
-2.531308527011506132e-02,-2.531308527011506132e-02
-4.496674333543156099e-02,-4.496674333543156099e-02
-4.168686781654344642e-02,-4.168686781654344642e-02
-3.124327209358154084e-02,-3.124327209358154084e-02
-2.768792351494561710e-02,-2.768792351494561710e-02
-3.092648887022703130e-02,-3.092648887022703130e-02
-4.628722485926276692e-02,-4.628722485926276692e-02
-3.739258020821643880e-02,-3.739258020821643880e-02
-2.539719507055388653e-02,-2.539719507055388653e-02
-3.068238987236494852e-02,-3.068238987236494852e-02
-2.056770967141287321e-02,-2.056770967141287321e-02
-5.635236402012892137e-02,-5.635236402012892137e-02
-3.035612355401479806e-02,-3.035612355401479806e-02
-4.954541852962711379e-02,-4.954541852962711379e-02
-5.154502692848669798e-02,-5.154502692848669798e-02
-4.957526443650137060e-02,-4.957526443650137060e-02
-5.043271397085399843e-02,-5.043271397085399843e-02
-2.563414108521306495e-02,-2.563414108521306495e-02
-3.707638329882253364e-02,-3.707638329882253364e-02
-4.105011388647736292e-02,-4.105011388647736292e-02
-2.319230841584903058e-02,-2.319230841584903058e-02
-3.154321375333393740e-02,-3.154321375333393740e-02
-3.936314103911757456e-02,-3.936314103911757456e-02
-4.919059313274221079e-02,-4.919059313274221079e-02
-2.266870953235997077e-02,-2.266870953235997077e-02
-3.816010839464242799e-02,-3.816010839464242799e-02
-2.952146000101548567e-02,-2.952146000101548567e-02
-4.087179328468690948e-02,-4.087179328468690948e-02
-3.995184158093276205e-02,-3.995184158093276205e-02
-1.869447253811614557e-02,-1.869447253811614557e-02
-3.091998411086976928e-02,-3.091998411086976928e-02
-3.758512660024932589e-02,-3.758512660024932589e-02
-4.631052489074963252e-02,-4.631052489074963252e-02
-6.448680281556906646e-02,-6.448680281556906646e-02
-2.541048737672097629e-02,-2.541048737672097629e-02
-4.100906612685537023e-02,-4.100906612685537023e-02
-2.631361873232258147e-02,-2.631361873232258147e-02
-1.266732813162413374e-02,-1.266732813162413374e-02
-5.386536836861532257e-02,-5.386536836861532257e-02
-4.223827298544217956e-02,-4.223827298544217956e-02
-3.424152766844477253e-02,-3.424152766844477253e-02
-5.034839833458642361e-02,-5.034839833458642361e-02
-2.664788837811959965e-02,-2.664788837811959965e-02
-1.868749325724899935e-02,-1.868749325724899935e-02
-2.369830674574220641e-02,-2.369830674574220641e-02
-4.404893895340343535e-02,-4.404893895340343535e-02
-2.529413829674715536e-02,-2.529413829674715536e-02
-4.885836271263213626e-02,-4.885836271263213626e-02
-2.013699412295156393e-02,-2.013699412295156393e-02
-2.933957040710963998e-02,-2.933957040710963998e-02
-3.663138263806683254e-02,-3.663138263806683254e-02
-4.469734409847499201e-02,-4.469734409847499201e-02
-2.771290872901539803e-02,-2.771290872901539803e-02
-3.880033605780705552e-02,-3.880033605780705552e-02
-3.698864191286767300e-02,-3.698864191286767300e-02
-5.081535759008953823e-02,-5.081535759008953823e-02
-3.780498679697772563e-02,-3.780498679697772563e-02
-2.940822403985131339e-02,-2.940822403985131339e-02
-3.168119123754026961e-02,-3.168119123754026961e-02
-1.749761003025564199e-02,-1.749761003025564199e-02
-3.898495987299651494e-02,-3.898495987299651494e-02
-2.355510554803868367e-02,-2.355510554803868367e-02
-3.454402976474485465e-02,-3.454402976474485465e-02
-6.108472930130266765e-02,-6.108472930130266765e-02
-3.379753975035589691e-02,-3.379753975035589691e-02
-2.836367386945101016e-02,-2.836367386945101016e-02
-4.340877352121600558e-02,-4.340877352121600558e-02
-4.288162115058451185e-02,-4.288162115058451185e-02
-3.674679001022809754e-02,-3.674679001022809754e-02
-5.427869615050063407e-02,-5.427869615050063407e-02
-2.860862343934394980e-02,-2.860862343934394980e-02
-3.533473087759299303e-02,-3.533473087759299303e-02
-2.266983354453083049e-02,-2.266983354453083049e-02
-5.656826598429384734e-02,-5.656826598429384734e-02
-6.212749696292105966e-02,-6.212749696292105966e-02
-5.640993724332801079e-02,-5.640993724332801079e-02
-2.968761840314096748e-02,-2.968761840314096748e-02
-2.873576985564904596e-02,-2.873576985564904596e-02
-4.938049589369367803e-02,-4.938049589369367803e-02
-3.167629176183373724e-02,-3.167629176183373724e-02
-5.142256605433418587e-02,-5.142256605433418587e-02
-4.422347076955602391e-02,-4.422347076955602391e-02
-4.159345667343773006e-02,-4.159345667343773006e-02
-4.022266171543044389e-02,-4.022266171543044389e-02
-3.706477357135058021e-02,-3.706477357135058021e-02
-3.691069405186573477e-02,-3.691069405186573477e-02
-4.454565910941082896e-02,-4.454565910941082896e-02
-4.200024915447271578e-02,-4.200024915447271578e-02
-1.941219503984036032e-02,-1.941219503984036032e-02
-4.235150443877794962e-02,-4.235150443877794962e-02
-3.039549991744559809e-02,-3.039549991744559809e-02
-6.333708995974626776e-02,-6.333708995974626776e-02
-2.662535868411906870e-02,-2.662535868411906870e-02
-1.350603447700145926e-02,-1.350603447700145926e-02
-4.250174407283853484e-02,-4.250174407283853484e-02
-9.206765639836404780e-03,-9.206765639836404780e-03
-4.592833613575119517e-02,-4.592833613575119517e-02
-1.501716137128624590e-02,-1.501716137128624590e-02
-3.325892497005517728e-02,-3.325892497005517728e-02
-3.801825282665714095e-02,-3.801825282665714095e-02
-2.825367731831371354e-02,-2.825367731831371354e-02
-6.559785561012165811e-02,-6.559785561012165811e-02
-4.143627963143681203e-02,-4.143627963143681203e-02
-1.853866878114238115e-02,-1.853866878114238115e-02
-2.052785953616573927e-02,-2.052785953616573927e-02
-7.368470749153886723e-03,-7.368470749153886723e-03
-4.410667248126585310e-02,-4.410667248126585310e-02
-3.635952895925705086e-02,-3.635952895925705086e-02
-2.937079512635311362e-02,-2.937079512635311362e-02
-4.405262365366975630e-02,-4.405262365366975630e-02
-4.351849274079086505e-02,-4.351849274079086505e-02
-3.357070576144286639e-02,-3.357070576144286639e-02
-4.407968575949036683e-02,-4.407968575949036683e-02
-3.714169835096997607e-02,-3.714169835096997607e-02
-4.510586602696279451e-02,-4.510586602696279451e-02
-3.376304316127289040e-02,-3.376304316127289040e-02
-5.434051172007383496e-02,-5.434051172007383496e-02
-4.846096856754823767e-02,-4.846096856754823767e-02
-3.838518381154870651e-02,-3.838518381154870651e-02
-2.552438491344613536e-02,-2.552438491344613536e-02
-4.636242826485483665e-02,-4.636242826485483665e-02
-4.295710166610603592e-02,-4.295710166610603592e-02
-3.121429185025425407e-02,-3.121429185025425407e-02
-5.719584618571854628e-02,-5.719584618571854628e-02
-4.318688496814923616e-02,-4.318688496814923616e-02
-5.138204963521154911e-02,-5.138204963521154911e-02
-2.970290853852648044e-02,-2.970290853852648044e-02
-4.268812400587165129e-02,-4.268812400587165129e-02
-3.444812793196108669e-02,-3.444812793196108669e-02
-3.713002463586057011e-02,-3.713002463586057011e-02
-3.928872424347240599e-02,-3.928872424347240599e-02
-4.789449823764464070e-02,-4.789449823764464070e-02
-4.793759600641989138e-02,-4.793759600641989138e-02
-3.478153230433290999e-02,-3.478153230433290999e-02
-2.384863529390425507e-02,-2.384863529390425507e-02
-4.041783427342619806e-02,-4.041783427342619806e-02
-2.885531653721187806e-02,-2.885531653721187806e-02
-2.839749010674497490e-02,-2.839749010674497490e-02
-1.206124288957759194e-02,-1.206124288957759194e-02
-3.948900894786349508e-02,-3.948900894786349508e-02
-3.820059078508142303e-02,-3.820059078508142303e-02
-2.555873058468162429e-02,-2.555873058468162429e-02
-5.583964513098681193e-02,-5.583964513098681193e-02
-4.400649965686268678e-02,-4.400649965686268678e-02
-4.876024013386857925e-02,-4.876024013386857925e-02
-4.865082426147943756e-02,-4.865082426147943756e-02
-4.022673151484192078e-02,-4.022673151484192078e-02
-4.402313809092731761e-02,-4.402313809092731761e-02
-5.503082852471920250e-02,-5.503082852471920250e-02
-2.922828294944212688e-02,-2.922828294944212688e-02
-3.241226501531995624e-02,-3.241226501531995624e-02
-4.633736464362443047e-02,-4.633736464362443047e-02
-3.437681297560529065e-02,-3.437681297560529065e-02
-3.559856510466654494e-02,-3.559856510466654494e-02
-5.588138191288258977e-02,-5.588138191288258977e-02
-4.138472076102363978e-02,-4.138472076102363978e-02
-5.362424723958410938e-02,-5.362424723958410938e-02
-4.285995071427783215e-02,-4.285995071427783215e-02
-4.561704693106695407e-02,-4.561704693106695407e-02
-4.265072428613075201e-02,-4.265072428613075201e-02
-6.565937597695330197e-02,-6.565937597695330197e-02
-5.282250113772525568e-02,-5.282250113772525568e-02
-2.976875697223203138e-02,-2.976875697223203138e-02
-4.669499743637219036e-02,-4.669499743637219036e-02
-2.748380139947231848e-02,-2.748380139947231848e-02
-7.020321191170128539e-02,-7.020321191170128539e-02
-2.964678461681603816e-02,-2.964678461681603816e-02
-3.301767164889366640e-02,-3.301767164889366640e-02
-5.003867917931230369e-02,-5.003867917931230369e-02
-3.042857135361512477e-02,-3.042857135361512477e-02
-5.323364671759815009e-02,-5.323364671759815009e-02
-3.611896386172881723e-02,-3.611896386172881723e-02
-4.395114185962317038e-02,-4.395114185962317038e-02
-6.149133610357254004e-02,-6.149133610357254004e-02
-5.410347369569847714e-02,-5.410347369569847714e-02
-5.686081636008719770e-02,-5.686081636008719770e-02
-5.429091658687985877e-02,-5.429091658687985877e-02
-4.487726931835807342e-02,-4.487726931835807342e-02
-1.503433026934678646e-02,-1.503433026934678646e-02
-3.867164591480842101e-02,-3.867164591480842101e-02
-6.156896519471702356e-02,-6.156896519471702356e-02
-6.020292709515649709e-02,-6.020292709515649709e-02
-4.563552479681263346e-02,-4.563552479681263346e-02
-2.975268954680609923e-02,-2.975268954680609923e-02
-2.153083063024766042e-02,-2.153083063024766042e-02
-4.021855399686827953e-02,-4.021855399686827953e-02
-4.036260072969859170e-02,-4.036260072969859170e-02
-4.187728667890285028e-02,-4.187728667890285028e-02
-5.337115074525521086e-02,-5.337115074525521086e-02
-3.945574140610284830e-02,-3.945574140610284830e-02
-2.498682748784925023e-02,-2.498682748784925023e-02
-6.124448535949122974e-02,-6.124448535949122974e-02
-3.838162088069588945e-02,-3.838162088069588945e-02
-3.856659641276851541e-02,-3.856659641276851541e-02
-5.718547937822788391e-02,-5.718547937822788391e-02
-3.495122321808753763e-02,-3.495122321808753763e-02
-2.620527421069643315e-02,-2.620527421069643315e-02
-3.227869433616893657e-02,-3.227869433616893657e-02
-3.744681949670552318e-02,-3.744681949670552318e-02
-1.993841424078674623e-02,-1.993841424078674623e-02
-6.426585843795695752e-02,-6.426585843795695752e-02
-3.902880090263177726e-02,-3.902880090263177726e-02
-3.031067817078657994e-02,-3.031067817078657994e-02
-3.163678272633058813e-02,-3.163678272633058813e-02
-5.793115426392073802e-02,-5.793115426392073802e-02
-2.998848122708790143e-02,-2.998848122708790143e-02
-4.057219331751896196e-02,-4.057219331751896196e-02
-3.515482751429550162e-02,-3.515482751429550162e-02
-3.883276846892967649e-02,-3.883276846892967649e-02
-3.313025942943398361e-02,-3.313025942943398361e-02
-1.976763824978144263e-02,-1.976763824978144263e-02
-2.062022269317972251e-02,-2.062022269317972251e-02
-1.946004972490913282e-02,-1.946004972490913282e-02
-3.000820847126037250e-02,-3.000820847126037250e-02
-2.723306573411215376e-02,-2.723306573411215376e-02
-3.114250234432746484e-02,-3.114250234432746484e-02
-4.027320508035778235e-02,-4.027320508035778235e-02
-5.342735702475229914e-02,-5.342735702475229914e-02
-4.336319851184897850e-02,-4.336319851184897850e-02
-1.799257884556774295e-02,-1.799257884556774295e-02
-4.449298242717324159e-02,-4.449298242717324159e-02
-4.809257377033251263e-02,-4.809257377033251263e-02
-2.684966555927644632e-02,-2.684966555927644632e-02
-1.872167346183938041e-02,-1.872167346183938041e-02
-4.913352270473968220e-02,-4.913352270473968220e-02
-4.146748003198170301e-02,-4.146748003198170301e-02
-4.913381083667769933e-02,-4.913381083667769933e-02
-3.674577815854335877e-02,-3.674577815854335877e-02
-3.423879232456813332e-02,-3.423879232456813332e-02
-4.085719029783978912e-02,-4.085719029783978912e-02
-1.062727821019460173e-02,-1.062727821019460173e-02
-4.349728541237349311e-02,-4.349728541237349311e-02
-5.200024966904255586e-02,-5.200024966904255586e-02
-2.317866092871987554e-02,-2.317866092871987554e-02
-2.389755574167808788e-02,-2.389755574167808788e-02
-5.508293655585357051e-02,-5.508293655585357051e-02
-4.976619327165839046e-02,-4.976619327165839046e-02
-3.498710198607744848e-02,-3.498710198607744848e-02
-1.752870564816235571e-02,-1.752870564816235571e-02
-4.881882248358958287e-02,-4.881882248358958287e-02
-4.190352996661646234e-02,-4.190352996661646234e-02
-2.866461999279085182e-02,-2.866461999279085182e-02
-1.105275797189470000e-02,-1.105275797189470000e-02
-3.759314867163363050e-02,-3.759314867163363050e-02
-1.880193831037477170e-02,-1.880193831037477170e-02
-3.648997754412258709e-02,-3.648997754412258709e-02
-2.458224171864129004e-02,-2.458224171864129004e-02
-4.168432030227828267e-02,-4.168432030227828267e-02
-3.026937018991760972e-02,-3.026937018991760972e-02
-5.265736141969316886e-02,-5.265736141969316886e-02
-4.019683428234480799e-02,-4.019683428234480799e-02
-4.552108330600246333e-02,-4.552108330600246333e-02
-5.434133749001508057e-02,-5.434133749001508057e-02
-2.695323703952036409e-02,-2.695323703952036409e-02
-4.449912909954129026e-02,-4.449912909954129026e-02
-2.707439886313848382e-02,-2.707439886313848382e-02
-3.332247195640441334e-02,-3.332247195640441334e-02
-3.025861776332026271e-02,-3.025861776332026271e-02
-3.480859076915009814e-02,-3.480859076915009814e-02
-3.654429444555911538e-02,-3.654429444555911538e-02
-4.002040766605469146e-02,-4.002040766605469146e-02
-3.996541455355136913e-02,-3.996541455355136913e-02
-1.743408830487681166e-02,-1.743408830487681166e-02
-4.082847638428784703e-02,-4.082847638428784703e-02
-3.764247537651254499e-02,-3.764247537651254499e-02
-2.832945469009297973e-02,-2.832945469009297973e-02
-4.302357145734259786e-02,-4.302357145734259786e-02
-1.526139773443187936e-02,-1.526139773443187936e-02
-3.060764392073570678e-02,-3.060764392073570678e-02
-5.479237662375795181e-02,-5.479237662375795181e-02
-4.928697831152142883e-02,-4.928697831152142883e-02
-1.497700303585515480e-02,-1.497700303585515480e-02
-1.831212553138657217e-02,-1.831212553138657217e-02
-2.735814222335013896e-02,-2.735814222335013896e-02
-4.521649084253462347e-02,-4.521649084253462347e-02
-3.736367596591949614e-02,-3.736367596591949614e-02
-3.674705909724039488e-02,-3.674705909724039488e-02
-5.146338549725146261e-02,-5.146338549725146261e-02
-2.989150207368968665e-02,-2.989150207368968665e-02
-2.995697302011049445e-02,-2.995697302011049445e-02
-5.175441454343641251e-02,-5.175441454343641251e-02
-4.941593334275324462e-02,-4.941593334275324462e-02
-4.239388012162120106e-02,-4.239388012162120106e-02
-5.491195342021199660e-02,-5.491195342021199660e-02
-4.315442357886601493e-02,-4.315442357886601493e-02
-4.706959823791250636e-02,-4.706959823791250636e-02
-3.342455733912833710e-02,-3.342455733912833710e-02
-5.157624302440032976e-02,-5.157624302440032976e-02
-2.982909794572548290e-02,-2.982909794572548290e-02
-2.876324995712512683e-02,-2.876324995712512683e-02
-5.326976991724700905e-02,-5.326976991724700905e-02
-4.429084652623491852e-02,-4.429084652623491852e-02
-3.452791152947694286e-02,-3.452791152947694286e-02
-5.343776576941088735e-02,-5.343776576941088735e-02
-4.184971025699528446e-02,-4.184971025699528446e-02
-3.365969284617414958e-02,-3.365969284617414958e-02
-4.968131998679117117e-02,-4.968131998679117117e-02
-2.150550095413031326e-02,-2.150550095413031326e-02
-4.292197876968190107e-04,-4.292197876968190107e-04
-3.960544219704355273e-02,-3.960544219704355273e-02
-5.404736081674482717e-02,-5.404736081674482717e-02
-4.916074030824554852e-02,-4.916074030824554852e-02
-3.319112708035925480e-02,-3.319112708035925480e-02
-1.582362879750243145e-02,-1.582362879750243145e-02
-3.838130793386967249e-02,-3.838130793386967249e-02
-3.535310532554006291e-02,-3.535310532554006291e-02
-6.820472623665771450e-02,-6.820472623665771450e-02
-1.866373531431068239e-02,-1.866373531431068239e-02
-3.593798297044242113e-02,-3.593798297044242113e-02
-3.687315263285813327e-02,-3.687315263285813327e-02
-9.490660000679600194e-03,-9.490660000679600194e-03
-2.406081898863000196e-02,-2.406081898863000196e-02
-5.194007134595259728e-02,-5.194007134595259728e-02
-3.026689245755211088e-02,-3.026689245755211088e-02
-5.147394324785455749e-02,-5.147394324785455749e-02
-4.015676925307610362e-02,-4.015676925307610362e-02
-3.586647458165317243e-02,-3.586647458165317243e-02
-2.348283075819879856e-02,-2.348283075819879856e-02
-2.565238870199693100e-02,-2.565238870199693100e-02
-5.047694603758572790e-02,-5.047694603758572790e-02
-2.930622719861242231e-02,-2.930622719861242231e-02
-4.797260466038864857e-02,-4.797260466038864857e-02
-4.701465252429906649e-02,-4.701465252429906649e-02
-1.390236578879815860e-02,-1.390236578879815860e-02
-4.402589354343599409e-02,-4.402589354343599409e-02
-3.591779110789500296e-02,-3.591779110789500296e-02
-3.595478347434272887e-02,-3.595478347434272887e-02
-4.501184118574947518e-02,-4.501184118574947518e-02
-1.955855061621582930e-02,-1.955855061621582930e-02
-1.780747233681651692e-02,-1.780747233681651692e-02
-6.123970962631099246e-02,-6.123970962631099246e-02
-2.772118287857200380e-02,-2.772118287857200380e-02
-2.721493763253816922e-02,-2.721493763253816922e-02
-5.043733510252196989e-02,-5.043733510252196989e-02
-3.531637449320042949e-02,-3.531637449320042949e-02
-2.908667528046068873e-02,-2.908667528046068873e-02
-4.281423335754823423e-02,-4.281423335754823423e-02
-3.158517514222246997e-02,-3.158517514222246997e-02
-2.302454346445861888e-02,-2.302454346445861888e-02
-3.279031453274632024e-02,-3.279031453274632024e-02
-2.317717414570118206e-02,-2.317717414570118206e-02
-2.171076341426799589e-02,-2.171076341426799589e-02
-4.206858400710810492e-02,-4.206858400710810492e-02
-3.480740736050256384e-02,-3.480740736050256384e-02
-2.090349615816284451e-02,-2.090349615816284451e-02
-2.871073425489902714e-02,-2.871073425489902714e-02
-3.040190635966218136e-02,-3.040190635966218136e-02
-2.535998286500069920e-02,-2.535998286500069920e-02
-4.142455404623442139e-02,-4.142455404623442139e-02
-3.471135897996988073e-02,-3.471135897996988073e-02
-3.916010888974386789e-02,-3.916010888974386789e-02
-5.005390669552703398e-02,-5.005390669552703398e-02
-3.385321979153219085e-02,-3.385321979153219085e-02
-6.623558773037725722e-03,-6.623558773037725722e-03
-4.674429800855518791e-02,-4.674429800855518791e-02
-4.338464398427306634e-02,-4.338464398427306634e-02
-3.392715434338668123e-02,-3.392715434338668123e-02
-5.030411226803489788e-02,-5.030411226803489788e-02
-2.280819988722043723e-02,-2.280819988722043723e-02
-4.194181838169064314e-02,-4.194181838169064314e-02
-4.278600691286976732e-02,-4.278600691286976732e-02
-4.902611510081521934e-02,-4.902611510081521934e-02
-5.347517863224726664e-02,-5.347517863224726664e-02
-3.722151157554329931e-02,-3.722151157554329931e-02
-3.872588136361930500e-02,-3.872588136361930500e-02
-1.680438589194208077e-02,-1.680438589194208077e-02
-3.205674327785008187e-02,-3.205674327785008187e-02
-2.819920739228910789e-02,-2.819920739228910789e-02
-6.523099218250197340e-02,-6.523099218250197340e-02
-2.275869918680495374e-02,-2.275869918680495374e-02
-9.390839145193313753e-03,-9.390839145193313753e-03
-3.937426504714902631e-02,-3.937426504714902631e-02
-5.954288008834156959e-02,-5.954288008834156959e-02
-3.794997844348774879e-02,-3.794997844348774879e-02
-5.199428399477927509e-02,-5.199428399477927509e-02
-5.279383745956102436e-02,-5.279383745956102436e-02
-2.777051883744896532e-02,-2.777051883744896532e-02
-4.034206322603135775e-02,-4.034206322603135775e-02
-3.461003448481755201e-02,-3.461003448481755201e-02
-5.335973598329783740e-02,-5.335973598329783740e-02
-4.158233871884645105e-02,-4.158233871884645105e-02
-2.626143127098558988e-02,-2.626143127098558988e-02
-5.506963727317409213e-02,-5.506963727317409213e-02
-3.073837849378616149e-02,-3.073837849378616149e-02
-2.345367100335960658e-02,-2.345367100335960658e-02
-3.524308490628627610e-02,-3.524308490628627610e-02
-4.173185097557155498e-02,-4.173185097557155498e-02
-3.051629307838815003e-02,-3.051629307838815003e-02
-5.237216864272171979e-02,-5.237216864272171979e-02
-3.664889115361566474e-02,-3.664889115361566474e-02
-2.063163426345843848e-02,-2.063163426345843848e-02
-2.639064991446335440e-02,-2.639064991446335440e-02
-5.356773634393819511e-02,-5.356773634393819511e-02
-4.392715521683485808e-02,-4.392715521683485808e-02
-3.448869049334693515e-02,-3.448869049334693515e-02
-2.664937939916552784e-02,-2.664937939916552784e-02
-2.489286253463116744e-02,-2.489286253463116744e-02
-3.879013510076049359e-02,-3.879013510076049359e-02
-3.049258333030770846e-02,-3.049258333030770846e-02
-3.399371417080348373e-02,-3.399371417080348373e-02
-3.590641110312278728e-02,-3.590641110312278728e-02
-5.160141057276711185e-02,-5.160141057276711185e-02
-4.661825174955413348e-02,-4.661825174955413348e-02
-3.139998343281900917e-02,-3.139998343281900917e-02
-2.500469167843898111e-02,-2.500469167843898111e-02
-4.454592279655533726e-02,-4.454592279655533726e-02
-3.404641147589341360e-02,-3.404641147589341360e-02
-2.029276492316231528e-02,-2.029276492316231528e-02
-5.091598682230752404e-02,-5.091598682230752404e-02
-5.045349184752501159e-02,-5.045349184752501159e-02
-5.291213428988109785e-02,-5.291213428988109785e-02
-3.436613908756879637e-02,-3.436613908756879637e-02
-3.889435063546211463e-02,-3.889435063546211463e-02
-4.294318886414635189e-02,-4.294318886414635189e-02
-5.384087638536760173e-02,-5.384087638536760173e-02
-2.580545272739162566e-02,-2.580545272739162566e-02
-4.057234412847000871e-02,-4.057234412847000871e-02
-3.395971384757531103e-02,-3.395971384757531103e-02
-4.934467188286254663e-02,-4.934467188286254663e-02
-3.178502984253549213e-02,-3.178502984253549213e-02
-3.339085855271364117e-02,-3.339085855271364117e-02
-4.185246985202697306e-02,-4.185246985202697306e-02
-9.942053360777011739e-03,-9.942053360777011739e-03
-4.592373458050170304e-02,-4.592373458050170304e-02
-2.788938491772478129e-02,-2.788938491772478129e-02
-3.326598311664729496e-02,-3.326598311664729496e-02
-5.561682703960852542e-02,-5.561682703960852542e-02
-5.272549456237764914e-02,-5.272549456237764914e-02
-3.876060556086224906e-02,-3.876060556086224906e-02
-2.607344232378835253e-02,-2.607344232378835253e-02
-4.421349745280324373e-02,-4.421349745280324373e-02
-1.344248676351889049e-02,-1.344248676351889049e-02
-2.237301322539457515e-02,-2.237301322539457515e-02
-4.695746201527655622e-02,-4.695746201527655622e-02
-3.872977896228466110e-02,-3.872977896228466110e-02
-1.994153508935439523e-02,-1.994153508935439523e-02
-4.260779884116865091e-02,-4.260779884116865091e-02
-3.461444769755728929e-02,-3.461444769755728929e-02
-3.864836952351452526e-02,-3.864836952351452526e-02
-5.141198205769392099e-02,-5.141198205769392099e-02
-3.449715730892768256e-02,-3.449715730892768256e-02
-3.625126736949926820e-02,-3.625126736949926820e-02
-2.720505311328001719e-02,-2.720505311328001719e-02
-4.886671348076366411e-02,-4.886671348076366411e-02
-5.270436219896502267e-02,-5.270436219896502267e-02
-6.163618240043122753e-02,-6.163618240043122753e-02
-6.143605137909877167e-02,-6.143605137909877167e-02
-4.246308659172743499e-02,-4.246308659172743499e-02
-3.921228527584905837e-02,-3.921228527584905837e-02
-3.821786212113480186e-02,-3.821786212113480186e-02
-2.271097541373313933e-02,-2.271097541373313933e-02
-2.791303202494010288e-02,-2.791303202494010288e-02
-4.647847451247226480e-02,-4.647847451247226480e-02
-3.055778530878313498e-02,-3.055778530878313498e-02
-2.350486345356110618e-02,-2.350486345356110618e-02
-5.832093152092761301e-02,-5.832093152092761301e-02
-5.629544198363834601e-02,-5.629544198363834601e-02
-4.891955001225701399e-02,-4.891955001225701399e-02
