-4.080883790705368774e+00,-4.080883790705368774e+00
-1.841898700195684357e+00,-1.841898700195684357e+00
-2.602120541766002049e+00,-2.602120541766002049e+00
-4.358533374671825555e+00,-4.358533374671825555e+00
-9.736227376141632917e-01,-9.736227376141632917e-01
-3.928145444111620144e+00,-3.928145444111620144e+00
-2.955554431415254424e+00,-2.955554431415254424e+00
-2.637148444556917326e+00,-2.637148444556917326e+00
-4.283743209016532383e+00,-4.283743209016532383e+00
-3.992417867655939201e+00,-3.992417867655939201e+00
-1.141358211429042591e+00,-1.141358211429042591e+00
-6.342469358754549980e+00,-6.342469358754549980e+00
-1.802370813809578420e+00,-1.802370813809578420e+00
-3.555709673868048704e+00,-3.555709673868048704e+00
-9.649484030006863833e+00,-9.649484030006863833e+00
-2.883185760560236233e+00,-2.883185760560236233e+00
-2.722201868163250271e+00,-2.722201868163250271e+00
-3.914252926891948370e+00,-3.914252926891948370e+00
-1.008700240845005425e+00,-1.008700240845005425e+00
-6.406861913066374647e+00,-6.406861913066374647e+00
-3.064554808136191077e+00,-3.064554808136191077e+00
-1.376134029216525390e+00,-1.376134029216525390e+00
-6.223325457715831455e+00,-6.223325457715831455e+00
-5.101900206926393899e+00,-5.101900206926393899e+00
-6.139738124565435662e+00,-6.139738124565435662e+00
-4.841050937794991960e+00,-4.841050937794991960e+00
-1.552299354927551667e+00,-1.552299354927551667e+00
-4.840127493507306866e+00,-4.840127493507306866e+00
-7.660176347836942234e+00,-7.660176347836942234e+00
-2.805844662899953157e+00,-2.805844662899953157e+00
-1.198063137657924937e+00,-1.198063137657924937e+00
-2.590899045435726133e+00,-2.590899045435726133e+00
-6.030657588833129301e-01,-6.030657588833129301e-01
-4.211372987336345908e+00,-4.211372987336345908e+00
-3.769093158802067745e+00,-3.769093158802067745e+00
-5.600219586059806076e+00,-5.600219586059806076e+00
-2.745414633138414828e+00,-2.745414633138414828e+00
-2.550956937256623203e+00,-2.550956937256623203e+00
-6.072396555640997562e+00,-6.072396555640997562e+00
-5.067683123100833242e+00,-5.067683123100833242e+00
-3.554235416957761018e+00,-3.554235416957761018e+00
-2.268297508996692802e+00,-2.268297508996692802e+00
-3.793082033704524569e+00,-3.793082033704524569e+00
-2.308151528596007918e+00,-2.308151528596007918e+00
-4.050937756903834064e+00,-4.050937756903834064e+00
-3.802176640587818124e+00,-3.802176640587818124e+00
-5.259895071537925126e+00,-5.259895071537925126e+00
-3.496427001077337948e+00,-3.496427001077337948e+00
-6.168097824838397081e+00,-6.168097824838397081e+00
-2.685758721393035842e+00,-2.685758721393035842e+00
1.906027292785303362e-01,1.906027292785303362e-01
-3.513646423658005169e+00,-3.513646423658005169e+00
-2.608688979884906001e+00,-2.608688979884906001e+00
-1.519367510695470713e+00,-1.519367510695470713e+00
-3.266420623827546166e+00,-3.266420623827546166e+00
-5.078790780574725439e+00,-5.078790780574725439e+00
-2.518531670340628636e+00,-2.518531670340628636e+00
-4.388540554926066761e+00,-4.388540554926066761e+00
-4.108397765687581860e+00,-4.108397765687581860e+00
-3.668643241446604364e+00,-3.668643241446604364e+00
-4.446936977887594011e+00,-4.446936977887594011e+00
-4.959107320649457917e-01,-4.959107320649457917e-01
-9.047988830056477028e+00,-9.047988830056477028e+00
-4.469946770656332724e+00,-4.469946770656332724e+00
-2.616461420592010700e+00,-2.616461420592010700e+00
-2.976324676354474175e+00,-2.976324676354474175e+00
-1.566559195485736522e+00,-1.566559195485736522e+00
-2.278046026791211265e+00,-2.278046026791211265e+00
-3.438083352965326522e+00,-3.438083352965326522e+00
-5.354914520936933542e+00,-5.354914520936933542e+00
-3.162456360017035450e+00,-3.162456360017035450e+00
-9.053807998805853963e-01,-9.053807998805853963e-01
-2.780349155126119687e+00,-2.780349155126119687e+00
-4.746233232564123661e+00,-4.746233232564123661e+00
-6.820516597645847945e+00,-6.820516597645847945e+00
-2.518968560018219893e+00,-2.518968560018219893e+00
-4.120052458355037750e+00,-4.120052458355037750e+00
-5.859883661150276701e+00,-5.859883661150276701e+00
-8.601910497674318812e-01,-8.601910497674318812e-01
-6.566462522523655032e+00,-6.566462522523655032e+00
-5.468287413572622491e+00,-5.468287413572622491e+00
-6.444255572794803655e+00,-6.444255572794803655e+00
5.341373319265467767e-01,5.341373319265467767e-01
-6.503510806784653653e+00,-6.503510806784653653e+00
-2.358867509910092863e+00,-2.358867509910092863e+00
-4.456257866296562953e-01,-4.456257866296562953e-01
-2.622642942671728150e+00,-2.622642942671728150e+00
-8.187947479838667775e+00,-8.187947479838667775e+00
-1.982969085872071435e+00,-1.982969085872071435e+00
-3.300107962375447013e+00,-3.300107962375447013e+00
-1.360738331196670314e+00,-1.360738331196670314e+00
-4.954240543750648484e+00,-4.954240543750648484e+00
-6.457303467417648157e+00,-6.457303467417648157e+00
-6.860985188891381092e+00,-6.860985188891381092e+00
-6.565080543483963638e+00,-6.565080543483963638e+00
-4.366759320841905989e+00,-4.366759320841905989e+00
-6.069238864660270849e+00,-6.069238864660270849e+00
-2.904139703281442220e+00,-2.904139703281442220e+00
-6.683772241367086586e+00,-6.683772241367086586e+00
-3.684542600871776763e+00,-3.684542600871776763e+00
-4.743344626358014793e+00,-4.743344626358014793e+00
-4.696814144245698985e-01,-4.696814144245698985e-01
-5.265637810977361610e+00,-5.265637810977361610e+00
-3.708952852614481266e+00,-3.708952852614481266e+00
-1.919622434855694060e+00,-1.919622434855694060e+00
-4.607122537488383962e-01,-4.607122537488383962e-01
-4.227407250352486656e+00,-4.227407250352486656e+00
-3.542355246741006436e+00,-3.542355246741006436e+00
-1.784119294648379928e+00,-1.784119294648379928e+00
-2.078260173155019430e+00,-2.078260173155019430e+00
-2.808057619343879541e+00,-2.808057619343879541e+00
-7.258208059424203995e+00,-7.258208059424203995e+00
6.156789618552950261e-01,6.156789618552950261e-01
-7.576418207394445048e+00,-7.576418207394445048e+00
-4.215329512547286051e+00,-4.215329512547286051e+00
-3.508892956141911768e+00,-3.508892956141911768e+00
-5.019172798238351163e+00,-5.019172798238351163e+00
-1.219706009416203774e+00,-1.219706009416203774e+00
-6.005095590503732872e-01,-6.005095590503732872e-01
-3.323674254232971137e+00,-3.323674254232971137e+00
-4.628799636993210953e+00,-4.628799636993210953e+00
-7.485856670808429314e+00,-7.485856670808429314e+00
-5.065408758708263015e+00,-5.065408758708263015e+00
-5.483365506797575506e+00,-5.483365506797575506e+00
-7.542739855920359560e+00,-7.542739855920359560e+00
-3.054870928103432526e+00,-3.054870928103432526e+00
-6.773560011446559059e+00,-6.773560011446559059e+00
-3.185097009177563887e+00,-3.185097009177563887e+00
-3.142034026398846436e+00,-3.142034026398846436e+00
-6.088216711864597563e+00,-6.088216711864597563e+00
-6.044874847437284870e+00,-6.044874847437284870e+00
-2.982023284149893705e+00,-2.982023284149893705e+00
-9.007195209957261639e-01,-9.007195209957261639e-01
-6.967739323501320747e+00,-6.967739323501320747e+00
-6.118010253297906154e+00,-6.118010253297906154e+00
-1.216766653916229179e+00,-1.216766653916229179e+00
-5.364718527611571197e+00,-5.364718527611571197e+00
-7.059693100338506611e+00,-7.059693100338506611e+00
-4.841533024442263411e+00,-4.841533024442263411e+00
-2.751177195177517909e+00,-2.751177195177517909e+00
-3.710503954822033990e+00,-3.710503954822033990e+00
-1.605878750782299802e+00,-1.605878750782299802e+00
-5.896119508359510597e+00,-5.896119508359510597e+00
-3.660602164621213905e+00,-3.660602164621213905e+00
-1.048144492532315120e+00,-1.048144492532315120e+00
-2.163927053975998493e+00,-2.163927053975998493e+00
-4.396535023974390555e+00,-4.396535023974390555e+00
-3.759651728556970163e+00,-3.759651728556970163e+00
-3.339720973271263826e+00,-3.339720973271263826e+00
-3.975609886119740644e+00,-3.975609886119740644e+00
-2.935908839224105726e+00,-2.935908839224105726e+00
-7.602274444601410330e+00,-7.602274444601410330e+00
-5.151247087386265022e+00,-5.151247087386265022e+00
-4.050508932860881650e+00,-4.050508932860881650e+00
-2.197445653313223168e+00,-2.197445653313223168e+00
-3.110425098605571925e+00,-3.110425098605571925e+00
-2.163524928236483458e+00,-2.163524928236483458e+00
-5.044478267771639324e+00,-5.044478267771639324e+00
-5.153035782538095688e+00,-5.153035782538095688e+00
-4.831034228660262109e+00,-4.831034228660262109e+00
-3.828275980598734307e+00,-3.828275980598734307e+00
-2.743867528485188778e+00,-2.743867528485188778e+00
-1.619846042045856249e+00,-1.619846042045856249e+00
-4.750238846269502879e+00,-4.750238846269502879e+00
-4.410820864384620954e+00,-4.410820864384620954e+00
-7.263860692266126406e-01,-7.263860692266126406e-01
-4.819336209846563079e+00,-4.819336209846563079e+00
-6.929041234461861265e+00,-6.929041234461861265e+00
-7.592789066160380074e+00,-7.592789066160380074e+00
-5.602764193352888000e+00,-5.602764193352888000e+00
2.198741934403622089e+00,2.198741934403622089e+00
-5.311331776108861646e+00,-5.311331776108861646e+00
-5.501476129085157041e+00,-5.501476129085157041e+00
-5.394674177098290890e+00,-5.394674177098290890e+00
-5.599095586960792126e+00,-5.599095586960792126e+00
-4.086620210891218186e+00,-4.086620210891218186e+00
-1.707687691936867536e+00,-1.707687691936867536e+00
-4.071739762106332705e+00,-4.071739762106332705e+00
-7.911157121300774087e+00,-7.911157121300774087e+00
-8.089001200679238224e+00,-8.089001200679238224e+00
-6.452074398423320645e+00,-6.452074398423320645e+00
-4.185750433720593300e+00,-4.185750433720593300e+00
-5.398831892645717723e+00,-5.398831892645717723e+00
-4.900452996649586446e+00,-4.900452996649586446e+00
-1.003046346247659981e+00,-1.003046346247659981e+00
-1.824700079361352367e+00,-1.824700079361352367e+00
-1.804350095592472059e+00,-1.804350095592472059e+00
-3.746836351207816218e+00,-3.746836351207816218e+00
-3.797799965923659204e+00,-3.797799965923659204e+00
-3.051613838540671697e+00,-3.051613838540671697e+00
-3.335846396682805803e+00,-3.335846396682805803e+00
-3.768234512791020840e+00,-3.768234512791020840e+00
-5.839295003959749764e+00,-5.839295003959749764e+00
-5.561927285895571949e+00,-5.561927285895571949e+00
-9.459193867449474880e+00,-9.459193867449474880e+00
-3.678336345332727131e+00,-3.678336345332727131e+00
-4.206025059534551858e+00,-4.206025059534551858e+00
-5.551157219911759810e+00,-5.551157219911759810e+00
-6.185626774357171342e+00,-6.185626774357171342e+00
-6.281066100256388118e+00,-6.281066100256388118e+00
-4.911738987254778088e+00,-4.911738987254778088e+00
-5.172945181390922187e+00,-5.172945181390922187e+00
-7.577892066202201349e+00,-7.577892066202201349e+00
-4.566328444212771842e+00,-4.566328444212771842e+00
4.385245652497595237e-01,4.385245652497595237e-01
-1.663839990058357809e-02,-1.663839990058357809e-02
-7.224175209853803459e+00,-7.224175209853803459e+00
-2.371294328862102674e+00,-2.371294328862102674e+00
-3.463923947325498798e+00,-3.463923947325498798e+00
-6.876125973442249517e+00,-6.876125973442249517e+00
-2.348992718837542792e+00,-2.348992718837542792e+00
-4.407826265680840905e+00,-4.407826265680840905e+00
-2.551722049557106686e+00,-2.551722049557106686e+00
-6.164412814966452103e+00,-6.164412814966452103e+00
-1.483757832045368819e+00,-1.483757832045368819e+00
-5.703414015183809305e+00,-5.703414015183809305e+00
-5.156064605519228294e+00,-5.156064605519228294e+00
-4.242520874966767330e+00,-4.242520874966767330e+00
-2.571742620366645582e+00,-2.571742620366645582e+00
-1.440641374990371704e+00,-1.440641374990371704e+00
-2.834340852966752422e+00,-2.834340852966752422e+00
-2.544041261910494178e+00,-2.544041261910494178e+00
-4.623422027112193966e+00,-4.623422027112193966e+00
-8.920120900568171862e+00,-8.920120900568171862e+00
-4.141112554817950375e+00,-4.141112554817950375e+00
-5.286340798130702012e+00,-5.286340798130702012e+00
-3.416215490674188615e+00,-3.416215490674188615e+00
-4.410882851788165304e+00,-4.410882851788165304e+00
-6.632675111635620624e+00,-6.632675111635620624e+00
-2.596766904920001728e+00,-2.596766904920001728e+00
-5.200386709670122620e+00,-5.200386709670122620e+00
-3.563129980145887554e+00,-3.563129980145887554e+00
-4.844100844657112326e+00,-4.844100844657112326e+00
-4.058899599190278984e+00,-4.058899599190278984e+00
-1.951314669854016470e+00,-1.951314669854016470e+00
-1.187952493519691455e+00,-1.187952493519691455e+00
-2.682437420515640714e+00,-2.682437420515640714e+00
-2.673317146146293677e+00,-2.673317146146293677e+00
-3.761095900015631432e+00,-3.761095900015631432e+00
-5.323022137701179268e+00,-5.323022137701179268e+00
-4.501562129949588376e-01,-4.501562129949588376e-01
-5.392354238336789507e+00,-5.392354238336789507e+00
-1.701161695646663530e+00,-1.701161695646663530e+00
-6.385704796164192842e+00,-6.385704796164192842e+00
-4.216937188867050601e+00,-4.216937188867050601e+00
-4.174056858597441355e+00,-4.174056858597441355e+00
-6.096743347059529583e+00,-6.096743347059529583e+00
-6.318232316483034516e+00,-6.318232316483034516e+00
-6.084442730178443171e+00,-6.084442730178443171e+00
-3.826385419719815051e+00,-3.826385419719815051e+00
-2.822395427761697828e+00,-2.822395427761697828e+00
-3.367628168834096769e+00,-3.367628168834096769e+00
-5.351961876314734745e+00,-5.351961876314734745e+00
-3.223537791392623753e+00,-3.223537791392623753e+00
-5.299414233642687044e+00,-5.299414233642687044e+00
-3.750413685182950818e+00,-3.750413685182950818e+00
-5.529042969517299788e+00,-5.529042969517299788e+00
-5.234292132511805917e+00,-5.234292132511805917e+00
-3.897592555915898593e+00,-3.897592555915898593e+00
-1.649031158485438908e+00,-1.649031158485438908e+00
-4.836551629335859914e+00,-4.836551629335859914e+00
-4.315056702436601554e+00,-4.315056702436601554e+00
-7.041267212196802738e+00,-7.041267212196802738e+00
1.114014970270850169e-01,1.114014970270850169e-01
-4.500983626825709294e+00,-4.500983626825709294e+00
-3.773515620164044293e+00,-3.773515620164044293e+00
-1.929252236720164548e+00,-1.929252236720164548e+00
-3.074308737724951612e+00,-3.074308737724951612e+00
-4.223688798111853160e+00,-4.223688798111853160e+00
-5.016275248086133232e+00,-5.016275248086133232e+00
-6.510855987634882602e+00,-6.510855987634882602e+00
-5.916821160625806542e+00,-5.916821160625806542e+00
-4.476637629494025106e+00,-4.476637629494025106e+00
-2.681898803158872635e+00,-2.681898803158872635e+00
-2.287305006406101793e+00,-2.287305006406101793e+00
-2.569132539869603438e+00,-2.569132539869603438e+00
-1.729347965388507991e+00,-1.729347965388507991e+00
-3.042398689429444136e+00,-3.042398689429444136e+00
-4.609281803207377237e+00,-4.609281803207377237e+00
-1.719134797635636591e+00,-1.719134797635636591e+00
-3.180197628058713644e+00,-3.180197628058713644e+00
-2.746913804428349870e+00,-2.746913804428349870e+00
-7.468010007263031547e+00,-7.468010007263031547e+00
-5.878644655696747101e+00,-5.878644655696747101e+00
-8.006254306294239953e+00,-8.006254306294239953e+00
-7.454873507394290222e+00,-7.454873507394290222e+00
-6.853368072217925544e+00,-6.853368072217925544e+00
3.052737835273725553e-01,3.052737835273725553e-01
-4.247970235251799842e+00,-4.247970235251799842e+00
-3.338536549056055236e+00,-3.338536549056055236e+00
-5.098760310243982907e+00,-5.098760310243982907e+00
-7.306416140719798946e+00,-7.306416140719798946e+00
-4.507353758810169531e+00,-4.507353758810169531e+00
-2.725794475355554969e+00,-2.725794475355554969e+00
-4.020209181524990072e+00,-4.020209181524990072e+00
-6.873956557457788996e+00,-6.873956557457788996e+00
-3.710066342789399396e+00,-3.710066342789399396e+00
-6.352014597468997437e+00,-6.352014597468997437e+00
-4.139512026585335569e+00,-4.139512026585335569e+00
-7.478218528806698240e-01,-7.478218528806698240e-01
-6.578420883950196973e+00,-6.578420883950196973e+00
-4.898247130015289663e+00,-4.898247130015289663e+00
-4.678305814775347571e+00,-4.678305814775347571e+00
-1.500839186372904921e+00,-1.500839186372904921e+00
-2.411229202798000237e+00,-2.411229202798000237e+00
-2.851097346446766156e+00,-2.851097346446766156e+00
-3.260964936140617887e+00,-3.260964936140617887e+00
-4.768188470428876613e+00,-4.768188470428876613e+00
-3.315465318270256034e+00,-3.315465318270256034e+00
-4.173379996822399463e+00,-4.173379996822399463e+00
-7.103269537255012978e+00,-7.103269537255012978e+00
-2.659745934971003756e+00,-2.659745934971003756e+00
-2.967853882593074921e+00,-2.967853882593074921e+00
-4.936864654428932297e+00,-4.936864654428932297e+00
-3.707644863995336770e+00,-3.707644863995336770e+00
-2.215570845638515252e+00,-2.215570845638515252e+00
-6.175808695646940016e+00,-6.175808695646940016e+00
-2.880710407192244915e+00,-2.880710407192244915e+00
-3.722451109809674641e+00,-3.722451109809674641e+00
-4.963478569212827374e+00,-4.963478569212827374e+00
-4.396052851094005121e+00,-4.396052851094005121e+00
-6.788376638222721304e+00,-6.788376638222721304e+00
-4.523412066730111647e+00,-4.523412066730111647e+00
-5.117040873565065873e+00,-5.117040873565065873e+00
-5.434838695133278108e+00,-5.434838695133278108e+00
-4.340573144464055844e+00,-4.340573144464055844e+00
-2.133769295552702783e+00,-2.133769295552702783e+00
-1.625497698358217002e+00,-1.625497698358217002e+00
-3.768479413031849745e+00,-3.768479413031849745e+00
-3.580187033981981681e+00,-3.580187033981981681e+00
-8.027392590428256369e+00,-8.027392590428256369e+00
-6.153757378742287010e+00,-6.153757378742287010e+00
-1.016578231553725065e+00,-1.016578231553725065e+00
-8.770304802202041117e+00,-8.770304802202041117e+00
-6.219573090814788152e+00,-6.219573090814788152e+00
-4.091422785336660262e+00,-4.091422785336660262e+00
-4.476029296024141679e+00,-4.476029296024141679e+00
-6.925764570416754751e+00,-6.925764570416754751e+00
-1.960232361141666657e-01,-1.960232361141666657e-01
-3.117611500297698068e+00,-3.117611500297698068e+00
-2.886371436240634747e+00,-2.886371436240634747e+00
-5.950357064709187682e+00,-5.950357064709187682e+00
-2.308436574722483758e+00,-2.308436574722483758e+00
-3.730357564055869268e+00,-3.730357564055869268e+00
-1.912867272250575290e+00,-1.912867272250575290e+00
-3.334512177924020104e+00,-3.334512177924020104e+00
-4.056776795448111095e+00,-4.056776795448111095e+00
-4.279903898360291059e+00,-4.279903898360291059e+00
-3.224551109588596365e+00,-3.224551109588596365e+00
-3.946090852322632792e+00,-3.946090852322632792e+00
-4.088666235724148557e+00,-4.088666235724148557e+00
-2.718410320556118975e+00,-2.718410320556118975e+00
-6.974708804032666798e+00,-6.974708804032666798e+00
-3.994579292623528843e+00,-3.994579292623528843e+00
-8.118644221899476321e+00,-8.118644221899476321e+00
-4.297633184861126665e+00,-4.297633184861126665e+00
-4.214449381067836953e+00,-4.214449381067836953e+00
-4.657491954377368515e+00,-4.657491954377368515e+00
-5.712814793432616334e+00,-5.712814793432616334e+00
-3.491730375039517664e+00,-3.491730375039517664e+00
-3.127401240231109103e+00,-3.127401240231109103e+00
-2.742897777342266696e+00,-2.742897777342266696e+00
-3.304123686743221100e+00,-3.304123686743221100e+00
-5.398533536163883539e+00,-5.398533536163883539e+00
-6.968085306593610362e+00,-6.968085306593610362e+00
-1.266268621586740029e+00,-1.266268621586740029e+00
-2.250379395232689372e+00,-2.250379395232689372e+00
-5.096838192350653607e+00,-5.096838192350653607e+00
-5.407346814159907922e+00,-5.407346814159907922e+00
-2.791729552161825723e+00,-2.791729552161825723e+00
-3.707902330492354626e+00,-3.707902330492354626e+00
-2.734365004800280108e+00,-2.734365004800280108e+00
-5.521432509622751894e+00,-5.521432509622751894e+00
-2.880389944497000254e+00,-2.880389944497000254e+00
-5.065306224000790003e+00,-5.065306224000790003e+00
-2.791043294076020143e+00,-2.791043294076020143e+00
-4.399103665367126936e+00,-4.399103665367126936e+00
-3.982724809073536321e+00,-3.982724809073536321e+00
-4.767001212532827048e-01,-4.767001212532827048e-01
-4.824396395961920270e+00,-4.824396395961920270e+00
-4.420854785266961962e+00,-4.420854785266961962e+00
-8.147768414416747262e+00,-8.147768414416747262e+00
-2.837022210582763382e+00,-2.837022210582763382e+00
-4.308322028878676768e+00,-4.308322028878676768e+00
-4.317111439542438589e+00,-4.317111439542438589e+00
-2.733271791684212637e+00,-2.733271791684212637e+00
-3.943439154739583508e+00,-3.943439154739583508e+00
-2.232788453632186254e+00,-2.232788453632186254e+00
-5.726873554572014413e+00,-5.726873554572014413e+00
-5.343303275623792814e+00,-5.343303275623792814e+00
-2.513477234335095734e+00,-2.513477234335095734e+00
-3.158640220632589202e+00,-3.158640220632589202e+00
-4.382263349609866410e+00,-4.382263349609866410e+00
-5.659990655687443528e+00,-5.659990655687443528e+00
-9.630704479330962187e+00,-9.630704479330962187e+00
-1.723784845454442438e+00,-1.723784845454442438e+00
-1.578542182697317831e+00,-1.578542182697317831e+00
-5.592345164123224244e+00,-5.592345164123224244e+00
-4.204422210106431912e+00,-4.204422210106431912e+00
-2.923573927002864004e+00,-2.923573927002864004e+00
-4.365578251549636413e+00,-4.365578251549636413e+00
-5.509059645976893904e+00,-5.509059645976893904e+00
-7.167148072788494417e+00,-7.167148072788494417e+00
-6.759968652833832969e+00,-6.759968652833832969e+00
-5.221181915164782694e+00,-5.221181915164782694e+00
-3.647724351442339863e+00,-3.647724351442339863e+00
-2.859768429067258033e+00,-2.859768429067258033e+00
-5.248018872764060205e+00,-5.248018872764060205e+00
-3.762792562858401357e+00,-3.762792562858401357e+00
-3.338867902526663656e+00,-3.338867902526663656e+00
-3.871691244168547374e+00,-3.871691244168547374e+00
-4.255051547468355011e+00,-4.255051547468355011e+00
-1.924279821925043432e+00,-1.924279821925043432e+00
-2.166522013636313471e+00,-2.166522013636313471e+00
-6.948180575496736289e+00,-6.948180575496736289e+00
-5.691009463435376503e+00,-5.691009463435376503e+00
-6.758251708586798578e+00,-6.758251708586798578e+00
-3.970672104647172240e+00,-3.970672104647172240e+00
-3.631804080983717764e+00,-3.631804080983717764e+00
-3.915226146911614968e+00,-3.915226146911614968e+00
-4.113740954408941164e+00,-4.113740954408941164e+00
-2.285961907928407033e+00,-2.285961907928407033e+00
-3.907426418067130314e+00,-3.907426418067130314e+00
-1.877638090891032840e+00,-1.877638090891032840e+00
-3.613760451325030765e+00,-3.613760451325030765e+00
-2.190983735383027931e+00,-2.190983735383027931e+00
-3.322900555583771620e+00,-3.322900555583771620e+00
-3.793381044322315709e+00,-3.793381044322315709e+00
-3.654005332257933780e+00,-3.654005332257933780e+00
-7.032649742795341830e+00,-7.032649742795341830e+00
-5.301129973480403379e+00,-5.301129973480403379e+00
-4.899310013739779812e+00,-4.899310013739779812e+00
-3.523793475941694897e+00,-3.523793475941694897e+00
-5.812956850782606821e+00,-5.812956850782606821e+00
-5.238198317842105212e+00,-5.238198317842105212e+00
-4.590939651225451001e+00,-4.590939651225451001e+00
-8.200874859229768887e+00,-8.200874859229768887e+00
-6.026592842766686609e+00,-6.026592842766686609e+00
-4.727996316374040831e+00,-4.727996316374040831e+00
-4.859884184488313608e+00,-4.859884184488313608e+00
-5.392148965510913605e+00,-5.392148965510913605e+00
-3.094183263347292989e+00,-3.094183263347292989e+00
-3.089353131054959789e+00,-3.089353131054959789e+00
2.918410420315933895e-01,2.918410420315933895e-01
-5.219367715270464281e+00,-5.219367715270464281e+00
-8.633124609002510441e-01,-8.633124609002510441e-01
-3.443806492966449695e-01,-3.443806492966449695e-01
-5.173137838963730140e+00,-5.173137838963730140e+00
-6.189269502421220537e+00,-6.189269502421220537e+00
-3.356161402378516900e+00,-3.356161402378516900e+00
-5.776876622493089641e+00,-5.776876622493089641e+00
-5.150829734086805445e+00,-5.150829734086805445e+00
-4.309621690650817349e+00,-4.309621690650817349e+00
-3.959134232659082819e+00,-3.959134232659082819e+00
-6.852820892930330032e+00,-6.852820892930330032e+00
-4.892769125034067912e+00,-4.892769125034067912e+00
-3.400315145692439867e+00,-3.400315145692439867e+00
-2.456532627926315104e+00,-2.456532627926315104e+00
-5.282130591865106695e+00,-5.282130591865106695e+00
-6.099466467775100931e+00,-6.099466467775100931e+00
-3.127891137000393229e+00,-3.127891137000393229e+00
-3.519660356960537584e+00,-3.519660356960537584e+00
-1.954034199992644272e+00,-1.954034199992644272e+00
-2.347028596944000789e+00,-2.347028596944000789e+00
-5.121763532993090173e+00,-5.121763532993090173e+00
1.088914897465627973e+00,1.088914897465627973e+00
-4.925249156778205517e+00,-4.925249156778205517e+00
-4.910260456843935195e+00,-4.910260456843935195e+00
-5.421051055682914566e+00,-5.421051055682914566e+00
-5.522931319496777292e+00,-5.522931319496777292e+00
-2.588612608794271797e+00,-2.588612608794271797e+00
-7.276159880480125075e+00,-7.276159880480125075e+00
-6.060710716697952805e+00,-6.060710716697952805e+00
-5.547823357320549320e-01,-5.547823357320549320e-01
-7.649027881849573829e-01,-7.649027881849573829e-01
-2.183307521750721847e+00,-2.183307521750721847e+00
-8.150641991445164436e+00,-8.150641991445164436e+00
-2.090417943737239881e+00,-2.090417943737239881e+00
-5.298746757205844204e+00,-5.298746757205844204e+00
-3.667786756105914314e+00,-3.667786756105914314e+00
-1.031369135767757239e+00,-1.031369135767757239e+00
-5.911168181655375164e+00,-5.911168181655375164e+00
-2.304426293883143906e+00,-2.304426293883143906e+00
-5.279686581327228012e+00,-5.279686581327228012e+00
-2.061917510066507919e+00,-2.061917510066507919e+00
-5.274626903666207234e+00,-5.274626903666207234e+00
-4.267735848983472913e+00,-4.267735848983472913e+00
-4.283709093907277499e+00,-4.283709093907277499e+00
-7.798566271083166690e+00,-7.798566271083166690e+00
-8.163784625873807821e-01,-8.163784625873807821e-01
-1.737789241918317185e+00,-1.737789241918317185e+00
-3.348795026620999149e+00,-3.348795026620999149e+00
-1.369204303665377154e+00,-1.369204303665377154e+00
-3.356113315093445237e+00,-3.356113315093445237e+00
-3.470824052072999599e+00,-3.470824052072999599e+00
-5.487854876793113235e+00,-5.487854876793113235e+00
-5.748077484961696904e+00,-5.748077484961696904e+00
-2.174897369062727126e+00,-2.174897369062727126e+00
-5.451051519071811846e+00,-5.451051519071811846e+00
-4.024010588157943324e+00,-4.024010588157943324e+00
-3.369611099554760347e+00,-3.369611099554760347e+00
-2.352760029156055310e+00,-2.352760029156055310e+00
-4.511544876085638478e+00,-4.511544876085638478e+00
-3.529264198809389352e+00,-3.529264198809389352e+00
-2.547375489927169667e+00,-2.547375489927169667e+00
-3.168583271532376511e+00,-3.168583271532376511e+00
-4.399158842494673927e+00,-4.399158842494673927e+00
-4.837621532121315404e+00,-4.837621532121315404e+00
-8.396580521239769723e+00,-8.396580521239769723e+00
-6.396251665773024619e+00,-6.396251665773024619e+00
-2.048463672113121081e+00,-2.048463672113121081e+00
-6.318744031724420118e+00,-6.318744031724420118e+00
-6.621630368708387060e+00,-6.621630368708387060e+00
-5.795300066444657894e+00,-5.795300066444657894e+00
-3.080850390811662898e+00,-3.080850390811662898e+00
-3.302286875263553689e+00,-3.302286875263553689e+00
-3.008288399509640332e+00,-3.008288399509640332e+00
-4.860787620073271142e+00,-4.860787620073271142e+00
-5.705040406034563638e+00,-5.705040406034563638e+00
-5.201170495688772988e+00,-5.201170495688772988e+00
-2.247455766304194302e+00,-2.247455766304194302e+00
-5.307256625758354218e+00,-5.307256625758354218e+00
-3.924134738741075878e+00,-3.924134738741075878e+00
-4.706663113264172082e+00,-4.706663113264172082e+00
-7.003629247736331997e+00,-7.003629247736331997e+00
-2.171757259131324780e+00,-2.171757259131324780e+00
-6.039707546485561629e+00,-6.039707546485561629e+00
-3.535285623101817709e+00,-3.535285623101817709e+00
-2.557135985371438380e+00,-2.557135985371438380e+00
-3.268116802883600958e+00,-3.268116802883600958e+00
-3.802765613248826337e+00,-3.802765613248826337e+00
-4.855891048800168974e+00,-4.855891048800168974e+00
-3.891162249786669580e+00,-3.891162249786669580e+00
-1.504733676684976595e+00,-1.504733676684976595e+00
-2.679338105326083408e+00,-2.679338105326083408e+00
-1.227836165597063101e+00,-1.227836165597063101e+00
-2.955929647733261501e+00,-2.955929647733261501e+00
-2.677435826251793216e+00,-2.677435826251793216e+00
-5.532507105945142278e+00,-5.532507105945142278e+00
-2.222197911242954849e+00,-2.222197911242954849e+00
-2.859735150734266540e+00,-2.859735150734266540e+00
-4.762239370929012061e+00,-4.762239370929012061e+00
-5.179940766911631300e+00,-5.179940766911631300e+00
-5.550711808959552407e+00,-5.550711808959552407e+00
-1.649095142036881567e+00,-1.649095142036881567e+00
-1.507178224662347299e+00,-1.507178224662347299e+00
-6.735980222731187794e+00,-6.735980222731187794e+00
-2.462796242682194325e+00,-2.462796242682194325e+00
-2.427013372141727743e+00,-2.427013372141727743e+00
-3.266137963184561066e+00,-3.266137963184561066e+00
-2.707603701547803166e+00,-2.707603701547803166e+00
-4.838431155173200438e+00,-4.838431155173200438e+00
-2.933361905469036746e+00,-2.933361905469036746e+00
-5.117756297723562220e+00,-5.117756297723562220e+00
-4.976444710555132822e+00,-4.976444710555132822e+00
-7.655915062991246245e+00,-7.655915062991246245e+00
-4.822010185352539224e+00,-4.822010185352539224e+00
-4.012997551485621983e+00,-4.012997551485621983e+00
-7.919702730397395918e+00,-7.919702730397395918e+00
-1.483989775724830373e+00,-1.483989775724830373e+00
-2.431673633015948965e+00,-2.431673633015948965e+00
-3.497130195876550385e+00,-3.497130195876550385e+00
-1.950571870612475278e+00,-1.950571870612475278e+00
-5.013476026692006648e+00,-5.013476026692006648e+00
8.252555146239282102e-02,8.252555146239282102e-02
-3.769546039288400152e+00,-3.769546039288400152e+00
-4.177630837023946775e+00,-4.177630837023946775e+00
-5.291456845089991035e+00,-5.291456845089991035e+00
-3.677299366965676164e+00,-3.677299366965676164e+00
-2.308991089794263374e+00,-2.308991089794263374e+00
-5.312157300004022531e+00,-5.312157300004022531e+00
-3.828799501089423352e+00,-3.828799501089423352e+00
-1.299521157825553219e+00,-1.299521157825553219e+00
-5.068361260618121200e+00,-5.068361260618121200e+00
-4.480551450483414300e+00,-4.480551450483414300e+00
-8.224994327087525869e-01,-8.224994327087525869e-01
-4.399899415895413668e+00,-4.399899415895413668e+00
-3.346199974389528542e+00,-3.346199974389528542e+00
-4.191905188526118486e+00,-4.191905188526118486e+00
-9.484597769336196027e-01,-9.484597769336196027e-01
-4.545366248700702272e+00,-4.545366248700702272e+00
-4.163444274185010840e+00,-4.163444274185010840e+00
-5.949760451215422741e+00,-5.949760451215422741e+00
-5.824553869302771858e+00,-5.824553869302771858e+00
-4.990833229853579134e+00,-4.990833229853579134e+00
-4.440767757360665868e+00,-4.440767757360665868e+00
-6.813203452245413239e+00,-6.813203452245413239e+00
-5.598649987707278619e+00,-5.598649987707278619e+00
-2.694927740855947107e+00,-2.694927740855947107e+00
-6.072250278349390129e+00,-6.072250278349390129e+00
-5.276533072711416139e+00,-5.276533072711416139e+00
-5.210969758618903214e+00,-5.210969758618903214e+00
-3.781182785010833936e+00,-3.781182785010833936e+00
-3.384939702267446116e+00,-3.384939702267446116e+00
-2.301865004370359236e-01,-2.301865004370359236e-01
-3.720300556106920897e+00,-3.720300556106920897e+00
-4.032264477627586885e+00,-4.032264477627586885e+00
-4.385203462302033728e+00,-4.385203462302033728e+00
-2.089828452698724526e+00,-2.089828452698724526e+00
-2.754100299911992344e+00,-2.754100299911992344e+00
-8.636926632284144034e+00,-8.636926632284144034e+00
-5.310105304640183377e+00,-5.310105304640183377e+00
-2.737223381356290730e+00,-2.737223381356290730e+00
-5.279769192445488812e+00,-5.279769192445488812e+00
-1.430807306522524192e+00,-1.430807306522524192e+00
-3.615864133901422584e+00,-3.615864133901422584e+00
-2.353146859262125634e+00,-2.353146859262125634e+00
-7.396518351996754781e+00,-7.396518351996754781e+00
-5.879653000181113143e+00,-5.879653000181113143e+00
-2.408101130421437475e+00,-2.408101130421437475e+00
-6.777092406552747583e+00,-6.777092406552747583e+00
-3.552941517725068277e+00,-3.552941517725068277e+00
-1.609695128416323451e+00,-1.609695128416323451e+00
-5.938549476143305306e+00,-5.938549476143305306e+00
-2.065237825503642100e+00,-2.065237825503642100e+00
-3.483890408954490869e+00,-3.483890408954490869e+00
-3.863213432278369552e+00,-3.863213432278369552e+00
-2.473219829449147866e+00,-2.473219829449147866e+00
-4.975333698193359133e+00,-4.975333698193359133e+00
-4.285044140962723236e-01,-4.285044140962723236e-01
-2.816600799190869253e+00,-2.816600799190869253e+00
-5.299682908275314297e+00,-5.299682908275314297e+00
-2.045355335144327658e+00,-2.045355335144327658e+00
-3.794018609996715696e+00,-3.794018609996715696e+00
-6.490548039063159358e+00,-6.490548039063159358e+00
-6.995417661153084943e+00,-6.995417661153084943e+00
-3.074787836744059533e+00,-3.074787836744059533e+00
-4.183926995103641744e+00,-4.183926995103641744e+00
-3.273594622998683867e+00,-3.273594622998683867e+00
-2.654274793013269296e+00,-2.654274793013269296e+00
-1.664752140147224946e+00,-1.664752140147224946e+00
-4.703616456645931088e+00,-4.703616456645931088e+00
-3.537402301667789128e+00,-3.537402301667789128e+00
-6.751667184774845509e+00,-6.751667184774845509e+00
-3.391950491903378051e+00,-3.391950491903378051e+00
-5.294544925089099685e-01,-5.294544925089099685e-01
-2.893108331044488502e+00,-2.893108331044488502e+00
-5.992185628374606665e+00,-5.992185628374606665e+00
-5.162911533486338911e+00,-5.162911533486338911e+00
-5.195728128625620279e+00,-5.195728128625620279e+00
-5.837363684482185455e+00,-5.837363684482185455e+00
-6.313320785220016162e+00,-6.313320785220016162e+00
-1.679635989075859204e+00,-1.679635989075859204e+00
-5.142213364964550948e+00,-5.142213364964550948e+00
-4.457644765509176210e+00,-4.457644765509176210e+00
-3.328778523785527188e+00,-3.328778523785527188e+00
-2.210552539158203711e-01,-2.210552539158203711e-01
-5.791811399212685174e+00,-5.791811399212685174e+00
-7.107895615763882624e+00,-7.107895615763882624e+00
-2.880727911717047451e+00,-2.880727911717047451e+00
-3.828589902837828518e+00,-3.828589902837828518e+00
-3.175364681186406912e+00,-3.175364681186406912e+00
-3.631477296958102841e+00,-3.631477296958102841e+00
-2.547968087633281975e+00,-2.547968087633281975e+00
-5.691691241903458653e+00,-5.691691241903458653e+00
-2.937534419567743527e+00,-2.937534419567743527e+00
-5.053755902119172916e+00,-5.053755902119172916e+00
-6.643861501437472228e+00,-6.643861501437472228e+00
-1.110411487713019341e+00,-1.110411487713019341e+00
-3.791424539317224784e+00,-3.791424539317224784e+00
-2.004896710705692975e+00,-2.004896710705692975e+00
-3.581781959937917481e+00,-3.581781959937917481e+00
-4.970794350321078525e+00,-4.970794350321078525e+00
-1.835613738566449715e+00,-1.835613738566449715e+00
-3.462654972667606135e+00,-3.462654972667606135e+00
-3.208547688897300798e+00,-3.208547688897300798e+00
-6.958656130858854816e+00,-6.958656130858854816e+00
-1.356423410038019028e+00,-1.356423410038019028e+00
-6.330104707416742471e+00,-6.330104707416742471e+00
-2.783854593107997655e+00,-2.783854593107997655e+00
-3.091239912483136454e+00,-3.091239912483136454e+00
-4.213567023605163442e+00,-4.213567023605163442e+00
-3.851302287581741091e+00,-3.851302287581741091e+00
-2.476782087214588035e+00,-2.476782087214588035e+00
-3.592861226338614156e+00,-3.592861226338614156e+00
-3.967861463753680873e+00,-3.967861463753680873e+00
-2.472710470043856912e+00,-2.472710470043856912e+00
-4.822117384876741575e+00,-4.822117384876741575e+00
-3.410161262319726827e+00,-3.410161262319726827e+00
-3.272965457515437659e-01,-3.272965457515437659e-01
-6.458003996361528110e+00,-6.458003996361528110e+00
-8.017490806834565831e+00,-8.017490806834565831e+00
-1.172460970122624513e+00,-1.172460970122624513e+00
-7.730675295826710425e+00,-7.730675295826710425e+00
-4.072877371824293213e+00,-4.072877371824293213e+00
-3.892926209732151754e+00,-3.892926209732151754e+00
-2.163544966573776485e+00,-2.163544966573776485e+00
-4.189572481484280964e+00,-4.189572481484280964e+00
-1.268385345604406744e+00,-1.268385345604406744e+00
-6.060172827266574913e+00,-6.060172827266574913e+00
-4.489473193829041975e+00,-4.489473193829041975e+00
4.773921196782771048e-02,4.773921196782771048e-02
-4.562582920451013102e+00,-4.562582920451013102e+00
-3.478337833210174868e+00,-3.478337833210174868e+00
-3.126510411357532604e+00,-3.126510411357532604e+00
-5.065875781229147279e+00,-5.065875781229147279e+00
-3.141019517613989898e+00,-3.141019517613989898e+00
-1.677870005794241060e+00,-1.677870005794241060e+00
-2.313643514247131439e+00,-2.313643514247131439e+00
-5.908300969627871879e+00,-5.908300969627871879e+00
-3.156999082149111402e+00,-3.156999082149111402e+00
-2.214830174784727657e+00,-2.214830174784727657e+00
-6.733609517317623583e-02,-6.733609517317623583e-02
-5.300896359738228369e+00,-5.300896359738228369e+00
-5.413659476318408714e+00,-5.413659476318408714e+00
-1.782372764639532869e+00,-1.782372764639532869e+00
-5.676429487000939744e+00,-5.676429487000939744e+00
-4.787911435332765642e+00,-4.787911435332765642e+00
-4.762529275344379975e+00,-4.762529275344379975e+00
-1.931282275646953872e+00,-1.931282275646953872e+00
-5.246272820508393053e+00,-5.246272820508393053e+00
-5.717035147876873502e+00,-5.717035147876873502e+00
-4.080806285475842898e+00,-4.080806285475842898e+00
-5.748839309409289555e+00,-5.748839309409289555e+00
-3.897842554314811636e+00,-3.897842554314811636e+00
-5.498756721103807976e+00,-5.498756721103807976e+00
-6.250557915091577321e+00,-6.250557915091577321e+00
-5.095046239685374623e+00,-5.095046239685374623e+00
-3.171550666022245224e+00,-3.171550666022245224e+00
-2.685927904409839861e+00,-2.685927904409839861e+00
-5.698756392356213674e+00,-5.698756392356213674e+00
-3.921766957983518154e+00,-3.921766957983518154e+00
-6.649711102779762406e+00,-6.649711102779762406e+00
-2.751668375758039797e+00,-2.751668375758039797e+00
-6.969595040658251861e+00,-6.969595040658251861e+00
-2.041596085740433164e+00,-2.041596085740433164e+00
-5.459448835923778276e+00,-5.459448835923778276e+00
-5.095928060554636652e+00,-5.095928060554636652e+00
-3.094526769759858187e+00,-3.094526769759858187e+00
-3.313107324467886805e+00,-3.313107324467886805e+00
-3.253379245515989560e+00,-3.253379245515989560e+00
-6.844752419305010882e+00,-6.844752419305010882e+00
-5.348511466722504437e+00,-5.348511466722504437e+00
-6.997738500249585769e+00,-6.997738500249585769e+00
-5.155221533510754739e+00,-5.155221533510754739e+00
-5.791667172806747033e+00,-5.791667172806747033e+00
-5.882944610560126186e+00,-5.882944610560126186e+00
-1.972164202336508021e+00,-1.972164202336508021e+00
-3.776521043416854795e+00,-3.776521043416854795e+00
-1.884525445689128720e+00,-1.884525445689128720e+00
-2.833809805421136030e+00,-2.833809805421136030e+00
-7.975528981665391814e-01,-7.975528981665391814e-01
-6.897318214800300495e+00,-6.897318214800300495e+00
-5.195562597429580265e+00,-5.195562597429580265e+00
-4.245544832686638514e+00,-4.245544832686638514e+00
-4.047686764076543930e+00,-4.047686764076543930e+00
-5.808173653219315113e+00,-5.808173653219315113e+00
6.092297923453464659e-01,6.092297923453464659e-01
-2.540813754984765360e+00,-2.540813754984765360e+00
-1.162198956858050636e+00,-1.162198956858050636e+00
-4.556079744535187714e+00,-4.556079744535187714e+00
5.826934423651366490e-01,5.826934423651366490e-01
-1.558492231606842138e+00,-1.558492231606842138e+00
-2.783110658651254177e+00,-2.783110658651254177e+00
-3.735506145590817173e+00,-3.735506145590817173e+00
-4.645070863769269920e+00,-4.645070863769269920e+00
-5.859768541809984299e+00,-5.859768541809984299e+00
-6.754764154960675171e+00,-6.754764154960675171e+00
-4.117297408537765158e+00,-4.117297408537765158e+00
-2.574564853207196524e+00,-2.574564853207196524e+00
-5.119676238894340869e+00,-5.119676238894340869e+00
-6.917718029186346484e+00,-6.917718029186346484e+00
-2.925625236547594099e+00,-2.925625236547594099e+00
-6.312861409030512405e+00,-6.312861409030512405e+00
-4.311422263273662736e+00,-4.311422263273662736e+00
-4.135473569648458358e+00,-4.135473569648458358e+00
-3.238450414690837498e+00,-3.238450414690837498e+00
-2.718913616156881652e+00,-2.718913616156881652e+00
-3.021794771654676026e+00,-3.021794771654676026e+00
-4.300094520359520445e+00,-4.300094520359520445e+00
-3.764553803611083271e+00,-3.764553803611083271e+00
-6.679091121003217779e+00,-6.679091121003217779e+00
-8.696483844062614210e+00,-8.696483844062614210e+00
-3.696125238000606217e+00,-3.696125238000606217e+00
-4.290413644511350988e+00,-4.290413644511350988e+00
-7.201750791474879954e+00,-7.201750791474879954e+00
-6.024471046237193761e+00,-6.024471046237193761e+00
-1.474917631684991459e+00,-1.474917631684991459e+00
-2.277164239802971668e+00,-2.277164239802971668e+00
-5.533000273179127682e+00,-5.533000273179127682e+00
-3.067716391336325010e+00,-3.067716391336325010e+00
-5.066820859161159873e+00,-5.066820859161159873e+00
-5.805976751470740549e-01,-5.805976751470740549e-01
-4.765874886224430007e+00,-4.765874886224430007e+00
-8.325859710552940829e-01,-8.325859710552940829e-01
-4.178415625125447619e+00,-4.178415625125447619e+00
-6.232870425371910272e+00,-6.232870425371910272e+00
-2.861936557409036297e+00,-2.861936557409036297e+00
-6.875617252350011421e-01,-6.875617252350011421e-01
-1.915884202687966997e+00,-1.915884202687966997e+00
-2.708470858598992059e+00,-2.708470858598992059e+00
-2.834190584022258097e+00,-2.834190584022258097e+00
-3.339660057140312333e+00,-3.339660057140312333e+00
-5.084542004216825895e+00,-5.084542004216825895e+00
-5.095194041927052275e+00,-5.095194041927052275e+00
-5.134679414792980845e-01,-5.134679414792980845e-01
-6.025381352538841995e+00,-6.025381352538841995e+00
-2.720971743547834443e+00,-2.720971743547834443e+00
-2.911175765677511240e+00,-2.911175765677511240e+00
-5.793725763782407334e+00,-5.793725763782407334e+00
-1.646405652853847990e+00,-1.646405652853847990e+00
-2.149802313007771914e+00,-2.149802313007771914e+00
-3.453963480006950970e+00,-3.453963480006950970e+00
-9.145306430097361883e+00,-9.145306430097361883e+00
-4.885573547580406739e+00,-4.885573547580406739e+00
-5.044829136120593027e+00,-5.044829136120593027e+00
-3.642592756343571825e+00,-3.642592756343571825e+00
-4.482816166062061569e+00,-4.482816166062061569e+00
-2.045971414203469063e+00,-2.045971414203469063e+00
-2.977106228519768472e+00,-2.977106228519768472e+00
-5.221631409747211627e+00,-5.221631409747211627e+00
-5.873331580455531942e+00,-5.873331580455531942e+00
-4.432255873785166500e+00,-4.432255873785166500e+00
-3.179592362073258460e+00,-3.179592362073258460e+00
-4.195122656767876990e+00,-4.195122656767876990e+00
-1.505208104198007213e+00,-1.505208104198007213e+00
-5.243783896637366659e+00,-5.243783896637366659e+00
-6.607952331432096926e+00,-6.607952331432096926e+00
-6.547349660284978334e+00,-6.547349660284978334e+00
-3.747300696652121399e+00,-3.747300696652121399e+00
-2.223095125393145466e+00,-2.223095125393145466e+00
-6.014452432461389719e+00,-6.014452432461389719e+00
-5.629728983875406101e+00,-5.629728983875406101e+00
-4.565675117361268853e+00,-4.565675117361268853e+00
-2.557443047353527010e+00,-2.557443047353527010e+00
-6.775928672866834646e+00,-6.775928672866834646e+00
-3.074295076830316553e+00,-3.074295076830316553e+00
-1.522471705669226905e-01,-1.522471705669226905e-01
-4.157400453397529283e+00,-4.157400453397529283e+00
-4.955437404714450267e+00,-4.955437404714450267e+00
-2.166185637224543381e+00,-2.166185637224543381e+00
-4.900481395285320119e+00,-4.900481395285320119e+00
1.079661055749811194e+00,1.079661055749811194e+00
-3.731335738032239391e+00,-3.731335738032239391e+00
-4.211408572496819325e+00,-4.211408572496819325e+00
-6.511564980919130718e+00,-6.511564980919130718e+00
-6.028322722458507421e+00,-6.028322722458507421e+00
-2.608223150701884041e+00,-2.608223150701884041e+00
-5.091061067132948814e+00,-5.091061067132948814e+00
-4.596334125706452056e+00,-4.596334125706452056e+00
-4.988837899469179327e+00,-4.988837899469179327e+00
-7.872901124506483939e-01,-7.872901124506483939e-01
-4.059133538347405867e+00,-4.059133538347405867e+00
-2.983034255957040859e+00,-2.983034255957040859e+00
-3.744379944576085251e+00,-3.744379944576085251e+00
-2.082180690950916180e+00,-2.082180690950916180e+00
-1.352199322847793983e+00,-1.352199322847793983e+00
-1.993784641151225889e+00,-1.993784641151225889e+00
-4.444281532166101667e-01,-4.444281532166101667e-01
-1.472099468121015775e+00,-1.472099468121015775e+00
-1.222324859574439815e+00,-1.222324859574439815e+00
-2.882884611820658805e+00,-2.882884611820658805e+00
-3.168885286584093741e+00,-3.168885286584093741e+00
-2.150731784555669268e+00,-2.150731784555669268e+00
-4.743908815862377004e+00,-4.743908815862377004e+00
-5.103064462016128289e+00,-5.103064462016128289e+00
-4.781291698732360373e+00,-4.781291698732360373e+00
-5.277269388031813335e+00,-5.277269388031813335e+00
-1.688089562714718106e+00,-1.688089562714718106e+00
-1.682596481014139611e+00,-1.682596481014139611e+00
-4.724645360192984533e+00,-4.724645360192984533e+00
-1.696700214069358115e+00,-1.696700214069358115e+00
-4.031496907218321546e+00,-4.031496907218321546e+00
-2.322630406212235155e+00,-2.322630406212235155e+00
-3.707249671029308136e+00,-3.707249671029308136e+00
-8.206460818206068097e+00,-8.206460818206068097e+00
-4.511611667196698150e+00,-4.511611667196698150e+00
-5.158825502796620555e+00,-5.158825502796620555e+00
-2.344733334011505743e+00,-2.344733334011505743e+00
-2.540547474536823724e+00,-2.540547474536823724e+00
-1.886497105699627586e+00,-1.886497105699627586e+00
-3.866384979031072255e+00,-3.866384979031072255e+00
-3.983687980808805484e+00,-3.983687980808805484e+00
-4.608667860056935517e+00,-4.608667860056935517e+00
-1.577029133522365179e+00,-1.577029133522365179e+00
-6.133693416714658397e+00,-6.133693416714658397e+00
-7.049073833088804086e+00,-7.049073833088804086e+00
-6.641621982232306820e+00,-6.641621982232306820e+00
1.058859621081166935e+00,1.058859621081166935e+00
-2.870886869799979646e+00,-2.870886869799979646e+00
-6.494650754010590887e+00,-6.494650754010590887e+00
-1.494327710909397311e+00,-1.494327710909397311e+00
-6.300295852322050472e+00,-6.300295852322050472e+00
-2.424747879719282295e+00,-2.424747879719282295e+00
-2.553457569911255831e+00,-2.553457569911255831e+00
-6.508475511442324724e+00,-6.508475511442324724e+00
-6.861543230417251671e+00,-6.861543230417251671e+00
-5.669500695224773956e+00,-5.669500695224773956e+00
-3.317474246649830150e+00,-3.317474246649830150e+00
-8.508557317060777558e-01,-8.508557317060777558e-01
-2.856467099337452797e+00,-2.856467099337452797e+00
-6.924106101096042742e+00,-6.924106101096042742e+00
-4.627254793679371758e+00,-4.627254793679371758e+00
-1.700419700345060070e+00,-1.700419700345060070e+00
-3.202574861143458573e+00,-3.202574861143458573e+00
-5.793568594279263628e-01,-5.793568594279263628e-01
-2.992758164243047414e+00,-2.992758164243047414e+00
-4.579104364363942636e+00,-4.579104364363942636e+00
-8.281963329950517760e+00,-8.281963329950517760e+00
-4.913765154600415741e+00,-4.913765154600415741e+00
-7.624741302365132256e-01,-7.624741302365132256e-01
-3.793136567851128405e+00,-3.793136567851128405e+00
-2.637370920082870995e+00,-2.637370920082870995e+00
-5.931803732489470349e+00,-5.931803732489470349e+00
-6.728235690095923260e+00,-6.728235690095923260e+00
-2.975358043341544079e+00,-2.975358043341544079e+00
-5.480694934864755119e+00,-5.480694934864755119e+00
-5.943434886359973746e+00,-5.943434886359973746e+00
-1.895200347552038700e+00,-1.895200347552038700e+00
-4.500377958412904889e+00,-4.500377958412904889e+00
-4.767049348694090583e+00,-4.767049348694090583e+00
-6.107879496062361468e+00,-6.107879496062361468e+00
-4.018366071250771832e+00,-4.018366071250771832e+00
-6.842020385903481383e+00,-6.842020385903481383e+00
-6.113820137699592649e+00,-6.113820137699592649e+00
-1.439107170157306381e+00,-1.439107170157306381e+00
-5.256471665745129584e+00,-5.256471665745129584e+00
-5.148610423895552124e+00,-5.148610423895552124e+00
-2.610649965462570776e+00,-2.610649965462570776e+00
-5.618206647278949362e+00,-5.618206647278949362e+00
-4.613789146732120372e+00,-4.613789146732120372e+00
-2.311020406962871032e+00,-2.311020406962871032e+00
-7.641276803711364529e+00,-7.641276803711364529e+00
-4.300681842118939668e-01,-4.300681842118939668e-01
-4.039596009601797988e+00,-4.039596009601797988e+00
-2.322854065959485403e+00,-2.322854065959485403e+00
-2.465361390980156386e+00,-2.465361390980156386e+00
-6.317184695432183084e+00,-6.317184695432183084e+00
-6.672646349291261103e+00,-6.672646349291261103e+00
-5.503656486302492823e+00,-5.503656486302492823e+00
-6.163121543600060370e+00,-6.163121543600060370e+00
-4.601214479610794328e+00,-4.601214479610794328e+00
-5.716955814101223332e+00,-5.716955814101223332e+00
-3.323334234314265334e+00,-3.323334234314265334e+00
-4.084664319726456938e+00,-4.084664319726456938e+00
-1.714909093822494457e+00,-1.714909093822494457e+00
-5.491455934200893729e+00,-5.491455934200893729e+00
-3.556392243184606006e+00,-3.556392243184606006e+00
-5.569308131739229673e+00,-5.569308131739229673e+00
-4.639664792021140016e+00,-4.639664792021140016e+00
-2.218208662747341853e-01,-2.218208662747341853e-01
-6.954141258097038758e+00,-6.954141258097038758e+00
-9.717132294993051644e-01,-9.717132294993051644e-01
-2.553770753664345250e+00,-2.553770753664345250e+00
-4.430969806503356700e+00,-4.430969806503356700e+00
-2.823236064810105361e+00,-2.823236064810105361e+00
-6.105900130074633836e+00,-6.105900130074633836e+00
-3.254560674425916567e+00,-3.254560674425916567e+00
-2.779941436298782875e+00,-2.779941436298782875e+00
-3.993152453680657743e+00,-3.993152453680657743e+00
-5.270825969645295928e+00,-5.270825969645295928e+00
-5.943261363899002170e+00,-5.943261363899002170e+00
-4.135109989882504777e+00,-4.135109989882504777e+00
-4.307077447456546970e+00,-4.307077447456546970e+00
-1.698742075575951915e+00,-1.698742075575951915e+00
-7.466636736451606637e+00,-7.466636736451606637e+00
-6.242143517666200125e+00,-6.242143517666200125e+00
1.059113302417164615e+00,1.059113302417164615e+00
1.309134914125696658e-01,1.309134914125696658e-01
-3.870157756853909614e+00,-3.870157756853909614e+00
-4.751795959358917187e+00,-4.751795959358917187e+00
-2.805414725421048416e+00,-2.805414725421048416e+00
-3.968913205589575721e+00,-3.968913205589575721e+00
-3.440729828287572012e+00,-3.440729828287572012e+00
-3.487317237559085292e+00,-3.487317237559085292e+00
-6.695201030304449574e+00,-6.695201030304449574e+00
-3.538542948954513268e+00,-3.538542948954513268e+00
-3.946348498953620165e+00,-3.946348498953620165e+00
-4.547914480255962566e+00,-4.547914480255962566e+00
-4.502487026988743146e+00,-4.502487026988743146e+00
-4.676330516738343768e+00,-4.676330516738343768e+00
-2.641907854403881650e+00,-2.641907854403881650e+00
-5.405821538180073382e+00,-5.405821538180073382e+00
-4.727524137628213552e+00,-4.727524137628213552e+00
-2.355197732468642169e+00,-2.355197732468642169e+00
-3.998511587744098872e+00,-3.998511587744098872e+00
-4.737154998047500953e+00,-4.737154998047500953e+00
-5.930552834671324547e+00,-5.930552834671324547e+00
-4.202259915864122064e+00,-4.202259915864122064e+00
-2.561556539360191564e+00,-2.561556539360191564e+00
-3.709257575066212897e+00,-3.709257575066212897e+00
-3.809363211163301344e+00,-3.809363211163301344e+00
-4.308875853045903703e+00,-4.308875853045903703e+00
-4.366926518560376280e+00,-4.366926518560376280e+00
-8.131463762849368004e-01,-8.131463762849368004e-01
-1.254353017781648205e+00,-1.254353017781648205e+00
-3.975577094135348322e+00,-3.975577094135348322e+00
-7.465171166605458986e+00,-7.465171166605458986e+00
-5.961289015036721928e+00,-5.961289015036721928e+00
-2.912369290839030622e+00,-2.912369290839030622e+00
-6.713441462261950932e+00,-6.713441462261950932e+00
-2.197329112878669832e+00,-2.197329112878669832e+00
-5.619846694939497844e+00,-5.619846694939497844e+00
-2.237512832086444803e+00,-2.237512832086444803e+00
-4.497941093023954728e+00,-4.497941093023954728e+00
-4.038658611260985687e+00,-4.038658611260985687e+00
-5.094159734749123203e+00,-5.094159734749123203e+00
-5.009819876240031888e+00,-5.009819876240031888e+00
-6.130053852463287711e+00,-6.130053852463287711e+00
-4.204287053587798972e+00,-4.204287053587798972e+00
-5.344225400779871293e+00,-5.344225400779871293e+00
5.620361775348579059e-01,5.620361775348579059e-01
-2.139708065181954444e-01,-2.139708065181954444e-01
-6.086508321518123488e+00,-6.086508321518123488e+00
-2.580652151295634855e+00,-2.580652151295634855e+00
-2.771238590784146361e+00,-2.771238590784146361e+00
-1.487224814054979527e+00,-1.487224814054979527e+00
-7.473299472040137559e+00,-7.473299472040137559e+00
-1.619284349766028086e+00,-1.619284349766028086e+00
-3.338906708046305738e+00,-3.338906708046305738e+00
-4.011844772928450098e+00,-4.011844772928450098e+00
-5.531385483333004949e+00,-5.531385483333004949e+00
-3.998085954189472435e+00,-3.998085954189472435e+00
8.177258556049898930e-02,8.177258556049898930e-02
-1.891578159021588768e+00,-1.891578159021588768e+00
-4.191583395359299580e-02,-4.191583395359299580e-02
-3.082623167444946688e+00,-3.082623167444946688e+00
-2.058080004623657810e+00,-2.058080004623657810e+00
-3.672507846316112712e+00,-3.672507846316112712e+00
-5.760605330768532539e+00,-5.760605330768532539e+00
-7.520791730619224680e+00,-7.520791730619224680e+00
-7.279348150483380131e+00,-7.279348150483380131e+00
-2.688256613617596269e+00,-2.688256613617596269e+00
-4.785754274218253279e+00,-4.785754274218253279e+00
-4.334793559416398878e+00,-4.334793559416398878e+00
-4.009904607265946552e+00,-4.009904607265946552e+00
-4.526168160660109407e+00,-4.526168160660109407e+00
-5.081393066065636788e+00,-5.081393066065636788e+00
-4.302738437203195154e+00,-4.302738437203195154e+00
-3.137976206610317398e+00,-3.137976206610317398e+00
-4.294344095671915440e+00,-4.294344095671915440e+00
-2.378374159366985374e+00,-2.378374159366985374e+00
-1.682887491662644619e+00,-1.682887491662644619e+00
-5.642011965536635199e-01,-5.642011965536635199e-01
-3.523439652486023643e+00,-3.523439652486023643e+00
-4.149071314348916850e+00,-4.149071314348916850e+00
-4.096875684490201230e+00,-4.096875684490201230e+00
-1.079167212644591256e+00,-1.079167212644591256e+00
-4.527302135073446365e+00,-4.527302135073446365e+00
-4.133646217239628662e+00,-4.133646217239628662e+00
-2.600849511065377762e+00,-2.600849511065377762e+00
-3.520154939888566314e+00,-3.520154939888566314e+00
-3.122773455941354026e+00,-3.122773455941354026e+00
-1.642910237017623176e+00,-1.642910237017623176e+00
-3.136562829055402180e+00,-3.136562829055402180e+00
-5.239417988607951493e+00,-5.239417988607951493e+00
-1.381601868963187929e+00,-1.381601868963187929e+00
-1.534956436008147129e+00,-1.534956436008147129e+00
-2.826103339007808746e+00,-2.826103339007808746e+00
-3.575817507964342390e+00,-3.575817507964342390e+00
-3.325274664710761829e+00,-3.325274664710761829e+00
-5.258196798161750785e+00,-5.258196798161750785e+00
-9.275702628150504836e+00,-9.275702628150504836e+00
-9.049636614319430450e+00,-9.049636614319430450e+00
-4.259410914401951409e+00,-4.259410914401951409e+00
-3.769984090566710577e+00,-3.769984090566710577e+00
-1.772601789467137534e+00,-1.772601789467137534e+00
-5.914650310633033925e+00,-5.914650310633033925e+00
-3.931947530873327157e+00,-3.931947530873327157e+00
-4.944892948970974089e+00,-4.944892948970974089e+00
-2.213907138536093555e+00,-2.213907138536093555e+00
-1.082697561518659590e-01,-1.082697561518659590e-01
-1.706018355671177655e+00,-1.706018355671177655e+00
-6.550792074589035785e+00,-6.550792074589035785e+00
-2.879342203764621910e+00,-2.879342203764621910e+00
-6.507220154472435070e+00,-6.507220154472435070e+00
-3.319701874926025198e+00,-3.319701874926025198e+00
-1.224377232536229876e+00,-1.224377232536229876e+00
-6.473887839753832196e+00,-6.473887839753832196e+00
-4.184390971000292225e+00,-4.184390971000292225e+00
-5.201022137781213139e+00,-5.201022137781213139e+00
-5.093271727802306970e+00,-5.093271727802306970e+00
-5.237325279669581946e+00,-5.237325279669581946e+00
-2.576265454067717897e+00,-2.576265454067717897e+00
-2.085895159010616506e+00,-2.085895159010616506e+00
-2.421296805571286015e+00,-2.421296805571286015e+00
-4.346835144222323422e+00,-4.346835144222323422e+00
-4.893716976975656330e+00,-4.893716976975656330e+00
-8.362949505355112834e-01,-8.362949505355112834e-01
-9.615093137443793125e-01,-9.615093137443793125e-01
-1.797252605536522774e+00,-1.797252605536522774e+00
-3.676917458633520930e+00,-3.676917458633520930e+00
-4.971216052954973819e+00,-4.971216052954973819e+00
-1.257107911365691333e+00,-1.257107911365691333e+00
-6.790634846971140171e+00,-6.790634846971140171e+00
-2.853823911118638978e+00,-2.853823911118638978e+00
-2.528634511422076958e+00,-2.528634511422076958e+00
-5.331316416712368778e+00,-5.331316416712368778e+00
-4.538604251682334834e+00,-4.538604251682334834e+00
-3.778154162126219795e+00,-3.778154162126219795e+00
-4.468849526156009944e+00,-4.468849526156009944e+00
-6.320917831921093466e+00,-6.320917831921093466e+00
-4.540302127243825758e+00,-4.540302127243825758e+00
-3.299050729269959348e+00,-3.299050729269959348e+00
-5.727696094875319943e+00,-5.727696094875319943e+00
-1.776800813521318023e+00,-1.776800813521318023e+00
-4.150781564372456600e+00,-4.150781564372456600e+00
-1.897341458957753524e+00,-1.897341458957753524e+00
-4.747817449498828779e+00,-4.747817449498828779e+00
-2.995440073587763763e+00,-2.995440073587763763e+00
-1.042053775512936298e+01,-1.042053775512936298e+01
-2.743111380609264405e+00,-2.743111380609264405e+00
-5.516311441982919561e+00,-5.516311441982919561e+00
7.066334055150348403e-01,7.066334055150348403e-01
-3.409698557720915346e+00,-3.409698557720915346e+00
-2.686486585504124669e+00,-2.686486585504124669e+00
-2.294379931481477453e+00,-2.294379931481477453e+00
-6.199876726880414246e+00,-6.199876726880414246e+00
-3.008639612527437723e+00,-3.008639612527437723e+00
-5.484909539008206103e+00,-5.484909539008206103e+00
-4.024257328168511449e+00,-4.024257328168511449e+00
-3.898156138092052636e+00,-3.898156138092052636e+00
-3.389223638654672133e+00,-3.389223638654672133e+00
-2.374665503766723695e+00,-2.374665503766723695e+00
-3.455665541022243215e+00,-3.455665541022243215e+00
-1.373202895639527910e+00,-1.373202895639527910e+00
-2.103850955414533264e+00,-2.103850955414533264e+00
-2.714461354344016364e+00,-2.714461354344016364e+00
-2.151097710037700672e+00,-2.151097710037700672e+00
-4.203288140773974391e+00,-4.203288140773974391e+00
-2.900851986223300649e+00,-2.900851986223300649e+00
-5.173230929901012409e+00,-5.173230929901012409e+00
-6.764230751589574098e+00,-6.764230751589574098e+00
-5.244613168083080090e+00,-5.244613168083080090e+00
-4.271592252184191807e+00,-4.271592252184191807e+00
-3.493057308478882739e+00,-3.493057308478882739e+00
-3.306745130790686993e+00,-3.306745130790686993e+00
-6.712399178017436796e+00,-6.712399178017436796e+00
-5.561703388593477904e+00,-5.561703388593477904e+00
-3.560213022563694096e+00,-3.560213022563694096e+00
-1.928276280628299588e+00,-1.928276280628299588e+00
-5.439136913768043868e+00,-5.439136913768043868e+00
-9.392499550738122593e+00,-9.392499550738122593e+00
-3.503545422114526353e+00,-3.503545422114526353e+00
-6.199089428408410818e+00,-6.199089428408410818e+00
-1.470721785747430843e+00,-1.470721785747430843e+00
-4.256481160085724191e+00,-4.256481160085724191e+00
-1.709768747906762254e+00,-1.709768747906762254e+00
-4.419201032509972649e+00,-4.419201032509972649e+00
-5.526400749127914125e+00,-5.526400749127914125e+00
-3.887777475126409144e+00,-3.887777475126409144e+00
-3.942437700071480533e-01,-3.942437700071480533e-01
-1.964106764598584354e+00,-1.964106764598584354e+00
-8.159272226298110553e+00,-8.159272226298110553e+00
-3.190677815199268963e+00,-3.190677815199268963e+00
-8.120376070667237656e+00,-8.120376070667237656e+00
-1.139685027037115050e-01,-1.139685027037115050e-01
-1.887728793573684172e+00,-1.887728793573684172e+00
-8.609782162677756645e+00,-8.609782162677756645e+00
-5.724156555227184029e+00,-5.724156555227184029e+00
-3.512599855054632236e+00,-3.512599855054632236e+00
-2.575106755685804050e+00,-2.575106755685804050e+00
-4.851229339175674227e+00,-4.851229339175674227e+00
-1.712983900666699366e+00,-1.712983900666699366e+00
-3.798308832348666009e+00,-3.798308832348666009e+00
-3.747895794929404278e+00,-3.747895794929404278e+00
-6.533137451679538188e+00,-6.533137451679538188e+00
-4.625448618273804158e+00,-4.625448618273804158e+00
-3.575902275932927310e+00,-3.575902275932927310e+00
-5.888728251815800618e+00,-5.888728251815800618e+00
-7.181536030491460387e+00,-7.181536030491460387e+00
-6.077288483405095754e+00,-6.077288483405095754e+00
-2.437609232965844086e+00,-2.437609232965844086e+00
-3.701745858511717557e+00,-3.701745858511717557e+00
-6.822217981809342024e-01,-6.822217981809342024e-01
-5.028181109401783644e+00,-5.028181109401783644e+00
-5.401169164427731539e-01,-5.401169164427731539e-01
-4.358357524379809611e+00,-4.358357524379809611e+00
-5.390740498895898014e+00,-5.390740498895898014e+00
-4.167321929665491531e+00,-4.167321929665491531e+00
-3.719953261587734428e+00,-3.719953261587734428e+00
-5.678931375846000940e+00,-5.678931375846000940e+00
-2.393010622141190868e+00,-2.393010622141190868e+00
-6.014898938142225759e+00,-6.014898938142225759e+00
-1.088841542363685688e+00,-1.088841542363685688e+00
-6.271502146635429042e+00,-6.271502146635429042e+00
-4.171029947874699495e+00,-4.171029947874699495e+00
-1.270243162887567001e+00,-1.270243162887567001e+00
-3.973666316951777411e+00,-3.973666316951777411e+00
-6.408171196941975900e+00,-6.408171196941975900e+00
-4.901396521876155710e+00,-4.901396521876155710e+00
-5.360286036080591288e+00,-5.360286036080591288e+00
-2.222156010699310347e+00,-2.222156010699310347e+00
-5.997560830017890865e+00,-5.997560830017890865e+00
-3.432699689233090989e+00,-3.432699689233090989e+00
-5.614940521379706340e+00,-5.614940521379706340e+00
-4.724353934483306539e+00,-4.724353934483306539e+00
-1.151317012164609466e+00,-1.151317012164609466e+00
-1.821323017571805591e+00,-1.821323017571805591e+00
-6.774920343863917616e+00,-6.774920343863917616e+00
-7.032354212279994243e+00,-7.032354212279994243e+00
-4.745874244941931330e+00,-4.745874244941931330e+00
-5.347631421796792850e+00,-5.347631421796792850e+00
-1.485691364256708225e+00,-1.485691364256708225e+00
-5.615578693781547948e+00,-5.615578693781547948e+00
-4.473081821316962525e+00,-4.473081821316962525e+00
-5.875256085453418819e+00,-5.875256085453418819e+00
-1.672216733548323120e+00,-1.672216733548323120e+00
-2.940456436660989770e+00,-2.940456436660989770e+00
-4.155023993858482534e+00,-4.155023993858482534e+00
-3.786732411839062173e+00,-3.786732411839062173e+00
-7.001286833442417645e+00,-7.001286833442417645e+00
-1.589064591389311998e+00,-1.589064591389311998e+00
-5.203214345477462643e+00,-5.203214345477462643e+00
-4.144863692419765044e+00,-4.144863692419765044e+00
-3.287075101018570145e+00,-3.287075101018570145e+00
-2.880845225057206971e+00,-2.880845225057206971e+00
1.125756429087317434e+00,1.125756429087317434e+00
-3.429157128452852810e+00,-3.429157128452852810e+00
-2.572180940783836967e+00,-2.572180940783836967e+00
-6.247084169957635602e+00,-6.247084169957635602e+00
-3.153892832795492929e+00,-3.153892832795492929e+00
-4.532150285555174740e+00,-4.532150285555174740e+00
-1.865160549995746875e+00,-1.865160549995746875e+00
-3.989629048868243100e+00,-3.989629048868243100e+00
-4.181976052113419939e+00,-4.181976052113419939e+00
-4.917898866364905253e+00,-4.917898866364905253e+00
-3.800152351732188460e+00,-3.800152351732188460e+00
-4.263338957539442475e+00,-4.263338957539442475e+00
-3.147402293685334307e+00,-3.147402293685334307e+00
-2.812378055345231775e+00,-2.812378055345231775e+00
-3.781207812452594297e+00,-3.781207812452594297e+00
-5.350949924580306494e+00,-5.350949924580306494e+00
-4.525255348729822380e+00,-4.525255348729822380e+00
-4.160046528007118383e+00,-4.160046528007118383e+00
-3.826326573231484396e+00,-3.826326573231484396e+00
-3.164372178801644342e+00,-3.164372178801644342e+00
-2.149312258447723778e+00,-2.149312258447723778e+00
-2.042829442145964070e+00,-2.042829442145964070e+00
-2.507082774955511795e+00,-2.507082774955511795e+00
-7.383912998042305720e-01,-7.383912998042305720e-01
-4.574651971829919894e+00,-4.574651971829919894e+00
-2.586211427660222828e+00,-2.586211427660222828e+00
-3.133796676839847972e+00,-3.133796676839847972e+00
-3.425432560265139870e+00,-3.425432560265139870e+00
-3.343296680906591156e+00,-3.343296680906591156e+00
-2.942679706163831010e+00,-2.942679706163831010e+00
-3.727812384083821318e+00,-3.727812384083821318e+00
-2.550658263789363556e+00,-2.550658263789363556e+00
-4.511854279312287552e+00,-4.511854279312287552e+00
-2.195223621683377146e+00,-2.195223621683377146e+00
-3.122985776240652100e+00,-3.122985776240652100e+00
-4.138863869799094708e+00,-4.138863869799094708e+00
-1.790536416005300113e+00,-1.790536416005300113e+00
-5.829829590714428633e+00,-5.829829590714428633e+00
-2.234061304132769266e+00,-2.234061304132769266e+00
-6.283730036973270927e+00,-6.283730036973270927e+00
-1.629837942650869786e+00,-1.629837942650869786e+00
1.804952674096163834e-01,1.804952674096163834e-01
-5.982768656508581806e+00,-5.982768656508581806e+00
-4.936042696605437152e-01,-4.936042696605437152e-01
-5.388328066612779743e+00,-5.388328066612779743e+00
-8.752717882073385303e-01,-8.752717882073385303e-01
-2.014026164115480633e+00,-2.014026164115480633e+00
-4.575221728393107590e+00,-4.575221728393107590e+00
-3.614247082543140532e+00,-3.614247082543140532e+00
-5.408152581789440916e+00,-5.408152581789440916e+00
-4.234102348062978471e+00,-4.234102348062978471e+00
-8.223521450871555061e+00,-8.223521450871555061e+00
-5.034689363266178219e+00,-5.034689363266178219e+00
-3.337298571584862650e+00,-3.337298571584862650e+00
-3.596414402815859113e+00,-3.596414402815859113e+00
-6.103615352040345776e+00,-6.103615352040345776e+00
-6.753360447456038251e+00,-6.753360447456038251e+00
-4.272348782176055515e+00,-4.272348782176055515e+00
-2.842174271569638311e+00,-2.842174271569638311e+00
-4.809106101740822758e+00,-4.809106101740822758e+00
-2.131819998171853747e+00,-2.131819998171853747e+00
-3.319890485444179529e+00,-3.319890485444179529e+00
-3.592374364210306759e+00,-3.592374364210306759e+00
-5.053206985734095547e+00,-5.053206985734095547e+00
-4.285242334740682502e+00,-4.285242334740682502e+00
-7.578995804623566812e+00,-7.578995804623566812e+00
-7.114646784873224661e+00,-7.114646784873224661e+00
1.608399120732137977e-01,1.608399120732137977e-01
-3.072053645227351470e+00,-3.072053645227351470e+00
-2.953488051191794916e+00,-2.953488051191794916e+00
-6.472283563171332688e+00,-6.472283563171332688e+00
-5.338008467984300509e+00,-5.338008467984300509e+00
-4.978772587750261103e+00,-4.978772587750261103e+00
-2.399712694789360778e+00,-2.399712694789360778e+00
-4.153932635805237084e+00,-4.153932635805237084e+00
-6.510347595733486870e+00,-6.510347595733486870e+00
-5.065484289482980351e+00,-5.065484289482980351e+00
-6.482132592177430652e+00,-6.482132592177430652e+00
-3.155586934243111319e+00,-3.155586934243111319e+00
-4.583337489312059532e+00,-4.583337489312059532e+00
-2.361109403283390584e+00,-2.361109403283390584e+00
-9.039283515400289293e-01,-9.039283515400289293e-01
-4.089054795637960815e+00,-4.089054795637960815e+00
-8.070038211028743191e+00,-8.070038211028743191e+00
-3.257019649927212601e+00,-3.257019649927212601e+00
-5.957223860062548226e+00,-5.957223860062548226e+00
-4.765762277299220528e+00,-4.765762277299220528e+00
-2.133900251365975276e+00,-2.133900251365975276e+00
-6.989676554950900567e+00,-6.989676554950900567e+00
-2.844382030692264696e+00,-2.844382030692264696e+00
-4.123354860127707688e+00,-4.123354860127707688e+00
-6.331222590577922915e+00,-6.331222590577922915e+00
-1.468907912043128094e-01,-1.468907912043128094e-01
-4.216450128438669509e+00,-4.216450128438669509e+00
-6.317722387503732939e+00,-6.317722387503732939e+00
-1.506865126824816992e+00,-1.506865126824816992e+00
-6.013628804059034216e+00,-6.013628804059034216e+00
-4.782051451414759846e+00,-4.782051451414759846e+00
-7.342281687589514050e+00,-7.342281687589514050e+00
-2.994668698647171556e+00,-2.994668698647171556e+00
-1.893449966631583159e+00,-1.893449966631583159e+00
-3.355102806574437935e+00,-3.355102806574437935e+00
-5.739241759368097107e+00,-5.739241759368097107e+00
-1.650568678206553397e+00,-1.650568678206553397e+00
-3.607699449523069646e+00,-3.607699449523069646e+00
-4.409336660651190343e+00,-4.409336660651190343e+00
-2.735708279693837230e+00,-2.735708279693837230e+00
-5.650763428118962928e+00,-5.650763428118962928e+00
-4.757993385057269542e+00,-4.757993385057269542e+00
-7.096836426947482401e+00,-7.096836426947482401e+00
-2.896717826147264141e+00,-2.896717826147264141e+00
-5.693037078615033941e+00,-5.693037078615033941e+00
-5.755002179000568319e+00,-5.755002179000568319e+00
-2.107694121654485553e+00,-2.107694121654485553e+00
-9.703108936231146231e-01,-9.703108936231146231e-01
-7.515112978480344985e+00,-7.515112978480344985e+00
-3.842218918283712981e-01,-3.842218918283712981e-01
-6.501103985320745515e+00,-6.501103985320745515e+00
-1.195994152219800544e+00,-1.195994152219800544e+00
-5.013212015764542784e+00,-5.013212015764542784e+00
-4.799131355407155297e+00,-4.799131355407155297e+00
-3.589229217673089334e+00,-3.589229217673089334e+00
-5.943005205508781863e+00,-5.943005205508781863e+00
-3.376676339927469517e+00,-3.376676339927469517e+00
-2.179288763505009108e+00,-2.179288763505009108e+00
-5.262078092333326573e+00,-5.262078092333326573e+00
-4.135188320083752700e+00,-4.135188320083752700e+00
1.152979899353478999e-02,1.152979899353478999e-02
-1.959457758649522319e+00,-1.959457758649522319e+00
-1.205212259641718964e+00,-1.205212259641718964e+00
-7.331935464219437648e+00,-7.331935464219437648e+00
-3.110995389154721291e+00,-3.110995389154721291e+00
-3.192320505285339838e+00,-3.192320505285339838e+00
-9.010823096391103348e+00,-9.010823096391103348e+00
-5.602314036525872787e+00,-5.602314036525872787e+00
-2.243311324875662649e+00,-2.243311324875662649e+00
-1.760269160789616372e+00,-1.760269160789616372e+00
-5.263343807976546884e+00,-5.263343807976546884e+00
-1.112325413064800816e+00,-1.112325413064800816e+00
-2.942541842291736209e+00,-2.942541842291736209e+00
-6.243931612906490791e+00,-6.243931612906490791e+00
-5.225764990373732211e+00,-5.225764990373732211e+00
-5.541437992253656297e+00,-5.541437992253656297e+00
-2.526734456160439013e+00,-2.526734456160439013e+00
-2.558625348729320237e+00,-2.558625348729320237e+00
-2.631127572967419059e+00,-2.631127572967419059e+00
-3.991099669989393917e+00,-3.991099669989393917e+00
-4.184417242354718347e+00,-4.184417242354718347e+00
-1.810234378414606660e+00,-1.810234378414606660e+00
-6.090815591173138976e+00,-6.090815591173138976e+00
-5.541522456324713630e+00,-5.541522456324713630e+00
-3.687808316909405804e+00,-3.687808316909405804e+00
-3.519585679528322242e+00,-3.519585679528322242e+00
-9.407615322327311791e-03,-9.407615322327311791e-03
1.017018728978754227e+00,1.017018728978754227e+00
-3.746003530942636495e+00,-3.746003530942636495e+00
-9.829513474010301621e+00,-9.829513474010301621e+00
-1.656517954033952744e+00,-1.656517954033952744e+00
-2.494481790170172797e+00,-2.494481790170172797e+00
-8.254064651337417402e+00,-8.254064651337417402e+00
-3.229754841207024274e+00,-3.229754841207024274e+00
-4.519155754345602349e-01,-4.519155754345602349e-01
-3.142198953819006046e+00,-3.142198953819006046e+00
-6.465485390175604863e+00,-6.465485390175604863e+00
-3.274027284949099670e+00,-3.274027284949099670e+00
-3.824777919389271474e+00,-3.824777919389271474e+00
-3.791719813547733686e+00,-3.791719813547733686e+00
-4.549328832367752540e+00,-4.549328832367752540e+00
-2.908230687289851346e+00,-2.908230687289851346e+00
-5.418512143479853549e+00,-5.418512143479853549e+00
-4.492126185230005397e+00,-4.492126185230005397e+00
-5.109261916700537753e+00,-5.109261916700537753e+00
-1.226456103919061569e+00,-1.226456103919061569e+00
-3.218290349256967442e+00,-3.218290349256967442e+00
-1.683518715528760534e+00,-1.683518715528760534e+00
-2.814355989652712164e+00,-2.814355989652712164e+00
-4.134197519230006890e+00,-4.134197519230006890e+00
-2.657838565810872744e+00,-2.657838565810872744e+00
-3.033930038842363341e+00,-3.033930038842363341e+00
-5.794752973038714394e+00,-5.794752973038714394e+00
-3.014823808059499122e+00,-3.014823808059499122e+00
-1.511749743606520369e+00,-1.511749743606520369e+00
-6.202265660423561533e-01,-6.202265660423561533e-01
-3.949941703052458841e+00,-3.949941703052458841e+00
-5.749609474719672431e-01,-5.749609474719672431e-01
-1.049329439014057286e+00,-1.049329439014057286e+00
-4.082707478602237039e+00,-4.082707478602237039e+00
-1.647709892642770901e+00,-1.647709892642770901e+00
-3.728646088268333880e+00,-3.728646088268333880e+00
-9.698080626951279815e-01,-9.698080626951279815e-01
-5.079312196145931324e+00,-5.079312196145931324e+00
-3.649237750350315057e+00,-3.649237750350315057e+00
-1.510750426230229371e+00,-1.510750426230229371e+00
-3.512335731761657698e+00,-3.512335731761657698e+00
-1.420907818859151739e+00,-1.420907818859151739e+00
-2.237764930586625844e+00,-2.237764930586625844e+00
-5.809325070551672354e+00,-5.809325070551672354e+00
-7.167819947002943337e+00,-7.167819947002943337e+00
-1.540923495736646442e+00,-1.540923495736646442e+00
-3.379679539611904815e+00,-3.379679539611904815e+00
-2.802653928652621307e+00,-2.802653928652621307e+00
-2.647691335839577498e+00,-2.647691335839577498e+00
-6.937632348221097978e+00,-6.937632348221097978e+00
-6.274266021941802940e+00,-6.274266021941802940e+00
-3.096794191034799582e+00,-3.096794191034799582e+00
-4.851926970010949525e+00,-4.851926970010949525e+00
-3.544714398478136186e+00,-3.544714398478136186e+00
-6.520189791584945382e+00,-6.520189791584945382e+00
-3.482407150757518721e+00,-3.482407150757518721e+00
-4.175895691418042510e+00,-4.175895691418042510e+00
-5.407371157162399022e+00,-5.407371157162399022e+00
-4.954556668410651454e+00,-4.954556668410651454e+00
-5.098534773704069600e+00,-5.098534773704069600e+00
-3.211366891952288416e+00,-3.211366891952288416e+00
-3.855666768125242783e+00,-3.855666768125242783e+00
-5.360441363742637577e+00,-5.360441363742637577e+00
-6.087972378038427834e+00,-6.087972378038427834e+00
-4.291810402167896221e+00,-4.291810402167896221e+00
-4.097004053282273794e+00,-4.097004053282273794e+00
-2.291679242005433714e+00,-2.291679242005433714e+00
-6.116796869090961764e+00,-6.116796869090961764e+00
-4.520183785546368682e+00,-4.520183785546368682e+00
-1.769368088919374582e+00,-1.769368088919374582e+00
-6.004584923709536781e+00,-6.004584923709536781e+00
-5.674496947479847009e+00,-5.674496947479847009e+00
-2.624253191130564211e+00,-2.624253191130564211e+00
-5.080858734070374361e+00,-5.080858734070374361e+00
-6.798259920500336229e+00,-6.798259920500336229e+00
-6.793774851294047679e+00,-6.793774851294047679e+00
-2.135395477818252452e+00,-2.135395477818252452e+00
-6.322828083800490440e+00,-6.322828083800490440e+00
-2.227777507628955433e+00,-2.227777507628955433e+00
-3.189363081455694360e+00,-3.189363081455694360e+00
-5.848976561431665999e+00,-5.848976561431665999e+00
-3.025606526725123757e+00,-3.025606526725123757e+00
-4.082151052005889902e+00,-4.082151052005889902e+00
-4.539421622267980183e+00,-4.539421622267980183e+00
-1.854800049037899967e+00,-1.854800049037899967e+00
-2.667643858843485649e+00,-2.667643858843485649e+00
-5.105015024386577061e+00,-5.105015024386577061e+00
-6.332505845033693070e+00,-6.332505845033693070e+00
-3.021701791230262946e-01,-3.021701791230262946e-01
-1.985362031489021239e+00,-1.985362031489021239e+00
-4.944428593939650618e+00,-4.944428593939650618e+00
-1.847511006183436999e+00,-1.847511006183436999e+00
-4.845199579276853186e+00,-4.845199579276853186e+00
-3.640455799153608840e+00,-3.640455799153608840e+00
-4.007645930588861205e+00,-4.007645930588861205e+00
-4.523767500290662547e+00,-4.523767500290662547e+00
-1.830177098782116207e+00,-1.830177098782116207e+00
-1.862659773998409651e+00,-1.862659773998409651e+00
-5.178497922164405409e+00,-5.178497922164405409e+00
-4.190267138505733846e-01,-4.190267138505733846e-01
-4.039886965353001180e+00,-4.039886965353001180e+00
-8.393178503597441775e+00,-8.393178503597441775e+00
-6.730497113265276887e+00,-6.730497113265276887e+00
-5.329423069331266305e+00,-5.329423069331266305e+00
-4.736198481148703010e+00,-4.736198481148703010e+00
-4.853638056688382107e+00,-4.853638056688382107e+00
-3.718941090302590791e+00,-3.718941090302590791e+00
-1.462514888073281227e+00,-1.462514888073281227e+00
-4.835476261930292452e+00,-4.835476261930292452e+00
-2.279832752660453377e+00,-2.279832752660453377e+00
-2.460362980488144113e-01,-2.460362980488144113e-01
-5.270301469305330500e+00,-5.270301469305330500e+00
-6.415373127029723399e+00,-6.415373127029723399e+00
-5.202422946741382503e+00,-5.202422946741382503e+00
-2.302172971796715650e+00,-2.302172971796715650e+00
-1.429488667521874978e+00,-1.429488667521874978e+00
-1.243263130918716985e+00,-1.243263130918716985e+00
-2.104162110842154654e+00,-2.104162110842154654e+00
-2.720427466679713913e+00,-2.720427466679713913e+00
-1.010900635922222568e+00,-1.010900635922222568e+00
-1.381915791120129855e+00,-1.381915791120129855e+00
-4.259024364137419916e+00,-4.259024364137419916e+00
-4.386852933101506480e+00,-4.386852933101506480e+00
-2.957857469978407483e+00,-2.957857469978407483e+00
-3.220914865354996159e+00,-3.220914865354996159e+00
-3.014112588601515874e+00,-3.014112588601515874e+00
-1.944373200003948643e+00,-1.944373200003948643e+00
-3.686091992912150062e+00,-3.686091992912150062e+00
-3.837905321295574712e+00,-3.837905321295574712e+00
-5.332507528261657193e+00,-5.332507528261657193e+00
-5.910516830581705072e+00,-5.910516830581705072e+00
-1.625524928559418880e+00,-1.625524928559418880e+00
-5.769431713557851005e+00,-5.769431713557851005e+00
-4.922580291986044188e+00,-4.922580291986044188e+00
-3.748781819668441706e+00,-3.748781819668441706e+00
1.976608525951899509e+00,1.976608525951899509e+00
-2.041231366711470319e+00,-2.041231366711470319e+00
-2.337201369518913996e+00,-2.337201369518913996e+00
-2.963958219875300060e+00,-2.963958219875300060e+00
-5.678444360420359160e+00,-5.678444360420359160e+00
-3.051235087324259077e+00,-3.051235087324259077e+00
-3.737961330472395094e+00,-3.737961330472395094e+00
-3.164584773715337196e+00,-3.164584773715337196e+00
-1.242023349716178782e+00,-1.242023349716178782e+00
-2.712093173353211650e+00,-2.712093173353211650e+00
-5.561503186847962965e+00,-5.561503186847962965e+00
-7.622337706302893423e+00,-7.622337706302893423e+00
-3.633432424279779305e+00,-3.633432424279779305e+00
-4.466515817765131402e+00,-4.466515817765131402e+00
-4.459119488382387253e+00,-4.459119488382387253e+00
-9.986079949454877980e-01,-9.986079949454877980e-01
-3.117201836247520230e+00,-3.117201836247520230e+00
-1.923891604922940202e+00,-1.923891604922940202e+00
-2.212500958046930144e+00,-2.212500958046930144e+00
-5.276496884636744156e+00,-5.276496884636744156e+00
-6.903060971184841854e+00,-6.903060971184841854e+00
-1.681245389648593713e+00,-1.681245389648593713e+00
-2.788236569382640972e+00,-2.788236569382640972e+00
-2.438363473957424199e-01,-2.438363473957424199e-01
-3.419222228082302362e+00,-3.419222228082302362e+00
-2.801868004430614789e+00,-2.801868004430614789e+00
-2.945430074597134684e+00,-2.945430074597134684e+00
-2.531722236480634436e+00,-2.531722236480634436e+00
-2.174646977455843899e+00,-2.174646977455843899e+00
-3.748345378368802994e+00,-3.748345378368802994e+00
-8.741038297706600346e+00,-8.741038297706600346e+00
-4.457680789981860237e+00,-4.457680789981860237e+00
-2.582375289435091315e+00,-2.582375289435091315e+00
-4.412557796171216573e+00,-4.412557796171216573e+00
-1.119754541111370827e+01,-1.119754541111370827e+01
-5.504248700382036397e+00,-5.504248700382036397e+00
-4.283646454216123445e+00,-4.283646454216123445e+00
-5.370299821340310586e+00,-5.370299821340310586e+00
-5.380952985305248681e+00,-5.380952985305248681e+00
-3.784261817205796241e+00,-3.784261817205796241e+00
-8.470190404349441593e+00,-8.470190404349441593e+00
-7.146064015153656968e+00,-7.146064015153656968e+00
-2.985906468798460445e+00,-2.985906468798460445e+00
-3.741441657735375959e+00,-3.741441657735375959e+00
-5.067035789664295464e+00,-5.067035789664295464e+00
-6.173145236156495130e+00,-6.173145236156495130e+00
-7.179275750050827298e+00,-7.179275750050827298e+00
-3.226855284686897196e+00,-3.226855284686897196e+00
-6.217928374391967772e+00,-6.217928374391967772e+00
-5.353026725092198568e+00,-5.353026725092198568e+00
-4.216438811840227174e+00,-4.216438811840227174e+00
-5.239680686818112498e+00,-5.239680686818112498e+00
-4.913513399135363890e+00,-4.913513399135363890e+00
-3.511147787061213776e+00,-3.511147787061213776e+00
-3.218834118829801749e+00,-3.218834118829801749e+00
-2.057246320273542484e+00,-2.057246320273542484e+00
-3.642925182808706808e+00,-3.642925182808706808e+00
-1.793953177512903396e+00,-1.793953177512903396e+00
-5.866466818360976276e+00,-5.866466818360976276e+00
-5.239984114563002393e+00,-5.239984114563002393e+00
-6.193596180478596835e+00,-6.193596180478596835e+00
-4.824121450637361974e+00,-4.824121450637361974e+00
-3.624909855319140117e+00,-3.624909855319140117e+00
-7.232451179034673494e+00,-7.232451179034673494e+00
-3.050489702564684880e+00,-3.050489702564684880e+00
-3.264783323738178922e+00,-3.264783323738178922e+00
-3.215048820066628732e+00,-3.215048820066628732e+00
-2.338746965174147263e+00,-2.338746965174147263e+00
-4.461478751990182623e+00,-4.461478751990182623e+00
-3.665138724985844476e+00,-3.665138724985844476e+00
-4.341368614167419260e+00,-4.341368614167419260e+00
-5.435555837145688685e+00,-5.435555837145688685e+00
-6.074303789884063498e+00,-6.074303789884063498e+00
-4.190832749230686716e+00,-4.190832749230686716e+00
-2.142599714444459291e+00,-2.142599714444459291e+00
-1.534138510145387713e+00,-1.534138510145387713e+00
-7.288694336024310161e+00,-7.288694336024310161e+00
-5.110775470477051385e+00,-5.110775470477051385e+00
-3.647329813111542585e+00,-3.647329813111542585e+00
-3.493709657549303849e+00,-3.493709657549303849e+00
-3.220547914633474562e+00,-3.220547914633474562e+00
-6.378777991616740195e+00,-6.378777991616740195e+00
-4.202160231308930349e+00,-4.202160231308930349e+00
-5.685683374072068474e+00,-5.685683374072068474e+00
-7.812340078612257877e+00,-7.812340078612257877e+00
-6.787215986632296527e+00,-6.787215986632296527e+00
-4.853921806471773515e+00,-4.853921806471773515e+00
-5.691830917485837915e+00,-5.691830917485837915e+00
-5.330679656771476260e+00,-5.330679656771476260e+00
-1.364754497786139886e+00,-1.364754497786139886e+00
-4.999738413962254491e+00,-4.999738413962254491e+00
-4.725764057016713870e+00,-4.725764057016713870e+00
-6.968519495213780779e+00,-6.968519495213780779e+00
-2.004118776128453572e+00,-2.004118776128453572e+00
-2.666935990379994070e+00,-2.666935990379994070e+00
-4.783945925209374117e+00,-4.783945925209374117e+00
-3.872780718615350448e+00,-3.872780718615350448e+00
-2.959521544638633372e+00,-2.959521544638633372e+00
-3.088083719313239328e+00,-3.088083719313239328e+00
-4.538140502162145928e+00,-4.538140502162145928e+00
-4.126719163889529973e+00,-4.126719163889529973e+00
-5.544194841896554315e+00,-5.544194841896554315e+00
-4.543458415699038078e+00,-4.543458415699038078e+00
-9.318402549395464973e+00,-9.318402549395464973e+00
-3.912458753109784304e+00,-3.912458753109784304e+00
-5.209844237433421732e+00,-5.209844237433421732e+00
-6.822219913505997546e+00,-6.822219913505997546e+00
-3.139026428494560150e+00,-3.139026428494560150e+00
-3.702094545835592054e+00,-3.702094545835592054e+00
-2.751471522497707323e+00,-2.751471522497707323e+00
-3.050871274789991094e+00,-3.050871274789991094e+00
-4.497621395530964961e+00,-4.497621395530964961e+00
-1.549241516771054483e+00,-1.549241516771054483e+00
-1.941811537781260810e+00,-1.941811537781260810e+00
-6.206484500279157324e+00,-6.206484500279157324e+00
-3.633575312272492752e+00,-3.633575312272492752e+00
-5.361860874759772244e+00,-5.361860874759772244e+00
-5.863477889119856901e-01,-5.863477889119856901e-01
-6.692547045315377474e+00,-6.692547045315377474e+00
-7.255499659229834641e+00,-7.255499659229834641e+00
-3.069601740653798316e+00,-3.069601740653798316e+00
-7.501390891546101614e+00,-7.501390891546101614e+00
-6.871056015849711152e+00,-6.871056015849711152e+00
-4.270214642214034129e+00,-4.270214642214034129e+00
-3.163168822236413824e+00,-3.163168822236413824e+00
-3.816229832756538265e+00,-3.816229832756538265e+00
-8.133350316725795892e+00,-8.133350316725795892e+00
-4.652226658116847879e+00,-4.652226658116847879e+00
-4.338667209511744005e+00,-4.338667209511744005e+00
-1.734673827672225777e+00,-1.734673827672225777e+00
-6.721171704647810330e+00,-6.721171704647810330e+00
-3.673994104862590149e+00,-3.673994104862590149e+00
-2.444451604800029987e+00,-2.444451604800029987e+00
-4.953806717211008959e+00,-4.953806717211008959e+00
-1.762396690892291229e+00,-1.762396690892291229e+00
-5.263638768149192515e+00,-5.263638768149192515e+00
-5.502579108308859546e+00,-5.502579108308859546e+00
-3.583990359928986624e+00,-3.583990359928986624e+00
8.208053336745551043e-01,8.208053336745551043e-01
-2.178547994191438075e+00,-2.178547994191438075e+00
-1.278091841009570073e+00,-1.278091841009570073e+00
-6.907321208727666750e+00,-6.907321208727666750e+00
-4.603087371099134018e+00,-4.603087371099134018e+00
-4.389791318403540643e+00,-4.389791318403540643e+00
-4.094735170855552830e+00,-4.094735170855552830e+00
-2.734148833311801141e+00,-2.734148833311801141e+00
-3.007473853486847926e+00,-3.007473853486847926e+00
-3.440819143537092284e+00,-3.440819143537092284e+00
-7.015870792987263016e+00,-7.015870792987263016e+00
-5.768229303124220664e+00,-5.768229303124220664e+00
-3.814481451605617579e+00,-3.814481451605617579e+00
-2.587619148014077997e+00,-2.587619148014077997e+00
-3.596772334642311719e+00,-3.596772334642311719e+00
-4.372214230898529008e-01,-4.372214230898529008e-01
-6.775996378061654113e+00,-6.775996378061654113e+00
-5.783162630735583676e+00,-5.783162630735583676e+00
-3.699317578417094410e+00,-3.699317578417094410e+00
-1.839705536669784092e+00,-1.839705536669784092e+00
-3.014112606473744904e+00,-3.014112606473744904e+00
-5.210484093921487592e+00,-5.210484093921487592e+00
-5.632686767686613472e+00,-5.632686767686613472e+00
-5.932474654387715596e+00,-5.932474654387715596e+00
-2.728782887659646494e-01,-2.728782887659646494e-01
-7.258226875709341996e+00,-7.258226875709341996e+00
-3.548706533191335222e+00,-3.548706533191335222e+00
-7.243029832572618787e+00,-7.243029832572618787e+00
-3.539099753427465522e+00,-3.539099753427465522e+00
-4.867746039470248753e+00,-4.867746039470248753e+00
-8.236523667392207315e+00,-8.236523667392207315e+00
-2.945640454503712480e+00,-2.945640454503712480e+00
-6.716864881790911568e+00,-6.716864881790911568e+00
-6.587113211322470185e+00,-6.587113211322470185e+00
-3.887029134382216977e+00,-3.887029134382216977e+00
-3.977965296892177260e+00,-3.977965296892177260e+00
-8.138910228060451502e+00,-8.138910228060451502e+00
-5.975406273051376616e+00,-5.975406273051376616e+00
-9.729085938985121418e-01,-9.729085938985121418e-01
-1.861456728223843449e+00,-1.861456728223843449e+00
-1.583566442874170477e+00,-1.583566442874170477e+00
-5.953307161045585438e+00,-5.953307161045585438e+00
-2.834851281465240014e+00,-2.834851281465240014e+00
-4.008199500213759592e+00,-4.008199500213759592e+00
-4.219486676714513607e+00,-4.219486676714513607e+00
-5.689103768293939822e+00,-5.689103768293939822e+00
-2.717755311673724528e+00,-2.717755311673724528e+00
-2.758169836223115290e+00,-2.758169836223115290e+00
-4.166902505311491645e+00,-4.166902505311491645e+00
-2.947644808911683789e+00,-2.947644808911683789e+00
-3.622585467235210022e+00,-3.622585467235210022e+00
-2.197193278749518974e+00,-2.197193278749518974e+00
-2.373554250788466824e+00,-2.373554250788466824e+00
-4.377203416167963823e+00,-4.377203416167963823e+00
-3.874755558901232355e+00,-3.874755558901232355e+00
-4.001165040623043900e+00,-4.001165040623043900e+00
-1.806741974759420222e+00,-1.806741974759420222e+00
-6.000837313680106533e+00,-6.000837313680106533e+00
-4.597732000516317363e+00,-4.597732000516317363e+00
-2.084453817366135109e+00,-2.084453817366135109e+00
-6.609973678541302355e+00,-6.609973678541302355e+00
-2.302835727229812779e+00,-2.302835727229812779e+00
-5.223716265333932185e+00,-5.223716265333932185e+00
-4.226155697720202831e+00,-4.226155697720202831e+00
-2.759273067985215544e+00,-2.759273067985215544e+00
-5.015843480169841051e+00,-5.015843480169841051e+00
-4.090440677570690298e+00,-4.090440677570690298e+00
-2.675980400655188163e+00,-2.675980400655188163e+00
-6.483694713577687452e+00,-6.483694713577687452e+00
-8.070837432520443500e+00,-8.070837432520443500e+00
-4.820605971160633274e+00,-4.820605971160633274e+00
-3.229019849550921695e+00,-3.229019849550921695e+00
-5.032755305904966114e+00,-5.032755305904966114e+00
-7.026219548778014357e+00,-7.026219548778014357e+00
-3.245463490210762192e+00,-3.245463490210762192e+00
-4.064783255988472455e+00,-4.064783255988472455e+00
-2.415436722998201002e+00,-2.415436722998201002e+00
-4.789668260064843253e+00,-4.789668260064843253e+00
-4.497031289994286141e+00,-4.497031289994286141e+00
-4.587380560344002767e+00,-4.587380560344002767e+00
-4.331714048480125534e+00,-4.331714048480125534e+00
-3.647790617441420302e+00,-3.647790617441420302e+00
-4.304067642942845495e+00,-4.304067642942845495e+00
-1.895496423103501638e+00,-1.895496423103501638e+00
7.850587778549189544e-02,7.850587778549189544e-02
-3.659730448213195597e+00,-3.659730448213195597e+00
-3.030578864396771266e+00,-3.030578864396771266e+00
