7.960935201495850100e-02,7.960935201495850100e-02
7.230830928228254573e-02,7.230830928228254573e-02
7.267902993717322013e-02,7.267902993717322013e-02
5.610231162727806475e-02,5.610231162727806475e-02
5.283098144910394756e-02,5.283098144910394756e-02
5.962141217749059030e-02,5.962141217749059030e-02
4.718371407611254842e-02,4.718371407611254842e-02
6.651537851174504912e-02,6.651537851174504912e-02
4.929924333599638997e-02,4.929924333599638997e-02
4.484962125190079807e-02,4.484962125190079807e-02
6.619316027230640054e-02,6.619316027230640054e-02
5.629653346710914580e-02,5.629653346710914580e-02
7.126606509329853900e-02,7.126606509329853900e-02
6.660399267584507510e-02,6.660399267584507510e-02
4.690698541235946428e-02,4.690698541235946428e-02
6.330473581312927311e-02,6.330473581312927311e-02
6.378272406030680020e-02,6.378272406030680020e-02
5.477495616840177828e-02,5.477495616840177828e-02
5.703903347062608264e-02,5.703903347062608264e-02
7.288142189958038419e-02,7.288142189958038419e-02
6.538605053899124164e-02,6.538605053899124164e-02
5.972394960800894020e-02,5.972394960800894020e-02
4.066744096118950214e-02,4.066744096118950214e-02
5.939121302810442676e-02,5.939121302810442676e-02
5.994717276888750224e-02,5.994717276888750224e-02
8.067525086124499589e-02,8.067525086124499589e-02
7.169745824511181143e-02,7.169745824511181143e-02
5.286056492719583277e-02,5.286056492719583277e-02
4.746067244963993181e-02,4.746067244963993181e-02
5.935041527502790681e-02,5.935041527502790681e-02
7.434810073463443691e-02,7.434810073463443691e-02
5.241670385738431831e-02,5.241670385738431831e-02
4.892519006252665781e-02,4.892519006252665781e-02
5.631805204268405113e-02,5.631805204268405113e-02
8.346092111564054616e-02,8.346092111564054616e-02
7.253075846512015146e-02,7.253075846512015146e-02
7.375482273929410970e-02,7.375482273929410970e-02
4.948934336649931515e-02,4.948934336649931515e-02
6.391935530820497258e-02,6.391935530820497258e-02
4.713772017627572419e-02,4.713772017627572419e-02
7.609590355873985246e-02,7.609590355873985246e-02
3.857097975390120365e-02,3.857097975390120365e-02
5.035023503659107058e-02,5.035023503659107058e-02
6.496850435253416489e-02,6.496850435253416489e-02
6.259823025905306149e-02,6.259823025905306149e-02
3.936282137986372304e-02,3.936282137986372304e-02
7.115728663647560848e-02,7.115728663647560848e-02
5.253846320671709536e-02,5.253846320671709536e-02
5.868690019416294978e-02,5.868690019416294978e-02
2.910728147427921186e-02,2.910728147427921186e-02
7.124908672435505130e-02,7.124908672435505130e-02
5.929514745144555399e-02,5.929514745144555399e-02
5.757137329577696749e-02,5.757137329577696749e-02
6.102412769264259351e-02,6.102412769264259351e-02
6.856372739170916997e-02,6.856372739170916997e-02
7.288958977201587253e-02,7.288958977201587253e-02
8.479184811617664075e-02,8.479184811617664075e-02
6.027977023947923146e-02,6.027977023947923146e-02
6.723169280851276630e-02,6.723169280851276630e-02
5.429804992244612050e-02,5.429804992244612050e-02
6.095713073905021512e-02,6.095713073905021512e-02
3.532592887778467777e-02,3.532592887778467777e-02
5.658907131812020846e-02,5.658907131812020846e-02
5.160236086333469530e-02,5.160236086333469530e-02
5.325796254600448365e-02,5.325796254600448365e-02
5.451361670633562972e-02,5.451361670633562972e-02
6.095049574473324766e-02,6.095049574473324766e-02
6.285059235602127869e-02,6.285059235602127869e-02
5.513274093198153314e-02,5.513274093198153314e-02
6.139817830408022398e-02,6.139817830408022398e-02
4.773445435394234326e-02,4.773445435394234326e-02
5.856300742552855709e-02,5.856300742552855709e-02
7.915273123693390700e-02,7.915273123693390700e-02
3.193139244166690038e-02,3.193139244166690038e-02
6.839157024879713442e-02,6.839157024879713442e-02
7.383056187767975120e-02,7.383056187767975120e-02
7.116799973448112437e-02,7.116799973448112437e-02
7.481614679513501343e-02,7.481614679513501343e-02
6.875933720732817223e-02,6.875933720732817223e-02
6.691121310643739772e-02,6.691121310643739772e-02
5.184076737225951081e-02,5.184076737225951081e-02
5.296397543520579843e-02,5.296397543520579843e-02
7.454480471107144401e-02,7.454480471107144401e-02
6.217958357724873153e-02,6.217958357724873153e-02
5.547883809344431039e-02,5.547883809344431039e-02
6.170260231026623854e-02,6.170260231026623854e-02
3.558654841867985030e-02,3.558654841867985030e-02
8.665221704738411412e-02,8.665221704738411412e-02
7.081540378470596586e-02,7.081540378470596586e-02
7.187541134169765644e-02,7.187541134169765644e-02
6.032800108679232942e-02,6.032800108679232942e-02
6.058295686728720764e-02,6.058295686728720764e-02
6.383063351377393779e-02,6.383063351377393779e-02
6.068168472646466582e-02,6.068168472646466582e-02
3.741077654786238021e-02,3.741077654786238021e-02
7.361417451949539559e-02,7.361417451949539559e-02
4.897085884269206102e-02,4.897085884269206102e-02
7.037406597410035547e-02,7.037406597410035547e-02
6.860680608922443968e-02,6.860680608922443968e-02
8.040366124882836196e-02,8.040366124882836196e-02
7.767835146519791456e-02,7.767835146519791456e-02
5.561886504430302303e-02,5.561886504430302303e-02
5.556140757118639695e-02,5.556140757118639695e-02
6.898457088241384538e-02,6.898457088241384538e-02
4.780258767451728286e-02,4.780258767451728286e-02
6.788581988025524372e-02,6.788581988025524372e-02
5.439210996437818246e-02,5.439210996437818246e-02
5.364203265251463876e-02,5.364203265251463876e-02
7.085910446368455518e-02,7.085910446368455518e-02
4.285691027209176385e-02,4.285691027209176385e-02
5.930217566763683334e-02,5.930217566763683334e-02
6.397934448585279599e-02,6.397934448585279599e-02
5.737987476510501839e-02,5.737987476510501839e-02
7.222754458986083148e-02,7.222754458986083148e-02
5.969585799369317436e-02,5.969585799369317436e-02
6.000227671944741159e-02,6.000227671944741159e-02
5.257809534127731721e-02,5.257809534127731721e-02
2.560715259382990994e-02,2.560715259382990994e-02
5.020593573214859190e-02,5.020593573214859190e-02
6.552350400034032130e-02,6.552350400034032130e-02
7.917566989195537475e-02,7.917566989195537475e-02
5.939267169209806047e-02,5.939267169209806047e-02
6.369670710728311813e-02,6.369670710728311813e-02
7.456423587291499677e-02,7.456423587291499677e-02
7.569903103661033972e-02,7.569903103661033972e-02
6.941624399391319034e-02,6.941624399391319034e-02
6.322288919899124449e-02,6.322288919899124449e-02
4.792357894086010650e-02,4.792357894086010650e-02
6.747793694392480168e-02,6.747793694392480168e-02
6.519755683039074601e-02,6.519755683039074601e-02
6.871329737691111994e-02,6.871329737691111994e-02
6.682405176698147375e-02,6.682405176698147375e-02
3.455863936375704049e-02,3.455863936375704049e-02
6.197632908030029086e-02,6.197632908030029086e-02
5.972868569575032899e-02,5.972868569575032899e-02
7.156920852250553411e-02,7.156920852250553411e-02
7.571635079813006375e-02,7.571635079813006375e-02
7.024511630911058069e-02,7.024511630911058069e-02
6.622302071142156799e-02,6.622302071142156799e-02
5.531054960074094362e-02,5.531054960074094362e-02
7.471415532964462147e-02,7.471415532964462147e-02
6.920628434606282409e-02,6.920628434606282409e-02
6.985392288949902884e-02,6.985392288949902884e-02
7.114611358487613058e-02,7.114611358487613058e-02
7.339875449429429655e-02,7.339875449429429655e-02
5.465718393453108948e-02,5.465718393453108948e-02
6.091244441864910458e-02,6.091244441864910458e-02
6.114806122060476024e-02,6.114806122060476024e-02
6.014233647508727271e-02,6.014233647508727271e-02
7.060302880085640720e-02,7.060302880085640720e-02
4.049485917889643349e-02,4.049485917889643349e-02
5.481537884932793925e-02,5.481537884932793925e-02
8.942280620319398299e-02,8.942280620319398299e-02
5.981846199421276405e-02,5.981846199421276405e-02
5.029962364254906421e-02,5.029962364254906421e-02
7.243761492208013186e-02,7.243761492208013186e-02
7.951909084718050691e-02,7.951909084718050691e-02
6.968483403537367726e-02,6.968483403537367726e-02
6.521885913617381236e-02,6.521885913617381236e-02
7.133566352729125981e-02,7.133566352729125981e-02
5.277980756785218691e-02,5.277980756785218691e-02
4.734737152498812163e-02,4.734737152498812163e-02
5.387230701153859769e-02,5.387230701153859769e-02
6.483341655169992668e-02,6.483341655169992668e-02
5.531275287682743680e-02,5.531275287682743680e-02
8.793695694227540716e-02,8.793695694227540716e-02
7.407694291482692928e-02,7.407694291482692928e-02
6.208366931850329423e-02,6.208366931850329423e-02
6.490602176745810525e-02,6.490602176745810525e-02
6.353385226428345800e-02,6.353385226428345800e-02
7.845780872464250266e-02,7.845780872464250266e-02
8.374023978310730920e-02,8.374023978310730920e-02
6.192473140702847711e-02,6.192473140702847711e-02
5.725680714699045437e-02,5.725680714699045437e-02
5.418680073555418031e-02,5.418680073555418031e-02
7.746087377585868239e-02,7.746087377585868239e-02
6.223717469053335893e-02,6.223717469053335893e-02
6.419759363385434126e-02,6.419759363385434126e-02
5.897393652471950853e-02,5.897393652471950853e-02
6.025403666088313681e-02,6.025403666088313681e-02
8.673159403310715110e-02,8.673159403310715110e-02
6.243444525522805211e-02,6.243444525522805211e-02
7.059594169911634354e-02,7.059594169911634354e-02
7.876988183017080702e-02,7.876988183017080702e-02
7.418106909362354173e-02,7.418106909362354173e-02
6.694038417152699261e-02,6.694038417152699261e-02
8.577077921856444964e-02,8.577077921856444964e-02
6.276537723607200636e-02,6.276537723607200636e-02
6.189756405116064730e-02,6.189756405116064730e-02
6.422614618338211290e-02,6.422614618338211290e-02
6.297496123523245448e-02,6.297496123523245448e-02
6.757759193363893635e-02,6.757759193363893635e-02
7.896063403876010800e-02,7.896063403876010800e-02
6.788781052275430494e-02,6.788781052275430494e-02
6.754413273911945292e-02,6.754413273911945292e-02
4.991083703215907358e-02,4.991083703215907358e-02
5.005289863538077422e-02,5.005289863538077422e-02
6.558676546234808169e-02,6.558676546234808169e-02
5.419868230508347040e-02,5.419868230508347040e-02
6.095958702454075395e-02,6.095958702454075395e-02
6.392995809254289896e-02,6.392995809254289896e-02
5.665388815969844144e-02,5.665388815969844144e-02
6.005418584264809317e-02,6.005418584264809317e-02
5.972446155584303085e-02,5.972446155584303085e-02
6.347355191884908321e-02,6.347355191884908321e-02
4.612538849660906271e-02,4.612538849660906271e-02
5.598529926550836755e-02,5.598529926550836755e-02
5.801853751266099202e-02,5.801853751266099202e-02
7.033840114646836006e-02,7.033840114646836006e-02
9.127813088846162271e-02,9.127813088846162271e-02
5.698990590594684574e-02,5.698990590594684574e-02
5.806886901094296394e-02,5.806886901094296394e-02
6.502345644395525481e-02,6.502345644395525481e-02
7.202915901253359454e-02,7.202915901253359454e-02
5.379153585131146720e-02,5.379153585131146720e-02
5.661630401261493611e-02,5.661630401261493611e-02
6.799445569304536641e-02,6.799445569304536641e-02
7.540601078792713574e-02,7.540601078792713574e-02
6.664819859050120920e-02,6.664819859050120920e-02
6.143344537212987178e-02,6.143344537212987178e-02
5.446031063188892102e-02,5.446031063188892102e-02
5.463278389706748006e-02,5.463278389706748006e-02
8.205562568528168566e-02,8.205562568528168566e-02
4.767604602983610551e-02,4.767604602983610551e-02
5.515563391207369687e-02,5.515563391207369687e-02
7.236294593888020765e-02,7.236294593888020765e-02
8.643490080122294417e-02,8.643490080122294417e-02
6.274159636548794217e-02,6.274159636548794217e-02
7.753399061652235802e-02,7.753399061652235802e-02
7.510911451468252342e-02,7.510911451468252342e-02
7.141729552391204439e-02,7.141729552391204439e-02
6.209034540056321272e-02,6.209034540056321272e-02
7.160100074439607054e-02,7.160100074439607054e-02
6.062452981342421332e-02,6.062452981342421332e-02
6.762500031332423223e-02,6.762500031332423223e-02
6.209959463226701060e-02,6.209959463226701060e-02
5.768617970827044639e-02,5.768617970827044639e-02
6.488363277297856668e-02,6.488363277297856668e-02
6.546301643855570451e-02,6.546301643855570451e-02
7.561922725543704371e-02,7.561922725543704371e-02
5.592834098704829726e-02,5.592834098704829726e-02
5.752769310041351558e-02,5.752769310041351558e-02
8.541675567677789460e-02,8.541675567677789460e-02
6.374724238372028728e-02,6.374724238372028728e-02
5.426626956668751528e-02,5.426626956668751528e-02
6.601533336785583850e-02,6.601533336785583850e-02
7.080899447339938924e-02,7.080899447339938924e-02
5.891729805524901359e-02,5.891729805524901359e-02
3.810723066756772914e-02,3.810723066756772914e-02
4.611723514542292318e-02,4.611723514542292318e-02
5.979711027227332942e-02,5.979711027227332942e-02
6.018116619414413948e-02,6.018116619414413948e-02
4.261076236399614220e-02,4.261076236399614220e-02
5.610322146685044198e-02,5.610322146685044198e-02
7.002132580142189644e-02,7.002132580142189644e-02
8.058646944227643161e-02,8.058646944227643161e-02
5.026036812612022509e-02,5.026036812612022509e-02
6.000612014831255281e-02,6.000612014831255281e-02
8.493033718638089147e-02,8.493033718638089147e-02
5.920219225357548076e-02,5.920219225357548076e-02
6.784863170107839625e-02,6.784863170107839625e-02
5.422070232348516483e-02,5.422070232348516483e-02
7.361961939871339289e-02,7.361961939871339289e-02
6.746598377635255883e-02,6.746598377635255883e-02
5.677715792404675749e-02,5.677715792404675749e-02
5.551214391168243778e-02,5.551214391168243778e-02
6.678332705632600286e-02,6.678332705632600286e-02
7.962910344122474393e-02,7.962910344122474393e-02
5.437928582438462943e-02,5.437928582438462943e-02
4.891052051434580106e-02,4.891052051434580106e-02
9.051986047137161595e-02,9.051986047137161595e-02
3.295889112844768709e-02,3.295889112844768709e-02
5.927758722429044003e-02,5.927758722429044003e-02
5.381492956950634232e-02,5.381492956950634232e-02
5.666069522162971162e-02,5.666069522162971162e-02
5.928948378500820127e-02,5.928948378500820127e-02
5.804144639857145016e-02,5.804144639857145016e-02
1.015676853529579454e-01,1.015676853529579454e-01
7.257317904475948933e-02,7.257317904475948933e-02
8.188162698890608104e-02,8.188162698890608104e-02
7.838586004069721114e-02,7.838586004069721114e-02
5.432384186232918494e-02,5.432384186232918494e-02
9.551450537032929455e-02,9.551450537032929455e-02
7.760962829817019681e-02,7.760962829817019681e-02
8.984510141576490527e-02,8.984510141576490527e-02
5.202945475486708826e-02,5.202945475486708826e-02
5.518712576311163992e-02,5.518712576311163992e-02
8.606219965908441794e-02,8.606219965908441794e-02
2.210805060723675108e-02,2.210805060723675108e-02
7.256343717765069423e-02,7.256343717765069423e-02
5.963785133104505809e-02,5.963785133104505809e-02
7.105125459554231804e-02,7.105125459554231804e-02
6.245431795613898274e-02,6.245431795613898274e-02
7.136252308179963366e-02,7.136252308179963366e-02
5.973760512111006560e-02,5.973760512111006560e-02
7.587146595086083356e-02,7.587146595086083356e-02
8.332106131803815319e-02,8.332106131803815319e-02
8.189535642225695411e-02,8.189535642225695411e-02
5.880659996758288294e-02,5.880659996758288294e-02
3.628713703319869088e-02,3.628713703319869088e-02
6.123748514354648842e-02,6.123748514354648842e-02
6.646308738471318200e-02,6.646308738471318200e-02
4.532177452706460941e-02,4.532177452706460941e-02
9.571922186375587949e-02,9.571922186375587949e-02
7.956350740159137680e-02,7.956350740159137680e-02
6.112261283200537409e-02,6.112261283200537409e-02
5.015652658963348776e-02,5.015652658963348776e-02
5.870719535281933993e-02,5.870719535281933993e-02
5.982427996345464349e-02,5.982427996345464349e-02
7.097302994680759758e-02,7.097302994680759758e-02
5.420683071486185473e-02,5.420683071486185473e-02
6.653001509426945126e-02,6.653001509426945126e-02
7.193965187180539900e-02,7.193965187180539900e-02
7.090428320756597680e-02,7.090428320756597680e-02
4.942310200185373592e-02,4.942310200185373592e-02
7.415595862694923657e-02,7.415595862694923657e-02
5.240064033184576447e-02,5.240064033184576447e-02
6.516618626434445005e-02,6.516618626434445005e-02
6.167834782362231066e-02,6.167834782362231066e-02
6.086251648399144260e-02,6.086251648399144260e-02
7.499802494445476087e-02,7.499802494445476087e-02
5.801857173847724258e-02,5.801857173847724258e-02
5.893049467912582495e-02,5.893049467912582495e-02
5.398831792569901838e-02,5.398831792569901838e-02
4.969345338952732560e-02,4.969345338952732560e-02
7.508687344658071527e-02,7.508687344658071527e-02
6.440262101408061879e-02,6.440262101408061879e-02
5.728496122105032617e-02,5.728496122105032617e-02
5.676686878417462612e-02,5.676686878417462612e-02
8.003469238731722446e-02,8.003469238731722446e-02
2.744059409203947197e-02,2.744059409203947197e-02
6.730501587550698217e-02,6.730501587550698217e-02
6.746215769185931466e-02,6.746215769185931466e-02
7.700818624867986073e-02,7.700818624867986073e-02
5.751953397450654953e-02,5.751953397450654953e-02
7.122979330756040728e-02,7.122979330756040728e-02
6.778615174759847206e-02,6.778615174759847206e-02
6.800792944274187957e-02,6.800792944274187957e-02
4.249169212824822905e-02,4.249169212824822905e-02
5.661389233811902483e-02,5.661389233811902483e-02
4.799804221576596530e-02,4.799804221576596530e-02
4.355185934703013906e-02,4.355185934703013906e-02
7.084842063284865765e-02,7.084842063284865765e-02
6.444115524289013852e-02,6.444115524289013852e-02
7.599174226639267282e-02,7.599174226639267282e-02
3.992899234051488361e-02,3.992899234051488361e-02
5.806969736505912527e-02,5.806969736505912527e-02
6.013565032573003899e-02,6.013565032573003899e-02
4.691736286494867236e-02,4.691736286494867236e-02
7.294984767793932789e-02,7.294984767793932789e-02
6.337559494686920147e-02,6.337559494686920147e-02
6.821139323186631298e-02,6.821139323186631298e-02
6.305697894669655412e-02,6.305697894669655412e-02
7.430009086888278436e-02,7.430009086888278436e-02
5.847459545880286796e-02,5.847459545880286796e-02
5.855603641640541590e-02,5.855603641640541590e-02
6.646199848276643229e-02,6.646199848276643229e-02
5.368193495342332699e-02,5.368193495342332699e-02
5.643005495623015788e-02,5.643005495623015788e-02
7.741303939691561442e-02,7.741303939691561442e-02
4.631025036567636144e-02,4.631025036567636144e-02
8.403028446929708406e-02,8.403028446929708406e-02
6.019107974648209292e-02,6.019107974648209292e-02
6.862458630409934424e-02,6.862458630409934424e-02
8.149444491932371359e-02,8.149444491932371359e-02
4.956133897689623397e-02,4.956133897689623397e-02
7.449214177936967773e-02,7.449214177936967773e-02
7.232981485539222155e-02,7.232981485539222155e-02
6.669842478589539658e-02,6.669842478589539658e-02
5.354494306034834894e-02,5.354494306034834894e-02
9.143993125633630148e-02,9.143993125633630148e-02
5.656800565213586374e-02,5.656800565213586374e-02
6.302360237601316306e-02,6.302360237601316306e-02
4.959294194465784650e-02,4.959294194465784650e-02
5.277430126177449360e-02,5.277430126177449360e-02
8.040711035634749704e-02,8.040711035634749704e-02
6.930637426494848374e-02,6.930637426494848374e-02
6.964312080056553333e-02,6.964312080056553333e-02
6.890137620729866463e-02,6.890137620729866463e-02
5.879191468818956157e-02,5.879191468818956157e-02
4.809369876318812798e-02,4.809369876318812798e-02
4.913347607724456723e-02,4.913347607724456723e-02
6.415440171427182203e-02,6.415440171427182203e-02
6.830438432126888226e-02,6.830438432126888226e-02
6.789415924789746204e-02,6.789415924789746204e-02
4.859139104822998712e-02,4.859139104822998712e-02
5.317766053616457267e-02,5.317766053616457267e-02
6.169858919453402590e-02,6.169858919453402590e-02
5.621962346594072679e-02,5.621962346594072679e-02
7.159077574249639309e-02,7.159077574249639309e-02
7.004180960208400419e-02,7.004180960208400419e-02
7.008338857854520820e-02,7.008338857854520820e-02
6.958229217013081613e-02,6.958229217013081613e-02
5.085022451996117770e-02,5.085022451996117770e-02
5.548995309542215093e-02,5.548995309542215093e-02
5.680819962490174513e-02,5.680819962490174513e-02
7.284505315284849070e-02,7.284505315284849070e-02
6.942964927908286399e-02,6.942964927908286399e-02
4.505714435124724693e-02,4.505714435124724693e-02
5.661666764940644081e-02,5.661666764940644081e-02
5.325175235844772231e-02,5.325175235844772231e-02
6.613680042627904931e-02,6.613680042627904931e-02
7.606789952735651394e-02,7.606789952735651394e-02
5.114628935644961738e-02,5.114628935644961738e-02
7.105732736503933555e-02,7.105732736503933555e-02
7.203251741181906920e-02,7.203251741181906920e-02
8.559332533313036839e-02,8.559332533313036839e-02
5.274510324918347398e-02,5.274510324918347398e-02
7.524303838921797549e-02,7.524303838921797549e-02
6.674673944835779471e-02,6.674673944835779471e-02
7.813249464873892047e-02,7.813249464873892047e-02
4.708636553969504368e-02,4.708636553969504368e-02
7.428372095614420301e-02,7.428372095614420301e-02
7.194812247323431609e-02,7.194812247323431609e-02
5.620432865281578538e-02,5.620432865281578538e-02
7.075819648438398668e-02,7.075819648438398668e-02
4.515717983546152503e-02,4.515717983546152503e-02
5.871390443081377086e-02,5.871390443081377086e-02
5.599450047041277384e-02,5.599450047041277384e-02
6.928345092130715199e-02,6.928345092130715199e-02
6.677237749926584476e-02,6.677237749926584476e-02
7.929073909848821655e-02,7.929073909848821655e-02
7.187400766992278756e-02,7.187400766992278756e-02
5.067709577117868874e-02,5.067709577117868874e-02
4.425986567882655986e-02,4.425986567882655986e-02
6.718954146098089775e-02,6.718954146098089775e-02
4.766146028994670131e-02,4.766146028994670131e-02
7.741772271368503600e-02,7.741772271368503600e-02
6.333790150595940138e-02,6.333790150595940138e-02
8.164097734439255960e-02,8.164097734439255960e-02
7.776258086735796105e-02,7.776258086735796105e-02
5.788710498396368309e-02,5.788710498396368309e-02
6.146112243992715718e-02,6.146112243992715718e-02
5.443960183990689122e-02,5.443960183990689122e-02
6.803782238909271418e-02,6.803782238909271418e-02
6.697701856273341470e-02,6.697701856273341470e-02
6.410435705211502133e-02,6.410435705211502133e-02
6.290690835395286451e-02,6.290690835395286451e-02
4.667014990608495117e-02,4.667014990608495117e-02
6.425038153160017584e-02,6.425038153160017584e-02
6.800271519707790091e-02,6.800271519707790091e-02
7.438388444670727961e-02,7.438388444670727961e-02
7.381933682973346178e-02,7.381933682973346178e-02
9.220828217878335176e-02,9.220828217878335176e-02
4.792385422289090202e-02,4.792385422289090202e-02
5.890533461771185753e-02,5.890533461771185753e-02
7.796967933996118427e-02,7.796967933996118427e-02
6.117869473923689266e-02,6.117869473923689266e-02
4.926773260219126371e-02,4.926773260219126371e-02
6.412259149283319748e-02,6.412259149283319748e-02
6.918523049242321366e-02,6.918523049242321366e-02
6.046479890234456034e-02,6.046479890234456034e-02
7.316097618493275223e-02,7.316097618493275223e-02
5.802471260793233554e-02,5.802471260793233554e-02
3.718423398479133585e-02,3.718423398479133585e-02
6.958044717910696897e-02,6.958044717910696897e-02
6.490050212181183720e-02,6.490050212181183720e-02
6.016337360646104027e-02,6.016337360646104027e-02
5.885116805703143050e-02,5.885116805703143050e-02
8.100439570013535928e-02,8.100439570013535928e-02
5.170549427982755464e-02,5.170549427982755464e-02
5.618998713544715029e-02,5.618998713544715029e-02
6.469093671820831670e-02,6.469093671820831670e-02
7.558221078718406483e-02,7.558221078718406483e-02
9.904999306046327612e-02,9.904999306046327612e-02
6.310686677602081462e-02,6.310686677602081462e-02
7.425210029212678253e-02,7.425210029212678253e-02
6.706066552579202644e-02,6.706066552579202644e-02
7.431200407659792340e-02,7.431200407659792340e-02
7.526842115950596601e-02,7.526842115950596601e-02
5.472342292277775772e-02,5.472342292277775772e-02
4.909639278788802130e-02,4.909639278788802130e-02
7.331574736808321724e-02,7.331574736808321724e-02
6.228301096885167920e-02,6.228301096885167920e-02
7.105640117523896737e-02,7.105640117523896737e-02
7.555878960681185197e-02,7.555878960681185197e-02
6.057052410637814299e-02,6.057052410637814299e-02
7.330860044883233395e-02,7.330860044883233395e-02
6.040604366786658797e-02,6.040604366786658797e-02
4.638045177345850867e-02,4.638045177345850867e-02
6.445222521745157251e-02,6.445222521745157251e-02
6.421200702111844183e-02,6.421200702111844183e-02
4.126907586756077551e-02,4.126907586756077551e-02
7.614149585643831264e-02,7.614149585643831264e-02
6.019739395749507116e-02,6.019739395749507116e-02
6.474775931056822587e-02,6.474775931056822587e-02
5.875516332893440663e-02,5.875516332893440663e-02
7.379083341483803904e-02,7.379083341483803904e-02
7.202589917819267329e-02,7.202589917819267329e-02
5.639577070006332460e-02,5.639577070006332460e-02
4.246516907202337043e-02,4.246516907202337043e-02
6.679879022185632176e-02,6.679879022185632176e-02
7.286333908705419637e-02,7.286333908705419637e-02
7.755817069408858788e-02,7.755817069408858788e-02
6.299079537997576139e-02,6.299079537997576139e-02
5.692431896525312895e-02,5.692431896525312895e-02
8.486016608405369532e-02,8.486016608405369532e-02
5.465267249334562760e-02,5.465267249334562760e-02
5.682666457455001763e-02,5.682666457455001763e-02
6.613573019799288966e-02,6.613573019799288966e-02
5.113379331811185313e-02,5.113379331811185313e-02
8.735594537711208196e-02,8.735594537711208196e-02
6.364494435970763364e-02,6.364494435970763364e-02
7.478645136795586401e-02,7.478645136795586401e-02
6.109766241458094993e-02,6.109766241458094993e-02
3.829552874633435078e-02,3.829552874633435078e-02
5.315948865886618163e-02,5.315948865886618163e-02
5.755633560055703479e-02,5.755633560055703479e-02
6.444330568282022331e-02,6.444330568282022331e-02
4.937612739095757763e-02,4.937612739095757763e-02
6.116263295682674433e-02,6.116263295682674433e-02
6.916223252010755829e-02,6.916223252010755829e-02
3.886248238302905667e-02,3.886248238302905667e-02
7.257850360753806407e-02,7.257850360753806407e-02
7.450689783886829676e-02,7.450689783886829676e-02
6.004493178982552720e-02,6.004493178982552720e-02
6.715032312866273112e-02,6.715032312866273112e-02
4.952788135116539814e-02,4.952788135116539814e-02
7.000029083648737216e-02,7.000029083648737216e-02
5.636939910942794646e-02,5.636939910942794646e-02
7.351381307730275871e-02,7.351381307730275871e-02
7.229578895132823813e-02,7.229578895132823813e-02
5.938375692424702201e-02,5.938375692424702201e-02
6.744757899522929590e-02,6.744757899522929590e-02
4.491638514049241249e-02,4.491638514049241249e-02
7.120918065060904967e-02,7.120918065060904967e-02
4.866591212080910445e-02,4.866591212080910445e-02
7.067315266088325387e-02,7.067315266088325387e-02
6.677854839254232511e-02,6.677854839254232511e-02
4.186845617091045080e-02,4.186845617091045080e-02
5.633875140640063478e-02,5.633875140640063478e-02
5.136747357262583247e-02,5.136747357262583247e-02
5.540413747554361057e-02,5.540413747554361057e-02
5.214349276223688434e-02,5.214349276223688434e-02
4.959995539050587182e-02,4.959995539050587182e-02
5.882014448820707675e-02,5.882014448820707675e-02
6.405178079082789189e-02,6.405178079082789189e-02
5.812511282918117472e-02,5.812511282918117472e-02
6.694080320752110458e-02,6.694080320752110458e-02
4.310472056981337619e-02,4.310472056981337619e-02
5.539940157336156051e-02,5.539940157336156051e-02
7.768120229723905756e-02,7.768120229723905756e-02
7.060200703871646888e-02,7.060200703871646888e-02
5.809060014389441640e-02,5.809060014389441640e-02
5.921594709156670355e-02,5.921594709156670355e-02
4.138031220004050048e-02,4.138031220004050048e-02
8.348792737293980748e-02,8.348792737293980748e-02
5.976242340801397879e-02,5.976242340801397879e-02
6.713664633232083179e-02,6.713664633232083179e-02
3.965139669856189431e-02,3.965139669856189431e-02
4.180285522166728163e-02,4.180285522166728163e-02
6.263370330238758610e-02,6.263370330238758610e-02
5.133338950113164323e-02,5.133338950113164323e-02
5.936835710099086505e-02,5.936835710099086505e-02
7.668246512293810935e-02,7.668246512293810935e-02
6.045902813393756736e-02,6.045902813393756736e-02
7.819522276793205995e-02,7.819522276793205995e-02
8.178297795181102559e-02,8.178297795181102559e-02
5.431743517468790028e-02,5.431743517468790028e-02
5.717612143280477455e-02,5.717612143280477455e-02
7.098214213746822931e-02,7.098214213746822931e-02
3.820877477857002880e-02,3.820877477857002880e-02
5.795916205293367984e-02,5.795916205293367984e-02
7.377346426782871447e-02,7.377346426782871447e-02
7.964867722026938712e-02,7.964867722026938712e-02
6.861726879609353347e-02,6.861726879609353347e-02
6.163820621455914917e-02,6.163820621455914917e-02
6.322475250749608200e-02,6.322475250749608200e-02
9.568526200666643833e-02,9.568526200666643833e-02
6.877167058886132778e-02,6.877167058886132778e-02
5.033080804426327826e-02,5.033080804426327826e-02
6.973457828681611792e-02,6.973457828681611792e-02
6.160633135232083946e-02,6.160633135232083946e-02
6.967085380525481209e-02,6.967085380525481209e-02
6.416457380276319178e-02,6.416457380276319178e-02
6.092740084923446015e-02,6.092740084923446015e-02
5.626704196532586466e-02,5.626704196532586466e-02
5.816442214226093255e-02,5.816442214226093255e-02
7.020964275235799801e-02,7.020964275235799801e-02
4.371514924396260882e-02,4.371514924396260882e-02
3.909713569367950781e-02,3.909713569367950781e-02
8.081918061533699404e-02,8.081918061533699404e-02
5.827023727235764589e-02,5.827023727235764589e-02
5.912867857133704413e-02,5.912867857133704413e-02
5.255774151951470019e-02,5.255774151951470019e-02
5.298123136943075351e-02,5.298123136943075351e-02
4.283640681998110433e-02,4.283640681998110433e-02
7.691278641497424629e-02,7.691278641497424629e-02
5.544194191512744063e-02,5.544194191512744063e-02
8.286165359140301723e-02,8.286165359140301723e-02
7.445913252818357753e-02,7.445913252818357753e-02
5.549117929415749856e-02,5.549117929415749856e-02
5.266242188877558877e-02,5.266242188877558877e-02
5.718604521410027008e-02,5.718604521410027008e-02
7.880152270385955282e-02,7.880152270385955282e-02
6.145680719511233125e-02,6.145680719511233125e-02
5.931330904746345140e-02,5.931330904746345140e-02
6.063325287829992444e-02,6.063325287829992444e-02
7.030587103886154487e-02,7.030587103886154487e-02
6.319730942661866413e-02,6.319730942661866413e-02
7.001644608757925936e-02,7.001644608757925936e-02
4.429426356907541218e-02,4.429426356907541218e-02
6.336451495576390924e-02,6.336451495576390924e-02
4.808264238695963283e-02,4.808264238695963283e-02
6.204348206191633019e-02,6.204348206191633019e-02
7.952770569330941397e-02,7.952770569330941397e-02
6.807535819956773981e-02,6.807535819956773981e-02
6.792763829515639784e-02,6.792763829515639784e-02
6.931015934507019083e-02,6.931015934507019083e-02
6.252544259991446585e-02,6.252544259991446585e-02
5.000290504129799307e-02,5.000290504129799307e-02
8.413829129048294719e-02,8.413829129048294719e-02
6.729091118652745507e-02,6.729091118652745507e-02
4.168057887636107683e-02,4.168057887636107683e-02
7.540706685529000031e-02,7.540706685529000031e-02
6.725862426403249328e-02,6.725862426403249328e-02
5.200836871464097760e-02,5.200836871464097760e-02
5.303135469512926248e-02,5.303135469512926248e-02
6.545380231723139930e-02,6.545380231723139930e-02
6.806940594411282908e-02,6.806940594411282908e-02
5.352478656241960175e-02,5.352478656241960175e-02
6.070945950389826373e-02,6.070945950389826373e-02
5.303193121712854174e-02,5.303193121712854174e-02
7.675542408913868520e-02,7.675542408913868520e-02
6.479879885368070025e-02,6.479879885368070025e-02
5.257123878798377475e-02,5.257123878798377475e-02
4.922910416614129786e-02,4.922910416614129786e-02
7.708975615116538116e-02,7.708975615116538116e-02
5.398176231048917861e-02,5.398176231048917861e-02
3.492163711864802733e-02,3.492163711864802733e-02
6.704966188962346862e-02,6.704966188962346862e-02
7.439358042198879195e-02,7.439358042198879195e-02
6.071229953421949932e-02,6.071229953421949932e-02
6.556154423090218564e-02,6.556154423090218564e-02
7.400277760448113751e-02,7.400277760448113751e-02
5.388169340563671306e-02,5.388169340563671306e-02
6.345993159805882189e-02,6.345993159805882189e-02
7.338056037683346466e-02,7.338056037683346466e-02
8.500778423244639836e-02,8.500778423244639836e-02
6.093375778554101924e-02,6.093375778554101924e-02
7.264995931838742760e-02,7.264995931838742760e-02
6.262127894186461652e-02,6.262127894186461652e-02
6.534083687176300836e-02,6.534083687176300836e-02
6.501444728340102786e-02,6.501444728340102786e-02
5.831496368175712042e-02,5.831496368175712042e-02
5.620081231655667253e-02,5.620081231655667253e-02
5.146956710940997493e-02,5.146956710940997493e-02
6.952120588582118288e-02,6.952120588582118288e-02
8.260450170297681249e-02,8.260450170297681249e-02
5.415125928678531098e-02,5.415125928678531098e-02
6.224490822993196393e-02,6.224490822993196393e-02
6.108355131985347686e-02,6.108355131985347686e-02
6.964448859532718084e-02,6.964448859532718084e-02
4.047943448361204788e-02,4.047943448361204788e-02
4.530265783415933500e-02,4.530265783415933500e-02
6.743623608666775293e-02,6.743623608666775293e-02
4.670691708239350926e-02,4.670691708239350926e-02
6.911756491425277704e-02,6.911756491425277704e-02
6.017052241265866130e-02,6.017052241265866130e-02
6.716238427202782246e-02,6.716238427202782246e-02
6.313580389382482394e-02,6.313580389382482394e-02
7.415024122678316731e-02,7.415024122678316731e-02
5.901516983211600037e-02,5.901516983211600037e-02
6.266717058517676242e-02,6.266717058517676242e-02
6.405887772792109858e-02,6.405887772792109858e-02
4.038946974970163833e-02,4.038946974970163833e-02
7.604088265054682882e-02,7.604088265054682882e-02
8.415567941287369069e-02,8.415567941287369069e-02
8.907772375888439731e-02,8.907772375888439731e-02
5.587699398507570137e-02,5.587699398507570137e-02
5.765864852826013687e-02,5.765864852826013687e-02
4.947364620244064370e-02,4.947364620244064370e-02
6.331243091908628218e-02,6.331243091908628218e-02
6.023277358972992795e-02,6.023277358972992795e-02
5.406773952341110967e-02,5.406773952341110967e-02
6.896700884670992071e-02,6.896700884670992071e-02
4.670180800750067113e-02,4.670180800750067113e-02
6.213036638881111462e-02,6.213036638881111462e-02
4.335184194096414895e-02,4.335184194096414895e-02
5.704655075606490655e-02,5.704655075606490655e-02
9.177358793724486874e-02,9.177358793724486874e-02
7.435146986551002812e-02,7.435146986551002812e-02
5.511173793271802179e-02,5.511173793271802179e-02
6.483461712334127880e-02,6.483461712334127880e-02
6.389727295276416419e-02,6.389727295276416419e-02
5.662777516460033161e-02,5.662777516460033161e-02
6.740730511351371301e-02,6.740730511351371301e-02
6.503471143599010018e-02,6.503471143599010018e-02
8.381861175817936771e-02,8.381861175817936771e-02
6.373254348707887984e-02,6.373254348707887984e-02
4.566356683857457355e-02,4.566356683857457355e-02
5.195688371649052895e-02,5.195688371649052895e-02
5.473493490111544513e-02,5.473493490111544513e-02
4.510821983611924130e-02,4.510821983611924130e-02
7.965455095425234833e-02,7.965455095425234833e-02
5.609567494741485305e-02,5.609567494741485305e-02
8.188468448301450264e-02,8.188468448301450264e-02
6.463476124918278443e-02,6.463476124918278443e-02
6.569265601287321843e-02,6.569265601287321843e-02
9.042931184296311431e-02,9.042931184296311431e-02
5.472753222585449717e-02,5.472753222585449717e-02
5.322294380651470397e-02,5.322294380651470397e-02
8.745432387267874919e-02,8.745432387267874919e-02
5.019773227399380866e-02,5.019773227399380866e-02
3.791820058058929799e-02,3.791820058058929799e-02
7.108826741941930150e-02,7.108826741941930150e-02
5.863315675599919952e-02,5.863315675599919952e-02
5.240423203418372033e-02,5.240423203418372033e-02
5.533202264379077917e-02,5.533202264379077917e-02
7.073764800006970832e-02,7.073764800006970832e-02
4.261763932087495044e-02,4.261763932087495044e-02
6.133793877958129692e-02,6.133793877958129692e-02
5.056946845394441614e-02,5.056946845394441614e-02
6.571935574756709864e-02,6.571935574756709864e-02
6.106512119597996141e-02,6.106512119597996141e-02
8.288717032767013715e-02,8.288717032767013715e-02
6.948053315275862230e-02,6.948053315275862230e-02
4.372437168512316452e-02,4.372437168512316452e-02
6.132615713291938303e-02,6.132615713291938303e-02
5.589354221202247341e-02,5.589354221202247341e-02
4.478290507529093800e-02,4.478290507529093800e-02
8.664351633831873789e-02,8.664351633831873789e-02
6.973387917386084101e-02,6.973387917386084101e-02
5.326366824855893051e-02,5.326366824855893051e-02
7.162987487649549734e-02,7.162987487649549734e-02
8.035771897238888628e-02,8.035771897238888628e-02
6.704922251827226398e-02,6.704922251827226398e-02
5.139621254474116552e-02,5.139621254474116552e-02
5.739730020414308964e-02,5.739730020414308964e-02
5.744890075062392826e-02,5.744890075062392826e-02
6.911670313215209638e-02,6.911670313215209638e-02
6.630632396563876374e-02,6.630632396563876374e-02
7.515084169660574132e-02,7.515084169660574132e-02
7.175852850651451287e-02,7.175852850651451287e-02
5.642557465430561581e-02,5.642557465430561581e-02
6.329859912496263452e-02,6.329859912496263452e-02
4.933267763551274498e-02,4.933267763551274498e-02
8.563368892285480594e-02,8.563368892285480594e-02
5.409527626484116059e-02,5.409527626484116059e-02
7.224943931515204198e-02,7.224943931515204198e-02
7.436953054822034725e-02,7.436953054822034725e-02
9.671802790111792836e-02,9.671802790111792836e-02
6.669724343757413298e-02,6.669724343757413298e-02
7.060037977028281453e-02,7.060037977028281453e-02
6.191733257427558396e-02,6.191733257427558396e-02
5.144465794344206533e-02,5.144465794344206533e-02
7.252922536453851321e-02,7.252922536453851321e-02
5.098893272142903527e-02,5.098893272142903527e-02
5.980332103684356942e-02,5.980332103684356942e-02
5.527517079270666961e-02,5.527517079270666961e-02
6.334326692574945850e-02,6.334326692574945850e-02
7.396042931311924695e-02,7.396042931311924695e-02
7.428670172739874900e-02,7.428670172739874900e-02
5.473549481769890424e-02,5.473549481769890424e-02
8.326776266509103297e-02,8.326776266509103297e-02
7.524719478317096200e-02,7.524719478317096200e-02
6.112915249461031014e-02,6.112915249461031014e-02
5.734712481734509371e-02,5.734712481734509371e-02
6.699900778370904142e-02,6.699900778370904142e-02
4.597720816741851513e-02,4.597720816741851513e-02
5.756170716811476185e-02,5.756170716811476185e-02
4.913036487646773448e-02,4.913036487646773448e-02
8.701638897358245084e-02,8.701638897358245084e-02
5.166597533164079409e-02,5.166597533164079409e-02
5.804684149074115784e-02,5.804684149074115784e-02
4.985297563990351288e-02,4.985297563990351288e-02
7.474293777898828595e-02,7.474293777898828595e-02
5.746991368278617229e-02,5.746991368278617229e-02
6.019775459585516991e-02,6.019775459585516991e-02
6.332831014160511529e-02,6.332831014160511529e-02
7.375462499294574426e-02,7.375462499294574426e-02
6.842671672612457567e-02,6.842671672612457567e-02
7.552878266504574334e-02,7.552878266504574334e-02
4.888044392343162542e-02,4.888044392343162542e-02
7.471578465380016021e-02,7.471578465380016021e-02
6.842180511367573770e-02,6.842180511367573770e-02
6.718411193965667660e-02,6.718411193965667660e-02
7.613200630841578109e-02,7.613200630841578109e-02
6.525731187591815585e-02,6.525731187591815585e-02
4.581241198975887635e-02,4.581241198975887635e-02
4.672738593004532870e-02,4.672738593004532870e-02
6.789390482606350030e-02,6.789390482606350030e-02
6.677681785978989426e-02,6.677681785978989426e-02
6.431365103488925761e-02,6.431365103488925761e-02
5.681050666014115375e-02,5.681050666014115375e-02
5.805704421323489017e-02,5.805704421323489017e-02
7.206820289650317513e-02,7.206820289650317513e-02
6.735306824863190878e-02,6.735306824863190878e-02
6.186504530864471441e-02,6.186504530864471441e-02
6.444449907977883862e-02,6.444449907977883862e-02
5.660693367792397901e-02,5.660693367792397901e-02
6.841530955932481617e-02,6.841530955932481617e-02
4.966205735557926992e-02,4.966205735557926992e-02
6.573075365538000314e-02,6.573075365538000314e-02
6.823891545612445486e-02,6.823891545612445486e-02
7.893206928685775337e-02,7.893206928685775337e-02
6.732990505136787762e-02,6.732990505136787762e-02
6.298777541944589053e-02,6.298777541944589053e-02
6.338537088045817502e-02,6.338537088045817502e-02
6.084476565505778783e-02,6.084476565505778783e-02
5.895990624372308281e-02,5.895990624372308281e-02
5.411251544663164825e-02,5.411251544663164825e-02
8.854394824634337358e-02,8.854394824634337358e-02
4.384617571815214998e-02,4.384617571815214998e-02
5.461830384781446446e-02,5.461830384781446446e-02
6.304926477444275368e-02,6.304926477444275368e-02
7.494435430979817792e-02,7.494435430979817792e-02
7.881809869820506631e-02,7.881809869820506631e-02
5.678519621818958751e-02,5.678519621818958751e-02
4.122007658408356756e-02,4.122007658408356756e-02
7.657151248181462422e-02,7.657151248181462422e-02
6.620271569486128882e-02,6.620271569486128882e-02
7.016560245207759117e-02,7.016560245207759117e-02
6.703461496594717572e-02,6.703461496594717572e-02
4.495541160738400488e-02,4.495541160738400488e-02
6.295015997778459493e-02,6.295015997778459493e-02
5.718196077553873435e-02,5.718196077553873435e-02
6.961243951442190603e-02,6.961243951442190603e-02
6.555208095635645105e-02,6.555208095635645105e-02
4.345246403961772197e-02,4.345246403961772197e-02
6.359931876891185276e-02,6.359931876891185276e-02
6.823927156556207352e-02,6.823927156556207352e-02
6.360610527693373595e-02,6.360610527693373595e-02
7.987359952343134339e-02,7.987359952343134339e-02
6.640677170981454380e-02,6.640677170981454380e-02
6.757087861765878611e-02,6.757087861765878611e-02
5.381933572786241904e-02,5.381933572786241904e-02
8.850020830256456750e-02,8.850020830256456750e-02
5.809916864785339558e-02,5.809916864785339558e-02
5.260522564958613340e-02,5.260522564958613340e-02
6.519754468886325427e-02,6.519754468886325427e-02
5.167170682655156805e-02,5.167170682655156805e-02
5.498917771852347702e-02,5.498917771852347702e-02
5.605051286946111100e-02,5.605051286946111100e-02
5.877512606390894456e-02,5.877512606390894456e-02
8.110966287323377599e-02,8.110966287323377599e-02
4.520927315876474561e-02,4.520927315876474561e-02
5.463122636832773438e-02,5.463122636832773438e-02
7.236805817352717773e-02,7.236805817352717773e-02
7.645468289115840699e-02,7.645468289115840699e-02
7.592728080363486676e-02,7.592728080363486676e-02
7.010943039142962518e-02,7.010943039142962518e-02
5.025400212840147596e-02,5.025400212840147596e-02
5.423555498499275929e-02,5.423555498499275929e-02
9.015919888895884693e-02,9.015919888895884693e-02
6.785011617311804966e-02,6.785011617311804966e-02
7.763027570874649064e-02,7.763027570874649064e-02
5.114806184076764461e-02,5.114806184076764461e-02
6.829053152068000065e-02,6.829053152068000065e-02
5.076564391938455378e-02,5.076564391938455378e-02
7.669245545956060450e-02,7.669245545956060450e-02
7.763126043963600176e-02,7.763126043963600176e-02
6.094107547644615763e-02,6.094107547644615763e-02
8.442474275250584637e-02,8.442474275250584637e-02
3.360447183986065012e-02,3.360447183986065012e-02
6.394697847940042368e-02,6.394697847940042368e-02
4.017877463597094301e-02,4.017877463597094301e-02
5.378015686927138661e-02,5.378015686927138661e-02
5.185309118294996467e-02,5.185309118294996467e-02
5.275672279237024476e-02,5.275672279237024476e-02
7.977680351374996648e-02,7.977680351374996648e-02
5.243896765125059117e-02,5.243896765125059117e-02
7.266615820179021801e-02,7.266615820179021801e-02
6.832051350673271073e-02,6.832051350673271073e-02
5.158254441235461674e-02,5.158254441235461674e-02
6.637200939773876818e-02,6.637200939773876818e-02
5.881772543641011070e-02,5.881772543641011070e-02
4.726514785183380529e-02,4.726514785183380529e-02
5.671273886321132052e-02,5.671273886321132052e-02
6.466831162937061728e-02,6.466831162937061728e-02
5.941915463808592618e-02,5.941915463808592618e-02
6.355647786524136478e-02,6.355647786524136478e-02
4.782847377171877551e-02,4.782847377171877551e-02
7.353054776318442010e-02,7.353054776318442010e-02
5.331298384524158634e-02,5.331298384524158634e-02
5.464227722546441401e-02,5.464227722546441401e-02
6.045276632178657461e-02,6.045276632178657461e-02
6.768681953539071317e-02,6.768681953539071317e-02
6.958049138211515328e-02,6.958049138211515328e-02
7.863283385828444272e-02,7.863283385828444272e-02
5.362368916702243971e-02,5.362368916702243971e-02
7.006000058316730339e-02,7.006000058316730339e-02
6.363683198438187250e-02,6.363683198438187250e-02
5.731838258951697795e-02,5.731838258951697795e-02
7.142269553837560236e-02,7.142269553837560236e-02
7.425014962068103574e-02,7.425014962068103574e-02
6.710255859283617563e-02,6.710255859283617563e-02
6.477904597291336830e-02,6.477904597291336830e-02
7.241523887979499363e-02,7.241523887979499363e-02
5.270216486313213794e-02,5.270216486313213794e-02
5.577858121868112945e-02,5.577858121868112945e-02
7.680021660806517214e-02,7.680021660806517214e-02
5.677553576085879461e-02,5.677553576085879461e-02
4.087927745445776861e-02,4.087927745445776861e-02
6.296929572044802914e-02,6.296929572044802914e-02
7.181986460375228143e-02,7.181986460375228143e-02
3.513052357225419919e-02,3.513052357225419919e-02
8.275521375955609271e-02,8.275521375955609271e-02
7.560087382364739927e-02,7.560087382364739927e-02
4.409093749706308879e-02,4.409093749706308879e-02
5.940898909393911576e-02,5.940898909393911576e-02
6.356429675253685851e-02,6.356429675253685851e-02
7.467987495413952459e-02,7.467987495413952459e-02
5.513356102140221093e-02,5.513356102140221093e-02
2.268113549857937727e-02,2.268113549857937727e-02
8.877594687460356460e-02,8.877594687460356460e-02
6.725272772457685511e-02,6.725272772457685511e-02
6.510395584543748893e-02,6.510395584543748893e-02
7.813693814681109406e-02,7.813693814681109406e-02
4.373715789666407505e-02,4.373715789666407505e-02
5.908030582648985535e-02,5.908030582648985535e-02
4.039855767230060568e-02,4.039855767230060568e-02
6.222116767513577451e-02,6.222116767513577451e-02
7.366224065525497910e-02,7.366224065525497910e-02
5.748779166853350275e-02,5.748779166853350275e-02
6.773192019166419942e-02,6.773192019166419942e-02
6.714601910109641025e-02,6.714601910109641025e-02
6.689101993297250082e-02,6.689101993297250082e-02
6.685197397657574592e-02,6.685197397657574592e-02
5.532430098456135592e-02,5.532430098456135592e-02
5.913545527934515461e-02,5.913545527934515461e-02
5.952659806727072372e-02,5.952659806727072372e-02
6.595777864255081280e-02,6.595777864255081280e-02
4.185929395135559727e-02,4.185929395135559727e-02
5.932842860698282761e-02,5.932842860698282761e-02
5.237170576380849318e-02,5.237170576380849318e-02
4.967712261035309163e-02,4.967712261035309163e-02
5.511906707629578295e-02,5.511906707629578295e-02
5.416757022163449370e-02,5.416757022163449370e-02
7.494247116535851516e-02,7.494247116535851516e-02
4.217137460685478623e-02,4.217137460685478623e-02
6.030730467336534867e-02,6.030730467336534867e-02
6.683417865276197745e-02,6.683417865276197745e-02
7.312485616378158748e-02,7.312485616378158748e-02
7.535160734040091679e-02,7.535160734040091679e-02
5.462797800333664411e-02,5.462797800333664411e-02
7.718965285537499055e-02,7.718965285537499055e-02
3.953750158158026579e-02,3.953750158158026579e-02
7.083138846969885827e-02,7.083138846969885827e-02
5.538056162001346594e-02,5.538056162001346594e-02
5.837728793508618896e-02,5.837728793508618896e-02
6.182624412081998144e-02,6.182624412081998144e-02
6.943975833256452179e-02,6.943975833256452179e-02
8.218110352895439952e-02,8.218110352895439952e-02
6.643082982332521036e-02,6.643082982332521036e-02
7.284723718523156144e-02,7.284723718523156144e-02
5.811851182967132934e-02,5.811851182967132934e-02
5.522851134150658092e-02,5.522851134150658092e-02
4.544978872716241847e-02,4.544978872716241847e-02
9.326180507119528895e-02,9.326180507119528895e-02
6.116952241001712143e-02,6.116952241001712143e-02
7.420573218004943017e-02,7.420573218004943017e-02
6.388623501268231308e-02,6.388623501268231308e-02
6.378593236444934922e-02,6.378593236444934922e-02
7.513217764589680270e-02,7.513217764589680270e-02
7.763140332712221980e-02,7.763140332712221980e-02
7.941894185717446319e-02,7.941894185717446319e-02
4.759454784986946047e-02,4.759454784986946047e-02
7.824764535489894812e-02,7.824764535489894812e-02
4.235506144225086728e-02,4.235506144225086728e-02
6.576832794128668891e-02,6.576832794128668891e-02
7.166441329749750899e-02,7.166441329749750899e-02
6.604516853786862596e-02,6.604516853786862596e-02
5.236405312781786114e-02,5.236405312781786114e-02
6.120422891026739559e-02,6.120422891026739559e-02
6.302621498592561600e-02,6.302621498592561600e-02
6.011340268457202041e-02,6.011340268457202041e-02
8.076188154088943805e-02,8.076188154088943805e-02
5.957345902965033302e-02,5.957345902965033302e-02
6.052624399460864585e-02,6.052624399460864585e-02
5.147103038279374210e-02,5.147103038279374210e-02
6.365902353601193830e-02,6.365902353601193830e-02
4.934819752277123939e-02,4.934819752277123939e-02
7.698315174938540062e-02,7.698315174938540062e-02
6.741795220767399233e-02,6.741795220767399233e-02
5.932573787338638049e-02,5.932573787338638049e-02
4.882152181072682562e-02,4.882152181072682562e-02
4.657579692203660249e-02,4.657579692203660249e-02
5.919563726203716514e-02,5.919563726203716514e-02
5.024623220624470366e-02,5.024623220624470366e-02
4.866991716290407222e-02,4.866991716290407222e-02
3.716140578328869931e-02,3.716140578328869931e-02
6.421278419407108751e-02,6.421278419407108751e-02
4.652656934127573363e-02,4.652656934127573363e-02
5.844770558298754970e-02,5.844770558298754970e-02
6.599327359537762727e-02,6.599327359537762727e-02
6.085671909942834412e-02,6.085671909942834412e-02
6.574649880962182835e-02,6.574649880962182835e-02
5.499748590364033490e-02,5.499748590364033490e-02
4.123432862288667344e-02,4.123432862288667344e-02
5.410086313106027972e-02,5.410086313106027972e-02
6.967403770992525169e-02,6.967403770992525169e-02
5.305174998343019366e-02,5.305174998343019366e-02
8.477497895494852387e-02,8.477497895494852387e-02
5.676516905251173528e-02,5.676516905251173528e-02
5.871083513998780201e-02,5.871083513998780201e-02
3.829280622683373103e-02,3.829280622683373103e-02
8.656578556593623464e-02,8.656578556593623464e-02
5.738913975972811943e-02,5.738913975972811943e-02
4.907926944543113124e-02,4.907926944543113124e-02
7.116175941080217504e-02,7.116175941080217504e-02
5.946261542944965284e-02,5.946261542944965284e-02
6.605170855149353204e-02,6.605170855149353204e-02
6.515578186504791813e-02,6.515578186504791813e-02
3.757679798630604584e-02,3.757679798630604584e-02
4.219791130389744654e-02,4.219791130389744654e-02
6.814931076928956721e-02,6.814931076928956721e-02
6.960466984067657792e-02,6.960466984067657792e-02
5.200344960170143194e-02,5.200344960170143194e-02
6.678466700001321754e-02,6.678466700001321754e-02
2.988974343653291038e-02,2.988974343653291038e-02
5.782721262323105293e-02,5.782721262323105293e-02
8.615099166841529155e-02,8.615099166841529155e-02
6.569266941151377659e-02,6.569266941151377659e-02
5.499394563320995216e-02,5.499394563320995216e-02
8.759996026608335429e-02,8.759996026608335429e-02
5.732232047195711527e-02,5.732232047195711527e-02
4.233078207884036215e-02,4.233078207884036215e-02
7.820726471891020770e-02,7.820726471891020770e-02
5.421184567229644230e-02,5.421184567229644230e-02
7.414301485460253471e-02,7.414301485460253471e-02
7.727138865103773402e-02,7.727138865103773402e-02
5.744708226241658500e-02,5.744708226241658500e-02
5.298362955712880573e-02,5.298362955712880573e-02
6.935294726313613600e-02,6.935294726313613600e-02
7.532573328729411100e-02,7.532573328729411100e-02
4.782679294801395198e-02,4.782679294801395198e-02
6.193003845249167583e-02,6.193003845249167583e-02
6.471148083130748296e-02,6.471148083130748296e-02
4.820535278435802290e-02,4.820535278435802290e-02
5.541722456574228739e-02,5.541722456574228739e-02
7.017393086424519866e-02,7.017393086424519866e-02
5.482728610213884191e-02,5.482728610213884191e-02
4.199997228485767564e-02,4.199997228485767564e-02
8.201557017638093361e-02,8.201557017638093361e-02
7.124147846060570333e-02,7.124147846060570333e-02
8.462791307929028173e-02,8.462791307929028173e-02
7.145634879146185725e-02,7.145634879146185725e-02
6.136486879454813859e-02,6.136486879454813859e-02
8.463059299200134666e-02,8.463059299200134666e-02
5.722750552285985753e-02,5.722750552285985753e-02
5.697969402786227933e-02,5.697969402786227933e-02
5.220198164736933322e-02,5.220198164736933322e-02
6.288176089891686638e-02,6.288176089891686638e-02
6.303206296417175614e-02,6.303206296417175614e-02
4.374377824164941975e-02,4.374377824164941975e-02
6.882156020394586404e-02,6.882156020394586404e-02
4.682611456203139566e-02,4.682611456203139566e-02
5.952650373017356888e-02,5.952650373017356888e-02
8.142870044835386067e-02,8.142870044835386067e-02
8.313031077238833277e-02,8.313031077238833277e-02
6.400126384317483819e-02,6.400126384317483819e-02
7.202642968088614206e-02,7.202642968088614206e-02
5.318230230960650784e-02,5.318230230960650784e-02
8.057117347832255805e-02,8.057117347832255805e-02
7.971445267087298725e-02,7.971445267087298725e-02
6.831584009833878424e-02,6.831584009833878424e-02
6.420637380332680499e-02,6.420637380332680499e-02
9.760895210576299441e-02,9.760895210576299441e-02
7.241095012988424395e-02,7.241095012988424395e-02
5.794208742447404248e-02,5.794208742447404248e-02
7.024616700375468925e-02,7.024616700375468925e-02
6.671075260047548694e-02,6.671075260047548694e-02
6.205058773403144406e-02,6.205058773403144406e-02
5.802674477278500775e-02,5.802674477278500775e-02
6.910147641657189699e-02,6.910147641657189699e-02
4.560618419670091350e-02,4.560618419670091350e-02
7.284036789356665431e-02,7.284036789356665431e-02
7.275384131112708208e-02,7.275384131112708208e-02
5.052159976429874966e-02,5.052159976429874966e-02
7.734622801102629397e-02,7.734622801102629397e-02
7.492976017285662982e-02,7.492976017285662982e-02
6.224637243715067797e-02,6.224637243715067797e-02
5.409981791770007709e-02,5.409981791770007709e-02
5.710083633710714979e-02,5.710083633710714979e-02
5.738413107415676895e-02,5.738413107415676895e-02
6.026112470586846015e-02,6.026112470586846015e-02
6.801482697968050384e-02,6.801482697968050384e-02
7.495643487261861859e-02,7.495643487261861859e-02
4.567067316193197668e-02,4.567067316193197668e-02
7.952402357576414393e-02,7.952402357576414393e-02
6.526738459387639024e-02,6.526738459387639024e-02
6.156419086524664297e-02,6.156419086524664297e-02
6.590884208868566518e-02,6.590884208868566518e-02
6.459243689360660845e-02,6.459243689360660845e-02
5.173064345812168618e-02,5.173064345812168618e-02
6.804821990956975986e-02,6.804821990956975986e-02
4.916063925059622336e-02,4.916063925059622336e-02
5.768862817415056077e-02,5.768862817415056077e-02
4.676803102809302948e-02,4.676803102809302948e-02
5.690023413051575191e-02,5.690023413051575191e-02
7.394932373910580170e-02,7.394932373910580170e-02
5.751317588593114066e-02,5.751317588593114066e-02
4.717625763327223942e-02,4.717625763327223942e-02
4.202674245793985852e-02,4.202674245793985852e-02
7.173411868598889019e-02,7.173411868598889019e-02
6.090872471237256114e-02,6.090872471237256114e-02
5.966081933769999679e-02,5.966081933769999679e-02
4.767940930539448646e-02,4.767940930539448646e-02
5.376673403501054660e-02,5.376673403501054660e-02
7.645990286791069790e-02,7.645990286791069790e-02
6.894903631160589907e-02,6.894903631160589907e-02
5.842724814358084273e-02,5.842724814358084273e-02
5.256792389263767462e-02,5.256792389263767462e-02
6.472394245667399681e-02,6.472394245667399681e-02
6.446767425765431714e-02,6.446767425765431714e-02
5.392323010606658168e-02,5.392323010606658168e-02
9.785315728814451830e-02,9.785315728814451830e-02
5.160204928913724592e-02,5.160204928913724592e-02
8.236018678233084089e-02,8.236018678233084089e-02
6.743665885144817240e-02,6.743665885144817240e-02
5.255355305468079052e-02,5.255355305468079052e-02
6.584690847975459282e-02,6.584690847975459282e-02
4.596002679446577199e-02,4.596002679446577199e-02
6.548672611963859969e-02,6.548672611963859969e-02
4.149795447709758028e-02,4.149795447709758028e-02
3.306699505096595548e-02,3.306699505096595548e-02
6.360330952365862711e-02,6.360330952365862711e-02
8.708298010439120829e-02,8.708298010439120829e-02
8.191907850963589532e-02,8.191907850963589532e-02
7.730488989524442189e-02,7.730488989524442189e-02
4.015822684106395285e-02,4.015822684106395285e-02
6.488658036235016302e-02,6.488658036235016302e-02
5.882898885169502573e-02,5.882898885169502573e-02
5.721594243263515567e-02,5.721594243263515567e-02
6.688150488919464287e-02,6.688150488919464287e-02
6.503548884935611563e-02,6.503548884935611563e-02
6.525517824054730132e-02,6.525517824054730132e-02
5.944397689157061154e-02,5.944397689157061154e-02
4.979506659468063701e-02,4.979506659468063701e-02
8.600110769004365441e-02,8.600110769004365441e-02
6.553660885145699833e-02,6.553660885145699833e-02
5.121181887264238120e-02,5.121181887264238120e-02
7.383941000098340202e-02,7.383941000098340202e-02
4.701154637290454186e-02,4.701154637290454186e-02
7.216617810997991156e-02,7.216617810997991156e-02
6.660287965480729544e-02,6.660287965480729544e-02
5.207312334776637019e-02,5.207312334776637019e-02
8.436777360081942900e-02,8.436777360081942900e-02
5.385826770819940323e-02,5.385826770819940323e-02
7.099297190088846299e-02,7.099297190088846299e-02
6.235476471380192731e-02,6.235476471380192731e-02
6.835180863578323163e-02,6.835180863578323163e-02
5.945739598290306072e-02,5.945739598290306072e-02
6.149363746109022533e-02,6.149363746109022533e-02
5.392239810099612451e-02,5.392239810099612451e-02
7.460033631672943755e-02,7.460033631672943755e-02
6.852347951524900838e-02,6.852347951524900838e-02
4.827778649814351564e-02,4.827778649814351564e-02
4.996870810744678815e-02,4.996870810744678815e-02
6.615500473070713705e-02,6.615500473070713705e-02
7.421893004133409133e-02,7.421893004133409133e-02
6.955460725647200082e-02,6.955460725647200082e-02
6.709003292590740020e-02,6.709003292590740020e-02
7.369380393652205652e-02,7.369380393652205652e-02
7.022285171743733456e-02,7.022285171743733456e-02
7.735841745178154150e-02,7.735841745178154150e-02
7.185043539441691995e-02,7.185043539441691995e-02
6.405786620830788980e-02,6.405786620830788980e-02
6.089060792085713991e-02,6.089060792085713991e-02
4.250790361361662939e-02,4.250790361361662939e-02
6.726090793407805968e-02,6.726090793407805968e-02
4.255254124242445479e-02,4.255254124242445479e-02
7.632275996854802347e-02,7.632275996854802347e-02
8.465458314448867649e-02,8.465458314448867649e-02
6.423006638266981483e-02,6.423006638266981483e-02
7.105259068994879135e-02,7.105259068994879135e-02
5.791928328203451576e-02,5.791928328203451576e-02
6.192891799610935472e-02,6.192891799610935472e-02
7.155784445444188235e-02,7.155784445444188235e-02
7.516028019271042693e-02,7.516028019271042693e-02
4.978438454586497225e-02,4.978438454586497225e-02
7.633799484213826814e-02,7.633799484213826814e-02
7.619333633269750883e-02,7.619333633269750883e-02
7.544106353567384127e-02,7.544106353567384127e-02
7.279255593802164137e-02,7.279255593802164137e-02
6.001088032516546655e-02,6.001088032516546655e-02
5.976135761697654036e-02,5.976135761697654036e-02
4.040846449780743921e-02,4.040846449780743921e-02
4.701547500181523648e-02,4.701547500181523648e-02
6.571323978005012834e-02,6.571323978005012834e-02
4.438970520905537870e-02,4.438970520905537870e-02
6.811176420971967738e-02,6.811176420971967738e-02
4.241515695778740047e-02,4.241515695778740047e-02
6.479923899683701083e-02,6.479923899683701083e-02
6.108525752635204920e-02,6.108525752635204920e-02
4.935380621618656177e-02,4.935380621618656177e-02
6.348015252150678023e-02,6.348015252150678023e-02
5.773739483925532934e-02,5.773739483925532934e-02
7.547260175173856056e-02,7.547260175173856056e-02
7.535433249103141995e-02,7.535433249103141995e-02
6.561141354750746335e-02,6.561141354750746335e-02
4.649355401216020978e-02,4.649355401216020978e-02
5.199742940966374516e-02,5.199742940966374516e-02
5.214953749848490194e-02,5.214953749848490194e-02
5.422292328235545772e-02,5.422292328235545772e-02
7.045615471187829937e-02,7.045615471187829937e-02
5.885883869933807022e-02,5.885883869933807022e-02
5.401714158030449658e-02,5.401714158030449658e-02
6.822205760268379438e-02,6.822205760268379438e-02
6.684665564294273166e-02,6.684665564294273166e-02
5.206196135751229442e-02,5.206196135751229442e-02
7.565663415868564834e-02,7.565663415868564834e-02
8.440792354925660823e-02,8.440792354925660823e-02
4.838212461175912804e-02,4.838212461175912804e-02
7.014923293661759485e-02,7.014923293661759485e-02
8.888699033740626865e-02,8.888699033740626865e-02
5.612683102530523216e-02,5.612683102530523216e-02
7.902720114025092724e-02,7.902720114025092724e-02
5.901903238229554149e-02,5.901903238229554149e-02
5.018351832310091049e-02,5.018351832310091049e-02
9.096531872118743256e-02,9.096531872118743256e-02
5.443705901848698570e-02,5.443705901848698570e-02
5.429238643426077815e-02,5.429238643426077815e-02
5.688526997673544472e-02,5.688526997673544472e-02
4.901561028619222382e-02,4.901561028619222382e-02
6.658279846481268693e-02,6.658279846481268693e-02
5.227513644125911241e-02,5.227513644125911241e-02
5.096601430470195510e-02,5.096601430470195510e-02
5.089880764169740085e-02,5.089880764169740085e-02
6.679425682823079968e-02,6.679425682823079968e-02
6.544586415864528384e-02,6.544586415864528384e-02
6.150738777875777719e-02,6.150738777875777719e-02
6.052877247601003846e-02,6.052877247601003846e-02
4.865143724845996664e-02,4.865143724845996664e-02
6.056301802388545236e-02,6.056301802388545236e-02
5.580510613761924255e-02,5.580510613761924255e-02
6.789249218765160132e-02,6.789249218765160132e-02
5.275664437935847356e-02,5.275664437935847356e-02
6.836032262615474031e-02,6.836032262615474031e-02
4.847436205128748121e-02,4.847436205128748121e-02
6.767845315116814697e-02,6.767845315116814697e-02
4.968387171045680895e-02,4.968387171045680895e-02
6.245883259408728516e-02,6.245883259408728516e-02
5.560040111241049132e-02,5.560040111241049132e-02
4.391182066289028157e-02,4.391182066289028157e-02
4.905391771540601464e-02,4.905391771540601464e-02
7.138656743810375960e-02,7.138656743810375960e-02
5.066796922887639720e-02,5.066796922887639720e-02
6.763837346783005411e-02,6.763837346783005411e-02
7.784668998705567000e-02,7.784668998705567000e-02
7.031256798349910797e-02,7.031256798349910797e-02
6.187056303087784537e-02,6.187056303087784537e-02
6.396475015531409569e-02,6.396475015531409569e-02
7.484840995665228980e-02,7.484840995665228980e-02
6.629324044900387902e-02,6.629324044900387902e-02
6.593386330307463017e-02,6.593386330307463017e-02
4.063670146859404975e-02,4.063670146859404975e-02
6.580691889198436728e-02,6.580691889198436728e-02
5.838731329586607094e-02,5.838731329586607094e-02
3.980771213068293179e-02,3.980771213068293179e-02
6.169301258860838966e-02,6.169301258860838966e-02
7.431314735657300330e-02,7.431314735657300330e-02
5.449397534720348824e-02,5.449397534720348824e-02
6.377618550535307795e-02,6.377618550535307795e-02
3.815866776821411066e-02,3.815866776821411066e-02
6.406144069801268659e-02,6.406144069801268659e-02
6.289104542123533093e-02,6.289104542123533093e-02
4.006699937995711336e-02,4.006699937995711336e-02
6.190647417628889621e-02,6.190647417628889621e-02
8.809929397254664951e-02,8.809929397254664951e-02
5.518821808114457439e-02,5.518821808114457439e-02
3.869705961670340255e-02,3.869705961670340255e-02
6.990550775753641422e-02,6.990550775753641422e-02
6.110200465442533480e-02,6.110200465442533480e-02
7.347255148788808810e-02,7.347255148788808810e-02
6.108800930182048394e-02,6.108800930182048394e-02
6.507513842989844088e-02,6.507513842989844088e-02
6.424760323748220092e-02,6.424760323748220092e-02
8.032163389880321580e-02,8.032163389880321580e-02
5.316986450376171014e-02,5.316986450376171014e-02
5.478535003766133588e-02,5.478535003766133588e-02
7.061429777861401302e-02,7.061429777861401302e-02
7.873592378043950402e-02,7.873592378043950402e-02
6.977398697141451445e-02,6.977398697141451445e-02
6.407198900142382914e-02,6.407198900142382914e-02
6.104118550334330928e-02,6.104118550334330928e-02
1.017656214622496003e-01,1.017656214622496003e-01
8.166054575165659912e-02,8.166054575165659912e-02
6.942045208125965927e-02,6.942045208125965927e-02
6.176944619414891091e-02,6.176944619414891091e-02
6.245085007378447378e-02,6.245085007378447378e-02
9.127383756977962281e-02,9.127383756977962281e-02
5.443550794553755207e-02,5.443550794553755207e-02
4.748374825827884893e-02,4.748374825827884893e-02
6.230883188439296366e-02,6.230883188439296366e-02
5.834264034701840129e-02,5.834264034701840129e-02
8.849808718216152503e-02,8.849808718216152503e-02
5.736362734546836956e-02,5.736362734546836956e-02
6.618320529493354476e-02,6.618320529493354476e-02
6.987787437826428749e-02,6.987787437826428749e-02
8.595953138668466220e-02,8.595953138668466220e-02
7.185344966865875316e-02,7.185344966865875316e-02
4.338794108927521848e-02,4.338794108927521848e-02
7.123266407383685439e-02,7.123266407383685439e-02
9.000469085051823748e-02,9.000469085051823748e-02
7.252075570341495747e-02,7.252075570341495747e-02
5.733625600832809033e-02,5.733625600832809033e-02
4.929641895286890341e-02,4.929641895286890341e-02
5.176858010025365414e-02,5.176858010025365414e-02
5.770954735514657874e-02,5.770954735514657874e-02
5.987446256218456608e-02,5.987446256218456608e-02
5.309524154904002313e-02,5.309524154904002313e-02
5.774014405677804773e-02,5.774014405677804773e-02
7.167524856470783301e-02,7.167524856470783301e-02
6.105844834430236567e-02,6.105844834430236567e-02
6.994736962935073354e-02,6.994736962935073354e-02
7.266615577623108946e-02,7.266615577623108946e-02
7.544634256450084842e-02,7.544634256450084842e-02
8.630382066682054654e-02,8.630382066682054654e-02
6.497854648167633584e-02,6.497854648167633584e-02
6.481715608791885352e-02,6.481715608791885352e-02
6.056282675858819242e-02,6.056282675858819242e-02
5.634783563891891667e-02,5.634783563891891667e-02
5.115675896415044360e-02,5.115675896415044360e-02
5.933971064865849881e-02,5.933971064865849881e-02
3.914808044149058197e-02,3.914808044149058197e-02
6.373714617273620875e-02,6.373714617273620875e-02
6.746183725531620934e-02,6.746183725531620934e-02
6.497361838852075411e-02,6.497361838852075411e-02
5.221534828729539057e-02,5.221534828729539057e-02
5.233934576957025714e-02,5.233934576957025714e-02
6.930415597295597196e-02,6.930415597295597196e-02
7.005526974830780795e-02,7.005526974830780795e-02
5.911295353217831811e-02,5.911295353217831811e-02
6.685812886313034775e-02,6.685812886313034775e-02
2.955056393029714679e-02,2.955056393029714679e-02
6.847042067639769192e-02,6.847042067639769192e-02
6.279726415586112109e-02,6.279726415586112109e-02
7.187281727014670218e-02,7.187281727014670218e-02
6.592453577060863879e-02,6.592453577060863879e-02
7.753511274365357253e-02,7.753511274365357253e-02
6.238063836468531187e-02,6.238063836468531187e-02
6.638162965475985500e-02,6.638162965475985500e-02
7.866716619626731855e-02,7.866716619626731855e-02
5.535910558929028891e-02,5.535910558929028891e-02
7.122867231526408549e-02,7.122867231526408549e-02
6.392191069750589871e-02,6.392191069750589871e-02
8.131234497833847441e-02,8.131234497833847441e-02
5.591327674693226391e-02,5.591327674693226391e-02
3.554242774527298365e-02,3.554242774527298365e-02
5.891953055668042172e-02,5.891953055668042172e-02
7.253175713854831397e-02,7.253175713854831397e-02
5.636748336407541859e-02,5.636748336407541859e-02
7.238513386851623543e-02,7.238513386851623543e-02
6.152572659692408241e-02,6.152572659692408241e-02
5.659202255991041541e-02,5.659202255991041541e-02
6.424392751327029361e-02,6.424392751327029361e-02
5.579027776736092403e-02,5.579027776736092403e-02
7.641699404752162750e-02,7.641699404752162750e-02
5.574243472191878213e-02,5.574243472191878213e-02
6.599137388514941804e-02,6.599137388514941804e-02
5.460487545448086677e-02,5.460487545448086677e-02
5.440676578285820464e-02,5.440676578285820464e-02
5.995421590720699523e-02,5.995421590720699523e-02
8.531220334007308392e-02,8.531220334007308392e-02
6.609132436915732267e-02,6.609132436915732267e-02
4.518801996795433762e-02,4.518801996795433762e-02
7.240314835063585419e-02,7.240314835063585419e-02
7.443681076402633434e-02,7.443681076402633434e-02
5.666082237461037008e-02,5.666082237461037008e-02
5.327077102153581628e-02,5.327077102153581628e-02
7.048916750241619733e-02,7.048916750241619733e-02
7.078235435480474680e-02,7.078235435480474680e-02
5.993716607455004675e-02,5.993716607455004675e-02
4.587951018231774258e-02,4.587951018231774258e-02
3.726268216512135245e-02,3.726268216512135245e-02
5.950792363912411898e-02,5.950792363912411898e-02
6.787095240989243772e-02,6.787095240989243772e-02
3.712066668841868672e-02,3.712066668841868672e-02
5.492941505832837912e-02,5.492941505832837912e-02
5.163946549203932146e-02,5.163946549203932146e-02
5.832803785060096391e-02,5.832803785060096391e-02
4.551882382138862371e-02,4.551882382138862371e-02
6.342298457910119924e-02,6.342298457910119924e-02
6.417648452235411027e-02,6.417648452235411027e-02
6.999138190327555686e-02,6.999138190327555686e-02
5.725595716665426299e-02,5.725595716665426299e-02
3.601016624663457011e-02,3.601016624663457011e-02
6.657587017141727848e-02,6.657587017141727848e-02
6.863108769895684413e-02,6.863108769895684413e-02
4.763003307075792947e-02,4.763003307075792947e-02
4.879566261385983456e-02,4.879566261385983456e-02
5.563157856491055681e-02,5.563157856491055681e-02
6.306388955207800628e-02,6.306388955207800628e-02
6.254088321240719450e-02,6.254088321240719450e-02
5.289844878057656241e-02,5.289844878057656241e-02
7.019045957437032579e-02,7.019045957437032579e-02
6.498133100046582511e-02,6.498133100046582511e-02
7.049708153337660987e-02,7.049708153337660987e-02
5.968432017319906524e-02,5.968432017319906524e-02
8.636265377693859435e-02,8.636265377693859435e-02
6.019304055229224293e-02,6.019304055229224293e-02
6.522498043184937755e-02,6.522498043184937755e-02
5.793011017344301683e-02,5.793011017344301683e-02
6.056440009145833137e-02,6.056440009145833137e-02
5.392689594031345457e-02,5.392689594031345457e-02
7.532313788979419500e-02,7.532313788979419500e-02
5.792279886839513114e-02,5.792279886839513114e-02
4.088638240363266785e-02,4.088638240363266785e-02
3.849887639259762934e-02,3.849887639259762934e-02
4.909395064349712789e-02,4.909395064349712789e-02
5.397785191286402079e-02,5.397785191286402079e-02
5.697932907121097679e-02,5.697932907121097679e-02
6.246627636698774688e-02,6.246627636698774688e-02
4.643619100771866071e-02,4.643619100771866071e-02
6.872678259643112686e-02,6.872678259643112686e-02
4.559242020616903479e-02,4.559242020616903479e-02
7.488788155442521743e-02,7.488788155442521743e-02
6.286157415285215100e-02,6.286157415285215100e-02
5.583889435286015779e-02,5.583889435286015779e-02
7.877110197501424604e-02,7.877110197501424604e-02
5.504103732964134299e-02,5.504103732964134299e-02
5.625060555202563567e-02,5.625060555202563567e-02
6.024365281355591184e-02,6.024365281355591184e-02
6.319586363591447875e-02,6.319586363591447875e-02
5.753657587153812591e-02,5.753657587153812591e-02
6.791647759007085616e-02,6.791647759007085616e-02
6.956102409998593528e-02,6.956102409998593528e-02
6.173334987648160244e-02,6.173334987648160244e-02
6.004173467868271358e-02,6.004173467868271358e-02
6.975553284307338398e-02,6.975553284307338398e-02
7.947530964928453678e-02,7.947530964928453678e-02
6.629325409675508596e-02,6.629325409675508596e-02
6.788568004877765238e-02,6.788568004877765238e-02
6.692120543312553294e-02,6.692120543312553294e-02
5.608182251859772371e-02,5.608182251859772371e-02
5.613967351679385875e-02,5.613967351679385875e-02
7.704687727321371526e-02,7.704687727321371526e-02
7.133865363334118692e-02,7.133865363334118692e-02
5.432117825596827210e-02,5.432117825596827210e-02
6.369427273195828187e-02,6.369427273195828187e-02
2.481868031532813434e-02,2.481868031532813434e-02
5.678518792357395428e-02,5.678518792357395428e-02
7.501198171906292567e-02,7.501198171906292567e-02
5.951694433027544806e-02,5.951694433027544806e-02
7.824201556481785724e-02,7.824201556481785724e-02
4.692026930395470224e-02,4.692026930395470224e-02
6.556299933657769308e-02,6.556299933657769308e-02
7.357298307889678646e-02,7.357298307889678646e-02
6.813819454512662355e-02,6.813819454512662355e-02
4.995425635767220679e-02,4.995425635767220679e-02
7.029781584453953514e-02,7.029781584453953514e-02
6.632539689378962044e-02,6.632539689378962044e-02
6.002442633858172394e-02,6.002442633858172394e-02
7.167591567089431903e-02,7.167591567089431903e-02
3.727459203080200900e-02,3.727459203080200900e-02
7.037915872670789941e-02,7.037915872670789941e-02
6.406236458750336205e-02,6.406236458750336205e-02
7.358351253877404297e-02,7.358351253877404297e-02
7.111890865814796125e-02,7.111890865814796125e-02
7.422112483013039441e-02,7.422112483013039441e-02
8.272415968652625795e-02,8.272415968652625795e-02
4.793491983248948651e-02,4.793491983248948651e-02
7.608014291816553309e-02,7.608014291816553309e-02
5.220455150499399288e-02,5.220455150499399288e-02
5.472773888045884272e-02,5.472773888045884272e-02
6.373698309652607585e-02,6.373698309652607585e-02
5.847325715736356039e-02,5.847325715736356039e-02
3.567083090696542003e-02,3.567083090696542003e-02
6.716031899936407423e-02,6.716031899936407423e-02
7.509062194620466646e-02,7.509062194620466646e-02
8.425469623515711992e-02,8.425469623515711992e-02
4.782689550927346489e-02,4.782689550927346489e-02
7.369764117914118229e-02,7.369764117914118229e-02
7.051667786344070765e-02,7.051667786344070765e-02
6.338464170121212160e-02,6.338464170121212160e-02
5.076450628526488207e-02,5.076450628526488207e-02
5.845150423082021152e-02,5.845150423082021152e-02
5.347208768169688098e-02,5.347208768169688098e-02
5.035927430104877173e-02,5.035927430104877173e-02
5.636632789790109455e-02,5.636632789790109455e-02
7.409224132727768031e-02,7.409224132727768031e-02
6.226998504746331098e-02,6.226998504746331098e-02
5.401468677380064781e-02,5.401468677380064781e-02
4.939695204970639963e-02,4.939695204970639963e-02
5.873772871990615152e-02,5.873772871990615152e-02
6.703213806728505753e-02,6.703213806728505753e-02
6.346262268149303887e-02,6.346262268149303887e-02
3.662207756893013505e-02,3.662207756893013505e-02
5.501182996881935627e-02,5.501182996881935627e-02
4.990089877883733399e-02,4.990089877883733399e-02
6.134914880466092735e-02,6.134914880466092735e-02
5.985016300976888498e-02,5.985016300976888498e-02
5.663371301717058659e-02,5.663371301717058659e-02
4.959831103839270477e-02,4.959831103839270477e-02
3.749690932486889061e-02,3.749690932486889061e-02
5.796264641827765518e-02,5.796264641827765518e-02
7.119670673401770622e-02,7.119670673401770622e-02
8.050935350631950593e-02,8.050935350631950593e-02
8.083232767721024170e-02,8.083232767721024170e-02
6.314811152548865936e-02,6.314811152548865936e-02
5.486285586042777274e-02,5.486285586042777274e-02
6.181030611378032780e-02,6.181030611378032780e-02
5.713212814413218266e-02,5.713212814413218266e-02
6.866687152141967565e-02,6.866687152141967565e-02
6.288424121642252618e-02,6.288424121642252618e-02
7.588205128775064867e-02,7.588205128775064867e-02
6.789850317279608194e-02,6.789850317279608194e-02
7.532677064218190610e-02,7.532677064218190610e-02
5.672334844591005176e-02,5.672334844591005176e-02
6.200212519611500439e-02,6.200212519611500439e-02
6.773268145665028994e-02,6.773268145665028994e-02
4.374337454722886098e-02,4.374337454722886098e-02
6.585041368078077550e-02,6.585041368078077550e-02
6.521300395000742545e-02,6.521300395000742545e-02
6.802814519488861733e-02,6.802814519488861733e-02
5.988614015484593212e-02,5.988614015484593212e-02
5.943444104884566814e-02,5.943444104884566814e-02
6.141817648249368877e-02,6.141817648249368877e-02
5.979008952300805813e-02,5.979008952300805813e-02
6.137375825238008953e-02,6.137375825238008953e-02
4.351340631954771221e-02,4.351340631954771221e-02
4.806829287327659544e-02,4.806829287327659544e-02
6.026670267559185862e-02,6.026670267559185862e-02
8.538039545115015672e-02,8.538039545115015672e-02
7.559226070226884864e-02,7.559226070226884864e-02
6.859723415737832564e-02,6.859723415737832564e-02
6.109195705532694670e-02,6.109195705532694670e-02
6.211552654765505055e-02,6.211552654765505055e-02
5.638998185160795651e-02,5.638998185160795651e-02
6.150101224177073611e-02,6.150101224177073611e-02
5.374535619782963569e-02,5.374535619782963569e-02
5.562681706209880728e-02,5.562681706209880728e-02
7.504785602469547789e-02,7.504785602469547789e-02
5.397521614149570351e-02,5.397521614149570351e-02
7.507106714976263806e-02,7.507106714976263806e-02
5.954619538239429993e-02,5.954619538239429993e-02
7.069549999221455550e-02,7.069549999221455550e-02
6.313216409958356812e-02,6.313216409958356812e-02
5.916617137445517871e-02,5.916617137445517871e-02
8.473739596451425327e-02,8.473739596451425327e-02
6.190124371857802510e-02,6.190124371857802510e-02
5.381343642175522024e-02,5.381343642175522024e-02
7.411399468142049196e-02,7.411399468142049196e-02
5.625912423557902220e-02,5.625912423557902220e-02
5.893555243059887816e-02,5.893555243059887816e-02
5.973759319606176954e-02,5.973759319606176954e-02
7.425322329481083561e-02,7.425322329481083561e-02
4.010931796718075065e-02,4.010931796718075065e-02
4.691578068783601452e-02,4.691578068783601452e-02
6.624977575739469937e-02,6.624977575739469937e-02
7.199345288496586392e-02,7.199345288496586392e-02
6.347660661759532696e-02,6.347660661759532696e-02
5.844118782311863436e-02,5.844118782311863436e-02
7.288725100297427373e-02,7.288725100297427373e-02
6.255423633150127005e-02,6.255423633150127005e-02
8.269419391719097512e-02,8.269419391719097512e-02
6.690971526432878957e-02,6.690971526432878957e-02
6.541062699598534924e-02,6.541062699598534924e-02
5.282145095791253298e-02,5.282145095791253298e-02
6.732942958796839239e-02,6.732942958796839239e-02
7.242811889142597437e-02,7.242811889142597437e-02
6.447719355888066606e-02,6.447719355888066606e-02
8.044196474925130458e-02,8.044196474925130458e-02
5.892612899741403454e-02,5.892612899741403454e-02
5.267531052740712094e-02,5.267531052740712094e-02
7.631812501816648275e-02,7.631812501816648275e-02
5.877925108998691139e-02,5.877925108998691139e-02
5.928768962180525071e-02,5.928768962180525071e-02
8.493792247592890643e-02,8.493792247592890643e-02
5.912879381620510244e-02,5.912879381620510244e-02
7.299526926456001430e-02,7.299526926456001430e-02
1.643452046040920489e-02,1.643452046040920489e-02
6.843814506056397629e-02,6.843814506056397629e-02
6.431138117584442315e-02,6.431138117584442315e-02
5.387516852383167354e-02,5.387516852383167354e-02
7.003391304422755537e-02,7.003391304422755537e-02
4.626587770803915201e-02,4.626587770803915201e-02
5.290267518846850786e-02,5.290267518846850786e-02
5.378000988532855714e-02,5.378000988532855714e-02
5.021169244744161375e-02,5.021169244744161375e-02
5.479442143312018149e-02,5.479442143312018149e-02
5.008681661250529576e-02,5.008681661250529576e-02
6.545123707380683109e-02,6.545123707380683109e-02
6.334363882640170473e-02,6.334363882640170473e-02
4.901216943642731916e-02,4.901216943642731916e-02
5.931976011775497160e-02,5.931976011775497160e-02
5.962792835840495520e-02,5.962792835840495520e-02
7.667981436635085135e-02,7.667981436635085135e-02
5.661401014097500184e-02,5.661401014097500184e-02
6.284192936725410683e-02,6.284192936725410683e-02
3.809252574635565991e-02,3.809252574635565991e-02
5.338193081335852741e-02,5.338193081335852741e-02
6.042534217390888723e-02,6.042534217390888723e-02
5.934530961314352093e-02,5.934530961314352093e-02
7.982498828198722474e-02,7.982498828198722474e-02
6.235135316358388080e-02,6.235135316358388080e-02
6.125731494064992622e-02,6.125731494064992622e-02
5.676059854413367106e-02,5.676059854413367106e-02
5.597977623683376980e-02,5.597977623683376980e-02
7.202128175234537300e-02,7.202128175234537300e-02
6.922131390831194608e-02,6.922131390831194608e-02
5.460608017288121063e-02,5.460608017288121063e-02
6.199932451538128081e-02,6.199932451538128081e-02
4.796810119827454172e-02,4.796810119827454172e-02
6.444733901085328287e-02,6.444733901085328287e-02
7.853834004862535190e-02,7.853834004862535190e-02
5.102942915896312159e-02,5.102942915896312159e-02
6.178932563334502137e-02,6.178932563334502137e-02
7.040531534736149677e-02,7.040531534736149677e-02
6.977327211556214048e-02,6.977327211556214048e-02
6.781820655080543492e-02,6.781820655080543492e-02
6.591236913251688478e-02,6.591236913251688478e-02
7.664718409421336642e-02,7.664718409421336642e-02
8.065363109380621620e-02,8.065363109380621620e-02
6.272315697347786989e-02,6.272315697347786989e-02
5.683215477807920801e-02,5.683215477807920801e-02
5.129007408877629681e-02,5.129007408877629681e-02
6.311019576266455045e-02,6.311019576266455045e-02
7.309428720964426807e-02,7.309428720964426807e-02
7.768964565454825055e-02,7.768964565454825055e-02
5.716257995317060997e-02,5.716257995317060997e-02
5.484784054290058747e-02,5.484784054290058747e-02
5.412825940709793671e-02,5.412825940709793671e-02
7.192470791021814136e-02,7.192470791021814136e-02
8.009550358423418726e-02,8.009550358423418726e-02
7.056093746246845655e-02,7.056093746246845655e-02
6.759869114316731376e-02,6.759869114316731376e-02
6.189275229552020086e-02,6.189275229552020086e-02
6.271271778513748396e-02,6.271271778513748396e-02
7.367577584288115267e-02,7.367577584288115267e-02
5.625530141652942961e-02,5.625530141652942961e-02
7.623590642612118606e-02,7.623590642612118606e-02
7.181800257526017861e-02,7.181800257526017861e-02
8.066129151532119845e-02,8.066129151532119845e-02
7.126878461387498032e-02,7.126878461387498032e-02
5.321592440006162744e-02,5.321592440006162744e-02
7.239514521189338581e-02,7.239514521189338581e-02
8.534245272169160845e-02,8.534245272169160845e-02
5.275958777683766726e-02,5.275958777683766726e-02
5.907658778128752758e-02,5.907658778128752758e-02
7.489930647584396028e-02,7.489930647584396028e-02
6.754400478793744222e-02,6.754400478793744222e-02
5.643164998876805394e-02,5.643164998876805394e-02
7.616749193303128107e-02,7.616749193303128107e-02
6.510001408557061775e-02,6.510001408557061775e-02
8.241650054413512949e-02,8.241650054413512949e-02
7.428085971800255094e-02,7.428085971800255094e-02
6.136803055596552064e-02,6.136803055596552064e-02
6.289309228862094425e-02,6.289309228862094425e-02
6.375995863776559580e-02,6.375995863776559580e-02
5.912297113468102661e-02,5.912297113468102661e-02
7.720918075865636221e-02,7.720918075865636221e-02
5.986910057285040054e-02,5.986910057285040054e-02
7.103692024268948302e-02,7.103692024268948302e-02
6.018556226009204313e-02,6.018556226009204313e-02
6.062372831262433093e-02,6.062372831262433093e-02
5.394420509036997741e-02,5.394420509036997741e-02
6.457367820655533774e-02,6.457367820655533774e-02
5.723542974016947865e-02,5.723542974016947865e-02
6.044479763504106984e-02,6.044479763504106984e-02
5.338024232556382032e-02,5.338024232556382032e-02
6.473723648848346557e-02,6.473723648848346557e-02
9.189205406537730159e-02,9.189205406537730159e-02
6.640416213241971677e-02,6.640416213241971677e-02
4.584502333917713640e-02,4.584502333917713640e-02
5.445909487715738795e-02,5.445909487715738795e-02
6.475079813035539145e-02,6.475079813035539145e-02
5.238945070373261792e-02,5.238945070373261792e-02
5.937778734269498482e-02,5.937778734269498482e-02
5.758385653743515464e-02,5.758385653743515464e-02
5.018505759419705781e-02,5.018505759419705781e-02
6.711804651613643979e-02,6.711804651613643979e-02
6.904205463407958598e-02,6.904205463407958598e-02
6.381737094343362116e-02,6.381737094343362116e-02
8.100641932215840724e-02,8.100641932215840724e-02
7.850348802638446033e-02,7.850348802638446033e-02
9.264367288320927984e-02,9.264367288320927984e-02
5.482355332811800902e-02,5.482355332811800902e-02
8.327753346007371604e-02,8.327753346007371604e-02
4.200663269687737039e-02,4.200663269687737039e-02
5.901258419456459348e-02,5.901258419456459348e-02
7.258316299609361699e-02,7.258316299609361699e-02
6.415480481463428641e-02,6.415480481463428641e-02
4.564054466433159485e-02,4.564054466433159485e-02
5.262537321670424095e-02,5.262537321670424095e-02
4.850262693709134210e-02,4.850262693709134210e-02
8.169360126452497595e-02,8.169360126452497595e-02
6.772404930063426198e-02,6.772404930063426198e-02
4.849912157808175528e-02,4.849912157808175528e-02
5.848594708329143965e-02,5.848594708329143965e-02
6.597471000035814992e-02,6.597471000035814992e-02
5.836129898270589478e-02,5.836129898270589478e-02
5.744433969711934540e-02,5.744433969711934540e-02
5.626869690205343888e-02,5.626869690205343888e-02
8.028413779308189724e-02,8.028413779308189724e-02
6.785770563091089724e-02,6.785770563091089724e-02
4.744391006312601716e-02,4.744391006312601716e-02
7.074427219801869560e-02,7.074427219801869560e-02
5.226794195899787943e-02,5.226794195899787943e-02
5.149983055786683250e-02,5.149983055786683250e-02
9.407624872435690899e-02,9.407624872435690899e-02
5.460534288383089158e-02,5.460534288383089158e-02
8.235401281644112725e-02,8.235401281644112725e-02
7.135029450606358847e-02,7.135029450606358847e-02
3.961764395765436653e-02,3.961764395765436653e-02
7.588969085031856132e-02,7.588969085031856132e-02
6.854390095778192804e-02,6.854390095778192804e-02
7.805214901837757846e-02,7.805214901837757846e-02
3.924584370261512134e-02,3.924584370261512134e-02
6.318604336524273613e-02,6.318604336524273613e-02
5.658198715965159775e-02,5.658198715965159775e-02
6.108551498290837323e-02,6.108551498290837323e-02
7.513576522276027569e-02,7.513576522276027569e-02
6.412247555117819853e-02,6.412247555117819853e-02
5.446549970290281983e-02,5.446549970290281983e-02
7.717055735551607565e-02,7.717055735551607565e-02
5.512534274782849436e-02,5.512534274782849436e-02
4.445104540777458646e-02,4.445104540777458646e-02
7.386536358397075008e-02,7.386536358397075008e-02
8.062084371139527361e-02,8.062084371139527361e-02
7.674155855969276574e-02,7.674155855969276574e-02
4.915191702690117903e-02,4.915191702690117903e-02
6.016880448225413180e-02,6.016880448225413180e-02
6.461490108209333449e-02,6.461490108209333449e-02
7.565783687541367819e-02,7.565783687541367819e-02
6.833152586791035876e-02,6.833152586791035876e-02
6.428388314136154746e-02,6.428388314136154746e-02
6.572247091267202634e-02,6.572247091267202634e-02
