-2.417677628826300079e-02,-2.417677628826300079e-02
-4.626014625350651638e-02,-4.626014625350651638e-02
-3.026509850918159689e-02,-3.026509850918159689e-02
-4.433792546933059547e-02,-4.433792546933059547e-02
-3.585390787351289826e-02,-3.585390787351289826e-02
-4.886397453142644204e-02,-4.886397453142644204e-02
-6.822501813864435827e-03,-6.822501813864435827e-03
-2.978505417760589358e-02,-2.978505417760589358e-02
-2.683926540233864261e-02,-2.683926540233864261e-02
-1.957764011177874630e-02,-1.957764011177874630e-02
-1.959674574664752034e-02,-1.959674574664752034e-02
-3.279784757274556428e-02,-3.279784757274556428e-02
-4.364585224817425085e-02,-4.364585224817425085e-02
-3.968569114442561940e-02,-3.968569114442561940e-02
-5.020707089169690329e-02,-5.020707089169690329e-02
-3.957654938522674193e-02,-3.957654938522674193e-02
-3.935856042041874919e-02,-3.935856042041874919e-02
-1.815728978941328481e-02,-1.815728978941328481e-02
-2.846008177782258924e-02,-2.846008177782258924e-02
-3.962748555415064600e-02,-3.962748555415064600e-02
-5.363246733753634921e-02,-5.363246733753634921e-02
-2.197127759860006968e-02,-2.197127759860006968e-02
-2.903512463330167048e-02,-2.903512463330167048e-02
-5.351081130872982483e-02,-5.351081130872982483e-02
-4.708211772623639019e-02,-4.708211772623639019e-02
-5.953070577276627084e-02,-5.953070577276627084e-02
-3.776954913795686070e-02,-3.776954913795686070e-02
-3.724393808153318719e-02,-3.724393808153318719e-02
-1.296221522226058409e-02,-1.296221522226058409e-02
-4.396157090775860282e-02,-4.396157090775860282e-02
-5.088121862187437727e-02,-5.088121862187437727e-02
-3.037930021566080663e-02,-3.037930021566080663e-02
-3.548168827527243413e-02,-3.548168827527243413e-02
-4.165596129944459936e-02,-4.165596129944459936e-02
-4.497804644138708730e-02,-4.497804644138708730e-02
-5.965529134362137359e-02,-5.965529134362137359e-02
-1.841413501931504770e-02,-1.841413501931504770e-02
-2.464662759094338185e-02,-2.464662759094338185e-02
-1.243764265737673513e-02,-1.243764265737673513e-02
-3.458145840682863570e-02,-3.458145840682863570e-02
-3.222658130865897058e-02,-3.222658130865897058e-02
-2.038049714313291960e-02,-2.038049714313291960e-02
-3.725238482161845333e-02,-3.725238482161845333e-02
-2.987614276539944658e-02,-2.987614276539944658e-02
-4.412267204855416236e-02,-4.412267204855416236e-02
-3.674014126566424454e-02,-3.674014126566424454e-02
-3.555845858290180433e-02,-3.555845858290180433e-02
-3.674466121492950960e-02,-3.674466121492950960e-02
-2.841442529035417830e-02,-2.841442529035417830e-02
-1.945934410559048422e-03,-1.945934410559048422e-03
-3.403735935551339964e-02,-3.403735935551339964e-02
-2.568268795446754932e-02,-2.568268795446754932e-02
-3.858131794063308917e-02,-3.858131794063308917e-02
-5.561938689091919241e-02,-5.561938689091919241e-02
-3.895849261809190139e-02,-3.895849261809190139e-02
-5.909368452196988447e-02,-5.909368452196988447e-02
-4.558481322818234288e-02,-4.558481322818234288e-02
-3.533166672400146757e-02,-3.533166672400146757e-02
-2.489437348707727177e-02,-2.489437348707727177e-02
-5.068162249127099173e-02,-5.068162249127099173e-02
-3.754494244700051775e-02,-3.754494244700051775e-02
-4.203544070815700556e-02,-4.203544070815700556e-02
-4.092877484793962933e-02,-4.092877484793962933e-02
-3.445460672301887961e-02,-3.445460672301887961e-02
-3.781960923699329014e-02,-3.781960923699329014e-02
-3.323062956460547807e-02,-3.323062956460547807e-02
-3.332351622755121145e-02,-3.332351622755121145e-02
-2.565674597776946425e-02,-2.565674597776946425e-02
-3.632797119779167250e-02,-3.632797119779167250e-02
-2.164640200567296419e-02,-2.164640200567296419e-02
-4.017869027187777331e-02,-4.017869027187777331e-02
-4.195726798756177489e-02,-4.195726798756177489e-02
-3.567750963364333533e-02,-3.567750963364333533e-02
-7.947548480322384756e-03,-7.947548480322384756e-03
-4.894543973751457749e-02,-4.894543973751457749e-02
-4.345221495825105085e-02,-4.345221495825105085e-02
-6.666942221867622198e-02,-6.666942221867622198e-02
-3.687001850869701253e-02,-3.687001850869701253e-02
-5.011885516009694647e-02,-5.011885516009694647e-02
-3.749409450495073959e-02,-3.749409450495073959e-02
-4.468116127138366950e-02,-4.468116127138366950e-02
-3.015193845131547423e-03,-3.015193845131547423e-03
-3.157651282753134309e-02,-3.157651282753134309e-02
-4.043947879108254068e-02,-4.043947879108254068e-02
-2.483519240532606337e-02,-2.483519240532606337e-02
-2.845518485731496350e-02,-2.845518485731496350e-02
-4.098054335913551421e-02,-4.098054335913551421e-02
-5.879140267330088682e-02,-5.879140267330088682e-02
-2.217206139308541130e-02,-2.217206139308541130e-02
-1.896622821007353660e-02,-1.896622821007353660e-02
-3.521399161782413911e-02,-3.521399161782413911e-02
-3.732964484935043237e-02,-3.732964484935043237e-02
-3.083120119804994008e-02,-3.083120119804994008e-02
-1.705686766908268842e-02,-1.705686766908268842e-02
-3.876687864844750170e-02,-3.876687864844750170e-02
-3.043975352105464383e-02,-3.043975352105464383e-02
-4.359346644745649979e-02,-4.359346644745649979e-02
-5.032040769887222847e-02,-5.032040769887222847e-02
-2.759592152243047630e-02,-2.759592152243047630e-02
-5.480186029658801194e-02,-5.480186029658801194e-02
-2.205622955800823348e-02,-2.205622955800823348e-02
-1.970788710552206363e-02,-1.970788710552206363e-02
-6.828189382290125731e-02,-6.828189382290125731e-02
-2.613710462065813381e-02,-2.613710462065813381e-02
-3.978977313461731780e-02,-3.978977313461731780e-02
-3.468927859241523193e-02,-3.468927859241523193e-02
-3.931735237914715797e-02,-3.931735237914715797e-02
-3.103734229638031167e-02,-3.103734229638031167e-02
-4.695734675798358959e-02,-4.695734675798358959e-02
-3.438963223158552490e-02,-3.438963223158552490e-02
-3.831984895006509267e-02,-3.831984895006509267e-02
-3.847197532913381596e-02,-3.847197532913381596e-02
-3.804080783462243653e-02,-3.804080783462243653e-02
-2.183412280372387659e-02,-2.183412280372387659e-02
-4.407098686197585824e-02,-4.407098686197585824e-02
-1.583986065260384324e-02,-1.583986065260384324e-02
-3.784743787598704445e-02,-3.784743787598704445e-02
1.519170824245123785e-02,1.519170824245123785e-02
-4.229486524994983954e-02,-4.229486524994983954e-02
-4.257058483298697960e-02,-4.257058483298697960e-02
-4.885611243424009542e-02,-4.885611243424009542e-02
-4.857065832265915206e-02,-4.857065832265915206e-02
-4.004338927625245015e-02,-4.004338927625245015e-02
-3.782861021300704812e-02,-3.782861021300704812e-02
-5.240560642380519274e-02,-5.240560642380519274e-02
-4.712156641219834158e-02,-4.712156641219834158e-02
-4.607394083589540223e-02,-4.607394083589540223e-02
-3.097146690354248000e-02,-3.097146690354248000e-02
-4.228841117139520156e-02,-4.228841117139520156e-02
-4.367197543517395419e-02,-4.367197543517395419e-02
-4.417940195390954172e-02,-4.417940195390954172e-02
-1.865111748051710011e-02,-1.865111748051710011e-02
-2.369481340078335996e-02,-2.369481340078335996e-02
-5.332160035266911985e-02,-5.332160035266911985e-02
-3.164185196787892840e-02,-3.164185196787892840e-02
-4.366748194140870204e-02,-4.366748194140870204e-02
-2.872524156540329915e-02,-2.872524156540329915e-02
-4.672782506377322342e-02,-4.672782506377322342e-02
-3.961441736268644931e-02,-3.961441736268644931e-02
-3.062964479214808078e-02,-3.062964479214808078e-02
-4.165536743136925152e-02,-4.165536743136925152e-02
-4.217572914498669834e-02,-4.217572914498669834e-02
-4.956775581823819055e-02,-4.956775581823819055e-02
-6.055083420953284723e-02,-6.055083420953284723e-02
-5.076338154532543390e-02,-5.076338154532543390e-02
-3.277077709902228436e-02,-3.277077709902228436e-02
-4.313543561070784516e-02,-4.313543561070784516e-02
-3.013749746065579743e-02,-3.013749746065579743e-02
-4.551383700474443544e-02,-4.551383700474443544e-02
-4.949715255086361426e-02,-4.949715255086361426e-02
-2.541725878081924073e-02,-2.541725878081924073e-02
-4.676940299577948129e-02,-4.676940299577948129e-02
-4.677422902089571621e-02,-4.677422902089571621e-02
-2.145497789425460794e-02,-2.145497789425460794e-02
-4.710402061163848630e-02,-4.710402061163848630e-02
-2.459604499828201007e-02,-2.459604499828201007e-02
-4.135766983289358018e-02,-4.135766983289358018e-02
-1.653370719032451475e-02,-1.653370719032451475e-02
-5.959256475043028106e-02,-5.959256475043028106e-02
-3.426204848926645008e-02,-3.426204848926645008e-02
-3.504926510653288280e-02,-3.504926510653288280e-02
-4.539055572515783565e-02,-4.539055572515783565e-02
-3.130691524661584346e-02,-3.130691524661584346e-02
-2.822429974222930710e-02,-2.822429974222930710e-02
-4.569003128749699050e-02,-4.569003128749699050e-02
-7.726318461926715009e-02,-7.726318461926715009e-02
-4.303455443756205173e-02,-4.303455443756205173e-02
-1.588772518631671737e-02,-1.588772518631671737e-02
-4.048270926632420441e-02,-4.048270926632420441e-02
-3.863959325413460211e-02,-3.863959325413460211e-02
-6.473782335272729171e-02,-6.473782335272729171e-02
-4.707075683540581923e-02,-4.707075683540581923e-02
-2.816277704939939425e-02,-2.816277704939939425e-02
-3.633763628536271911e-02,-3.633763628536271911e-02
-4.058295942237917509e-02,-4.058295942237917509e-02
-6.319068897696562825e-02,-6.319068897696562825e-02
-6.541165581308884536e-03,-6.541165581308884536e-03
-4.442865527783609880e-02,-4.442865527783609880e-02
-3.420852529505211126e-02,-3.420852529505211126e-02
-1.845889134751789451e-02,-1.845889134751789451e-02
-5.654946340221959911e-02,-5.654946340221959911e-02
-4.190053206122666685e-02,-4.190053206122666685e-02
-2.664240736594124248e-02,-2.664240736594124248e-02
-5.203614271224801802e-02,-5.203614271224801802e-02
-3.927979657710092137e-02,-3.927979657710092137e-02
-2.533231054530736548e-02,-2.533231054530736548e-02
-5.357652802711253964e-02,-5.357652802711253964e-02
-4.466590767815706992e-02,-4.466590767815706992e-02
-4.928661264972624551e-02,-4.928661264972624551e-02
-3.879434742847905071e-02,-3.879434742847905071e-02
-5.172737942731678307e-02,-5.172737942731678307e-02
-3.667848990311191326e-02,-3.667848990311191326e-02
-5.742210693555907519e-02,-5.742210693555907519e-02
-6.943210238169325588e-02,-6.943210238169325588e-02
-4.819974674707218354e-02,-4.819974674707218354e-02
-1.032943049831645810e-02,-1.032943049831645810e-02
-3.461083273834644064e-02,-3.461083273834644064e-02
-3.916581526261837809e-02,-3.916581526261837809e-02
-2.486683343992630163e-02,-2.486683343992630163e-02
-5.191463255364176660e-02,-5.191463255364176660e-02
-2.204387310941686995e-02,-2.204387310941686995e-02
-5.193221213545418796e-02,-5.193221213545418796e-02
-2.368602407808160365e-02,-2.368602407808160365e-02
-4.656227439669204105e-02,-4.656227439669204105e-02
-3.151879082238950164e-02,-3.151879082238950164e-02
-3.843215198448121650e-02,-3.843215198448121650e-02
-2.764914504522792554e-02,-2.764914504522792554e-02
-3.657475492006020956e-02,-3.657475492006020956e-02
-4.657061473193092882e-02,-4.657061473193092882e-02
-4.369126472903264724e-02,-4.369126472903264724e-02
-4.732122742259231574e-02,-4.732122742259231574e-02
-3.111428647909024112e-02,-3.111428647909024112e-02
-4.178853301464326153e-02,-4.178853301464326153e-02
-4.241164215405279769e-02,-4.241164215405279769e-02
-4.082344631505323285e-02,-4.082344631505323285e-02
-2.851311990273926178e-02,-2.851311990273926178e-02
-5.295758851727635358e-02,-5.295758851727635358e-02
-3.552911802632283123e-02,-3.552911802632283123e-02
-5.091852196121238877e-02,-5.091852196121238877e-02
-1.597286931754629546e-02,-1.597286931754629546e-02
-8.263366765411964132e-03,-8.263366765411964132e-03
-2.668411514367639153e-02,-2.668411514367639153e-02
-6.872019840609674968e-02,-6.872019840609674968e-02
-1.822411156622284756e-02,-1.822411156622284756e-02
-2.272328680330016476e-02,-2.272328680330016476e-02
-3.552542063977946751e-02,-3.552542063977946751e-02
-5.320688756331317520e-02,-5.320688756331317520e-02
-3.813880260228470764e-02,-3.813880260228470764e-02
-6.032161906531514212e-02,-6.032161906531514212e-02
-4.989818252435486434e-02,-4.989818252435486434e-02
-4.198948562018542385e-02,-4.198948562018542385e-02
-5.740094521613791495e-02,-5.740094521613791495e-02
-4.354868303464472928e-02,-4.354868303464472928e-02
-2.260081159275059703e-02,-2.260081159275059703e-02
-4.701225268623627357e-02,-4.701225268623627357e-02
-2.516129823302816482e-02,-2.516129823302816482e-02
-4.748777069609257107e-02,-4.748777069609257107e-02
-1.750384308275217127e-02,-1.750384308275217127e-02
-4.176600043132735335e-02,-4.176600043132735335e-02
-3.168631028660631038e-02,-3.168631028660631038e-02
-2.669181315456639614e-02,-2.669181315456639614e-02
-2.687069661540972265e-02,-2.687069661540972265e-02
-5.002046623279034210e-02,-5.002046623279034210e-02
-4.429607687600772142e-02,-4.429607687600772142e-02
-2.965025358558957130e-02,-2.965025358558957130e-02
-3.003258669504335621e-02,-3.003258669504335621e-02
-3.602042825509162161e-02,-3.602042825509162161e-02
-2.612460727772936836e-02,-2.612460727772936836e-02
-4.323245820227369918e-02,-4.323245820227369918e-02
-2.028689931074752900e-02,-2.028689931074752900e-02
-4.886512764017934135e-02,-4.886512764017934135e-02
-3.751971823788698840e-02,-3.751971823788698840e-02
-2.525581403143054016e-02,-2.525581403143054016e-02
-1.939777744576707402e-02,-1.939777744576707402e-02
-4.903347133319631290e-02,-4.903347133319631290e-02
-5.487829590822135284e-02,-5.487829590822135284e-02
-2.270377402530001504e-02,-2.270377402530001504e-02
-4.222114970188192012e-02,-4.222114970188192012e-02
-3.900288333833298871e-02,-3.900288333833298871e-02
-1.735788975286739477e-02,-1.735788975286739477e-02
-4.157292262928264509e-02,-4.157292262928264509e-02
-2.719498383057702973e-02,-2.719498383057702973e-02
-3.463283627430283063e-02,-3.463283627430283063e-02
-2.380141402072481066e-02,-2.380141402072481066e-02
-4.683050043649870930e-02,-4.683050043649870930e-02
-1.578122092406913229e-02,-1.578122092406913229e-02
-4.256007092951057807e-02,-4.256007092951057807e-02
-5.708841772571246476e-02,-5.708841772571246476e-02
-5.669624290286320173e-02,-5.669624290286320173e-02
-3.040058989929385336e-02,-3.040058989929385336e-02
-5.608743172999313548e-02,-5.608743172999313548e-02
-1.075478932529953802e-02,-1.075478932529953802e-02
-4.598674650414753123e-02,-4.598674650414753123e-02
-3.660176757218423782e-02,-3.660176757218423782e-02
-3.614593029644408428e-02,-3.614593029644408428e-02
-2.017962461055928386e-02,-2.017962461055928386e-02
-3.683952256053602686e-02,-3.683952256053602686e-02
-6.208502342467837887e-02,-6.208502342467837887e-02
-3.430443067440434868e-02,-3.430443067440434868e-02
-4.508275871693954301e-02,-4.508275871693954301e-02
-4.123003634763605652e-02,-4.123003634763605652e-02
-3.314742948832569841e-02,-3.314742948832569841e-02
-3.746141841538378620e-02,-3.746141841538378620e-02
-4.470399716386778965e-02,-4.470399716386778965e-02
-3.083534286689598725e-02,-3.083534286689598725e-02
-4.148618871081845988e-02,-4.148618871081845988e-02
-3.721202292354486990e-02,-3.721202292354486990e-02
-4.270477642818530650e-02,-4.270477642818530650e-02
-3.447917875210872174e-02,-3.447917875210872174e-02
-4.205123301490094195e-02,-4.205123301490094195e-02
-4.533791521451322609e-02,-4.533791521451322609e-02
-4.368194006995956835e-02,-4.368194006995956835e-02
-4.778261330454459943e-02,-4.778261330454459943e-02
-4.996757391484129424e-02,-4.996757391484129424e-02
-3.282786664956398315e-02,-3.282786664956398315e-02
-5.695169430729715015e-02,-5.695169430729715015e-02
-4.344656164346101523e-02,-4.344656164346101523e-02
-3.680525438096081403e-02,-3.680525438096081403e-02
-4.952654977420269111e-02,-4.952654977420269111e-02
-2.740429147873367499e-02,-2.740429147873367499e-02
-5.205815467209996827e-02,-5.205815467209996827e-02
-5.006086866802505336e-02,-5.006086866802505336e-02
-1.651612388996651082e-03,-1.651612388996651082e-03
-5.150800619706837752e-02,-5.150800619706837752e-02
-5.726468011576590911e-02,-5.726468011576590911e-02
-1.821791333547275599e-02,-1.821791333547275599e-02
-2.256083535159424114e-02,-2.256083535159424114e-02
-7.042468082983514843e-02,-7.042468082983514843e-02
-4.269429495921228668e-02,-4.269429495921228668e-02
-4.523107824391417453e-02,-4.523107824391417453e-02
-3.667931906761789929e-02,-3.667931906761789929e-02
-2.189246362456775258e-02,-2.189246362456775258e-02
-5.009920018142238751e-02,-5.009920018142238751e-02
-3.287724279114351278e-02,-3.287724279114351278e-02
-1.986720993843060085e-02,-1.986720993843060085e-02
-5.610396890943614157e-02,-5.610396890943614157e-02
-3.912759811636982304e-02,-3.912759811636982304e-02
-4.775838317210673312e-02,-4.775838317210673312e-02
-3.266335144551486130e-02,-3.266335144551486130e-02
-2.144319062295831080e-02,-2.144319062295831080e-02
-2.700505552536271170e-02,-2.700505552536271170e-02
-3.907969617051688938e-02,-3.907969617051688938e-02
-2.378221718399264190e-02,-2.378221718399264190e-02
-2.694431731472255592e-02,-2.694431731472255592e-02
-4.975381822380915003e-02,-4.975381822380915003e-02
-3.598267896317070003e-02,-3.598267896317070003e-02
-3.371130125267122329e-02,-3.371130125267122329e-02
-3.791860425375032789e-02,-3.791860425375032789e-02
-4.073573297726667403e-02,-4.073573297726667403e-02
-3.649289523227440546e-02,-3.649289523227440546e-02
-1.624327961882361671e-02,-1.624327961882361671e-02
-4.834870156588867013e-02,-4.834870156588867013e-02
-4.608165426497095457e-02,-4.608165426497095457e-02
-2.799981244159135269e-02,-2.799981244159135269e-02
-1.828133231468341557e-02,-1.828133231468341557e-02
-2.014671854792730865e-02,-2.014671854792730865e-02
-4.005243408618922724e-02,-4.005243408618922724e-02
-3.605296050286993514e-02,-3.605296050286993514e-02
-1.801813410030059931e-02,-1.801813410030059931e-02
-3.093540827756084688e-02,-3.093540827756084688e-02
-3.008338726054321510e-02,-3.008338726054321510e-02
-2.985509861243897806e-02,-2.985509861243897806e-02
-6.861408856410279589e-02,-6.861408856410279589e-02
-5.119043648552854681e-02,-5.119043648552854681e-02
-6.202712098678007935e-02,-6.202712098678007935e-02
-1.953691621107968290e-02,-1.953691621107968290e-02
-2.328675707384369326e-02,-2.328675707384369326e-02
-4.557918313719633990e-02,-4.557918313719633990e-02
-3.249018150138903438e-02,-3.249018150138903438e-02
-3.991145196846817428e-02,-3.991145196846817428e-02
-4.022395162602267205e-02,-4.022395162602267205e-02
-4.606007307572093645e-02,-4.606007307572093645e-02
-3.095278991427680149e-02,-3.095278991427680149e-02
-2.251871149011198947e-02,-2.251871149011198947e-02
-3.370355682987851570e-02,-3.370355682987851570e-02
-3.280627533682761027e-02,-3.280627533682761027e-02
-3.635588104834505674e-02,-3.635588104834505674e-02
-3.675032633401342785e-02,-3.675032633401342785e-02
-3.648962467863510473e-02,-3.648962467863510473e-02
-6.346939813764701510e-02,-6.346939813764701510e-02
-4.275022368108074428e-02,-4.275022368108074428e-02
-4.569469371702318539e-02,-4.569469371702318539e-02
-3.555081298769469100e-02,-3.555081298769469100e-02
-6.938284288616841655e-02,-6.938284288616841655e-02
-2.657283893866374536e-02,-2.657283893866374536e-02
-3.760227225194583134e-02,-3.760227225194583134e-02
-3.630146648722505642e-02,-3.630146648722505642e-02
-4.271139878887242336e-02,-4.271139878887242336e-02
-3.132338631074541024e-02,-3.132338631074541024e-02
-1.659405558005442455e-02,-1.659405558005442455e-02
-3.691386233890028845e-02,-3.691386233890028845e-02
-2.801080288575735766e-02,-2.801080288575735766e-02
-4.872629615586657886e-02,-4.872629615586657886e-02
-2.994689411666220935e-02,-2.994689411666220935e-02
-1.908405561139084328e-02,-1.908405561139084328e-02
-4.001891066707508743e-02,-4.001891066707508743e-02
-4.473902496320095873e-02,-4.473902496320095873e-02
-6.277953074749423323e-02,-6.277953074749423323e-02
-3.447004547229229332e-02,-3.447004547229229332e-02
-3.619324193585326394e-02,-3.619324193585326394e-02
-2.060340065861951397e-02,-2.060340065861951397e-02
-2.944113196256957499e-02,-2.944113196256957499e-02
-4.895815120863136055e-02,-4.895815120863136055e-02
-5.134053652827162001e-02,-5.134053652827162001e-02
-4.924718785594493081e-02,-4.924718785594493081e-02
-3.926419631936300947e-02,-3.926419631936300947e-02
-5.631667462121683204e-02,-5.631667462121683204e-02
-4.953609188074580005e-02,-4.953609188074580005e-02
-3.797473470977844739e-02,-3.797473470977844739e-02
-3.811332886161845207e-02,-3.811332886161845207e-02
-3.063064294189778852e-02,-3.063064294189778852e-02
-3.258465137003423856e-02,-3.258465137003423856e-02
-3.206690357339368053e-02,-3.206690357339368053e-02
-3.362619116649454704e-02,-3.362619116649454704e-02
-3.175876976764934606e-02,-3.175876976764934606e-02
-6.045084842362664218e-02,-6.045084842362664218e-02
-4.378214412318309767e-02,-4.378214412318309767e-02
-3.547869426466174203e-02,-3.547869426466174203e-02
-3.158749635542540402e-02,-3.158749635542540402e-02
-4.355780596866328652e-02,-4.355780596866328652e-02
-5.807477663860954875e-02,-5.807477663860954875e-02
-2.387468071803917208e-02,-2.387468071803917208e-02
-4.118794302455520973e-02,-4.118794302455520973e-02
-2.956651626443955461e-02,-2.956651626443955461e-02
-4.356845971462745826e-02,-4.356845971462745826e-02
-3.137076666221517984e-02,-3.137076666221517984e-02
-4.734129095876380561e-02,-4.734129095876380561e-02
-1.548491840454332968e-02,-1.548491840454332968e-02
-3.775044088301990342e-02,-3.775044088301990342e-02
-4.225376521061734170e-02,-4.225376521061734170e-02
-3.923135669208945020e-02,-3.923135669208945020e-02
-3.080572560374746083e-02,-3.080572560374746083e-02
-4.187601459121851472e-02,-4.187601459121851472e-02
-5.222516638156248642e-02,-5.222516638156248642e-02
-1.717776985836027420e-02,-1.717776985836027420e-02
-4.572233366014031436e-02,-4.572233366014031436e-02
-2.757527915363870707e-02,-2.757527915363870707e-02
-2.867315465703805522e-02,-2.867315465703805522e-02
-3.365988521611591733e-02,-3.365988521611591733e-02
-4.277632327112928373e-02,-4.277632327112928373e-02
-4.171941303068219670e-02,-4.171941303068219670e-02
-3.892489411875408450e-02,-3.892489411875408450e-02
-5.324498562693520676e-02,-5.324498562693520676e-02
-1.616926178186386259e-02,-1.616926178186386259e-02
-2.709631995908116237e-02,-2.709631995908116237e-02
-4.392394396974411142e-02,-4.392394396974411142e-02
2.245301484212994247e-03,2.245301484212994247e-03
-3.889841612283803651e-02,-3.889841612283803651e-02
-4.261579911433242135e-02,-4.261579911433242135e-02
-6.465867564235447396e-02,-6.465867564235447396e-02
-3.961718899895532581e-02,-3.961718899895532581e-02
-1.659483744941098876e-02,-1.659483744941098876e-02
-4.175830142042011306e-02,-4.175830142042011306e-02
-5.159139295424822191e-02,-5.159139295424822191e-02
-4.420662792300852906e-02,-4.420662792300852906e-02
-3.256491004811028905e-02,-3.256491004811028905e-02
-2.550912371271949614e-02,-2.550912371271949614e-02
-3.215347281686960906e-02,-3.215347281686960906e-02
-4.821541088884787052e-02,-4.821541088884787052e-02
-2.869022469377075640e-02,-2.869022469377075640e-02
-4.223723205099118305e-02,-4.223723205099118305e-02
-5.278490536797156296e-02,-5.278490536797156296e-02
-4.569216130027600048e-02,-4.569216130027600048e-02
-4.685923180880782052e-02,-4.685923180880782052e-02
-1.950392063167530332e-02,-1.950392063167530332e-02
-5.155995760545260126e-02,-5.155995760545260126e-02
-5.114010910755918682e-02,-5.114010910755918682e-02
-2.754943360562833038e-02,-2.754943360562833038e-02
-5.046071679672361338e-02,-5.046071679672361338e-02
-4.666610878316802130e-02,-4.666610878316802130e-02
-5.761742559321666318e-02,-5.761742559321666318e-02
-6.389343993045588921e-02,-6.389343993045588921e-02
-3.052105418579871554e-02,-3.052105418579871554e-02
-5.600960279710813505e-02,-5.600960279710813505e-02
-4.024433723202713864e-02,-4.024433723202713864e-02
-6.026455141155297179e-02,-6.026455141155297179e-02
-4.251286459682818153e-02,-4.251286459682818153e-02
-4.371940294382850589e-02,-4.371940294382850589e-02
-5.346509562346630356e-02,-5.346509562346630356e-02
-4.842082955936239524e-02,-4.842082955936239524e-02
-1.850770637685734965e-02,-1.850770637685734965e-02
-2.876065404970162137e-02,-2.876065404970162137e-02
-3.291885245791795200e-02,-3.291885245791795200e-02
-5.011709254785949585e-02,-5.011709254785949585e-02
-4.731558879795681044e-02,-4.731558879795681044e-02
-3.150072805376531726e-02,-3.150072805376531726e-02
-2.059341167413872298e-02,-2.059341167413872298e-02
-5.067658038673119453e-02,-5.067658038673119453e-02
-4.713369216145645024e-02,-4.713369216145645024e-02
-4.869544829666790087e-02,-4.869544829666790087e-02
-1.062412451371718553e-02,-1.062412451371718553e-02
-3.909919416207846554e-02,-3.909919416207846554e-02
-3.059376137470552759e-02,-3.059376137470552759e-02
-3.821092113387431627e-02,-3.821092113387431627e-02
-7.481716751896561046e-02,-7.481716751896561046e-02
-4.552529048344720192e-02,-4.552529048344720192e-02
-2.297041612277399975e-02,-2.297041612277399975e-02
-3.908100295223591869e-02,-3.908100295223591869e-02
-4.074901654885290658e-02,-4.074901654885290658e-02
-3.950720353013140174e-02,-3.950720353013140174e-02
-7.697459337122784795e-03,-7.697459337122784795e-03
-5.016035554116723971e-02,-5.016035554116723971e-02
-3.875431835752642107e-02,-3.875431835752642107e-02
-2.285154849037153435e-02,-2.285154849037153435e-02
-3.535634983130760828e-02,-3.535634983130760828e-02
-3.971342761703690327e-02,-3.971342761703690327e-02
-3.205610911413804553e-02,-3.205610911413804553e-02
-6.449251996410886034e-02,-6.449251996410886034e-02
-4.403097910418032196e-02,-4.403097910418032196e-02
-4.917208012220188051e-02,-4.917208012220188051e-02
-2.518828619063970264e-02,-2.518828619063970264e-02
-2.103574360842888624e-02,-2.103574360842888624e-02
-3.927279426539480311e-02,-3.927279426539480311e-02
-3.721805215719595911e-02,-3.721805215719595911e-02
-4.951699406354102134e-02,-4.951699406354102134e-02
-5.000567599707730210e-02,-5.000567599707730210e-02
-4.068881298109520289e-02,-4.068881298109520289e-02
-2.559828078193344264e-02,-2.559828078193344264e-02
-2.863154771532351595e-02,-2.863154771532351595e-02
-7.210090343342455410e-02,-7.210090343342455410e-02
-2.829290381903451501e-02,-2.829290381903451501e-02
-5.024872978400026641e-02,-5.024872978400026641e-02
-4.047822262227961793e-02,-4.047822262227961793e-02
-3.784761491012807871e-02,-3.784761491012807871e-02
-5.265196999649047332e-02,-5.265196999649047332e-02
-4.517529225577123636e-02,-4.517529225577123636e-02
-4.035500084189072578e-02,-4.035500084189072578e-02
-3.652821553405061206e-02,-3.652821553405061206e-02
-3.713959483185971799e-02,-3.713959483185971799e-02
-3.736122223031968642e-02,-3.736122223031968642e-02
-3.317595765009193065e-02,-3.317595765009193065e-02
-7.183863981550328570e-02,-7.183863981550328570e-02
-2.978374759958866275e-02,-2.978374759958866275e-02
-3.973970306192495944e-02,-3.973970306192495944e-02
-2.122767310145257796e-02,-2.122767310145257796e-02
-9.646475399037346410e-03,-9.646475399037346410e-03
-2.692863942736593158e-02,-2.692863942736593158e-02
-2.911805765487845976e-02,-2.911805765487845976e-02
-3.425673846820011942e-02,-3.425673846820011942e-02
-3.963417094718140604e-02,-3.963417094718140604e-02
-3.007862964339038520e-02,-3.007862964339038520e-02
-4.395978526576519579e-02,-4.395978526576519579e-02
-3.195683862024181754e-02,-3.195683862024181754e-02
-5.101385908318149115e-02,-5.101385908318149115e-02
-4.064799441558633597e-02,-4.064799441558633597e-02
-4.427909946765681143e-02,-4.427909946765681143e-02
-2.308094741073697664e-02,-2.308094741073697664e-02
-5.623406085478875605e-02,-5.623406085478875605e-02
-4.210149786174866016e-02,-4.210149786174866016e-02
-2.742881946751039857e-02,-2.742881946751039857e-02
-4.324931575627387337e-02,-4.324931575627387337e-02
-1.404045012676058413e-02,-1.404045012676058413e-02
-2.864287392964993267e-02,-2.864287392964993267e-02
-3.158543804728648763e-02,-3.158543804728648763e-02
-1.965934750933352737e-02,-1.965934750933352737e-02
-4.385711194119523704e-02,-4.385711194119523704e-02
-5.233159096389578685e-02,-5.233159096389578685e-02
-4.771398608850250384e-02,-4.771398608850250384e-02
-3.960595897616254329e-02,-3.960595897616254329e-02
-1.571926907918971827e-02,-1.571926907918971827e-02
-5.938724811993689734e-02,-5.938724811993689734e-02
-6.417762839246368700e-02,-6.417762839246368700e-02
-3.343313778224629718e-02,-3.343313778224629718e-02
-2.840584279889389607e-02,-2.840584279889389607e-02
-4.650117604264587118e-02,-4.650117604264587118e-02
-3.505625303582500518e-02,-3.505625303582500518e-02
-4.946657935767769659e-02,-4.946657935767769659e-02
-5.575576708952072191e-02,-5.575576708952072191e-02
-7.632464176100149655e-02,-7.632464176100149655e-02
-3.656271145528594557e-02,-3.656271145528594557e-02
-2.839085269102114423e-02,-2.839085269102114423e-02
-6.181098766472620937e-02,-6.181098766472620937e-02
-4.579768569589793420e-02,-4.579768569589793420e-02
-3.674091106969921278e-02,-3.674091106969921278e-02
-5.131714959054903269e-02,-5.131714959054903269e-02
-4.878966689002919854e-02,-4.878966689002919854e-02
-4.053080598366880227e-02,-4.053080598366880227e-02
-3.602662161861380774e-02,-3.602662161861380774e-02
-2.314043675608556255e-02,-2.314043675608556255e-02
-4.334652209265200257e-02,-4.334652209265200257e-02
-3.188047469064954342e-02,-3.188047469064954342e-02
-4.504834316060497140e-02,-4.504834316060497140e-02
-4.227876852834432098e-02,-4.227876852834432098e-02
-3.815735725645284793e-02,-3.815735725645284793e-02
-4.961966790034239017e-02,-4.961966790034239017e-02
-5.465346134509541098e-02,-5.465346134509541098e-02
-3.143441530432505848e-02,-3.143441530432505848e-02
-3.994793917267185079e-02,-3.994793917267185079e-02
-4.102449667882181877e-02,-4.102449667882181877e-02
-4.277077852012731163e-02,-4.277077852012731163e-02
-1.555924159044243249e-02,-1.555924159044243249e-02
-2.284604559882305597e-02,-2.284604559882305597e-02
-2.561428659897536930e-02,-2.561428659897536930e-02
-3.513196741823194219e-02,-3.513196741823194219e-02
-3.269091615878153001e-02,-3.269091615878153001e-02
-1.396576716925638367e-02,-1.396576716925638367e-02
-3.588146628597208704e-02,-3.588146628597208704e-02
-2.115861447304027976e-02,-2.115861447304027976e-02
-4.544021190700359147e-02,-4.544021190700359147e-02
-1.611942457569517928e-02,-1.611942457569517928e-02
-4.386029333104991823e-02,-4.386029333104991823e-02
-3.999409616550882174e-02,-3.999409616550882174e-02
-6.216297469097029765e-02,-6.216297469097029765e-02
-2.974332218375426093e-02,-2.974332218375426093e-02
-3.637388441556452245e-02,-3.637388441556452245e-02
-4.182896133756807550e-02,-4.182896133756807550e-02
-2.943982320171159572e-02,-2.943982320171159572e-02
-3.950196146836681965e-02,-3.950196146836681965e-02
-3.300172698314641356e-02,-3.300172698314641356e-02
-2.140825451605214702e-02,-2.140825451605214702e-02
-5.164045972863446493e-02,-5.164045972863446493e-02
-2.589241441899485172e-02,-2.589241441899485172e-02
-4.630794591498679086e-02,-4.630794591498679086e-02
-3.944689132534071052e-02,-3.944689132534071052e-02
-5.896134937080730470e-02,-5.896134937080730470e-02
-5.142103649019784395e-02,-5.142103649019784395e-02
-2.486106731048093321e-02,-2.486106731048093321e-02
-3.010410207974091590e-02,-3.010410207974091590e-02
-4.071419378384164706e-02,-4.071419378384164706e-02
-2.478302670945405073e-02,-2.478302670945405073e-02
-1.899293651409134087e-02,-1.899293651409134087e-02
-1.776456253647910877e-02,-1.776456253647910877e-02
-3.647879502869361135e-02,-3.647879502869361135e-02
-3.843499414704072692e-02,-3.843499414704072692e-02
-2.313985165155189178e-02,-2.313985165155189178e-02
-3.488197477192882257e-02,-3.488197477192882257e-02
-5.225084204813883887e-02,-5.225084204813883887e-02
-4.243929152954917933e-02,-4.243929152954917933e-02
-2.826716279146010424e-02,-2.826716279146010424e-02
-5.351614019900597513e-02,-5.351614019900597513e-02
-2.232855076101239455e-02,-2.232855076101239455e-02
-6.490638403217294239e-02,-6.490638403217294239e-02
-2.208768673640870012e-02,-2.208768673640870012e-02
-5.409696622754883027e-02,-5.409696622754883027e-02
-5.407577512593883529e-02,-5.407577512593883529e-02
-3.372625587655941892e-02,-3.372625587655941892e-02
-3.027113181958467070e-02,-3.027113181958467070e-02
-3.289986647900643157e-02,-3.289986647900643157e-02
-3.863626059506601595e-02,-3.863626059506601595e-02
-4.718860074037541097e-02,-4.718860074037541097e-02
-4.784748172953126599e-02,-4.784748172953126599e-02
-3.785962567301892623e-02,-3.785962567301892623e-02
-2.929979997995287022e-02,-2.929979997995287022e-02
-4.405387901513472398e-02,-4.405387901513472398e-02
-4.671609973924185227e-02,-4.671609973924185227e-02
-2.764810531866333104e-02,-2.764810531866333104e-02
-3.698540629924333689e-02,-3.698540629924333689e-02
-3.967864475525688384e-02,-3.967864475525688384e-02
-4.505840380146755586e-02,-4.505840380146755586e-02
-2.214473696952298787e-02,-2.214473696952298787e-02
-5.937937497813895737e-02,-5.937937497813895737e-02
-3.192142456163486741e-02,-3.192142456163486741e-02
-4.848962662252166017e-02,-4.848962662252166017e-02
-5.613950545290562200e-02,-5.613950545290562200e-02
-3.912422339096685575e-02,-3.912422339096685575e-02
-4.490164431199986095e-02,-4.490164431199986095e-02
-3.436220870342204803e-02,-3.436220870342204803e-02
-4.635352920805084487e-02,-4.635352920805084487e-02
-5.943397161600494361e-02,-5.943397161600494361e-02
-5.793886019038211460e-02,-5.793886019038211460e-02
-5.200000163665173536e-02,-5.200000163665173536e-02
-3.719977613428715468e-02,-3.719977613428715468e-02
-3.730174534909805328e-02,-3.730174534909805328e-02
-3.702997114068702633e-02,-3.702997114068702633e-02
-2.658649988826426031e-02,-2.658649988826426031e-02
-4.456742645645023898e-02,-4.456742645645023898e-02
-3.628661697420464821e-02,-3.628661697420464821e-02
-4.778915193880177437e-02,-4.778915193880177437e-02
-4.028550862829408108e-02,-4.028550862829408108e-02
-3.432203124520074450e-02,-3.432203124520074450e-02
-3.439526786090893462e-02,-3.439526786090893462e-02
-3.221209675566764907e-02,-3.221209675566764907e-02
-5.115347894031395393e-02,-5.115347894031395393e-02
-1.434699404974797143e-02,-1.434699404974797143e-02
-3.027834376568759589e-02,-3.027834376568759589e-02
-4.247289441622664058e-02,-4.247289441622664058e-02
-4.635499440240956059e-02,-4.635499440240956059e-02
-4.795375621285858508e-02,-4.795375621285858508e-02
-3.607720705941358519e-02,-3.607720705941358519e-02
-4.417404339865333568e-02,-4.417404339865333568e-02
-4.746162923879462120e-02,-4.746162923879462120e-02
-5.100705818839029737e-02,-5.100705818839029737e-02
-4.451240145360407796e-02,-4.451240145360407796e-02
-2.832198305834839752e-02,-2.832198305834839752e-02
-3.812313902978985841e-02,-3.812313902978985841e-02
-2.315456869279947788e-02,-2.315456869279947788e-02
-5.443749624177401242e-02,-5.443749624177401242e-02
-4.571212386627508673e-02,-4.571212386627508673e-02
-4.440374979251573290e-02,-4.440374979251573290e-02
-5.605799787580838245e-02,-5.605799787580838245e-02
-1.341098803977486265e-02,-1.341098803977486265e-02
-2.406160226833220506e-02,-2.406160226833220506e-02
-3.120535345705643948e-02,-3.120535345705643948e-02
-3.037377439892916670e-02,-3.037377439892916670e-02
-2.046099156985951156e-02,-2.046099156985951156e-02
-3.027384037888963819e-02,-3.027384037888963819e-02
-4.319522268007972010e-02,-4.319522268007972010e-02
-4.976115630737570905e-02,-4.976115630737570905e-02
-4.532524044263880336e-02,-4.532524044263880336e-02
-2.762323453222891023e-02,-2.762323453222891023e-02
-6.475999643180267717e-02,-6.475999643180267717e-02
-4.776072553544263855e-02,-4.776072553544263855e-02
-5.135992248575417529e-02,-5.135992248575417529e-02
-5.296022498100549231e-02,-5.296022498100549231e-02
-1.760862527959603657e-02,-1.760862527959603657e-02
-2.731839060340114644e-02,-2.731839060340114644e-02
-3.961537101690043583e-02,-3.961537101690043583e-02
-2.916693709791527006e-02,-2.916693709791527006e-02
-5.051295052238506667e-02,-5.051295052238506667e-02
-3.719933223005583017e-02,-3.719933223005583017e-02
-2.577377133942680698e-02,-2.577377133942680698e-02
-3.913395942194162341e-02,-3.913395942194162341e-02
-4.826245398120349722e-02,-4.826245398120349722e-02
-3.275852922383023363e-02,-3.275852922383023363e-02
-6.018695536394155082e-02,-6.018695536394155082e-02
-2.804326845106905330e-02,-2.804326845106905330e-02
-5.778227633549434805e-02,-5.778227633549434805e-02
-5.683644670972176627e-02,-5.683644670972176627e-02
-3.785458622127783890e-02,-3.785458622127783890e-02
-5.872962773647999457e-02,-5.872962773647999457e-02
-1.384106536388358261e-02,-1.384106536388358261e-02
-5.429051788196281175e-02,-5.429051788196281175e-02
-4.423786217293578654e-02,-4.423786217293578654e-02
-1.623895651779407034e-02,-1.623895651779407034e-02
-2.495450886124855883e-02,-2.495450886124855883e-02
-3.362015985234485110e-02,-3.362015985234485110e-02
-3.103251579951416678e-02,-3.103251579951416678e-02
-3.150642305580733660e-02,-3.150642305580733660e-02
-4.833838320550699202e-02,-4.833838320550699202e-02
-4.908144512696355211e-02,-4.908144512696355211e-02
-4.627467736441549101e-02,-4.627467736441549101e-02
-3.397335002285772898e-02,-3.397335002285772898e-02
-2.086562062021452002e-02,-2.086562062021452002e-02
-1.826055933672248582e-02,-1.826055933672248582e-02
-3.069655668883261579e-02,-3.069655668883261579e-02
-6.955846486372566084e-02,-6.955846486372566084e-02
-3.594043327791479614e-02,-3.594043327791479614e-02
-1.998534643771338049e-02,-1.998534643771338049e-02
-6.381107383652179221e-02,-6.381107383652179221e-02
-4.209647918995836069e-02,-4.209647918995836069e-02
-3.443515791717886160e-02,-3.443515791717886160e-02
-8.335871752066958962e-02,-8.335871752066958962e-02
-4.974799971692339673e-02,-4.974799971692339673e-02
-2.371398040164925114e-02,-2.371398040164925114e-02
-3.916776176291749539e-02,-3.916776176291749539e-02
-6.196042021594684590e-02,-6.196042021594684590e-02
-2.526738067977990498e-02,-2.526738067977990498e-02
-2.665295597821663171e-02,-2.665295597821663171e-02
-3.342529035715460090e-02,-3.342529035715460090e-02
-2.848244911174679928e-02,-2.848244911174679928e-02
-6.705708469675517036e-02,-6.705708469675517036e-02
-4.572420339916387355e-02,-4.572420339916387355e-02
-3.285132977233194695e-02,-3.285132977233194695e-02
-1.951806063315594808e-02,-1.951806063315594808e-02
-4.969962652876618731e-02,-4.969962652876618731e-02
-4.346744475619659237e-02,-4.346744475619659237e-02
-2.431262985302537483e-02,-2.431262985302537483e-02
-4.254023096922680824e-02,-4.254023096922680824e-02
-5.259012454491614197e-02,-5.259012454491614197e-02
-3.511101275001392297e-02,-3.511101275001392297e-02
-3.967431164304361518e-02,-3.967431164304361518e-02
-3.439758641819141288e-02,-3.439758641819141288e-02
-3.286859696470135345e-02,-3.286859696470135345e-02
-2.261765492010227308e-02,-2.261765492010227308e-02
-1.856921224861737829e-02,-1.856921224861737829e-02
-4.330248903003623001e-02,-4.330248903003623001e-02
-1.532726257306669948e-02,-1.532726257306669948e-02
-3.027208042092801449e-02,-3.027208042092801449e-02
-1.384394236230961778e-02,-1.384394236230961778e-02
-2.107575883558479579e-02,-2.107575883558479579e-02
-4.622056318844325329e-02,-4.622056318844325329e-02
-3.858257221529050318e-02,-3.858257221529050318e-02
-3.043502594036098796e-02,-3.043502594036098796e-02
-4.046273578284254047e-02,-4.046273578284254047e-02
-3.236533490476289215e-02,-3.236533490476289215e-02
-2.667113950880857509e-02,-2.667113950880857509e-02
-5.691381846137866934e-02,-5.691381846137866934e-02
-4.235932833014505183e-02,-4.235932833014505183e-02
-6.125924662807827326e-02,-6.125924662807827326e-02
-3.209553670623589011e-02,-3.209553670623589011e-02
-2.970992714927627593e-02,-2.970992714927627593e-02
-3.957146609244435731e-02,-3.957146609244435731e-02
-5.397697149444709991e-02,-5.397697149444709991e-02
-3.232697782766855155e-02,-3.232697782766855155e-02
-4.621295684778468915e-02,-4.621295684778468915e-02
-3.191320171486009688e-02,-3.191320171486009688e-02
-5.900634887293518260e-02,-5.900634887293518260e-02
-3.774417530730477671e-02,-3.774417530730477671e-02
-5.931002753269619399e-02,-5.931002753269619399e-02
-5.435390904626447028e-02,-5.435390904626447028e-02
-5.841360146792399372e-02,-5.841360146792399372e-02
-6.887758082595257791e-02,-6.887758082595257791e-02
-6.113550375009725590e-02,-6.113550375009725590e-02
-3.213068084384698014e-02,-3.213068084384698014e-02
-2.853703352776546659e-02,-2.853703352776546659e-02
-4.647528963845298788e-02,-4.647528963845298788e-02
-3.351089903895040911e-02,-3.351089903895040911e-02
-4.499252194856959153e-02,-4.499252194856959153e-02
-3.981164830738426891e-02,-3.981164830738426891e-02
-3.883182349823488533e-03,-3.883182349823488533e-03
-4.043831517198658021e-02,-4.043831517198658021e-02
-5.169355571687983542e-02,-5.169355571687983542e-02
-4.856393751515141605e-02,-4.856393751515141605e-02
-4.043972432094546099e-02,-4.043972432094546099e-02
-2.520151798131303744e-02,-2.520151798131303744e-02
-4.271865052249899930e-02,-4.271865052249899930e-02
-7.026919976650833344e-02,-7.026919976650833344e-02
-4.428376420584075046e-02,-4.428376420584075046e-02
-3.145637861835186289e-02,-3.145637861835186289e-02
-4.684298960646821747e-02,-4.684298960646821747e-02
-4.326906081031610396e-02,-4.326906081031610396e-02
-3.258000619811466519e-02,-3.258000619811466519e-02
-4.383303842077185958e-02,-4.383303842077185958e-02
-4.340590456214066944e-02,-4.340590456214066944e-02
-2.775521260056273976e-02,-2.775521260056273976e-02
-5.114511179842618632e-02,-5.114511179842618632e-02
-4.330328863049584531e-02,-4.330328863049584531e-02
-3.450736704999304155e-02,-3.450736704999304155e-02
-1.894739702029864248e-02,-1.894739702029864248e-02
-4.079091246013805822e-02,-4.079091246013805822e-02
-3.363106298317039555e-02,-3.363106298317039555e-02
-3.444975729984687401e-02,-3.444975729984687401e-02
-5.946414404765341249e-02,-5.946414404765341249e-02
-6.295295595229208341e-02,-6.295295595229208341e-02
-2.414199674823194752e-02,-2.414199674823194752e-02
-1.891061532199424938e-02,-1.891061532199424938e-02
-3.765867890223381642e-02,-3.765867890223381642e-02
-3.613623098161602293e-02,-3.613623098161602293e-02
-2.443260360224311367e-02,-2.443260360224311367e-02
-3.583985480466587298e-02,-3.583985480466587298e-02
-5.008279679406659607e-02,-5.008279679406659607e-02
-3.974716499073260856e-02,-3.974716499073260856e-02
-3.092579604308631769e-02,-3.092579604308631769e-02
-3.189534592927606438e-02,-3.189534592927606438e-02
-2.353469154572558619e-02,-2.353469154572558619e-02
-2.304338280110522497e-02,-2.304338280110522497e-02
-4.624999572932220193e-02,-4.624999572932220193e-02
-4.090359601023623587e-02,-4.090359601023623587e-02
-5.340926767897315186e-02,-5.340926767897315186e-02
-3.027777897905309379e-02,-3.027777897905309379e-02
-3.866085902757543380e-02,-3.866085902757543380e-02
-4.628912534451973260e-02,-4.628912534451973260e-02
-3.075625333787071480e-02,-3.075625333787071480e-02
-4.643454162981560523e-02,-4.643454162981560523e-02
-6.107202277737376617e-02,-6.107202277737376617e-02
-2.920787101962667165e-02,-2.920787101962667165e-02
-4.805644295495386381e-02,-4.805644295495386381e-02
-4.185400853652054137e-02,-4.185400853652054137e-02
-3.805925722183191307e-02,-3.805925722183191307e-02
-2.870711966209024690e-02,-2.870711966209024690e-02
-2.259762987763077463e-02,-2.259762987763077463e-02
-4.202123168851706891e-02,-4.202123168851706891e-02
-4.900127538554240048e-02,-4.900127538554240048e-02
-3.195874336693967782e-02,-3.195874336693967782e-02
-3.651366744918037310e-02,-3.651366744918037310e-02
-5.212070604778524380e-02,-5.212070604778524380e-02
-2.219569455459317886e-02,-2.219569455459317886e-02
-2.759673285134267573e-02,-2.759673285134267573e-02
-4.432926850539686131e-02,-4.432926850539686131e-02
-3.351271420682318258e-02,-3.351271420682318258e-02
-3.387943333792306499e-02,-3.387943333792306499e-02
-4.332092686905433115e-02,-4.332092686905433115e-02
-2.424011544965949672e-02,-2.424011544965949672e-02
-3.171623773525114598e-02,-3.171623773525114598e-02
-9.353424710822635935e-03,-9.353424710822635935e-03
-4.194054307211077248e-02,-4.194054307211077248e-02
-2.621598792466575678e-02,-2.621598792466575678e-02
-1.988368747067758430e-02,-1.988368747067758430e-02
-3.883635718186783520e-02,-3.883635718186783520e-02
-1.552954081765017813e-02,-1.552954081765017813e-02
-4.580540927372317439e-02,-4.580540927372317439e-02
-4.423676477359447107e-02,-4.423676477359447107e-02
-4.033877769907454058e-02,-4.033877769907454058e-02
-4.636282874972600526e-02,-4.636282874972600526e-02
-2.091409337989190431e-02,-2.091409337989190431e-02
-4.369016273246502380e-02,-4.369016273246502380e-02
3.908004986168667205e-03,3.908004986168667205e-03
-4.804943402033447220e-03,-4.804943402033447220e-03
-2.963546732000420236e-02,-2.963546732000420236e-02
-5.199495255565796115e-02,-5.199495255565796115e-02
-4.642725171220867669e-02,-4.642725171220867669e-02
-4.099295721904871320e-02,-4.099295721904871320e-02
-6.365938323532213672e-02,-6.365938323532213672e-02
-4.594918339074285929e-02,-4.594918339074285929e-02
-3.515403446358600359e-02,-3.515403446358600359e-02
-2.192999791287948003e-02,-2.192999791287948003e-02
-2.384633930256899181e-02,-2.384633930256899181e-02
-3.502547977249696742e-02,-3.502547977249696742e-02
-2.449398301453459964e-02,-2.449398301453459964e-02
-4.680406970722097992e-02,-4.680406970722097992e-02
-4.271194225711153619e-02,-4.271194225711153619e-02
-3.794805786849241025e-02,-3.794805786849241025e-02
-4.786173860043100442e-02,-4.786173860043100442e-02
-4.531319810869861159e-02,-4.531319810869861159e-02
-3.408664515031931824e-02,-3.408664515031931824e-02
-1.907660612181265314e-02,-1.907660612181265314e-02
-2.593337606138690354e-02,-2.593337606138690354e-02
-4.450930652458059272e-02,-4.450930652458059272e-02
-3.826717754645035663e-02,-3.826717754645035663e-02
-6.964542413489256678e-02,-6.964542413489256678e-02
-4.278665082418289800e-02,-4.278665082418289800e-02
-4.256628013616286371e-02,-4.256628013616286371e-02
-4.499982542110704531e-02,-4.499982542110704531e-02
-3.087729787048210800e-02,-3.087729787048210800e-02
-3.715129862938709726e-02,-3.715129862938709726e-02
-5.382178157898505344e-02,-5.382178157898505344e-02
-4.969686757784676223e-02,-4.969686757784676223e-02
-3.862763077356883012e-02,-3.862763077356883012e-02
-4.631872973812579952e-02,-4.631872973812579952e-02
-3.997156986501276821e-02,-3.997156986501276821e-02
-2.436002053333426870e-02,-2.436002053333426870e-02
-4.089422891011015165e-02,-4.089422891011015165e-02
-4.458474603962037097e-02,-4.458474603962037097e-02
-4.673625210340813518e-02,-4.673625210340813518e-02
-3.403184993496276289e-02,-3.403184993496276289e-02
-3.580577500135000146e-02,-3.580577500135000146e-02
-1.948618924396657709e-02,-1.948618924396657709e-02
-5.285067123756845286e-02,-5.285067123756845286e-02
-4.462245438963845928e-02,-4.462245438963845928e-02
-3.984678015052577765e-02,-3.984678015052577765e-02
-2.336705787653282906e-02,-2.336705787653282906e-02
-3.267602432764884351e-02,-3.267602432764884351e-02
-5.534537640941156189e-02,-5.534537640941156189e-02
-3.399131650843054131e-02,-3.399131650843054131e-02
-1.615705593552908131e-02,-1.615705593552908131e-02
-5.001596053942721637e-02,-5.001596053942721637e-02
-4.161822551758558725e-02,-4.161822551758558725e-02
-2.266835113462498802e-02,-2.266835113462498802e-02
-3.873969929621910724e-02,-3.873969929621910724e-02
-3.460823147483135798e-02,-3.460823147483135798e-02
-3.926830857314435319e-02,-3.926830857314435319e-02
-2.378325299293629347e-02,-2.378325299293629347e-02
-2.188253395626323095e-02,-2.188253395626323095e-02
-2.431290415368871083e-02,-2.431290415368871083e-02
-2.216628720659669094e-02,-2.216628720659669094e-02
-4.990226653839976989e-02,-4.990226653839976989e-02
-3.583693868951527695e-02,-3.583693868951527695e-02
-5.992152456024958662e-02,-5.992152456024958662e-02
-3.792742999890744843e-02,-3.792742999890744843e-02
-4.084395748596884868e-02,-4.084395748596884868e-02
-4.912580861773492569e-02,-4.912580861773492569e-02
-3.105443080365583031e-02,-3.105443080365583031e-02
-3.423335955649204482e-02,-3.423335955649204482e-02
-5.467667284279204704e-02,-5.467667284279204704e-02
-2.571833523327185511e-02,-2.571833523327185511e-02
-4.607536213878214715e-02,-4.607536213878214715e-02
-5.447711759620318256e-02,-5.447711759620318256e-02
-2.228033820778337060e-02,-2.228033820778337060e-02
-4.505418324877163982e-04,-4.505418324877163982e-04
-5.050434228797011371e-02,-5.050434228797011371e-02
-3.044767859519648123e-02,-3.044767859519648123e-02
-2.158697794869084835e-02,-2.158697794869084835e-02
-5.364043763395176523e-02,-5.364043763395176523e-02
-5.528499349135182483e-02,-5.528499349135182483e-02
-5.188965194562025762e-02,-5.188965194562025762e-02
-5.405481011511872880e-02,-5.405481011511872880e-02
-4.388432000699669239e-02,-4.388432000699669239e-02
-3.048993756707808755e-02,-3.048993756707808755e-02
-4.991264017486739951e-02,-4.991264017486739951e-02
-5.600819672470525729e-02,-5.600819672470525729e-02
-1.449538440621503388e-02,-1.449538440621503388e-02
-5.307416767875493963e-02,-5.307416767875493963e-02
-4.772505961684068987e-02,-4.772505961684068987e-02
-5.127764234512199176e-02,-5.127764234512199176e-02
-6.776583750554729391e-02,-6.776583750554729391e-02
-4.415185606608741653e-02,-4.415185606608741653e-02
-4.387013614867550648e-02,-4.387013614867550648e-02
-3.681621312865710621e-02,-3.681621312865710621e-02
-3.366152537460661426e-02,-3.366152537460661426e-02
-4.181060054246660274e-02,-4.181060054246660274e-02
-6.244126681994593281e-02,-6.244126681994593281e-02
-4.260185842838010856e-02,-4.260185842838010856e-02
-4.283121160830143798e-02,-4.283121160830143798e-02
-3.097424913753458325e-02,-3.097424913753458325e-02
-4.993070606593643518e-02,-4.993070606593643518e-02
-3.841531540858542093e-02,-3.841531540858542093e-02
-3.883820353417835602e-02,-3.883820353417835602e-02
-1.865172240473181309e-02,-1.865172240473181309e-02
-4.432164664264311160e-02,-4.432164664264311160e-02
-2.637388668984853163e-02,-2.637388668984853163e-02
-4.177795823504375228e-02,-4.177795823504375228e-02
-3.983075301207382457e-02,-3.983075301207382457e-02
-3.907843333853142087e-02,-3.907843333853142087e-02
-4.343547936851843705e-02,-4.343547936851843705e-02
-4.066721745322013359e-02,-4.066721745322013359e-02
-3.646649907286905051e-02,-3.646649907286905051e-02
-3.445960136389097928e-02,-3.445960136389097928e-02
-4.333702173458179457e-02,-4.333702173458179457e-02
-4.326892968160092612e-02,-4.326892968160092612e-02
-2.598526478628580827e-02,-2.598526478628580827e-02
-2.953749983156330611e-02,-2.953749983156330611e-02
-5.930044071607189909e-02,-5.930044071607189909e-02
-1.127994987895598877e-02,-1.127994987895598877e-02
-6.339440638840013187e-02,-6.339440638840013187e-02
-2.745735863605319044e-02,-2.745735863605319044e-02
-4.694464068755118541e-02,-4.694464068755118541e-02
-3.927685944637791110e-02,-3.927685944637791110e-02
-3.238254288218919003e-02,-3.238254288218919003e-02
-8.122388451591591729e-03,-8.122388451591591729e-03
-5.084048472641814614e-02,-5.084048472641814614e-02
-1.784613528056125387e-02,-1.784613528056125387e-02
-2.370046562889577962e-02,-2.370046562889577962e-02
-4.893301265689162932e-02,-4.893301265689162932e-02
-3.201364494496486413e-02,-3.201364494496486413e-02
-4.218317870240471251e-02,-4.218317870240471251e-02
-3.906926250364237824e-02,-3.906926250364237824e-02
-3.337462518141648404e-02,-3.337462518141648404e-02
-5.971241413113563545e-02,-5.971241413113563545e-02
-4.656403250475467381e-02,-4.656403250475467381e-02
-4.370632814513415731e-02,-4.370632814513415731e-02
-7.060451193651687274e-02,-7.060451193651687274e-02
-4.726490186264675764e-02,-4.726490186264675764e-02
-4.241788506758902011e-02,-4.241788506758902011e-02
-4.508374950544490750e-02,-4.508374950544490750e-02
-3.295832966743680870e-02,-3.295832966743680870e-02
-3.323085661197806850e-02,-3.323085661197806850e-02
-2.009950673701426521e-02,-2.009950673701426521e-02
-3.685549250720761283e-02,-3.685549250720761283e-02
-2.964427036361353546e-02,-2.964427036361353546e-02
-3.205556219703695198e-02,-3.205556219703695198e-02
-4.262631353684653845e-02,-4.262631353684653845e-02
-2.908463652544183292e-02,-2.908463652544183292e-02
-4.165358117168339869e-02,-4.165358117168339869e-02
-4.292398936306707213e-02,-4.292398936306707213e-02
-2.342101800243719112e-02,-2.342101800243719112e-02
-2.131839649331382369e-02,-2.131839649331382369e-02
-5.360611625742794928e-02,-5.360611625742794928e-02
-3.725472325497090897e-02,-3.725472325497090897e-02
-2.170292201070412458e-02,-2.170292201070412458e-02
-2.258554956480177817e-02,-2.258554956480177817e-02
-3.321578054803606822e-02,-3.321578054803606822e-02
-2.576896075619743848e-02,-2.576896075619743848e-02
-4.280711415871454179e-02,-4.280711415871454179e-02
-1.345843525454891443e-02,-1.345843525454891443e-02
-2.493349039707055265e-02,-2.493349039707055265e-02
-4.984228153219860680e-02,-4.984228153219860680e-02
-2.584507215982836253e-02,-2.584507215982836253e-02
-2.969578429161139760e-02,-2.969578429161139760e-02
-5.846259490781138130e-02,-5.846259490781138130e-02
-2.048364648932649024e-02,-2.048364648932649024e-02
-3.212014220998720554e-02,-3.212014220998720554e-02
-2.887656280381652174e-02,-2.887656280381652174e-02
-3.303632868668510136e-02,-3.303632868668510136e-02
-2.351455589798587265e-02,-2.351455589798587265e-02
-6.647197068615098847e-02,-6.647197068615098847e-02
-3.235168423671071908e-02,-3.235168423671071908e-02
-1.994451259978775870e-02,-1.994451259978775870e-02
-1.894668722317264381e-02,-1.894668722317264381e-02
-4.074624610010076087e-02,-4.074624610010076087e-02
-2.273523448227520588e-02,-2.273523448227520588e-02
-4.153275472891553716e-02,-4.153275472891553716e-02
-3.679906729094589712e-02,-3.679906729094589712e-02
-1.995944259172653668e-02,-1.995944259172653668e-02
-3.837378142989920915e-02,-3.837378142989920915e-02
-5.530949226139363073e-02,-5.530949226139363073e-02
-3.110164093446787445e-02,-3.110164093446787445e-02
-5.135285478922675673e-02,-5.135285478922675673e-02
-3.336324683689858434e-02,-3.336324683689858434e-02
-6.019797710281232783e-02,-6.019797710281232783e-02
-1.547281208248479922e-02,-1.547281208248479922e-02
-4.055912847031432900e-02,-4.055912847031432900e-02
-2.342161010570670276e-02,-2.342161010570670276e-02
-5.461231325902693445e-02,-5.461231325902693445e-02
-3.928911364721748845e-02,-3.928911364721748845e-02
-1.832250682685058335e-02,-1.832250682685058335e-02
-4.004388345389544440e-02,-4.004388345389544440e-02
-6.005589538082011652e-02,-6.005589538082011652e-02
-2.738149891514569251e-02,-2.738149891514569251e-02
-2.056043375419841501e-02,-2.056043375419841501e-02
-5.552228718811882957e-02,-5.552228718811882957e-02
-6.452798221670640044e-02,-6.452798221670640044e-02
-2.471043482483955417e-02,-2.471043482483955417e-02
-3.719706061062279939e-02,-3.719706061062279939e-02
-4.090729384651065059e-02,-4.090729384651065059e-02
-2.714335960051391522e-02,-2.714335960051391522e-02
-6.214863032639639934e-02,-6.214863032639639934e-02
-2.963859896275179012e-02,-2.963859896275179012e-02
-5.656178063540322903e-02,-5.656178063540322903e-02
-4.513283780509224491e-02,-4.513283780509224491e-02
-3.222238165391716480e-02,-3.222238165391716480e-02
-2.767649499587093026e-02,-2.767649499587093026e-02
-2.408639260309054786e-02,-2.408639260309054786e-02
-2.206998299408815395e-02,-2.206998299408815395e-02
-3.755305392531395337e-02,-3.755305392531395337e-02
-4.151702578749948136e-02,-4.151702578749948136e-02
-3.971949765773520602e-02,-3.971949765773520602e-02
-3.028234310845653865e-02,-3.028234310845653865e-02
-3.675498916397012400e-02,-3.675498916397012400e-02
-6.544006775609165216e-02,-6.544006775609165216e-02
-2.383819092948510909e-02,-2.383819092948510909e-02
-3.777765502292089461e-02,-3.777765502292089461e-02
-2.101061254733720129e-02,-2.101061254733720129e-02
-4.657602115901251366e-02,-4.657602115901251366e-02
-4.365731195308613505e-02,-4.365731195308613505e-02
-3.543895941462932297e-02,-3.543895941462932297e-02
-2.239439380998973356e-02,-2.239439380998973356e-02
-3.699784693620976339e-02,-3.699784693620976339e-02
-4.623929667079229588e-02,-4.623929667079229588e-02
-3.599894903563285314e-02,-3.599894903563285314e-02
-2.479108879373921603e-02,-2.479108879373921603e-02
-4.951594373138859528e-02,-4.951594373138859528e-02
-4.045330589108544345e-02,-4.045330589108544345e-02
-3.459206756457863796e-02,-3.459206756457863796e-02
-3.462390177573559241e-02,-3.462390177573559241e-02
-4.512252580518977957e-02,-4.512252580518977957e-02
-3.656023337712074189e-02,-3.656023337712074189e-02
-4.011921516975310714e-02,-4.011921516975310714e-02
-4.346028215021213725e-02,-4.346028215021213725e-02
-5.430915558735089493e-02,-5.430915558735089493e-02
-2.375729100349119327e-02,-2.375729100349119327e-02
-4.767508560368163839e-02,-4.767508560368163839e-02
-5.131217379491388036e-02,-5.131217379491388036e-02
-4.261235618262292774e-02,-4.261235618262292774e-02
-6.381229563612304811e-03,-6.381229563612304811e-03
-3.628636776783616263e-02,-3.628636776783616263e-02
-5.278688213274155411e-02,-5.278688213274155411e-02
-3.379238614658332251e-02,-3.379238614658332251e-02
-2.376313203918079681e-02,-2.376313203918079681e-02
-4.560857985954516053e-02,-4.560857985954516053e-02
-2.221615917638297688e-02,-2.221615917638297688e-02
-4.609514921882543886e-02,-4.609514921882543886e-02
-2.833581155265331442e-02,-2.833581155265331442e-02
-4.881596614546196422e-02,-4.881596614546196422e-02
-4.697338338768382304e-02,-4.697338338768382304e-02
-3.577037814561889739e-02,-3.577037814561889739e-02
-6.023009842157546478e-02,-6.023009842157546478e-02
-4.106319036654528659e-02,-4.106319036654528659e-02
-4.334565290323970366e-02,-4.334565290323970366e-02
-3.821041238726129163e-02,-3.821041238726129163e-02
-5.396878058281409651e-02,-5.396878058281409651e-02
-2.921054431489817499e-02,-2.921054431489817499e-02
-6.060860727981106505e-02,-6.060860727981106505e-02
-3.894137686639999318e-02,-3.894137686639999318e-02
-7.081682087441178164e-03,-7.081682087441178164e-03
-3.865497439721934936e-02,-3.865497439721934936e-02
-2.245773006758843005e-02,-2.245773006758843005e-02
-2.932553095645563934e-02,-2.932553095645563934e-02
-4.017655973168467870e-02,-4.017655973168467870e-02
-3.344299337763106256e-02,-3.344299337763106256e-02
-2.499472702047031425e-02,-2.499472702047031425e-02
-4.783851426050750311e-02,-4.783851426050750311e-02
-1.181924762903678594e-02,-1.181924762903678594e-02
-4.659172152992850646e-02,-4.659172152992850646e-02
-4.366476154549305683e-02,-4.366476154549305683e-02
-3.385549987080609807e-02,-3.385549987080609807e-02
-3.862428419873602248e-02,-3.862428419873602248e-02
-2.882907611699108558e-02,-2.882907611699108558e-02
-3.652225992872864396e-02,-3.652225992872864396e-02
-1.852890879431944721e-02,-1.852890879431944721e-02
-5.723821791900893241e-02,-5.723821791900893241e-02
-4.741752936155763098e-02,-4.741752936155763098e-02
-2.330483677625948963e-02,-2.330483677625948963e-02
-2.173721600191855230e-02,-2.173721600191855230e-02
-4.353029229496384322e-02,-4.353029229496384322e-02
-3.320171231945462376e-02,-3.320171231945462376e-02
-2.790215087031156643e-02,-2.790215087031156643e-02
-3.806485289694509777e-02,-3.806485289694509777e-02
-2.772887339192604828e-02,-2.772887339192604828e-02
-5.361303291135030569e-02,-5.361303291135030569e-02
-4.458666126486737075e-02,-4.458666126486737075e-02
-5.762100812583521858e-02,-5.762100812583521858e-02
-3.726796762225461496e-02,-3.726796762225461496e-02
-3.994267094560472603e-02,-3.994267094560472603e-02
-4.564638903403933634e-02,-4.564638903403933634e-02
-3.604042450075991416e-02,-3.604042450075991416e-02
-2.791159270982887866e-02,-2.791159270982887866e-02
-3.696829070332609962e-02,-3.696829070332609962e-02
-3.582985985403164264e-02,-3.582985985403164264e-02
-3.935087628151524852e-02,-3.935087628151524852e-02
-4.230329772691569790e-02,-4.230329772691569790e-02
-3.320233097994512717e-02,-3.320233097994512717e-02
-4.324443436950863723e-02,-4.324443436950863723e-02
-2.076324571606134872e-02,-2.076324571606134872e-02
-4.168485095337277208e-02,-4.168485095337277208e-02
-5.367101223382290259e-02,-5.367101223382290259e-02
-3.256379534711251189e-02,-3.256379534711251189e-02
-5.280872568386290461e-02,-5.280872568386290461e-02
-3.285197022647915605e-02,-3.285197022647915605e-02
-4.647706386678032014e-02,-4.647706386678032014e-02
-2.291382031784927609e-02,-2.291382031784927609e-02
-3.850442848766319481e-02,-3.850442848766319481e-02
-3.602320795096485007e-02,-3.602320795096485007e-02
-4.223931956323906389e-02,-4.223931956323906389e-02
-3.394713328814615017e-02,-3.394713328814615017e-02
-6.302496276402488884e-02,-6.302496276402488884e-02
-4.294952709987508860e-02,-4.294952709987508860e-02
-1.710179572096419409e-02,-1.710179572096419409e-02
-2.155689067724407548e-02,-2.155689067724407548e-02
-3.035967746138846374e-02,-3.035967746138846374e-02
-4.177107730557298726e-02,-4.177107730557298726e-02
-3.578710350062331430e-02,-3.578710350062331430e-02
-1.399869240796539072e-02,-1.399869240796539072e-02
-5.754837867738978735e-02,-5.754837867738978735e-02
-4.544922825113955484e-02,-4.544922825113955484e-02
-5.086409805706196274e-02,-5.086409805706196274e-02
-5.516847541105961150e-02,-5.516847541105961150e-02
-3.427644027495625745e-02,-3.427644027495625745e-02
-4.659710548507475791e-02,-4.659710548507475791e-02
-2.553042090536919440e-02,-2.553042090536919440e-02
-3.442893470488050944e-02,-3.442893470488050944e-02
-3.086169254378367741e-02,-3.086169254378367741e-02
-1.188687026373459049e-02,-1.188687026373459049e-02
-3.798488858388456013e-02,-3.798488858388456013e-02
-2.557740202206109509e-02,-2.557740202206109509e-02
-1.774357782162798436e-02,-1.774357782162798436e-02
-3.155043156216359723e-02,-3.155043156216359723e-02
-2.395197611830719719e-02,-2.395197611830719719e-02
-2.150386974474111784e-02,-2.150386974474111784e-02
-2.047448562752535867e-02,-2.047448562752535867e-02
-4.455805383036250816e-02,-4.455805383036250816e-02
-4.363221049109106825e-02,-4.363221049109106825e-02
-5.525604108545050658e-02,-5.525604108545050658e-02
-2.975990933667926192e-02,-2.975990933667926192e-02
-2.672433265341137704e-02,-2.672433265341137704e-02
-2.460153793284691748e-02,-2.460153793284691748e-02
-2.911043168895722719e-02,-2.911043168895722719e-02
-4.728237312732095493e-02,-4.728237312732095493e-02
-3.600297658686850422e-02,-3.600297658686850422e-02
-5.595340578284119237e-02,-5.595340578284119237e-02
-4.771430155756749281e-02,-4.771430155756749281e-02
-3.546553045048139730e-02,-3.546553045048139730e-02
-3.511844779357274626e-02,-3.511844779357274626e-02
-2.473768580979671811e-02,-2.473768580979671811e-02
-5.181562949459780909e-02,-5.181562949459780909e-02
-7.335097260325718072e-03,-7.335097260325718072e-03
-4.501997847574933098e-02,-4.501997847574933098e-02
-5.713088886782096559e-02,-5.713088886782096559e-02
-1.694573822913075095e-02,-1.694573822913075095e-02
-3.216161774532360490e-02,-3.216161774532360490e-02
-4.727008926048239384e-02,-4.727008926048239384e-02
-2.977964412323290400e-02,-2.977964412323290400e-02
-6.324866832828890395e-02,-6.324866832828890395e-02
-4.674809591727160929e-02,-4.674809591727160929e-02
-2.743231814865316337e-02,-2.743231814865316337e-02
-3.134351995549157499e-02,-3.134351995549157499e-02
-2.814069117684876720e-02,-2.814069117684876720e-02
-5.470378341988291204e-02,-5.470378341988291204e-02
-4.384139845272772007e-02,-4.384139845272772007e-02
-2.086811115108052478e-02,-2.086811115108052478e-02
-3.290927518375716399e-02,-3.290927518375716399e-02
-5.506518887821195557e-02,-5.506518887821195557e-02
-5.145843422181672899e-02,-5.145843422181672899e-02
-4.013388189703238212e-02,-4.013388189703238212e-02
-4.399802357152895332e-02,-4.399802357152895332e-02
-1.628174936358537522e-02,-1.628174936358537522e-02
-3.602855538325773488e-02,-3.602855538325773488e-02
-2.955517664366609509e-02,-2.955517664366609509e-02
-2.335995024293130440e-02,-2.335995024293130440e-02
-3.182933158676250901e-02,-3.182933158676250901e-02
-3.548207829485580667e-02,-3.548207829485580667e-02
-4.550992905475329670e-02,-4.550992905475329670e-02
-5.676678697265181983e-02,-5.676678697265181983e-02
-3.119407377325372765e-02,-3.119407377325372765e-02
-6.309030714203886503e-02,-6.309030714203886503e-02
-5.751095247148613893e-02,-5.751095247148613893e-02
-2.422586903438025269e-02,-2.422586903438025269e-02
-3.986339793446894153e-02,-3.986339793446894153e-02
-4.333900411735978897e-02,-4.333900411735978897e-02
-4.162129106312020821e-02,-4.162129106312020821e-02
-3.351483533766248107e-02,-3.351483533766248107e-02
-6.554470429847361612e-02,-6.554470429847361612e-02
-2.656252278384731852e-02,-2.656252278384731852e-02
-3.574030831745726722e-02,-3.574030831745726722e-02
-5.561410040376017772e-02,-5.561410040376017772e-02
-6.265075601687492002e-02,-6.265075601687492002e-02
-5.355637146258634962e-02,-5.355637146258634962e-02
-2.931583386302195199e-02,-2.931583386302195199e-02
-2.991466703612973010e-02,-2.991466703612973010e-02
-3.118131673743723686e-02,-3.118131673743723686e-02
-5.538765121596189028e-02,-5.538765121596189028e-02
-4.341843075862067414e-02,-4.341843075862067414e-02
-2.177114348456973825e-02,-2.177114348456973825e-02
-3.067853973468246537e-02,-3.067853973468246537e-02
-3.438327721004985627e-02,-3.438327721004985627e-02
-3.632876598968091952e-02,-3.632876598968091952e-02
-2.142730748496050885e-02,-2.142730748496050885e-02
-3.743850800464803424e-02,-3.743850800464803424e-02
-4.963637829374468319e-02,-4.963637829374468319e-02
-2.232116770313484488e-02,-2.232116770313484488e-02
-4.494051152748373273e-02,-4.494051152748373273e-02
-3.215986018402138685e-02,-3.215986018402138685e-02
-1.914089733451188047e-02,-1.914089733451188047e-02
-2.558634720006080360e-02,-2.558634720006080360e-02
-6.403498070704662093e-02,-6.403498070704662093e-02
-3.392907311827143835e-02,-3.392907311827143835e-02
-3.505370876017686876e-02,-3.505370876017686876e-02
-3.343929675841703780e-02,-3.343929675841703780e-02
-3.368470225751715036e-02,-3.368470225751715036e-02
-3.067010253703005007e-02,-3.067010253703005007e-02
-6.013094230477335905e-02,-6.013094230477335905e-02
-3.141401580576297370e-02,-3.141401580576297370e-02
-2.575759011777623703e-02,-2.575759011777623703e-02
-4.434413196866689166e-02,-4.434413196866689166e-02
-4.074833423171036334e-02,-4.074833423171036334e-02
-2.022377233149889875e-02,-2.022377233149889875e-02
-2.840916496494179377e-02,-2.840916496494179377e-02
-5.194098257771411625e-02,-5.194098257771411625e-02
-6.514452215089495957e-02,-6.514452215089495957e-02
-5.910906064957807682e-02,-5.910906064957807682e-02
-4.852410384974327473e-02,-4.852410384974327473e-02
-6.070125904261902683e-02,-6.070125904261902683e-02
-3.803098385771165602e-02,-3.803098385771165602e-02
-2.953209723134672671e-02,-2.953209723134672671e-02
-2.718772468947947690e-02,-2.718772468947947690e-02
-2.147987268698288432e-02,-2.147987268698288432e-02
-3.650345716988605965e-02,-3.650345716988605965e-02
-2.896126309451704101e-02,-2.896126309451704101e-02
-4.184835464493612961e-02,-4.184835464493612961e-02
-2.572472953326004202e-02,-2.572472953326004202e-02
-2.471237554586525054e-02,-2.471237554586525054e-02
-4.485401964961210908e-02,-4.485401964961210908e-02
-3.835213969363270720e-02,-3.835213969363270720e-02
-4.771481238246000345e-02,-4.771481238246000345e-02
-2.920249026009864857e-02,-2.920249026009864857e-02
-4.010012259352329494e-02,-4.010012259352329494e-02
-4.822952452653453403e-02,-4.822952452653453403e-02
-2.934972417810070844e-02,-2.934972417810070844e-02
-4.649217683904339343e-02,-4.649217683904339343e-02
-2.715405142270081729e-02,-2.715405142270081729e-02
-4.217926005181599908e-02,-4.217926005181599908e-02
-2.573702624629065766e-02,-2.573702624629065766e-02
-4.308832959507532395e-02,-4.308832959507532395e-02
-3.585383944574355164e-02,-3.585383944574355164e-02
-3.829413404864296516e-02,-3.829413404864296516e-02
-2.494623536998545610e-02,-2.494623536998545610e-02
-3.172346127692131368e-02,-3.172346127692131368e-02
-3.977319809324805777e-02,-3.977319809324805777e-02
-5.120256539106031457e-02,-5.120256539106031457e-02
-4.121700741974713977e-02,-4.121700741974713977e-02
-4.727999609543511589e-02,-4.727999609543511589e-02
-3.370667733604444660e-02,-3.370667733604444660e-02
-2.380645591553692819e-02,-2.380645591553692819e-02
-5.257177527565432690e-02,-5.257177527565432690e-02
-3.825424666628879367e-02,-3.825424666628879367e-02
-2.613395108640693271e-02,-2.613395108640693271e-02
-3.680248615997973316e-02,-3.680248615997973316e-02
-2.107459491985740063e-02,-2.107459491985740063e-02
-3.441310254751785841e-02,-3.441310254751785841e-02
-3.332392297755441823e-02,-3.332392297755441823e-02
-2.988765311210653253e-02,-2.988765311210653253e-02
-2.503444099611576434e-02,-2.503444099611576434e-02
-5.393219719473747731e-02,-5.393219719473747731e-02
-4.883748192678773886e-02,-4.883748192678773886e-02
-4.013631400329965154e-02,-4.013631400329965154e-02
-2.945474947923054643e-02,-2.945474947923054643e-02
-4.484687351290658763e-02,-4.484687351290658763e-02
-3.374093224277004838e-02,-3.374093224277004838e-02
-3.270994011992399420e-02,-3.270994011992399420e-02
-3.638906505135381525e-02,-3.638906505135381525e-02
-2.291760673034208551e-02,-2.291760673034208551e-02
-7.002131563299271444e-02,-7.002131563299271444e-02
-2.088646366842942387e-02,-2.088646366842942387e-02
-3.035240710510015566e-02,-3.035240710510015566e-02
-5.202333592560882958e-02,-5.202333592560882958e-02
-3.929515821756832811e-02,-3.929515821756832811e-02
-3.725915675679584288e-02,-3.725915675679584288e-02
-5.085497148945762602e-02,-5.085497148945762602e-02
-2.181371975288527026e-02,-2.181371975288527026e-02
-4.282280333299193220e-02,-4.282280333299193220e-02
-2.440883929044060374e-02,-2.440883929044060374e-02
-3.262179860774063606e-02,-3.262179860774063606e-02
-4.249575008412299210e-02,-4.249575008412299210e-02
-4.353929212122660541e-02,-4.353929212122660541e-02
-2.571553678813721239e-02,-2.571553678813721239e-02
-5.089763503011991708e-02,-5.089763503011991708e-02
-1.578774870863446089e-02,-1.578774870863446089e-02
-4.411430648962130080e-02,-4.411430648962130080e-02
-2.399975234124257506e-02,-2.399975234124257506e-02
-5.690060089447794567e-02,-5.690060089447794567e-02
-3.643496453679602454e-02,-3.643496453679602454e-02
-3.185281972772732728e-02,-3.185281972772732728e-02
-5.014095309743719919e-02,-5.014095309743719919e-02
-2.982037376074410384e-02,-2.982037376074410384e-02
-1.786413437463431342e-02,-1.786413437463431342e-02
-6.308347475435704954e-02,-6.308347475435704954e-02
-6.079221378256113167e-02,-6.079221378256113167e-02
-3.986764838601375427e-02,-3.986764838601375427e-02
-3.874167099377074513e-02,-3.874167099377074513e-02
-3.198263520292027318e-02,-3.198263520292027318e-02
-4.865217091588552867e-02,-4.865217091588552867e-02
-2.659327639267619614e-02,-2.659327639267619614e-02
-3.444718325968140066e-02,-3.444718325968140066e-02
-3.330816019694295832e-02,-3.330816019694295832e-02
-2.758071404330126458e-02,-2.758071404330126458e-02
-1.988997677657474566e-02,-1.988997677657474566e-02
-1.846747383864760783e-02,-1.846747383864760783e-02
-3.120437815892133926e-02,-3.120437815892133926e-02
-2.752666919318020461e-02,-2.752666919318020461e-02
-5.300137578869806160e-02,-5.300137578869806160e-02
-3.378067623560944421e-02,-3.378067623560944421e-02
-3.726375076989871943e-02,-3.726375076989871943e-02
-3.611713673896919247e-02,-3.611713673896919247e-02
-2.176236996218944286e-02,-2.176236996218944286e-02
-3.180840581174500248e-02,-3.180840581174500248e-02
-3.360323903593484540e-02,-3.360323903593484540e-02
-2.185522985896939940e-02,-2.185522985896939940e-02
-5.234777783063684908e-02,-5.234777783063684908e-02
-3.805153851775463364e-02,-3.805153851775463364e-02
-2.282683647377506397e-02,-2.282683647377506397e-02
-4.584719447656621094e-02,-4.584719447656621094e-02
-4.825667973290959784e-02,-4.825667973290959784e-02
-3.795601888926029149e-02,-3.795601888926029149e-02
-1.950833116017742369e-02,-1.950833116017742369e-02
-8.522664241442746980e-03,-8.522664241442746980e-03
-3.234563964039590539e-02,-3.234563964039590539e-02
-5.770319354952910956e-02,-5.770319354952910956e-02
-3.287293353520906458e-02,-3.287293353520906458e-02
-1.341615185617042044e-02,-1.341615185617042044e-02
-4.299398194179583632e-02,-4.299398194179583632e-02
-3.096471127421582953e-02,-3.096471127421582953e-02
-2.613795554073459343e-02,-2.613795554073459343e-02
-5.272382542038068359e-02,-5.272382542038068359e-02
-5.616528472711523889e-02,-5.616528472711523889e-02
-3.445177438339068476e-02,-3.445177438339068476e-02
-3.110440245050843239e-02,-3.110440245050843239e-02
-2.830623515634207027e-02,-2.830623515634207027e-02
-3.711734136234564468e-02,-3.711734136234564468e-02
-3.575612848072803190e-02,-3.575612848072803190e-02
-4.073260991558261962e-02,-4.073260991558261962e-02
-2.844335656386874633e-02,-2.844335656386874633e-02
-2.537986305262977804e-02,-2.537986305262977804e-02
-2.776093207290384474e-02,-2.776093207290384474e-02
-2.261371602027419797e-02,-2.261371602027419797e-02
-3.727389328036567751e-02,-3.727389328036567751e-02
-5.322486111545159104e-02,-5.322486111545159104e-02
-3.723795634136237154e-02,-3.723795634136237154e-02
-5.266920350024266451e-02,-5.266920350024266451e-02
-5.349951040289374626e-03,-5.349951040289374626e-03
-3.517153972495915687e-02,-3.517153972495915687e-02
-3.199843559569535284e-02,-3.199843559569535284e-02
-2.150720079578991722e-02,-2.150720079578991722e-02
-2.968578391454498172e-02,-2.968578391454498172e-02
-5.534324374083510883e-02,-5.534324374083510883e-02
-3.247317146531348425e-02,-3.247317146531348425e-02
-3.315690882720544880e-02,-3.315690882720544880e-02
-2.606997733945328258e-02,-2.606997733945328258e-02
-5.162570444931219998e-02,-5.162570444931219998e-02
-4.457662736366931056e-02,-4.457662736366931056e-02
-5.944131809325316901e-02,-5.944131809325316901e-02
-2.048982425814668829e-02,-2.048982425814668829e-02
-5.773040380574950142e-02,-5.773040380574950142e-02
-5.168295500679549043e-02,-5.168295500679549043e-02
-4.162006030134057788e-02,-4.162006030134057788e-02
-3.165782159679626090e-02,-3.165782159679626090e-02
-4.627878384421051094e-02,-4.627878384421051094e-02
-3.174678225023001843e-02,-3.174678225023001843e-02
-3.833328733205311478e-02,-3.833328733205311478e-02
-3.960601433672621130e-02,-3.960601433672621130e-02
-2.182493995790160679e-02,-2.182493995790160679e-02
-3.046119349629532180e-02,-3.046119349629532180e-02
-1.826911686255183742e-02,-1.826911686255183742e-02
-2.967514616474040134e-02,-2.967514616474040134e-02
-1.152614908346106387e-02,-1.152614908346106387e-02
-4.018231691505635278e-02,-4.018231691505635278e-02
-5.632636245996663210e-02,-5.632636245996663210e-02
-4.292021099269295592e-02,-4.292021099269295592e-02
-5.437174313176989376e-02,-5.437174313176989376e-02
-4.224379294486500791e-02,-4.224379294486500791e-02
-3.980713002785028765e-02,-3.980713002785028765e-02
-5.168162660396348473e-02,-5.168162660396348473e-02
-1.808772368758224114e-02,-1.808772368758224114e-02
-4.322467354273316908e-02,-4.322467354273316908e-02
-3.517677144334804828e-02,-3.517677144334804828e-02
-5.930440770377146814e-02,-5.930440770377146814e-02
-3.012383203510828056e-02,-3.012383203510828056e-02
-3.498332504402176107e-02,-3.498332504402176107e-02
-2.109891280781983625e-03,-2.109891280781983625e-03
-5.572390966820725544e-02,-5.572390966820725544e-02
-4.042612675573574454e-02,-4.042612675573574454e-02
-4.675308441594312747e-02,-4.675308441594312747e-02
-4.816967365682668645e-02,-4.816967365682668645e-02
-6.327487646019980261e-02,-6.327487646019980261e-02
-3.896211115832214078e-02,-3.896211115832214078e-02
-4.076709583190420150e-02,-4.076709583190420150e-02
-3.004905709961991356e-02,-3.004905709961991356e-02
-3.913610814672938837e-02,-3.913610814672938837e-02
-2.901087253208169819e-02,-2.901087253208169819e-02
-5.198708069057302039e-02,-5.198708069057302039e-02
-3.952224778507820724e-02,-3.952224778507820724e-02
-1.414056215997085836e-02,-1.414056215997085836e-02
-4.695272733903926160e-02,-4.695272733903926160e-02
-3.735445495117180326e-02,-3.735445495117180326e-02
-4.219658028225213575e-02,-4.219658028225213575e-02
-3.017355991046944547e-02,-3.017355991046944547e-02
-4.981608317972886085e-02,-4.981608317972886085e-02
-5.306058507250042272e-02,-5.306058507250042272e-02
-4.154357250247411176e-02,-4.154357250247411176e-02
-1.632204519156452149e-02,-1.632204519156452149e-02
-4.312577003498724304e-02,-4.312577003498724304e-02
-4.200379410893079202e-02,-4.200379410893079202e-02
-3.818262892739281850e-02,-3.818262892739281850e-02
-2.410036519496207286e-02,-2.410036519496207286e-02
-4.013408578175704094e-02,-4.013408578175704094e-02
-4.566893009054608793e-02,-4.566893009054608793e-02
-3.210765774664169070e-02,-3.210765774664169070e-02
-2.925823819254296659e-02,-2.925823819254296659e-02
-1.934398684919275829e-02,-1.934398684919275829e-02
-4.068234768552334707e-02,-4.068234768552334707e-02
-4.273802842660596318e-02,-4.273802842660596318e-02
2.719593512871334995e-04,2.719593512871334995e-04
-3.120306752914475679e-02,-3.120306752914475679e-02
-3.583907010851120761e-02,-3.583907010851120761e-02
-2.918935288592156008e-02,-2.918935288592156008e-02
-2.382003444895873512e-02,-2.382003444895873512e-02
-2.639186606429076709e-02,-2.639186606429076709e-02
-3.477584175748296702e-02,-3.477584175748296702e-02
-2.168580564869418414e-02,-2.168580564869418414e-02
-4.900065798025574765e-02,-4.900065798025574765e-02
-4.754589079260478079e-02,-4.754589079260478079e-02
-4.802665123652519880e-02,-4.802665123652519880e-02
-7.839123788436909435e-02,-7.839123788436909435e-02
-4.515008473023496977e-02,-4.515008473023496977e-02
-3.284937369126703088e-02,-3.284937369126703088e-02
-4.796143140239885611e-02,-4.796143140239885611e-02
-3.365101411458612524e-02,-3.365101411458612524e-02
-2.888659718265596671e-02,-2.888659718265596671e-02
-2.909250095437625888e-02,-2.909250095437625888e-02
-3.319921381861513227e-02,-3.319921381861513227e-02
-4.397849882757236262e-02,-4.397849882757236262e-02
-5.014519229487746782e-02,-5.014519229487746782e-02
-2.671665882953134369e-02,-2.671665882953134369e-02
-2.660804402137065261e-02,-2.660804402137065261e-02
-3.331230541933621891e-02,-3.331230541933621891e-02
-3.292334699714608015e-02,-3.292334699714608015e-02
-2.015136870736200514e-02,-2.015136870736200514e-02
-2.401384842907544614e-02,-2.401384842907544614e-02
-5.873509393540755907e-02,-5.873509393540755907e-02
-2.713659544299765886e-02,-2.713659544299765886e-02
-2.348051390982232312e-02,-2.348051390982232312e-02
-2.481460631106336551e-02,-2.481460631106336551e-02
-2.555900106411068684e-02,-2.555900106411068684e-02
-1.571649525094816896e-02,-1.571649525094816896e-02
-2.593444551393597752e-02,-2.593444551393597752e-02
-3.865778129480106073e-02,-3.865778129480106073e-02
-2.929225369912562965e-02,-2.929225369912562965e-02
-3.581374362031980452e-02,-3.581374362031980452e-02
-4.236925881510673203e-02,-4.236925881510673203e-02
-4.226292600899653196e-02,-4.226292600899653196e-02
-1.493126889288885067e-02,-1.493126889288885067e-02
-2.893356976577112979e-02,-2.893356976577112979e-02
-4.244861977365666644e-02,-4.244861977365666644e-02
-4.315133011051523748e-02,-4.315133011051523748e-02
-1.964447730960381527e-02,-1.964447730960381527e-02
-3.941867690007585384e-02,-3.941867690007585384e-02
-2.486332305439429083e-02,-2.486332305439429083e-02
-1.992256474693505225e-02,-1.992256474693505225e-02
-3.615000801928682644e-02,-3.615000801928682644e-02
-3.481199882066155632e-02,-3.481199882066155632e-02
-2.062841471926925990e-02,-2.062841471926925990e-02
-2.413524514669522503e-02,-2.413524514669522503e-02
-3.898101772331397791e-02,-3.898101772331397791e-02
-3.862846737147131865e-02,-3.862846737147131865e-02
-3.200791902795768057e-02,-3.200791902795768057e-02
-3.763515929066201665e-02,-3.763515929066201665e-02
-4.548745701167488525e-02,-4.548745701167488525e-02
-1.041722644699703132e-02,-1.041722644699703132e-02
-1.355042946273236210e-02,-1.355042946273236210e-02
-3.674965601336224047e-02,-3.674965601336224047e-02
-5.652465373447276842e-02,-5.652465373447276842e-02
-4.556508504830259626e-02,-4.556508504830259626e-02
-9.469070702453057098e-03,-9.469070702453057098e-03
-3.622182878431376429e-02,-3.622182878431376429e-02
-5.683211610539137121e-02,-5.683211610539137121e-02
-4.446251579836522916e-02,-4.446251579836522916e-02
-4.789805815232174580e-02,-4.789805815232174580e-02
-4.041804347677334375e-02,-4.041804347677334375e-02
-2.983010958193085121e-02,-2.983010958193085121e-02
-4.408394661320064883e-02,-4.408394661320064883e-02
-4.251179094116825513e-02,-4.251179094116825513e-02
-3.068529447682366573e-02,-3.068529447682366573e-02
-4.058295081637734725e-02,-4.058295081637734725e-02
-5.517659947513693652e-03,-5.517659947513693652e-03
-5.194621517835953245e-02,-5.194621517835953245e-02
-4.171286736151202934e-02,-4.171286736151202934e-02
-6.312513077879100543e-02,-6.312513077879100543e-02
-3.038799927829663461e-02,-3.038799927829663461e-02
-3.622574051141920493e-02,-3.622574051141920493e-02
-5.073078605878546254e-02,-5.073078605878546254e-02
-2.223416928145341420e-02,-2.223416928145341420e-02
-3.260646756746719832e-02,-3.260646756746719832e-02
-4.657362888788891403e-02,-4.657362888788891403e-02
-4.508518115310941599e-02,-4.508518115310941599e-02
-3.862485239598117959e-02,-3.862485239598117959e-02
-1.489523313929928816e-02,-1.489523313929928816e-02
-2.961605220747122458e-02,-2.961605220747122458e-02
-3.810725894620598658e-02,-3.810725894620598658e-02
-3.815037285255235000e-02,-3.815037285255235000e-02
-4.422690455680287902e-02,-4.422690455680287902e-02
-3.577233920259811906e-02,-3.577233920259811906e-02
-3.633175162199329955e-02,-3.633175162199329955e-02
-2.977117971903501387e-02,-2.977117971903501387e-02
-4.151247740463945984e-02,-4.151247740463945984e-02
-3.377875618394139690e-02,-3.377875618394139690e-02
-4.011006691915509209e-02,-4.011006691915509209e-02
-5.509504254313311866e-02,-5.509504254313311866e-02
-3.312449088700999272e-02,-3.312449088700999272e-02
-3.654043526174145795e-02,-3.654043526174145795e-02
-3.561233767206045675e-02,-3.561233767206045675e-02
-3.923909546207656612e-02,-3.923909546207656612e-02
-5.297344100723074684e-02,-5.297344100723074684e-02
-2.236065623716206735e-02,-2.236065623716206735e-02
-4.625614015912525578e-02,-4.625614015912525578e-02
-2.101453134964493402e-02,-2.101453134964493402e-02
-3.861282361235153504e-02,-3.861282361235153504e-02
-3.697059624723066790e-02,-3.697059624723066790e-02
-1.933767144582920067e-02,-1.933767144582920067e-02
-6.190873702463825512e-02,-6.190873702463825512e-02
-4.132101637327373345e-02,-4.132101637327373345e-02
-4.799544395406767083e-02,-4.799544395406767083e-02
-6.123936284912150779e-02,-6.123936284912150779e-02
-3.581552197449460601e-02,-3.581552197449460601e-02
-5.160737918853044309e-02,-5.160737918853044309e-02
-6.656134927265243417e-02,-6.656134927265243417e-02
-3.439017398466390207e-02,-3.439017398466390207e-02
-3.491932591592669666e-02,-3.491932591592669666e-02
-3.943117474727272920e-02,-3.943117474727272920e-02
-5.037477198491415592e-02,-5.037477198491415592e-02
-6.012754519231057471e-02,-6.012754519231057471e-02
-1.864377113913744111e-02,-1.864377113913744111e-02
-4.078026073782732575e-02,-4.078026073782732575e-02
-4.375670324033091585e-02,-4.375670324033091585e-02
-5.551809089946029702e-02,-5.551809089946029702e-02
-3.338107439802469323e-02,-3.338107439802469323e-02
-6.450116536789815558e-02,-6.450116536789815558e-02
-4.419428237463467884e-02,-4.419428237463467884e-02
-3.608307725969753937e-02,-3.608307725969753937e-02
-4.616638725999488990e-02,-4.616638725999488990e-02
-2.320974492415123214e-02,-2.320974492415123214e-02
-2.626725861085633246e-02,-2.626725861085633246e-02
-3.911404468758346992e-02,-3.911404468758346992e-02
-4.833553738642297481e-02,-4.833553738642297481e-02
-5.376298679071336156e-02,-5.376298679071336156e-02
-5.056319372958416325e-02,-5.056319372958416325e-02
-1.436989629452690292e-02,-1.436989629452690292e-02
-2.667772610103598396e-02,-2.667772610103598396e-02
-3.700324728957059967e-02,-3.700324728957059967e-02
-4.971230876654043895e-02,-4.971230876654043895e-02
-3.322981145754197452e-02,-3.322981145754197452e-02
-3.445914853758986346e-02,-3.445914853758986346e-02
-3.649850264791228843e-02,-3.649850264791228843e-02
-4.308605484608942632e-02,-4.308605484608942632e-02
-2.233675789339970713e-02,-2.233675789339970713e-02
-3.556639785221114847e-02,-3.556639785221114847e-02
-5.583095941378973109e-02,-5.583095941378973109e-02
-4.345670745474347618e-02,-4.345670745474347618e-02
-2.513777971942002254e-02,-2.513777971942002254e-02
-6.658645831672649340e-02,-6.658645831672649340e-02
-4.072660106604863300e-02,-4.072660106604863300e-02
-3.974046065423587210e-02,-3.974046065423587210e-02
-4.913375733810158852e-02,-4.913375733810158852e-02
-2.850635884286263633e-02,-2.850635884286263633e-02
-2.266839972537128267e-02,-2.266839972537128267e-02
-4.287381362460318535e-02,-4.287381362460318535e-02
-4.559391471898580767e-02,-4.559391471898580767e-02
-1.876194736957270681e-02,-1.876194736957270681e-02
-2.898148615688009994e-02,-2.898148615688009994e-02
-3.113499133470018498e-02,-3.113499133470018498e-02
-5.221761954898241492e-02,-5.221761954898241492e-02
-4.753853403906223296e-02,-4.753853403906223296e-02
-3.294038660536546814e-02,-3.294038660536546814e-02
-4.272169145445273847e-02,-4.272169145445273847e-02
-6.008338546852121792e-02,-6.008338546852121792e-02
-5.247342811494602050e-02,-5.247342811494602050e-02
-3.153561280490741608e-02,-3.153561280490741608e-02
-2.744611297406924361e-02,-2.744611297406924361e-02
-6.183023146124368846e-02,-6.183023146124368846e-02
-4.248409672601061171e-02,-4.248409672601061171e-02
-3.495995035741391449e-02,-3.495995035741391449e-02
-2.893407458562256840e-02,-2.893407458562256840e-02
-3.758288436510713593e-02,-3.758288436510713593e-02
-2.761800976690998582e-02,-2.761800976690998582e-02
-2.162165263870875070e-02,-2.162165263870875070e-02
-4.790367064496250243e-02,-4.790367064496250243e-02
-3.862387123385892934e-02,-3.862387123385892934e-02
-5.882191429795717574e-02,-5.882191429795717574e-02
-3.329395820027690467e-02,-3.329395820027690467e-02
-2.913471697962057017e-02,-2.913471697962057017e-02
-3.007063692376213404e-02,-3.007063692376213404e-02
-4.038761199106109118e-02,-4.038761199106109118e-02
-1.339781284692763419e-02,-1.339781284692763419e-02
-1.637593716795514298e-02,-1.637593716795514298e-02
-3.817264847083701174e-02,-3.817264847083701174e-02
-5.709235192953566324e-02,-5.709235192953566324e-02
-4.488098909225647637e-02,-4.488098909225647637e-02
-4.802937203362403484e-02,-4.802937203362403484e-02
-5.243183961556081157e-02,-5.243183961556081157e-02
-4.470266302716332379e-02,-4.470266302716332379e-02
-4.338427261039789345e-02,-4.338427261039789345e-02
-7.034400768096656098e-02,-7.034400768096656098e-02
-1.804655934975844117e-02,-1.804655934975844117e-02
-7.740583659179076093e-02,-7.740583659179076093e-02
-3.704878720040884199e-02,-3.704878720040884199e-02
-4.190038271005917109e-02,-4.190038271005917109e-02
-5.573474908141297368e-02,-5.573474908141297368e-02
-3.610320137053421585e-02,-3.610320137053421585e-02
-1.871801033668162723e-02,-1.871801033668162723e-02
-2.621288729557534614e-02,-2.621288729557534614e-02
-4.511991624206346946e-02,-4.511991624206346946e-02
-5.850812205349344153e-02,-5.850812205349344153e-02
-5.329737148253670814e-02,-5.329737148253670814e-02
-3.610824989363713849e-02,-3.610824989363713849e-02
-2.335103969751274600e-02,-2.335103969751274600e-02
-5.407440252156240496e-02,-5.407440252156240496e-02
-1.754725549504122101e-02,-1.754725549504122101e-02
-2.126437417799501017e-02,-2.126437417799501017e-02
-4.794720000794137904e-02,-4.794720000794137904e-02
-5.275609792712471213e-02,-5.275609792712471213e-02
-3.732359639432666909e-02,-3.732359639432666909e-02
-3.155763994947536483e-02,-3.155763994947536483e-02
-4.469689296585511312e-02,-4.469689296585511312e-02
-2.996061232253313666e-02,-2.996061232253313666e-02
-4.030201001845325204e-02,-4.030201001845325204e-02
-6.195467762541358170e-02,-6.195467762541358170e-02
-1.071796541494240279e-02,-1.071796541494240279e-02
-5.726821521546395649e-02,-5.726821521546395649e-02
-5.708983959269574304e-02,-5.708983959269574304e-02
-2.996055463071949088e-02,-2.996055463071949088e-02
-4.324716827640485983e-02,-4.324716827640485983e-02
-3.723707362881997773e-02,-3.723707362881997773e-02
-5.809548848832358364e-02,-5.809548848832358364e-02
-3.416119800854938715e-02,-3.416119800854938715e-02
-2.634926456170135628e-02,-2.634926456170135628e-02
-2.589203007192381056e-02,-2.589203007192381056e-02
-3.064567663218480814e-02,-3.064567663218480814e-02
-5.644291652329312681e-02,-5.644291652329312681e-02
-4.229602870583226704e-02,-4.229602870583226704e-02
-2.672605962595293178e-02,-2.672605962595293178e-02
-5.084014792321345233e-02,-5.084014792321345233e-02
-6.032112488635948261e-02,-6.032112488635948261e-02
-3.203787436320778420e-02,-3.203787436320778420e-02
-2.587953714621109291e-02,-2.587953714621109291e-02
-6.949400491429971738e-02,-6.949400491429971738e-02
-3.581386165170157704e-02,-3.581386165170157704e-02
-4.545822395850779990e-02,-4.545822395850779990e-02
-1.955025763385271481e-02,-1.955025763385271481e-02
-4.043453984332311818e-02,-4.043453984332311818e-02
-2.616072763254041061e-02,-2.616072763254041061e-02
-4.051832658204290727e-02,-4.051832658204290727e-02
-2.047914704233522870e-02,-2.047914704233522870e-02
-3.884815948210985914e-02,-3.884815948210985914e-02
