-5.768050418097081522e-03,-5.768050418097081522e-03
8.484289661359198931e-01,8.484289661359198931e-01
1.763079718576603394e-01,1.763079718576603394e-01
6.329159953670349115e-01,6.329159953670349115e-01
1.215219498487112082e+00,1.215219498487112082e+00
7.312834305386330946e-01,7.312834305386330946e-01
8.165731979653327866e-01,8.165731979653327866e-01
-1.010411708434769018e+00,-1.010411708434769018e+00
-7.017303670990051589e-01,-7.017303670990051589e-01
2.411937216321932975e-01,2.411937216321932975e-01
1.983032539852261356e-01,1.983032539852261356e-01
-2.360838513919280679e+00,-2.360838513919280679e+00
-6.600109191999968816e-01,-6.600109191999968816e-01
7.494367007978318673e-01,7.494367007978318673e-01
-9.485409511565623397e-03,-9.485409511565623397e-03
-5.172496375531669965e-01,-5.172496375531669965e-01
-5.239021840579261013e-02,-5.239021840579261013e-02
3.717116485870046172e-01,3.717116485870046172e-01
-3.308389307453432626e-01,-3.308389307453432626e-01
-2.255595292081525871e-01,-2.255595292081525871e-01
-5.404670238024870121e-01,-5.404670238024870121e-01
7.696429939924139818e-01,7.696429939924139818e-01
-6.096819802424893187e-01,-6.096819802424893187e-01
3.157531962720885321e-01,3.157531962720885321e-01
3.195489199438877881e-02,3.195489199438877881e-02
3.697977687682415526e-01,3.697977687682415526e-01
-5.369167212165352199e-01,-5.369167212165352199e-01
7.814028226151598089e-03,7.814028226151598089e-03
9.605456569785528753e-01,9.605456569785528753e-01
-4.688789652932043861e-01,-4.688789652932043861e-01
9.968616869017339344e-01,9.968616869017339344e-01
7.758563815982705281e-02,7.758563815982705281e-02
1.636041738541831769e+00,1.636041738541831769e+00
-1.181595396818975185e-01,-1.181595396818975185e-01
6.783920955156987898e-01,6.783920955156987898e-01
7.711492019101977569e-01,7.711492019101977569e-01
-3.849270421913160156e-01,-3.849270421913160156e-01
-6.501722897042521154e-01,-6.501722897042521154e-01
-8.988120135355202045e-01,-8.988120135355202045e-01
-2.600506587193723851e-02,-2.600506587193723851e-02
5.105043739517420853e-01,5.105043739517420853e-01
2.943720579228704670e-01,2.943720579228704670e-01
-8.580140082610034913e-01,-8.580140082610034913e-01
-2.495965242721220889e-02,-2.495965242721220889e-02
1.875368426680273259e+00,1.875368426680273259e+00
6.869148936992636179e-01,6.869148936992636179e-01
7.569556806276038774e-01,7.569556806276038774e-01
-2.921659518412272893e-01,-2.921659518412272893e-01
4.603860272725827651e-01,4.603860272725827651e-01
3.043896604228288338e-02,3.043896604228288338e-02
-1.099349972026398614e+00,-1.099349972026398614e+00
-6.170488822723805278e-01,-6.170488822723805278e-01
-1.549107613919949555e+00,-1.549107613919949555e+00
-6.550285522675913796e-02,-6.550285522675913796e-02
-2.207332954295847804e-01,-2.207332954295847804e-01
-1.114148921210770804e-01,-1.114148921210770804e-01
-2.539303095301079782e-01,-2.539303095301079782e-01
-2.492676770453745583e+00,-2.492676770453745583e+00
-9.075205616350154325e-02,-9.075205616350154325e-02
5.430867827768595113e-01,5.430867827768595113e-01
-9.109895574554811581e-01,-9.109895574554811581e-01
-4.093534565609885378e-02,-4.093534565609885378e-02
1.009806938061446613e-01,1.009806938061446613e-01
-1.160503329163996789e+00,-1.160503329163996789e+00
1.263492824288475758e-03,1.263492824288475758e-03
-1.647612561041406298e+00,-1.647612561041406298e+00
-1.332158736049682934e+00,-1.332158736049682934e+00
-5.436377657814066566e-01,-5.436377657814066566e-01
-4.068116071490077146e-01,-4.068116071490077146e-01
2.630364635281179364e-02,2.630364635281179364e-02
-3.733607063415974592e-01,-3.733607063415974592e-01
1.575880655777926576e+00,1.575880655777926576e+00
5.980866755257703282e-01,5.980866755257703282e-01
2.442352745678899595e-02,2.442352745678899595e-02
7.126515123586074640e-02,7.126515123586074640e-02
6.399248823593278734e-01,6.399248823593278734e-01
2.499537385549032820e+00,2.499537385549032820e+00
-9.185509583208433249e-01,-9.185509583208433249e-01
-3.448779067877550952e-01,-3.448779067877550952e-01
-6.976464162915537726e-01,-6.976464162915537726e-01
7.983179495441857787e-01,7.983179495441857787e-01
-1.151226873621177038e+00,-1.151226873621177038e+00
2.618034077589085351e-01,2.618034077589085351e-01
-8.608450718014748482e-02,-8.608450718014748482e-02
-1.717244132105679166e-01,-1.717244132105679166e-01
2.020238782007022782e-01,2.020238782007022782e-01
7.615687707625076186e-01,7.615687707625076186e-01
-5.476224413755143017e-02,-5.476224413755143017e-02
-2.671755166339307985e-01,-2.671755166339307985e-01
-6.803967529469459041e-01,-6.803967529469459041e-01
9.426578293799045549e-02,9.426578293799045549e-02
5.834668080263738510e-01,5.834668080263738510e-01
-1.260561483446293263e+00,-1.260561483446293263e+00
1.851501580592735396e-01,1.851501580592735396e-01
8.915238212839069476e-01,8.915238212839069476e-01
8.023026271021200806e-01,8.023026271021200806e-01
-3.712005821565509400e-01,-3.712005821565509400e-01
-2.525797885287479616e-01,-2.525797885287479616e-01
-3.435680972447123782e-01,-3.435680972447123782e-01
7.790033805832211611e-01,7.790033805832211611e-01
1.050644007581050532e-01,1.050644007581050532e-01
-1.378563067596847158e-01,-1.378563067596847158e-01
-2.298067561701250261e-01,-2.298067561701250261e-01
-2.247176022077274626e-01,-2.247176022077274626e-01
2.358491013832447747e-01,2.358491013832447747e-01
2.747521049538114712e-01,2.747521049538114712e-01
-1.108421805541285998e+00,-1.108421805541285998e+00
8.842949135606916755e-01,8.842949135606916755e-01
1.433219421815215444e+00,1.433219421815215444e+00
-2.163207668100388226e+00,-2.163207668100388226e+00
2.172952472682075920e-01,2.172952472682075920e-01
5.088661339076134826e-01,5.088661339076134826e-01
-2.004207403877183991e-01,-2.004207403877183991e-01
-1.217825724173342561e+00,-1.217825724173342561e+00
4.354038706490144239e-01,4.354038706490144239e-01
-5.411879654026949815e-01,-5.411879654026949815e-01
2.024143117793761437e+00,2.024143117793761437e+00
-5.637230675921014456e-01,-5.637230675921014456e-01
5.545284382454737093e-01,5.545284382454737093e-01
1.304875931496618513e+00,1.304875931496618513e+00
3.793790342810449134e-01,3.793790342810449134e-01
-1.376383318496065655e+00,-1.376383318496065655e+00
-6.512372762042134555e-02,-6.512372762042134555e-02
-1.924300920915634761e-01,-1.924300920915634761e-01
3.170700843507435196e-01,3.170700843507435196e-01
1.005334005272372266e+00,1.005334005272372266e+00
-2.787369936117995994e-01,-2.787369936117995994e-01
4.553193633272920593e-01,4.553193633272920593e-01
-9.458957981201226994e-02,-9.458957981201226994e-02
-5.218659524053594900e-01,-5.218659524053594900e-01
2.561129601278512524e+00,2.561129601278512524e+00
-1.547251667921761276e-01,-1.547251667921761276e-01
-1.546687943010587318e+00,-1.546687943010587318e+00
1.269370122731511730e+00,1.269370122731511730e+00
-8.353762573985803463e-01,-8.353762573985803463e-01
1.534224855439628055e+00,1.534224855439628055e+00
2.257442103552098067e-01,2.257442103552098067e-01
2.108028351012059542e-01,2.108028351012059542e-01
6.429647202311830068e-01,6.429647202311830068e-01
1.053916224312049010e+00,1.053916224312049010e+00
-7.802379316965735168e-01,-7.802379316965735168e-01
-1.981994612100700159e+00,-1.981994612100700159e+00
-6.018329091331566794e-01,-6.018329091331566794e-01
-6.531010870874432994e-01,-6.531010870874432994e-01
-5.674045971920342879e-01,-5.674045971920342879e-01
2.170519028938009409e+00,2.170519028938009409e+00
6.246158295549507633e-01,6.246158295549507633e-01
-7.864977106995360012e-01,-7.864977106995360012e-01
1.438411127720324645e+00,1.438411127720324645e+00
5.384236679492291344e-01,5.384236679492291344e-01
4.060014080260399005e-01,4.060014080260399005e-01
2.142639813431383100e+00,2.142639813431383100e+00
-1.650601353496901069e-01,-1.650601353496901069e-01
4.152776432815996621e-02,4.152776432815996621e-02
-9.071897599336162243e-02,-9.071897599336162243e-02
1.661095067946263826e-01,1.661095067946263826e-01
-1.628729922574629452e+00,-1.628729922574629452e+00
-6.332363559816068799e-01,-6.332363559816068799e-01
-1.781846511815016743e-01,-1.781846511815016743e-01
-1.009638604123525019e+00,-1.009638604123525019e+00
6.643559130459693041e-01,6.643559130459693041e-01
7.254048802874604185e-01,7.254048802874604185e-01
-6.895479779953845867e-01,-6.895479779953845867e-01
1.784175278946614762e-01,1.784175278946614762e-01
-1.572768645978284141e-01,-1.572768645978284141e-01
8.203961294411075134e-01,8.203961294411075134e-01
-4.996609658086209604e-02,-4.996609658086209604e-02
-1.753173380178314256e+00,-1.753173380178314256e+00
5.238102710734333645e-01,5.238102710734333645e-01
6.598210322570637887e-01,6.598210322570637887e-01
1.536173945215156267e-01,1.536173945215156267e-01
3.826305628532640224e-01,3.826305628532640224e-01
-2.470325655983913737e+00,-2.470325655983913737e+00
-1.000678300756957739e+00,-1.000678300756957739e+00
-4.140418919263524344e-01,-4.140418919263524344e-01
1.116036565238530232e+00,1.116036565238530232e+00
1.151639834275254515e+00,1.151639834275254515e+00
5.797552859203205511e-01,5.797552859203205511e-01
-1.165833251933454662e-01,-1.165833251933454662e-01
1.824197230724323437e-01,1.824197230724323437e-01
-8.881464347720247066e-01,-8.881464347720247066e-01
-9.899854376387384747e-01,-9.899854376387384747e-01
1.318663566269945298e+00,1.318663566269945298e+00
1.529021905957665517e+00,1.529021905957665517e+00
1.341976489498252767e-01,1.341976489498252767e-01
1.404864831937050917e+00,1.404864831937050917e+00
-9.776040363831706159e-01,-9.776040363831706159e-01
7.965594924857841708e-01,7.965594924857841708e-01
5.105031975442020364e-01,5.105031975442020364e-01
1.971778601498382688e+00,1.971778601498382688e+00
-1.768627636156067662e-01,-1.768627636156067662e-01
-1.267680480916177022e+00,-1.267680480916177022e+00
1.360981246584346271e-01,1.360981246584346271e-01
-3.746170127994140620e-01,-3.746170127994140620e-01
3.097600480317666549e-02,3.097600480317666549e-02
-9.375295555550001714e-01,-9.375295555550001714e-01
4.123735701231784900e-01,4.123735701231784900e-01
4.485517871353363883e-01,4.485517871353363883e-01
7.661180115826203840e-01,7.661180115826203840e-01
-8.362646404788069976e-01,-8.362646404788069976e-01
-5.565158141917363466e-01,-5.565158141917363466e-01
1.787072962489543615e+00,1.787072962489543615e+00
2.213217076817499684e+00,2.213217076817499684e+00
1.256215152837247828e+00,1.256215152837247828e+00
-7.528740773315545365e-01,-7.528740773315545365e-01
-1.087282833615509592e+00,-1.087282833615509592e+00
2.008541670357034681e-01,2.008541670357034681e-01
6.814223594686323882e-01,6.814223594686323882e-01
3.705419879937992267e-01,3.705419879937992267e-01
4.751557902263204292e-01,4.751557902263204292e-01
-5.411390771771653618e-01,-5.411390771771653618e-01
1.866998920240967585e+00,1.866998920240967585e+00
-9.896579476286746502e-01,-9.896579476286746502e-01
-2.083823560482264692e-01,-2.083823560482264692e-01
6.979373466291699524e-01,6.979373466291699524e-01
-9.915342081979904298e-01,-9.915342081979904298e-01
-1.138770913257076689e-01,-1.138770913257076689e-01
-3.536813269940229931e-01,-3.536813269940229931e-01
-1.489652602335310438e-01,-1.489652602335310438e-01
-8.388375123995723825e-01,-8.388375123995723825e-01
6.096847078518173868e-01,6.096847078518173868e-01
4.041575350061130112e-01,4.041575350061130112e-01
7.264722986474512201e-01,7.264722986474512201e-01
-7.939363816201741031e-01,-7.939363816201741031e-01
1.082651589242123347e+00,1.082651589242123347e+00
-6.106164982650987838e-01,-6.106164982650987838e-01
-4.491919087242857156e-02,-4.491919087242857156e-02
-3.529209128384761529e-01,-3.529209128384761529e-01
-1.990041070613701168e-01,-1.990041070613701168e-01
-3.313636405205870883e-01,-3.313636405205870883e-01
6.118096978814774323e-01,6.118096978814774323e-01
-1.999640621357254844e+00,-1.999640621357254844e+00
-4.280319247210117029e-01,-4.280319247210117029e-01
-5.050643196974666793e-01,-5.050643196974666793e-01
8.481221510728801372e-01,8.481221510728801372e-01
1.762504048882679086e+00,1.762504048882679086e+00
8.606928505605874191e-01,8.606928505605874191e-01
-6.880276222604320147e-01,-6.880276222604320147e-01
-4.339920265449874748e-01,-4.339920265449874748e-01
2.707257151159793707e-01,2.707257151159793707e-01
1.232015340769529177e-01,1.232015340769529177e-01
-7.619453815034130661e-01,-7.619453815034130661e-01
1.192731988819015765e+00,1.192731988819015765e+00
2.649890383696029694e-01,2.649890383696029694e-01
3.351107963389252653e-01,3.351107963389252653e-01
-2.915507246455917301e-01,-2.915507246455917301e-01
1.558332871176669077e+00,1.558332871176669077e+00
-4.019152427323940957e-01,-4.019152427323940957e-01
-1.537709745515298265e-01,-1.537709745515298265e-01
1.429015191787790906e+00,1.429015191787790906e+00
-4.105439034211936233e-01,-4.105439034211936233e-01
-6.246576843229690867e-01,-6.246576843229690867e-01
-1.293279795013796196e+00,-1.293279795013796196e+00
7.654210722297856151e-01,7.654210722297856151e-01
6.420547305533985671e-04,6.420547305533985671e-04
5.314030304752410672e-01,5.314030304752410672e-01
2.047235130542920944e-01,2.047235130542920944e-01
5.726760501387031521e-01,5.726760501387031521e-01
-1.380901467354746393e+00,-1.380901467354746393e+00
-9.100631396439428089e-01,-9.100631396439428089e-01
-1.415895536671867294e+00,-1.415895536671867294e+00
-1.375776589348361445e-01,-1.375776589348361445e-01
1.221603543507444462e-01,1.221603543507444462e-01
-2.015439226656216554e-01,-2.015439226656216554e-01
-9.097302718502955354e-01,-9.097302718502955354e-01
-2.625720095273016419e-01,-2.625720095273016419e-01
-3.492257657510582924e-01,-3.492257657510582924e-01
7.697831660500971118e-01,7.697831660500971118e-01
-9.777076711774380646e-01,-9.777076711774380646e-01
-6.051646597087705359e-01,-6.051646597087705359e-01
1.899076423985820994e-01,1.899076423985820994e-01
-7.888295582314153176e-01,-7.888295582314153176e-01
-7.106861651566890314e-01,-7.106861651566890314e-01
-5.827141161724956886e-01,-5.827141161724956886e-01
-1.418341548832345034e-01,-1.418341548832345034e-01
-7.369871298455393793e-02,-7.369871298455393793e-02
-1.657468497188971934e+00,-1.657468497188971934e+00
1.402016915986194490e-01,1.402016915986194490e-01
-2.391505438099678083e-01,-2.391505438099678083e-01
-4.943961296767562241e-01,-4.943961296767562241e-01
9.763800589906266314e-01,9.763800589906266314e-01
7.464625881803268470e-01,7.464625881803268470e-01
-1.190526903799767444e+00,-1.190526903799767444e+00
6.110423018727521027e-01,6.110423018727521027e-01
4.755832391844609930e-01,4.755832391844609930e-01
-1.061758350777965987e-01,-1.061758350777965987e-01
-4.134640205524789947e-01,-4.134640205524789947e-01
1.383416024424524382e+00,1.383416024424524382e+00
-1.103005935370913460e-01,-1.103005935370913460e-01
-1.193075494003363879e+00,-1.193075494003363879e+00
8.936393445144195091e-01,8.936393445144195091e-01
-9.142828295286498097e-02,-9.142828295286498097e-02
-1.711007549528173355e+00,-1.711007549528173355e+00
-1.821291689386696833e+00,-1.821291689386696833e+00
-2.404917428374574673e+00,-2.404917428374574673e+00
4.040968471851414945e-01,4.040968471851414945e-01
-6.028943667486967861e-01,-6.028943667486967861e-01
5.260808265118584182e-02,5.260808265118584182e-02
-2.387766985515371587e-01,-2.387766985515371587e-01
-3.316904570314893608e-02,-3.316904570314893608e-02
-8.492009641869094350e-02,-8.492009641869094350e-02
4.153041345434270726e-01,4.153041345434270726e-01
8.238262069062618487e-01,8.238262069062618487e-01
4.500847979731059101e-01,4.500847979731059101e-01
-5.549156758704898440e-01,-5.549156758704898440e-01
-1.613873795987446513e+00,-1.613873795987446513e+00
8.017861781699774371e-01,8.017861781699774371e-01
-2.527819068701487204e+00,-2.527819068701487204e+00
-3.204082342677458950e-01,-3.204082342677458950e-01
-6.820212415933845085e-01,-6.820212415933845085e-01
1.044069536975972046e+00,1.044069536975972046e+00
-6.731920643877565835e-01,-6.731920643877565835e-01
6.778763021724210081e-01,6.778763021724210081e-01
2.454065157139332376e-01,2.454065157139332376e-01
-4.112771899545302201e-01,-4.112771899545302201e-01
-9.025794432841233172e-02,-9.025794432841233172e-02
-3.419217046241951330e-01,-3.419217046241951330e-01
-1.009543394388875193e+00,-1.009543394388875193e+00
-1.550771427479058495e-03,-1.550771427479058495e-03
8.798112400014176937e-02,8.798112400014176937e-02
5.988469349895945149e-01,5.988469349895945149e-01
3.277601843815141081e-01,3.277601843815141081e-01
-7.256151978735911889e-01,-7.256151978735911889e-01
7.152329948890319145e-01,7.152329948890319145e-01
-1.630321273188790610e+00,-1.630321273188790610e+00
-8.989779505324160813e-03,-8.989779505324160813e-03
-1.247920583064037192e-01,-1.247920583064037192e-01
-2.953433736427707457e-02,-2.953433736427707457e-02
1.571639567521018410e+00,1.571639567521018410e+00
2.586530109373704200e-01,2.586530109373704200e-01
-7.038485776530404303e-01,-7.038485776530404303e-01
1.170950443811219710e+00,1.170950443811219710e+00
-9.141233375643794679e-01,-9.141233375643794679e-01
-4.212568372299836938e-01,-4.212568372299836938e-01
1.340067495661048658e-01,1.340067495661048658e-01
-2.295864514401388390e-01,-2.295864514401388390e-01
-1.349057609716631245e-01,-1.349057609716631245e-01
2.322991899204889243e-01,2.322991899204889243e-01
-2.146672586531090110e-01,-2.146672586531090110e-01
-3.453747393822043099e-01,-3.453747393822043099e-01
5.135477631336828885e-01,5.135477631336828885e-01
-6.987833772455638304e-01,-6.987833772455638304e-01
7.508672516799447250e-02,7.508672516799447250e-02
6.142864277722452915e-01,6.142864277722452915e-01
1.399512144069701591e+00,1.399512144069701591e+00
1.004163035110341884e+00,1.004163035110341884e+00
-2.155000091428494191e-01,-2.155000091428494191e-01
5.128214286868576499e-02,5.128214286868576499e-02
4.467029624612693928e-01,4.467029624612693928e-01
1.334850217900307445e-03,1.334850217900307445e-03
3.281331314962011025e-01,3.281331314962011025e-01
-5.420456586378288311e-01,-5.420456586378288311e-01
1.071827440239440099e-01,1.071827440239440099e-01
8.960488465089072596e-02,8.960488465089072596e-02
1.643234939795769067e+00,1.643234939795769067e+00
9.865189196237025282e-01,9.865189196237025282e-01
2.511358508153812008e-01,2.511358508153812008e-01
-2.078968363921916418e-01,-2.078968363921916418e-01
-2.238271588181333538e+00,-2.238271588181333538e+00
-1.221924243515929431e+00,-1.221924243515929431e+00
-8.531165571418228843e-01,-8.531165571418228843e-01
8.268733978551223718e-01,8.268733978551223718e-01
1.040412013929591595e+00,1.040412013929591595e+00
2.037607934941383925e-01,2.037607934941383925e-01
6.853556290454623223e-01,6.853556290454623223e-01
2.376924695524077202e-01,2.376924695524077202e-01
3.542502481417052485e-01,3.542502481417052485e-01
4.318330786676824462e-01,4.318330786676824462e-01
8.627379424101033756e-02,8.627379424101033756e-02
1.898824323856315721e-02,1.898824323856315721e-02
6.063382378803492401e-01,6.063382378803492401e-01
-9.138090493360795374e-01,-9.138090493360795374e-01
1.634395558367548462e-01,1.634395558367548462e-01
7.685207438736539887e-01,7.685207438736539887e-01
-1.858927873438931400e+00,-1.858927873438931400e+00
-1.772016026161084001e-01,-1.772016026161084001e-01
-1.338161388777573624e+00,-1.338161388777573624e+00
6.911923980590595207e-03,6.911923980590595207e-03
-5.013467021230437748e-01,-5.013467021230437748e-01
-5.707231345639176556e-01,-5.707231345639176556e-01
-1.389577101690895322e-01,-1.389577101690895322e-01
-2.877900734011170858e+00,-2.877900734011170858e+00
-1.140549881782482178e-01,-1.140549881782482178e-01
-6.834908109081874183e-01,-6.834908109081874183e-01
-1.142065950691961984e-01,-1.142065950691961984e-01
-8.527256170421495529e-01,-8.527256170421495529e-01
5.810477996796180600e-01,5.810477996796180600e-01
9.217014406520436243e-01,9.217014406520436243e-01
-7.371926936997214019e-01,-7.371926936997214019e-01
2.500677895674085494e-01,2.500677895674085494e-01
1.018645250342835595e-01,1.018645250342835595e-01
3.956591372001925233e-01,3.956591372001925233e-01
-3.584257985376348987e-01,-3.584257985376348987e-01
-3.769216119335774273e-01,-3.769216119335774273e-01
9.409526427486569755e-01,9.409526427486569755e-01
7.991865323450552117e-01,7.991865323450552117e-01
-1.206316730345160071e+00,-1.206316730345160071e+00
3.389506194020530105e-01,3.389506194020530105e-01
-1.405863167144369097e+00,-1.405863167144369097e+00
1.020819600105384861e-01,1.020819600105384861e-01
1.413802385697870756e+00,1.413802385697870756e+00
9.706478447914745900e-01,9.706478447914745900e-01
-5.992571906896959621e-01,-5.992571906896959621e-01
2.109002981520023967e-01,2.109002981520023967e-01
6.560377142237669990e-01,6.560377142237669990e-01
4.247895858832354543e-01,4.247895858832354543e-01
-2.575594552415585436e-01,-2.575594552415585436e-01
8.012901320279662842e-01,8.012901320279662842e-01
-6.491654518366405391e-01,-6.491654518366405391e-01
-1.621724154174193355e+00,-1.621724154174193355e+00
1.354163362258290926e+00,1.354163362258290926e+00
-9.245899812363919112e-01,-9.245899812363919112e-01
-2.968826997198272255e-01,-2.968826997198272255e-01
2.165127363531009319e+00,2.165127363531009319e+00
-1.418544946835613940e+00,-1.418544946835613940e+00
1.174655937675884942e+00,1.174655937675884942e+00
9.438436639676885953e-01,9.438436639676885953e-01
-1.904950118017528782e-01,-1.904950118017528782e-01
-2.608888393154584762e-01,-2.608888393154584762e-01
-5.335711459253731359e-01,-5.335711459253731359e-01
1.897499715338696324e-01,1.897499715338696324e-01
-1.158447097433596529e+00,-1.158447097433596529e+00
-1.208711654438097582e+00,-1.208711654438097582e+00
-1.556032616378683953e+00,-1.556032616378683953e+00
-1.334896893538637386e-01,-1.334896893538637386e-01
2.094759039853217875e-01,2.094759039853217875e-01
4.095004019341226265e-01,4.095004019341226265e-01
-1.041274649350134140e+00,-1.041274649350134140e+00
-2.887674914497203593e-01,-2.887674914497203593e-01
1.149371367496203888e-01,1.149371367496203888e-01
-6.022829113855390770e-02,-6.022829113855390770e-02
-5.898414720390250388e-01,-5.898414720390250388e-01
-3.552176455455486326e-01,-3.552176455455486326e-01
-1.391061336007531901e+00,-1.391061336007531901e+00
-4.213179281380912133e-01,-4.213179281380912133e-01
-7.977682482447457923e-01,-7.977682482447457923e-01
8.066232543139193467e-01,8.066232543139193467e-01
1.213689574813694438e+00,1.213689574813694438e+00
-2.266312688445419887e-01,-2.266312688445419887e-01
1.354421575259856514e+00,1.354421575259856514e+00
-9.703696568260803401e-01,-9.703696568260803401e-01
6.023073594522028174e-01,6.023073594522028174e-01
5.095738290073781318e-01,5.095738290073781318e-01
7.547227886901023419e-01,7.547227886901023419e-01
8.058551557231282692e-01,8.058551557231282692e-01
-1.506702439668888838e+00,-1.506702439668888838e+00
4.991473966091113379e-01,4.991473966091113379e-01
5.879912098749739968e-01,5.879912098749739968e-01
9.197880768201648349e-01,9.197880768201648349e-01
-8.682711700336737115e-02,-8.682711700336737115e-02
1.114666846086492358e+00,1.114666846086492358e+00
-7.840541923556321180e-01,-7.840541923556321180e-01
1.630172997266729373e+00,1.630172997266729373e+00
7.482641356541406275e-01,7.482641356541406275e-01
1.324040058048803870e+00,1.324040058048803870e+00
1.122545543298457127e-01,1.122545543298457127e-01
1.949588239797795663e-01,1.949588239797795663e-01
2.179396692699535620e-01,2.179396692699535620e-01
-8.009972852925558717e-01,-8.009972852925558717e-01
-2.797692002237416875e-01,-2.797692002237416875e-01
-2.687886837528807860e-01,-2.687886837528807860e-01
-4.249294144613995350e-01,-4.249294144613995350e-01
4.749726701911851645e-01,4.749726701911851645e-01
9.418359210150690775e-01,9.418359210150690775e-01
1.082156438362354978e+00,1.082156438362354978e+00
-3.575222300148950816e-01,-3.575222300148950816e-01
-1.057194222603379030e+00,-1.057194222603379030e+00
-1.290817909149686082e+00,-1.290817909149686082e+00
-2.349601614320658283e-01,-2.349601614320658283e-01
8.768226225271769092e-02,8.768226225271769092e-02
8.774927434758039713e-01,8.774927434758039713e-01
-1.223022421579937014e+00,-1.223022421579937014e+00
-9.798248145492547412e-01,-9.798248145492547412e-01
3.289191926572265778e-01,3.289191926572265778e-01
-3.168691571872158108e-01,-3.168691571872158108e-01
-5.733026948464666761e-01,-5.733026948464666761e-01
9.003910502967182872e-01,9.003910502967182872e-01
1.249639401808685157e+00,1.249639401808685157e+00
3.990578702287750357e-02,3.990578702287750357e-02
-6.455971667552045101e-01,-6.455971667552045101e-01
-3.496643627609408167e-01,-3.496643627609408167e-01
-4.781474631382509055e-01,-4.781474631382509055e-01
-5.670851516469932463e-01,-5.670851516469932463e-01
-1.291311838658813493e-01,-1.291311838658813493e-01
9.748212262440612008e-01,9.748212262440612008e-01
4.125074012437017767e-01,4.125074012437017767e-01
-9.856798024157312210e-02,-9.856798024157312210e-02
2.890550512398700755e-01,2.890550512398700755e-01
-1.532465259683559955e+00,-1.532465259683559955e+00
-3.373803010411908221e-01,-3.373803010411908221e-01
-8.869092580789997848e-01,-8.869092580789997848e-01
1.111325043294090764e-01,1.111325043294090764e-01
3.222549281252251041e-01,3.222549281252251041e-01
3.277191188604818284e-01,3.277191188604818284e-01
9.427352616265524676e-02,9.427352616265524676e-02
-1.133858619769168019e+00,-1.133858619769168019e+00
-1.027547027522559775e+00,-1.027547027522559775e+00
-6.880855952592440650e-01,-6.880855952592440650e-01
-4.837640018855856594e-01,-4.837640018855856594e-01
-3.388134929073791657e-01,-3.388134929073791657e-01
-2.329899911775497046e-01,-2.329899911775497046e-01
7.922581032930791078e-01,7.922581032930791078e-01
-9.713997824157517558e-01,-9.713997824157517558e-01
5.257653673172546505e-01,5.257653673172546505e-01
-1.016056160699686517e+00,-1.016056160699686517e+00
-5.551835069413637580e-01,-5.551835069413637580e-01
3.850066683553496905e-01,3.850066683553496905e-01
4.230182575752478025e-01,4.230182575752478025e-01
-8.905316828341485191e-01,-8.905316828341485191e-01
-2.848805078250443490e+00,-2.848805078250443490e+00
-1.092352871757778621e+00,-1.092352871757778621e+00
7.376728547326623087e-01,7.376728547326623087e-01
7.831903995243646444e-01,7.831903995243646444e-01
-1.291314381107062093e-01,-1.291314381107062093e-01
8.446783190786216755e-01,8.446783190786216755e-01
2.142234349242123914e-01,2.142234349242123914e-01
9.668621126302324731e-01,9.668621126302324731e-01
6.925411163144535864e-01,6.925411163144535864e-01
8.029162711705829514e-01,8.029162711705829514e-01
-1.296481854956049062e+00,-1.296481854956049062e+00
5.428511305317780256e-01,5.428511305317780256e-01
-8.899496071084824766e-01,-8.899496071084824766e-01
-7.916643433090415627e-01,-7.916643433090415627e-01
-1.036147152667921123e-03,-1.036147152667921123e-03
5.852010078810343519e-01,5.852010078810343519e-01
2.411632431250987363e-02,2.411632431250987363e-02
-1.616970938187083373e+00,-1.616970938187083373e+00
4.854368925703064774e-01,4.854368925703064774e-01
-1.655240941106426444e-01,-1.655240941106426444e-01
1.982099673483601610e+00,1.982099673483601610e+00
1.816452351648586205e+00,1.816452351648586205e+00
1.100376500551728309e+00,1.100376500551728309e+00
4.633052237045673927e-01,4.633052237045673927e-01
2.452511199871043324e-01,2.452511199871043324e-01
-7.160209541703775882e-01,-7.160209541703775882e-01
2.254546237400053554e-01,2.254546237400053554e-01
6.163830305732782566e-01,6.163830305732782566e-01
9.992645123045751365e-02,9.992645123045751365e-02
8.274467595495962335e-01,8.274467595495962335e-01
-9.199322741184677854e-01,-9.199322741184677854e-01
5.427585826340658448e-02,5.427585826340658448e-02
1.462254597893628549e-01,1.462254597893628549e-01
1.690932675981987598e-01,1.690932675981987598e-01
-2.228825388825984022e-01,-2.228825388825984022e-01
-2.112196976918598312e-01,-2.112196976918598312e-01
3.347811423523450181e-02,3.347811423523450181e-02
1.324240620480998665e-01,1.324240620480998665e-01
8.799590313267248165e-01,8.799590313267248165e-01
-1.220235532034419923e-01,-1.220235532034419923e-01
-7.335438822517195145e-01,-7.335438822517195145e-01
-3.846406694758875977e-01,-3.846406694758875977e-01
-8.703653297791704713e-01,-8.703653297791704713e-01
-8.868748951819271920e-01,-8.868748951819271920e-01
-4.494093236367897592e-01,-4.494093236367897592e-01
-7.951009089169480681e-01,-7.951009089169480681e-01
-1.920587562568947804e-01,-1.920587562568947804e-01
4.449911346000425261e-01,4.449911346000425261e-01
4.180377123824945418e-01,4.180377123824945418e-01
1.538866425183003095e+00,1.538866425183003095e+00
-2.440006834579788730e-01,-2.440006834579788730e-01
4.710293964936358990e-01,4.710293964936358990e-01
1.603347998278078279e+00,1.603347998278078279e+00
-2.963098120656663115e-01,-2.963098120656663115e-01
1.347720297163597369e-01,1.347720297163597369e-01
-4.412024990080061215e-01,-4.412024990080061215e-01
9.461325191890279651e-01,9.461325191890279651e-01
2.534644805111681887e+00,2.534644805111681887e+00
-2.636032136031021267e-01,-2.636032136031021267e-01
1.365931319836108715e+00,1.365931319836108715e+00
9.730955605153941423e-01,9.730955605153941423e-01
-5.185459680908839353e-01,-5.185459680908839353e-01
-1.085077449162230590e+00,-1.085077449162230590e+00
1.820406260674088395e-01,1.820406260674088395e-01
1.275377276251698611e+00,1.275377276251698611e+00
-4.422607322817929676e-01,-4.422607322817929676e-01
7.145686655991383418e-01,7.145686655991383418e-01
-1.601404296274407391e-01,-1.601404296274407391e-01
-6.086436730024405994e-01,-6.086436730024405994e-01
6.055090619876536406e-01,6.055090619876536406e-01
-1.410535154262721136e+00,-1.410535154262721136e+00
2.070235627382043253e-01,2.070235627382043253e-01
-8.634096816458756152e-01,-8.634096816458756152e-01
-3.344172603833781565e-01,-3.344172603833781565e-01
-1.618463017989618669e-02,-1.618463017989618669e-02
-3.452647189086714974e-01,-3.452647189086714974e-01
2.553450272374698793e-01,2.553450272374698793e-01
1.888443721470596526e-01,1.888443721470596526e-01
-8.204635754381022217e-01,-8.204635754381022217e-01
-3.533373992619524562e-01,-3.533373992619524562e-01
-1.097062157886585787e+00,-1.097062157886585787e+00
1.119101733475093674e+00,1.119101733475093674e+00
-1.857624937630230955e+00,-1.857624937630230955e+00
-9.534500528290652532e-01,-9.534500528290652532e-01
-2.567436289147688733e-01,-2.567436289147688733e-01
1.428482217838090707e-01,1.428482217838090707e-01
-5.184252309189365526e-01,-5.184252309189365526e-01
-2.550567246079923911e-01,-2.550567246079923911e-01
-6.961439546688490410e-01,-6.961439546688490410e-01
-2.191165197163857492e+00,-2.191165197163857492e+00
7.456026368923125425e-01,7.456026368923125425e-01
-6.301787580451421178e-01,-6.301787580451421178e-01
-2.089260287582464848e+00,-2.089260287582464848e+00
-6.031303006778706566e-01,-6.031303006778706566e-01
1.079541885514786914e+00,1.079541885514786914e+00
1.013536135219473833e+00,1.013536135219473833e+00
5.088573870052544024e-01,5.088573870052544024e-01
-6.818282118435838868e-01,-6.818282118435838868e-01
-7.859304819874629588e-01,-7.859304819874629588e-01
-2.356646697360273990e-01,-2.356646697360273990e-01
-4.101530796200218987e-01,-4.101530796200218987e-01
-4.717964597093861068e-01,-4.717964597093861068e-01
1.954113428098132599e-01,1.954113428098132599e-01
-3.986473556978419319e-01,-3.986473556978419319e-01
1.093453732844324122e+00,1.093453732844324122e+00
7.987814182412636965e-01,7.987814182412636965e-01
1.088483261787706713e+00,1.088483261787706713e+00
-4.439743288280710853e-01,-4.439743288280710853e-01
9.839747758330575911e-01,9.839747758330575911e-01
9.384815346783506040e-01,9.384815346783506040e-01
-5.022738187195924242e-01,-5.022738187195924242e-01
-1.052554598134596731e+00,-1.052554598134596731e+00
-1.012325630672207044e+00,-1.012325630672207044e+00
-1.294686219043776010e+00,-1.294686219043776010e+00
-1.708866046990686893e+00,-1.708866046990686893e+00
-8.140715366358335370e-01,-8.140715366358335370e-01
-2.560334096148109695e-01,-2.560334096148109695e-01
-7.023138538486255467e-01,-7.023138538486255467e-01
2.484294568356660016e-01,2.484294568356660016e-01
8.578961653236101270e-01,8.578961653236101270e-01
9.920210255026520874e-02,9.920210255026520874e-02
2.651656813977607996e+00,2.651656813977607996e+00
-6.713854087655754532e-02,-6.713854087655754532e-02
-2.050825218267420258e-01,-2.050825218267420258e-01
-2.849202327584942074e-01,-2.849202327584942074e-01
2.916318041378312964e-01,2.916318041378312964e-01
-4.553760880675621348e-01,-4.553760880675621348e-01
-1.856656989648816314e+00,-1.856656989648816314e+00
1.268258865577701344e-01,1.268258865577701344e-01
3.758695242314169516e-01,3.758695242314169516e-01
3.251966402550025004e-01,3.251966402550025004e-01
8.143079019029987320e-01,8.143079019029987320e-01
5.309007457484262726e-01,5.309007457484262726e-01
-7.607033328315131460e-01,-7.607033328315131460e-01
1.557597980951670458e-01,1.557597980951670458e-01
-1.193259086001987046e-01,-1.193259086001987046e-01
-1.063817615698707364e+00,-1.063817615698707364e+00
4.877421334311336509e-01,4.877421334311336509e-01
3.686830400847138645e-01,3.686830400847138645e-01
-7.276452394146137870e-01,-7.276452394146137870e-01
-5.851784932087795710e-01,-5.851784932087795710e-01
-7.967504350471283914e-01,-7.967504350471283914e-01
-9.608946879624611359e-01,-9.608946879624611359e-01
5.726214847841878397e-01,5.726214847841878397e-01
5.877154751345471384e-01,5.877154751345471384e-01
-8.101481770026849882e-02,-8.101481770026849882e-02
2.162434679998310461e-01,2.162434679998310461e-01
3.063565800950603379e-01,3.063565800950603379e-01
3.468498651575735447e-02,3.468498651575735447e-02
-3.849032027793433119e-01,-3.849032027793433119e-01
-8.235597352895833723e-01,-8.235597352895833723e-01
-1.872813444135162930e-02,-1.872813444135162930e-02
-5.356388497751904954e-01,-5.356388497751904954e-01
-5.863944941794332344e-01,-5.863944941794332344e-01
-1.491316964517687138e+00,-1.491316964517687138e+00
-2.643050305991152538e-01,-2.643050305991152538e-01
3.602167479887510293e-01,3.602167479887510293e-01
2.680869210341988995e-01,2.680869210341988995e-01
1.288296808932146154e-01,1.288296808932146154e-01
5.316809792378944799e-01,5.316809792378944799e-01
1.089127672434234695e+00,1.089127672434234695e+00
-9.056684133971323880e-02,-9.056684133971323880e-02
6.216288649138946854e-01,6.216288649138946854e-01
9.717073833578482311e-02,9.717073833578482311e-02
2.454469105354145364e-01,2.454469105354145364e-01
-5.236279965606036590e-01,-5.236279965606036590e-01
-3.352314975226873273e-01,-3.352314975226873273e-01
-5.526295378891356025e-01,-5.526295378891356025e-01
-4.838269469735931860e-01,-4.838269469735931860e-01
-1.057597520965168236e+00,-1.057597520965168236e+00
6.418679536503140159e-01,6.418679536503140159e-01
-1.523487352671969219e+00,-1.523487352671969219e+00
-3.415928831283622791e-01,-3.415928831283622791e-01
3.358356734315484093e-01,3.358356734315484093e-01
-1.070944514521854574e+00,-1.070944514521854574e+00
-2.345044148913431603e-01,-2.345044148913431603e-01
7.890992111665684483e-01,7.890992111665684483e-01
4.303497157601139378e-01,4.303497157601139378e-01
3.185756218547957097e-01,3.185756218547957097e-01
1.177968638769288923e-02,1.177968638769288923e-02
7.819378282237883226e-01,7.819378282237883226e-01
-4.854064659455568087e-01,-4.854064659455568087e-01
8.826245497025808628e-01,8.826245497025808628e-01
2.746001932435616633e-01,2.746001932435616633e-01
5.681338568613242268e-01,5.681338568613242268e-01
1.892793235513322847e-01,1.892793235513322847e-01
-1.198108982398691680e+00,-1.198108982398691680e+00
-3.494727850582088902e-01,-3.494727850582088902e-01
3.798514941156333480e-01,3.798514941156333480e-01
1.404863388394052670e+00,1.404863388394052670e+00
8.546186308588031855e-01,8.546186308588031855e-01
4.616483040523123305e-01,4.616483040523123305e-01
1.100793356538869006e+00,1.100793356538869006e+00
-9.547871881805922722e-01,-9.547871881805922722e-01
-4.825518747379006212e-01,-4.825518747379006212e-01
-5.518621815478905734e-01,-5.518621815478905734e-01
-4.629230156304552368e-01,-4.629230156304552368e-01
1.604356040015579854e-01,1.604356040015579854e-01
-8.090997235905945661e-01,-8.090997235905945661e-01
4.632592852348152990e-01,4.632592852348152990e-01
-1.762593229265521089e-01,-1.762593229265521089e-01
-1.355338833853224900e-01,-1.355338833853224900e-01
1.523777217009397056e+00,1.523777217009397056e+00
9.748966522310876792e-01,9.748966522310876792e-01
1.641709768453905482e+00,1.641709768453905482e+00
-1.226548724732124673e-01,-1.226548724732124673e-01
2.125802666517317974e-01,2.125802666517317974e-01
1.386565814215592329e-01,1.386565814215592329e-01
2.473297401475163804e-01,2.473297401475163804e-01
-5.287362736404045416e-01,-5.287362736404045416e-01
-5.988639349134297074e-01,-5.988639349134297074e-01
-3.049041773795069243e-02,-3.049041773795069243e-02
-3.052152069374795551e-01,-3.052152069374795551e-01
-6.762635410557603644e-01,-6.762635410557603644e-01
3.990422786539066236e-01,3.990422786539066236e-01
-7.692835719193565902e-01,-7.692835719193565902e-01
4.793111802696780610e-01,4.793111802696780610e-01
9.828105998772727059e-01,9.828105998772727059e-01
-2.415870960405626100e-01,-2.415870960405626100e-01
3.175936213161625332e-01,3.175936213161625332e-01
-1.106100357786590882e+00,-1.106100357786590882e+00
7.242041922130851850e-01,7.242041922130851850e-01
-1.021286638470876973e+00,-1.021286638470876973e+00
1.556599081511708782e+00,1.556599081511708782e+00
-1.115800614112009148e-01,-1.115800614112009148e-01
-1.592580235287504475e+00,-1.592580235287504475e+00
1.805528577284364333e-01,1.805528577284364333e-01
1.059663821774760928e+00,1.059663821774760928e+00
-6.841699718680513964e-01,-6.841699718680513964e-01
-3.413316027435501221e-01,-3.413316027435501221e-01
-6.241130209033167731e-01,-6.241130209033167731e-01
-3.490045008987254227e-01,-3.490045008987254227e-01
-7.731048672174261061e-01,-7.731048672174261061e-01
-3.563616613663611599e-01,-3.563616613663611599e-01
-4.019050391893787544e-01,-4.019050391893787544e-01
5.693250852059155154e-01,5.693250852059155154e-01
7.092656774245748030e-02,7.092656774245748030e-02
1.769452215251823279e-01,1.769452215251823279e-01
6.507543771051708115e-01,6.507543771051708115e-01
-1.587308800191977065e+00,-1.587308800191977065e+00
-1.234671495580548506e-01,-1.234671495580548506e-01
-7.029853914611210453e-01,-7.029853914611210453e-01
-3.748908338364393966e-01,-3.748908338364393966e-01
5.655548097096121385e-01,5.655548097096121385e-01
3.275754063023458285e-01,3.275754063023458285e-01
-3.150509475419399630e-02,-3.150509475419399630e-02
-1.647146592134286047e+00,-1.647146592134286047e+00
-1.793794608727701245e+00,-1.793794608727701245e+00
1.197441887565581453e+00,1.197441887565581453e+00
-5.835789868419105630e-01,-5.835789868419105630e-01
4.155322109294270483e-01,4.155322109294270483e-01
7.575106006097095390e-01,7.575106006097095390e-01
-5.448447763034814928e-01,-5.448447763034814928e-01
9.194213943621725171e-01,9.194213943621725171e-01
-6.940357072763400081e-01,-6.940357072763400081e-01
-1.090393211399435680e+00,-1.090393211399435680e+00
-8.323330843771947762e-02,-8.323330843771947762e-02
-1.256714874169366114e+00,-1.256714874169366114e+00
-4.013593521992364077e-01,-4.013593521992364077e-01
-3.805590558442761839e-01,-3.805590558442761839e-01
-5.710258878397493909e-01,-5.710258878397493909e-01
-6.841698257388055815e-01,-6.841698257388055815e-01
1.258023771055836182e-01,1.258023771055836182e-01
-1.368308186122218495e-01,-1.368308186122218495e-01
2.146731010631490744e+00,2.146731010631490744e+00
-4.752751224248121797e-01,-4.752751224248121797e-01
6.152978923213624496e-01,6.152978923213624496e-01
6.041550659302830084e-01,6.041550659302830084e-01
-1.736522793459256420e+00,-1.736522793459256420e+00
2.613610402049256626e-02,2.613610402049256626e-02
-6.828328409395917342e-01,-6.828328409395917342e-01
3.321178430269240422e-01,3.321178430269240422e-01
4.955316154994517941e-01,4.955316154994517941e-01
7.599665600321249270e-01,7.599665600321249270e-01
2.312097860549849615e-01,2.312097860549849615e-01
6.198637553170993630e-01,6.198637553170993630e-01
-1.059661065014417147e+00,-1.059661065014417147e+00
-1.631090265522426030e-01,-1.631090265522426030e-01
3.233236158869366716e-02,3.233236158869366716e-02
1.771900390247337587e+00,1.771900390247337587e+00
2.693465333670565509e-01,2.693465333670565509e-01
6.416745707513247243e-01,6.416745707513247243e-01
5.563496564389562860e-01,5.563496564389562860e-01
-2.301228044418838770e-01,-2.301228044418838770e-01
1.412285328675891627e+00,1.412285328675891627e+00
9.481926660334127899e-01,9.481926660334127899e-01
-2.599877858052074275e-01,-2.599877858052074275e-01
-1.591270232323415690e-01,-1.591270232323415690e-01
3.329907663703692844e-01,3.329907663703692844e-01
-4.282800603929448613e-01,-4.282800603929448613e-01
-7.891921663426946232e-01,-7.891921663426946232e-01
5.878829370150032152e-02,5.878829370150032152e-02
-9.190980062437692499e-02,-9.190980062437692499e-02
6.642618867824440221e-02,6.642618867824440221e-02
1.323158903829874666e-01,1.323158903829874666e-01
1.221425831807841034e+00,1.221425831807841034e+00
-2.472856314969367475e-01,-2.472856314969367475e-01
5.690147880544065284e-01,5.690147880544065284e-01
6.221387551971002683e-01,6.221387551971002683e-01
3.995996171532819607e-01,3.995996171532819607e-01
-4.381953933669966994e-01,-4.381953933669966994e-01
3.997032369160071763e-01,3.997032369160071763e-01
3.635687582961398268e-01,3.635687582961398268e-01
6.295510620054011186e-01,6.295510620054011186e-01
5.171362002224286769e-01,5.171362002224286769e-01
-2.582984245053324135e-01,-2.582984245053324135e-01
-1.375767418347167703e-01,-1.375767418347167703e-01
-8.513215407636354204e-01,-8.513215407636354204e-01
2.658437101680415915e-01,2.658437101680415915e-01
-3.175207455690673974e-01,-3.175207455690673974e-01
4.709861558865456876e-01,4.709861558865456876e-01
-5.171956505144699179e-01,-5.171956505144699179e-01
-3.088474755275279482e-01,-3.088474755275279482e-01
-1.176597887442346835e+00,-1.176597887442346835e+00
2.932956092772039947e-01,2.932956092772039947e-01
-2.348968968776399269e-02,-2.348968968776399269e-02
1.061313774903878127e+00,1.061313774903878127e+00
-9.457887602412018424e-01,-9.457887602412018424e-01
3.860459301123931874e-01,3.860459301123931874e-01
3.317848240182151853e-01,3.317848240182151853e-01
2.853024495744316824e-01,2.853024495744316824e-01
8.827760187215812904e-01,8.827760187215812904e-01
-6.404397775149546224e-01,-6.404397775149546224e-01
-1.669758488127485840e+00,-1.669758488127485840e+00
1.859626517104375765e-01,1.859626517104375765e-01
-1.215744756004162042e-01,-1.215744756004162042e-01
9.374041547814270237e-01,9.374041547814270237e-01
-3.351519596681857283e-01,-3.351519596681857283e-01
-7.581775700151810460e-01,-7.581775700151810460e-01
1.338709314082767166e-02,1.338709314082767166e-02
-1.925492403119816398e+00,-1.925492403119816398e+00
-7.524229752717896957e-01,-7.524229752717896957e-01
8.448482129313923394e-01,8.448482129313923394e-01
-2.422822284603490250e-01,-2.422822284603490250e-01
-6.333482417673824694e-02,-6.333482417673824694e-02
8.003595844799201720e-01,8.003595844799201720e-01
4.528487666629870678e-01,4.528487666629870678e-01
-2.550442729577168666e-01,-2.550442729577168666e-01
-7.901675594219103038e-01,-7.901675594219103038e-01
1.106509763242645494e+00,1.106509763242645494e+00
3.082423140453380284e-01,3.082423140453380284e-01
8.091955005676909618e-01,8.091955005676909618e-01
-5.707057266397240758e-01,-5.707057266397240758e-01
-7.296744028696362516e-01,-7.296744028696362516e-01
8.373331404058097505e-01,8.373331404058097505e-01
-6.730858758458830859e-01,-6.730858758458830859e-01
8.586063199916164068e-01,8.586063199916164068e-01
6.337383045273242699e-01,6.337383045273242699e-01
5.464751338552665816e-01,5.464751338552665816e-01
-5.192326045972633919e-01,-5.192326045972633919e-01
-6.538061880215023658e-03,-6.538061880215023658e-03
4.377391005310993233e-01,4.377391005310993233e-01
-6.783741484328388305e-01,-6.783741484328388305e-01
1.491568954659754087e-01,1.491568954659754087e-01
-5.881537486964563133e-01,-5.881537486964563133e-01
2.487317333852304135e-01,2.487317333852304135e-01
-6.987285739015582087e-02,-6.987285739015582087e-02
-3.550456124991966944e-01,-3.550456124991966944e-01
-1.324200808611436742e+00,-1.324200808611436742e+00
-1.602111799231574540e+00,-1.602111799231574540e+00
-7.632808697516919594e-01,-7.632808697516919594e-01
5.878315551008401751e-01,5.878315551008401751e-01
7.131755202481069311e-01,7.131755202481069311e-01
3.309090287765931726e-01,3.309090287765931726e-01
5.070531267567907063e-02,5.070531267567907063e-02
1.008537585983212859e+00,1.008537585983212859e+00
-9.833863085812240001e-01,-9.833863085812240001e-01
1.307928104872353003e+00,1.307928104872353003e+00
-5.903792161951237905e-01,-5.903792161951237905e-01
1.431777219079604091e-01,1.431777219079604091e-01
1.317794798821846913e-01,1.317794798821846913e-01
-1.218245111359136379e+00,-1.218245111359136379e+00
-1.174291532233727953e+00,-1.174291532233727953e+00
-8.433102035833330845e-01,-8.433102035833330845e-01
-1.799184030665505363e+00,-1.799184030665505363e+00
7.178866406898323227e-01,7.178866406898323227e-01
-1.353580958281744184e+00,-1.353580958281744184e+00
9.920829296959454702e-01,9.920829296959454702e-01
-9.597912055137181042e-02,-9.597912055137181042e-02
-4.045704237829097494e-01,-4.045704237829097494e-01
8.201716726940438962e-01,8.201716726940438962e-01
1.453562271830162178e-01,1.453562271830162178e-01
-1.369126591960008188e+00,-1.369126591960008188e+00
-8.753102747881827961e-01,-8.753102747881827961e-01
-8.901279959535869368e-01,-8.901279959535869368e-01
-1.051828042035926725e+00,-1.051828042035926725e+00
1.311607468920783948e+00,1.311607468920783948e+00
-5.915480000978775577e-01,-5.915480000978775577e-01
-4.295926044485812723e-01,-4.295926044485812723e-01
-1.751282183637182577e+00,-1.751282183637182577e+00
-7.267320724241668195e-01,-7.267320724241668195e-01
7.992066123517477250e-01,7.992066123517477250e-01
3.424290515989609207e-01,3.424290515989609207e-01
1.180901625366278296e+00,1.180901625366278296e+00
6.609970863071630287e-01,6.609970863071630287e-01
3.487545437098594214e-01,3.487545437098594214e-01
4.574182848317744909e-01,4.574182848317744909e-01
6.365391077664289687e-01,6.365391077664289687e-01
7.203656793630108801e-03,7.203656793630108801e-03
-1.172695471388722765e+00,-1.172695471388722765e+00
3.895163097189575652e-01,3.895163097189575652e-01
2.831182310598981400e-01,2.831182310598981400e-01
-8.734212115046271485e-01,-8.734212115046271485e-01
-9.256321334494221897e-01,-9.256321334494221897e-01
-1.067960280797607853e+00,-1.067960280797607853e+00
2.945150065029016329e-01,2.945150065029016329e-01
-4.768788797381249278e-01,-4.768788797381249278e-01
3.501225399913588943e-01,3.501225399913588943e-01
-2.220257379369312556e-01,-2.220257379369312556e-01
5.001698329494177475e-01,5.001698329494177475e-01
-7.403114486643660452e-01,-7.403114486643660452e-01
-1.271215018753217629e+00,-1.271215018753217629e+00
6.435728787386515437e-01,6.435728787386515437e-01
-9.014165587755117448e-01,-9.014165587755117448e-01
-1.258608567566331882e+00,-1.258608567566331882e+00
-9.354327552404040347e-01,-9.354327552404040347e-01
7.563077775042790218e-01,7.563077775042790218e-01
1.327800858379088456e-01,1.327800858379088456e-01
1.831910558559908253e+00,1.831910558559908253e+00
2.138397764878267882e-01,2.138397764878267882e-01
2.148693406223758373e-01,2.148693406223758373e-01
5.010509300127130583e-01,5.010509300127130583e-01
-5.619045682289216526e-01,-5.619045682289216526e-01
4.471058586885163777e-01,4.471058586885163777e-01
4.297092170810573597e-01,4.297092170810573597e-01
-1.943047686647228212e-01,-1.943047686647228212e-01
-3.744697622465998355e-01,-3.744697622465998355e-01
2.596198718440221875e-01,2.596198718440221875e-01
-9.688860487729406001e-03,-9.688860487729406001e-03
-2.970881182790798825e-01,-2.970881182790798825e-01
1.815362487907694056e-01,1.815362487907694056e-01
-1.096437241592568723e+00,-1.096437241592568723e+00
-5.391339978484221973e-02,-5.391339978484221973e-02
-5.820754835397107252e-01,-5.820754835397107252e-01
-4.779724163540063908e-02,-4.779724163540063908e-02
6.322924765831181571e-01,6.322924765831181571e-01
-1.064414611737906968e+00,-1.064414611737906968e+00
9.546327598378587798e-01,9.546327598378587798e-01
3.049504408792507171e-01,3.049504408792507171e-01
1.021918124160151153e+00,1.021918124160151153e+00
8.877425679964529026e-01,8.877425679964529026e-01
-2.056127401680938882e-01,-2.056127401680938882e-01
1.405792965511053039e+00,1.405792965511053039e+00
1.876207461872975157e-02,1.876207461872975157e-02
-1.106902544011354239e+00,-1.106902544011354239e+00
-6.514335221893673422e-01,-6.514335221893673422e-01
-8.004456358061938781e-01,-8.004456358061938781e-01
-6.563005260815574227e-01,-6.563005260815574227e-01
8.119018630840703077e-01,8.119018630840703077e-01
1.271540502748521595e-01,1.271540502748521595e-01
2.822244023316993200e-01,2.822244023316993200e-01
-1.351814789988784460e-01,-1.351814789988784460e-01
-1.229602494094629073e+00,-1.229602494094629073e+00
1.924283765050084360e-01,1.924283765050084360e-01
6.355236771223804482e-02,6.355236771223804482e-02
-5.341180939437448205e-02,-5.341180939437448205e-02
-6.824326548300522211e-01,-6.824326548300522211e-01
-2.750648994580828788e-02,-2.750648994580828788e-02
7.292985456197658145e-01,7.292985456197658145e-01
-1.815721808294528672e-01,-1.815721808294528672e-01
-1.047197287130947396e+00,-1.047197287130947396e+00
2.657885488851471911e-02,2.657885488851471911e-02
3.350585340591140104e-01,3.350585340591140104e-01
-1.090510922679327255e+00,-1.090510922679327255e+00
1.343982721876663122e-01,1.343982721876663122e-01
3.450063915907025658e-01,3.450063915907025658e-01
-3.547433152970838610e-02,-3.547433152970838610e-02
-3.167146272243346328e-01,-3.167146272243346328e-01
4.034156961928831997e-01,4.034156961928831997e-01
4.919897597698895675e-01,4.919897597698895675e-01
2.068636107854169737e+00,2.068636107854169737e+00
1.365861475986323459e+00,1.365861475986323459e+00
-1.264064807648762168e+00,-1.264064807648762168e+00
-1.058978772074184560e+00,-1.058978772074184560e+00
4.833691054176580959e-01,4.833691054176580959e-01
6.215368500227469450e-01,6.215368500227469450e-01
1.526558895400416116e+00,1.526558895400416116e+00
-1.684144824514197669e-01,-1.684144824514197669e-01
-1.530645741033686003e-01,-1.530645741033686003e-01
-4.903597211207565837e-02,-4.903597211207565837e-02
5.886379553883640536e-01,5.886379553883640536e-01
-4.991417823740515458e-01,-4.991417823740515458e-01
-1.278188216281476386e+00,-1.278188216281476386e+00
-9.625479654354741621e-01,-9.625479654354741621e-01
1.599563696193931461e+00,1.599563696193931461e+00
1.287354848619080006e-01,1.287354848619080006e-01
-4.433376804864972986e-01,-4.433376804864972986e-01
-1.200119200923861040e+00,-1.200119200923861040e+00
-1.453753052302522164e-01,-1.453753052302522164e-01
3.845556328418819891e-03,3.845556328418819891e-03
3.442136026929183967e-01,3.442136026929183967e-01
-1.052064516321980392e+00,-1.052064516321980392e+00
3.719542424704136430e-01,3.719542424704136430e-01
-4.489136393547484283e-01,-4.489136393547484283e-01
-3.864824356954229545e-01,-3.864824356954229545e-01
1.293983612193792654e+00,1.293983612193792654e+00
-5.216359646267211270e-01,-5.216359646267211270e-01
3.618554943336548813e-01,3.618554943336548813e-01
-1.416465052047635731e-01,-1.416465052047635731e-01
-6.740993423018665220e-01,-6.740993423018665220e-01
5.021848356562289006e-02,5.021848356562289006e-02
-2.979394048636299641e-01,-2.979394048636299641e-01
-1.725260943462821217e+00,-1.725260943462821217e+00
-3.451960032670520206e-01,-3.451960032670520206e-01
4.713012046244009490e-01,4.713012046244009490e-01
-2.626565986381662610e-02,-2.626565986381662610e-02
-2.839173101475952476e-01,-2.839173101475952476e-01
1.900683740907938013e-01,1.900683740907938013e-01
-4.954541723920399265e-01,-4.954541723920399265e-01
-2.869634216471626531e-01,-2.869634216471626531e-01
-4.264032332815709259e-02,-4.264032332815709259e-02
-3.200290771028085901e-01,-3.200290771028085901e-01
3.801400459590828507e-01,3.801400459590828507e-01
-3.784354977918266139e-01,-3.784354977918266139e-01
1.046909305175617311e-01,1.046909305175617311e-01
-7.115940263854952930e-01,-7.115940263854952930e-01
7.648159619128678255e-01,7.648159619128678255e-01
-5.235810426176900068e-01,-5.235810426176900068e-01
-9.170109087545356141e-01,-9.170109087545356141e-01
-7.566159460473177445e-01,-7.566159460473177445e-01
6.072431460240498291e-01,6.072431460240498291e-01
1.122010630676158582e+00,1.122010630676158582e+00
9.007085380237161987e-01,9.007085380237161987e-01
2.890113074443717567e-02,2.890113074443717567e-02
-4.763114077007314373e-01,-4.763114077007314373e-01
-3.099819309330164030e-01,-3.099819309330164030e-01
2.191725177201027108e-01,2.191725177201027108e-01
5.378588022630772514e-01,5.378588022630772514e-01
-8.977720560141047024e-01,-8.977720560141047024e-01
1.416400070544802103e-01,1.416400070544802103e-01
-4.866803454839388476e-02,-4.866803454839388476e-02
6.760343547302798406e-01,6.760343547302798406e-01
-1.187003633492074606e+00,-1.187003633492074606e+00
-2.062522143638417793e-01,-2.062522143638417793e-01
1.468125166514155922e-01,1.468125166514155922e-01
7.278085337838705593e-01,7.278085337838705593e-01
-4.597209333259894004e-01,-4.597209333259894004e-01
-8.610578508366483197e-01,-8.610578508366483197e-01
-1.035803293270261272e-01,-1.035803293270261272e-01
-4.121095764653525118e-01,-4.121095764653525118e-01
-4.981006972435879643e-01,-4.981006972435879643e-01
-2.389115687470882710e-01,-2.389115687470882710e-01
-1.083668966970583902e+00,-1.083668966970583902e+00
6.589847989129562489e-01,6.589847989129562489e-01
-1.337470026272935542e-02,-1.337470026272935542e-02
-1.504855088922549822e+00,-1.504855088922549822e+00
-9.152926548459727751e-02,-9.152926548459727751e-02
2.785287266664659422e-01,2.785287266664659422e-01
1.163573913238663549e-02,1.163573913238663549e-02
-4.927483248121732884e-01,-4.927483248121732884e-01
1.007920780864331789e+00,1.007920780864331789e+00
6.025340694627611127e-01,6.025340694627611127e-01
6.150380745865364762e-01,6.150380745865364762e-01
-1.782362585087468476e+00,-1.782362585087468476e+00
2.112700676590802296e+00,2.112700676590802296e+00
-9.185038732458008504e-01,-9.185038732458008504e-01
2.799966062435566005e-02,2.799966062435566005e-02
9.066606620065185140e-01,9.066606620065185140e-01
2.632202470458400168e-02,2.632202470458400168e-02
-1.066806167994620580e+00,-1.066806167994620580e+00
1.317295176438491033e+00,1.317295176438491033e+00
-1.720535704539080668e-01,-1.720535704539080668e-01
1.247134026928355066e+00,1.247134026928355066e+00
1.117479314842214411e+00,1.117479314842214411e+00
7.358072279606524546e-01,7.358072279606524546e-01
-5.692291853333077967e-01,-5.692291853333077967e-01
-1.849712291125885200e+00,-1.849712291125885200e+00
1.444200250903086902e+00,1.444200250903086902e+00
-1.246161032106164690e+00,-1.246161032106164690e+00
1.691045703178899906e+00,1.691045703178899906e+00
-1.649704320829098458e-01,-1.649704320829098458e-01
-5.394478691238202561e-02,-5.394478691238202561e-02
8.835908137457004763e-02,8.835908137457004763e-02
-7.126281144546062762e-01,-7.126281144546062762e-01
-6.221133939065716101e-01,-6.221133939065716101e-01
-3.844189864277530178e-01,-3.844189864277530178e-01
-9.424071766403306905e-01,-9.424071766403306905e-01
1.423305635898935328e+00,1.423305635898935328e+00
-7.219625849452631083e-01,-7.219625849452631083e-01
2.892817800602422995e-01,2.892817800602422995e-01
-4.027361262025796473e-01,-4.027361262025796473e-01
-6.329525224046280568e-03,-6.329525224046280568e-03
5.515795390432371992e-01,5.515795390432371992e-01
-3.083726633087923164e-01,-3.083726633087923164e-01
5.227883830859429981e-01,5.227883830859429981e-01
1.848700642110995274e-01,1.848700642110995274e-01
2.361656773053349423e-01,2.361656773053349423e-01
9.527874516551827488e-01,9.527874516551827488e-01
-6.596146568276310962e-01,-6.596146568276310962e-01
-1.185773952927342778e+00,-1.185773952927342778e+00
1.220270677096846335e-02,1.220270677096846335e-02
-1.241154033823088643e-02,-1.241154033823088643e-02
-1.315343064779627813e+00,-1.315343064779627813e+00
-1.912519235525621086e+00,-1.912519235525621086e+00
-6.693193472072241912e-01,-6.693193472072241912e-01
-2.976021276179774411e+00,-2.976021276179774411e+00
-4.548353490091403550e-01,-4.548353490091403550e-01
1.164762352667107148e+00,1.164762352667107148e+00
6.447834008935752204e-01,6.447834008935752204e-01
1.516067266810315006e+00,1.516067266810315006e+00
2.512461723531920210e-01,2.512461723531920210e-01
-1.319861638269710147e+00,-1.319861638269710147e+00
-9.628052499302948153e-01,-9.628052499302948153e-01
-9.781462519822589075e-01,-9.781462519822589075e-01
-1.898449468349728608e+00,-1.898449468349728608e+00
-1.917364017105921414e-01,-1.917364017105921414e-01
5.031232455924701252e-01,5.031232455924701252e-01
2.226657049485740725e-01,2.226657049485740725e-01
-7.940122801942678388e-02,-7.940122801942678388e-02
-1.509853677162662500e-01,-1.509853677162662500e-01
2.255906777559685272e-01,2.255906777559685272e-01
-1.460978117266980014e+00,-1.460978117266980014e+00
-3.185287013401050249e-01,-3.185287013401050249e-01
8.658316426395973320e-03,8.658316426395973320e-03
1.258440578825785305e+00,1.258440578825785305e+00
-5.963750653510678790e-01,-5.963750653510678790e-01
-8.538904989163700332e-01,-8.538904989163700332e-01
-1.788496612082188242e-01,-1.788496612082188242e-01
3.285847468913840053e-01,3.285847468913840053e-01
6.956420575013688712e-02,6.956420575013688712e-02
4.043375696853752643e-01,4.043375696853752643e-01
2.590354913942570225e-01,2.590354913942570225e-01
6.864368736368184898e-01,6.864368736368184898e-01
-4.783209115375960940e-01,-4.783209115375960940e-01
9.893714425872360274e-02,9.893714425872360274e-02
-4.280784271497539706e-01,-4.280784271497539706e-01
-1.079217917071195743e+00,-1.079217917071195743e+00
-2.499981136860625064e-01,-2.499981136860625064e-01
-1.271955009387507329e-01,-1.271955009387507329e-01
-1.116809893459768110e-01,-1.116809893459768110e-01
-3.903055661048198677e-01,-3.903055661048198677e-01
4.601904189177526833e-02,4.601904189177526833e-02
-1.496156879269598505e+00,-1.496156879269598505e+00
-1.549414338380774137e+00,-1.549414338380774137e+00
-1.541354798293901873e-01,-1.541354798293901873e-01
-1.417360587256362159e+00,-1.417360587256362159e+00
3.194117024888187828e-02,3.194117024888187828e-02
1.150860016303852651e-01,1.150860016303852651e-01
-1.663796253314741236e+00,-1.663796253314741236e+00
-1.611860121729742357e-01,-1.611860121729742357e-01
-5.314842467725906516e-01,-5.314842467725906516e-01
2.626487030115236543e-01,2.626487030115236543e-01
9.590348204683152300e-01,9.590348204683152300e-01
-7.121459307851230047e-02,-7.121459307851230047e-02
-1.594870003161637850e+00,-1.594870003161637850e+00
1.044637469202904345e+00,1.044637469202904345e+00
-3.649813756640135631e-01,-3.649813756640135631e-01
-8.235043378701946137e-01,-8.235043378701946137e-01
4.938858907972173973e-01,4.938858907972173973e-01
5.679042059717203106e-01,5.679042059717203106e-01
-2.137667584656035291e-01,-2.137667584656035291e-01
-2.430903231022656652e-01,-2.430903231022656652e-01
9.701299039268662661e-02,9.701299039268662661e-02
-3.599061062335355277e-01,-3.599061062335355277e-01
-3.417119841189084628e-01,-3.417119841189084628e-01
1.061912768607526369e-01,1.061912768607526369e-01
-2.036719287235062126e+00,-2.036719287235062126e+00
-8.231136391690647702e-01,-8.231136391690647702e-01
4.763765695053971960e-01,4.763765695053971960e-01
2.871267810471097581e-01,2.871267810471097581e-01
3.519603771635556599e-01,3.519603771635556599e-01
-1.777853762020397688e-01,-1.777853762020397688e-01
-1.512458830949825472e-02,-1.512458830949825472e-02
-9.827957159687694677e-02,-9.827957159687694677e-02
-8.661413183319350839e-01,-8.661413183319350839e-01
-1.020000918078433960e+00,-1.020000918078433960e+00
-5.819007679592573812e-01,-5.819007679592573812e-01
3.987360644715598479e-01,3.987360644715598479e-01
5.282709708480189809e-02,5.282709708480189809e-02
1.024305310223730725e+00,1.024305310223730725e+00
3.045583547016865733e-01,3.045583547016865733e-01
3.166711144592493365e-02,3.166711144592493365e-02
-3.723272049941787065e-01,-3.723272049941787065e-01
2.166189352107832367e-01,2.166189352107832367e-01
5.182451549737185914e-01,5.182451549737185914e-01
2.124137278190711076e+00,2.124137278190711076e+00
3.074745500458696545e-01,3.074745500458696545e-01
-3.114954414095122415e-02,-3.114954414095122415e-02
-1.017687706983467999e+00,-1.017687706983467999e+00
-1.097872097801678937e+00,-1.097872097801678937e+00
1.521732691375190072e+00,1.521732691375190072e+00
2.411194753978044836e-01,2.411194753978044836e-01
-7.872307368906777958e-01,-7.872307368906777958e-01
-1.549032870085589320e+00,-1.549032870085589320e+00
8.260639689194131385e-01,8.260639689194131385e-01
-3.730351432890563479e-01,-3.730351432890563479e-01
-5.028150282749985767e-01,-5.028150282749985767e-01
4.196240827865697076e-01,4.196240827865697076e-01
5.524518671323548624e-02,5.524518671323548624e-02
-3.859289993149760956e-01,-3.859289993149760956e-01
-9.128916865929074254e-01,-9.128916865929074254e-01
-8.732841752283866388e-01,-8.732841752283866388e-01
1.837296201896307379e-02,1.837296201896307379e-02
5.431156952141640293e-01,5.431156952141640293e-01
7.744650385751726818e-01,7.744650385751726818e-01
6.333340950954149395e-01,6.333340950954149395e-01
4.083710771853085175e-01,4.083710771853085175e-01
-8.515691204651985036e-01,-8.515691204651985036e-01
1.506591689367404729e-01,1.506591689367404729e-01
-2.245038593200292809e-01,-2.245038593200292809e-01
-2.056308455271784741e+00,-2.056308455271784741e+00
6.254640712176260386e-01,6.254640712176260386e-01
-2.390681790006659480e+00,-2.390681790006659480e+00
-8.989525352141867209e-01,-8.989525352141867209e-01
6.632150274056294315e-01,6.632150274056294315e-01
-2.193796510011126966e+00,-2.193796510011126966e+00
-5.111766671826294406e-01,-5.111766671826294406e-01
8.318639374359638738e-01,8.318639374359638738e-01
5.351928866952557762e-01,5.351928866952557762e-01
-3.456203734301095398e-01,-3.456203734301095398e-01
-1.824903221389229668e-01,-1.824903221389229668e-01
1.415091017134583185e-01,1.415091017134583185e-01
1.745620384223081523e+00,1.745620384223081523e+00
-8.942328569468396271e-01,-8.942328569468396271e-01
-1.397024680178711842e+00,-1.397024680178711842e+00
6.579932583033520910e-03,6.579932583033520910e-03
-7.026339859141098043e-02,-7.026339859141098043e-02
-1.054757163713334167e+00,-1.054757163713334167e+00
-5.263861087881895884e-01,-5.263861087881895884e-01
4.376446157060956410e-01,4.376446157060956410e-01
1.119443880074131314e-01,1.119443880074131314e-01
-6.117503071483139099e-01,-6.117503071483139099e-01
2.320441740953829712e-02,2.320441740953829712e-02
4.079832979367522539e-01,4.079832979367522539e-01
8.204161595780881111e-01,8.204161595780881111e-01
-1.707492674055333115e-02,-1.707492674055333115e-02
5.278463037211362785e-01,5.278463037211362785e-01
-6.347912474793615534e-01,-6.347912474793615534e-01
1.191143338453126699e+00,1.191143338453126699e+00
-8.149504455329384389e-02,-8.149504455329384389e-02
-4.259054312249830332e-01,-4.259054312249830332e-01
-2.212616115693534891e+00,-2.212616115693534891e+00
-6.023706971125264431e-01,-6.023706971125264431e-01
1.051737858659610891e+00,1.051737858659610891e+00
-5.044293747424196672e-01,-5.044293747424196672e-01
-2.423996129910176656e+00,-2.423996129910176656e+00
-4.448648788858092784e-01,-4.448648788858092784e-01
1.013012289016288703e+00,1.013012289016288703e+00
7.998577359913896512e-01,7.998577359913896512e-01
-1.042401405757505950e+00,-1.042401405757505950e+00
4.767561761823019273e-01,4.767561761823019273e-01
6.115279314122988863e-01,6.115279314122988863e-01
1.669215773850822870e+00,1.669215773850822870e+00
5.843976474909762242e-01,5.843976474909762242e-01
1.180346436810276955e+00,1.180346436810276955e+00
1.157980400201884752e+00,1.157980400201884752e+00
1.012226865729732417e+00,1.012226865729732417e+00
6.486932996320865508e-01,6.486932996320865508e-01
-7.985014701333401632e-01,-7.985014701333401632e-01
4.001119681164500008e-01,4.001119681164500008e-01
-1.263823743968394808e+00,-1.263823743968394808e+00
9.996820828796415537e-02,9.996820828796415537e-02
1.438062451193332425e+00,1.438062451193332425e+00
-1.232745851056689768e+00,-1.232745851056689768e+00
5.498222078867505136e-01,5.498222078867505136e-01
3.482694441202853763e-01,3.482694441202853763e-01
1.681170711391040795e+00,1.681170711391040795e+00
-2.690009216259786617e-01,-2.690009216259786617e-01
1.776956668560905506e+00,1.776956668560905506e+00
4.373472481927723754e-01,4.373472481927723754e-01
2.252557706701138474e-01,2.252557706701138474e-01
4.256971581115124859e-01,4.256971581115124859e-01
-3.488607750305624533e-01,-3.488607750305624533e-01
-4.784690192680965959e-01,-4.784690192680965959e-01
6.699196794332009652e-01,6.699196794332009652e-01
4.627788613593194489e-01,4.627788613593194489e-01
-9.720829895064576620e-01,-9.720829895064576620e-01
8.451102024706813598e-02,8.451102024706813598e-02
-5.680299525234743241e-01,-5.680299525234743241e-01
9.548987906371624312e-01,9.548987906371624312e-01
4.267341437211036870e-01,4.267341437211036870e-01
3.859048575652810342e-01,3.859048575652810342e-01
-4.455528066812641796e-02,-4.455528066812641796e-02
-1.059464091990599099e+00,-1.059464091990599099e+00
1.068198705133834192e+00,1.068198705133834192e+00
-8.168186184290510132e-02,-8.168186184290510132e-02
-1.460936665366744158e+00,-1.460936665366744158e+00
-2.246611221178532458e-01,-2.246611221178532458e-01
1.446973356475477201e-01,1.446973356475477201e-01
7.260127242119562840e-02,7.260127242119562840e-02
4.017603771325573003e-02,4.017603771325573003e-02
6.464857099846602617e-01,6.464857099846602617e-01
-1.803097201253185677e-01,-1.803097201253185677e-01
-7.155642168020499572e-01,-7.155642168020499572e-01
-4.030632826624624410e-01,-4.030632826624624410e-01
4.784726978847418932e-01,4.784726978847418932e-01
-1.789965045142842825e+00,-1.789965045142842825e+00
4.482351445151331881e-01,4.482351445151331881e-01
2.044129841342060272e-01,2.044129841342060272e-01
9.707320750298322753e-01,9.707320750298322753e-01
9.943986130014214053e-01,9.943986130014214053e-01
2.459255526260944180e-01,2.459255526260944180e-01
3.820908313378146848e-01,3.820908313378146848e-01
-8.565022973655536664e-02,-8.565022973655536664e-02
-9.707406896278032438e-01,-9.707406896278032438e-01
-1.574329689505302277e+00,-1.574329689505302277e+00
-5.851105715899597159e-01,-5.851105715899597159e-01
3.972613860088309301e-01,3.972613860088309301e-01
-7.383742213313021496e-02,-7.383742213313021496e-02
-2.637514829196576094e-01,-2.637514829196576094e-01
3.956867262387837036e-01,3.956867262387837036e-01
-1.021022450460566722e+00,-1.021022450460566722e+00
3.435221872747573624e-02,3.435221872747573624e-02
-1.385327134390571979e+00,-1.385327134390571979e+00
-1.014005629758832461e+00,-1.014005629758832461e+00
1.990583572812543389e+00,1.990583572812543389e+00
-1.881229978605159503e-01,-1.881229978605159503e-01
-6.459611327016062665e-01,-6.459611327016062665e-01
1.005203597631713741e+00,1.005203597631713741e+00
-5.624110915788842480e-01,-5.624110915788842480e-01
-7.021758702869864699e-01,-7.021758702869864699e-01
-1.253823831144635026e+00,-1.253823831144635026e+00
-4.435648862455526253e-01,-4.435648862455526253e-01
-8.280116596680221486e-01,-8.280116596680221486e-01
-5.592730262995601054e-01,-5.592730262995601054e-01
3.208692438409910808e-01,3.208692438409910808e-01
-2.571825146640494553e-01,-2.571825146640494553e-01
7.728978927565963719e-01,7.728978927565963719e-01
1.557146142016246904e-01,1.557146142016246904e-01
-5.409393778734918889e-01,-5.409393778734918889e-01
2.766274035556320898e-01,2.766274035556320898e-01
-6.649037683951882771e-01,-6.649037683951882771e-01
-3.343474865915147531e-01,-3.343474865915147531e-01
3.468866053128672466e-01,3.468866053128672466e-01
2.235584384170580807e-01,2.235584384170580807e-01
-1.097268346553531115e+00,-1.097268346553531115e+00
-3.345369824456045360e-01,-3.345369824456045360e-01
-1.217782110753111935e+00,-1.217782110753111935e+00
-7.102943604584532888e-02,-7.102943604584532888e-02
1.076111281727639701e+00,1.076111281727639701e+00
-1.329100324715110304e+00,-1.329100324715110304e+00
-3.850002945182980918e-01,-3.850002945182980918e-01
-7.002919127305190505e-03,-7.002919127305190505e-03
5.824140209899264509e-01,5.824140209899264509e-01
-1.331181451032128038e+00,-1.331181451032128038e+00
-7.341250267929670947e-01,-7.341250267929670947e-01
9.694850453982652994e-01,9.694850453982652994e-01
2.330162209481084767e-02,2.330162209481084767e-02
3.290444041599462910e-01,3.290444041599462910e-01
-1.752090502740932809e-01,-1.752090502740932809e-01
-7.195757549258935404e-01,-7.195757549258935404e-01
2.420400424204766643e-01,2.420400424204766643e-01
-9.005171006644787646e-01,-9.005171006644787646e-01
8.998339952585855395e-01,8.998339952585855395e-01
7.022987442049266615e-01,7.022987442049266615e-01
7.312069251315844731e-01,7.312069251315844731e-01
2.638228687197127775e-02,2.638228687197127775e-02
6.523648367700889406e-01,6.523648367700889406e-01
-9.264140071530824194e-01,-9.264140071530824194e-01
1.767101094277357398e-01,1.767101094277357398e-01
-7.737882233762958251e-01,-7.737882233762958251e-01
1.333457697436172484e+00,1.333457697436172484e+00
1.942274828990383784e-01,1.942274828990383784e-01
-8.261234890054944824e-01,-8.261234890054944824e-01
-6.861240181657435322e-01,-6.861240181657435322e-01
-1.257165805191263530e+00,-1.257165805191263530e+00
-3.746977166633331247e-01,-3.746977166633331247e-01
7.468682563106481265e-01,7.468682563106481265e-01
-5.019800936651513945e-01,-5.019800936651513945e-01
-4.235921863928741038e-01,-4.235921863928741038e-01
5.498459853515400564e-01,5.498459853515400564e-01
-1.279012820809755757e+00,-1.279012820809755757e+00
-4.503741832411066182e-01,-4.503741832411066182e-01
-2.647703760785302673e-01,-2.647703760785302673e-01
-5.206770615755461629e-01,-5.206770615755461629e-01
-1.391455413634731908e+00,-1.391455413634731908e+00
-6.478851827075902126e-01,-6.478851827075902126e-01
4.216744996527307943e-01,4.216744996527307943e-01
1.643514132192541721e+00,1.643514132192541721e+00
1.404763229089224463e+00,1.404763229089224463e+00
-5.092401570826180501e-01,-5.092401570826180501e-01
7.124199374115136596e-01,7.124199374115136596e-01
4.504953810114910584e-01,4.504953810114910584e-01
4.745656322544362649e-01,4.745656322544362649e-01
8.411994368200219618e-01,8.411994368200219618e-01
2.311524286787953741e-01,2.311524286787953741e-01
4.384926636099820141e-01,4.384926636099820141e-01
7.375629723828133200e-01,7.375629723828133200e-01
2.244343485177259234e-01,2.244343485177259234e-01
8.455883699074500104e-01,8.455883699074500104e-01
-6.993701994723082738e-01,-6.993701994723082738e-01
-2.236892261309679220e-01,-2.236892261309679220e-01
3.039275381563125711e-01,3.039275381563125711e-01
2.558167423190364498e-01,2.558167423190364498e-01
-7.604559025337083167e-01,-7.604559025337083167e-01
1.399923207119589674e-01,1.399923207119589674e-01
7.110013287760859058e-01,7.110013287760859058e-01
9.695808402086451006e-01,9.695808402086451006e-01
-6.869132812581781877e-01,-6.869132812581781877e-01
-9.874808832116941382e-01,-9.874808832116941382e-01
-8.783026714176550565e-02,-8.783026714176550565e-02
-9.699730830071315313e-02,-9.699730830071315313e-02
8.467348376337384686e-01,8.467348376337384686e-01
-1.047842402176756504e+00,-1.047842402176756504e+00
-6.053834388887820994e-01,-6.053834388887820994e-01
9.831143808205150547e-01,9.831143808205150547e-01
-1.334293132480954380e+00,-1.334293132480954380e+00
-4.672692033733891193e-02,-4.672692033733891193e-02
-5.515614738891532198e-01,-5.515614738891532198e-01
-9.658701780761532740e-01,-9.658701780761532740e-01
1.571347184190141633e-01,1.571347184190141633e-01
-2.909267577850406794e-01,-2.909267577850406794e-01
-3.295903642019245017e-01,-3.295903642019245017e-01
5.521606883303724622e-01,5.521606883303724622e-01
-7.804699030329871334e-01,-7.804699030329871334e-01
1.490617375357088159e+00,1.490617375357088159e+00
-3.157270263468164861e-01,-3.157270263468164861e-01
-2.074838607095335630e-01,-2.074838607095335630e-01
6.282024062159224931e-02,6.282024062159224931e-02
-1.287553958122498177e+00,-1.287553958122498177e+00
-2.522684415869620445e-01,-2.522684415869620445e-01
-8.504975717013107950e-02,-8.504975717013107950e-02
1.284247584276370979e+00,1.284247584276370979e+00
9.945875301860085393e-01,9.945875301860085393e-01
-3.407964949027234014e-01,-3.407964949027234014e-01
3.060904966083770606e-01,3.060904966083770606e-01
-1.274468367040503813e-01,-1.274468367040503813e-01
-3.071762093717482767e-01,-3.071762093717482767e-01
-5.278692882678639453e-01,-5.278692882678639453e-01
-1.575731829893648461e-01,-1.575731829893648461e-01
8.271196481216080976e-01,8.271196481216080976e-01
1.528027781390035811e+00,1.528027781390035811e+00
-1.337990761808536266e+00,-1.337990761808536266e+00
3.544549390412539691e-01,3.544549390412539691e-01
-4.801268519480045294e-01,-4.801268519480045294e-01
-1.379160669222295743e-02,-1.379160669222295743e-02
4.020169249279761381e-01,4.020169249279761381e-01
1.995428434947628671e-01,1.995428434947628671e-01
-4.995203913511919169e-01,-4.995203913511919169e-01
9.782698431491694269e-01,9.782698431491694269e-01
-5.375664108947350028e-01,-5.375664108947350028e-01
-2.369035397720409275e+00,-2.369035397720409275e+00
4.018700078346212345e-01,4.018700078346212345e-01
1.075389973141687161e+00,1.075389973141687161e+00
7.702213775582871236e-01,7.702213775582871236e-01
-4.810292561247755394e-01,-4.810292561247755394e-01
4.342690147331932926e-01,4.342690147331932926e-01
1.716191453788320498e-01,1.716191453788320498e-01
5.921335405446928046e-01,5.921335405446928046e-01
-3.807577729724583304e-01,-3.807577729724583304e-01
1.469935079063198646e+00,1.469935079063198646e+00
-9.350187732126106210e-01,-9.350187732126106210e-01
2.410987252595079428e-02,2.410987252595079428e-02
1.214873042577419016e-03,1.214873042577419016e-03
1.489218952862381817e+00,1.489218952862381817e+00
1.942067108776216244e+00,1.942067108776216244e+00
-1.022416499033675041e+00,-1.022416499033675041e+00
-1.512360238391829981e-01,-1.512360238391829981e-01
-5.465450595833742931e-01,-5.465450595833742931e-01
-2.144909017700603382e+00,-2.144909017700603382e+00
6.442589860109990685e-01,6.442589860109990685e-01
-9.656046149938859458e-01,-9.656046149938859458e-01
-7.539616117466224621e-01,-7.539616117466224621e-01
9.910370490926352360e-01,9.910370490926352360e-01
1.481520727398261683e-01,1.481520727398261683e-01
-8.313431798721357957e-01,-8.313431798721357957e-01
1.355671734357907221e+00,1.355671734357907221e+00
-4.425350514383939449e-01,-4.425350514383939449e-01
-3.981379163301844715e-01,-3.981379163301844715e-01
2.867914481128383541e-02,2.867914481128383541e-02
-6.789470033937714533e-01,-6.789470033937714533e-01
-1.233610683886916526e+00,-1.233610683886916526e+00
-8.387004275100251593e-01,-8.387004275100251593e-01
-8.605201015704035949e-01,-8.605201015704035949e-01
1.803833040566321433e+00,1.803833040566321433e+00
1.149846653973112476e+00,1.149846653973112476e+00
-9.678752591499278912e-02,-9.678752591499278912e-02
-1.245001422241720057e+00,-1.245001422241720057e+00
-3.283163462361844975e-01,-3.283163462361844975e-01
6.903842799788356688e-01,6.903842799788356688e-01
-1.281914768284931894e+00,-1.281914768284931894e+00
-2.824309309839625470e-01,-2.824309309839625470e-01
-1.725048555744636225e+00,-1.725048555744636225e+00
-4.811067007470605783e-01,-4.811067007470605783e-01
9.783057472866135695e-02,9.783057472866135695e-02
-4.789748241230390446e-01,-4.789748241230390446e-01
8.894562219044852558e-01,8.894562219044852558e-01
-8.313916298328047905e-01,-8.313916298328047905e-01
7.573777862139399186e-01,7.573777862139399186e-01
-4.932946572706385369e-01,-4.932946572706385369e-01
-4.951873796110398684e-01,-4.951873796110398684e-01
-7.856557654240432509e-01,-7.856557654240432509e-01
8.075392453242554724e-01,8.075392453242554724e-01
-1.059832423355472120e+00,-1.059832423355472120e+00
1.256932371380086622e+00,1.256932371380086622e+00
9.301718570443664458e-01,9.301718570443664458e-01
-7.399173112994305024e-01,-7.399173112994305024e-01
6.364662572585525480e-01,6.364662572585525480e-01
1.563424482888886025e-01,1.563424482888886025e-01
1.711856964833972095e-01,1.711856964833972095e-01
-3.864836629728757300e-02,-3.864836629728757300e-02
-1.183526873985723427e+00,-1.183526873985723427e+00
-2.423489653789125675e-01,-2.423489653789125675e-01
1.065986532111877549e+00,1.065986532111877549e+00
-7.768705681167989430e-02,-7.768705681167989430e-02
3.502246092455513216e-02,3.502246092455513216e-02
-2.680830272076821230e-01,-2.680830272076821230e-01
5.008466914258504765e-01,5.008466914258504765e-01
6.899085280241872287e-01,6.899085280241872287e-01
-3.943362110190736791e-01,-3.943362110190736791e-01
-9.774626623168758410e-01,-9.774626623168758410e-01
-4.261153681602262711e-01,-4.261153681602262711e-01
-8.679628592193419090e-01,-8.679628592193419090e-01
5.670991002857772578e-01,5.670991002857772578e-01
-7.480157964946021476e-01,-7.480157964946021476e-01
1.124785141956855750e+00,1.124785141956855750e+00
1.366074269107817596e+00,1.366074269107817596e+00
2.526846687010179671e-01,2.526846687010179671e-01
-5.886674360653867399e-01,-5.886674360653867399e-01
-9.524973309202529048e-01,-9.524973309202529048e-01
-6.530444741937388997e-01,-6.530444741937388997e-01
-1.470904146384718558e+00,-1.470904146384718558e+00
-1.563255665879486500e+00,-1.563255665879486500e+00
-4.505604310775818133e-01,-4.505604310775818133e-01
2.617517178517487331e+00,2.617517178517487331e+00
2.706553755343704681e-03,2.706553755343704681e-03
1.078357368099663649e+00,1.078357368099663649e+00
4.301002132092568431e-01,4.301002132092568431e-01
9.487649184167807892e-01,9.487649184167807892e-01
-1.533966261612983883e+00,-1.533966261612983883e+00
-4.591056092342465922e-01,-4.591056092342465922e-01
1.309028022767994015e+00,1.309028022767994015e+00
-1.529372517879892923e+00,-1.529372517879892923e+00
-5.816194140849337835e-01,-5.816194140849337835e-01
3.869138496118231796e-01,3.869138496118231796e-01
-9.959660324135595211e-01,-9.959660324135595211e-01
6.013352296481093706e-01,6.013352296481093706e-01
-8.117402101667612335e-01,-8.117402101667612335e-01
-1.291670779546975734e+00,-1.291670779546975734e+00
1.429655776424541225e+00,1.429655776424541225e+00
-7.185734261693206282e-01,-7.185734261693206282e-01
-1.870936850116186934e+00,-1.870936850116186934e+00
-9.262308265818373076e-01,-9.262308265818373076e-01
-1.134067359132553132e-01,-1.134067359132553132e-01
4.910507172009087595e-01,4.910507172009087595e-01
3.011742876815804992e-01,3.011742876815804992e-01
-2.527416049237653506e-01,-2.527416049237653506e-01
-2.590838405703217995e-01,-2.590838405703217995e-01
1.210314984720126885e+00,1.210314984720126885e+00
2.093747020072408427e-01,2.093747020072408427e-01
-1.937723037820222594e-01,-1.937723037820222594e-01
5.151130935530430222e-01,5.151130935530430222e-01
-1.187785220941719233e+00,-1.187785220941719233e+00
-9.695106032737685897e-01,-9.695106032737685897e-01
-5.288393221746044981e-01,-5.288393221746044981e-01
-7.932633266718849274e-01,-7.932633266718849274e-01
1.251177777151809334e+00,1.251177777151809334e+00
-9.729683981733631137e-01,-9.729683981733631137e-01
-2.771458571934651838e-01,-2.771458571934651838e-01
-2.011339837480425885e-01,-2.011339837480425885e-01
1.093616602473849397e+00,1.093616602473849397e+00
1.121310175086062122e-01,1.121310175086062122e-01
9.852598074106725390e-01,9.852598074106725390e-01
1.091619620231527144e+00,1.091619620231527144e+00
7.619845470346381378e-01,7.619845470346381378e-01
9.332699069888505949e-01,9.332699069888505949e-01
-2.954690984175525337e-01,-2.954690984175525337e-01
1.154122402254012414e+00,1.154122402254012414e+00
2.701129005415614515e-02,2.701129005415614515e-02
-1.068777774800473868e+00,-1.068777774800473868e+00
2.511369125400803037e-01,2.511369125400803037e-01
2.460278297197866504e-01,2.460278297197866504e-01
3.860422271621184453e-01,3.860422271621184453e-01
-8.181791634309939498e-01,-8.181791634309939498e-01
3.355489375008526842e-01,3.355489375008526842e-01
5.077931277326692694e-01,5.077931277326692694e-01
-1.875066384099605354e+00,-1.875066384099605354e+00
4.940313557502195585e-01,4.940313557502195585e-01
6.595683001323017214e-01,6.595683001323017214e-01
-1.265684851594350402e+00,-1.265684851594350402e+00
1.203826847546269008e+00,1.203826847546269008e+00
6.205155900299372806e-01,6.205155900299372806e-01
1.354139884340920252e-01,1.354139884340920252e-01
2.950086258798680361e-01,2.950086258798680361e-01
-9.885568147646529580e-01,-9.885568147646529580e-01
1.437059296301532729e-01,1.437059296301532729e-01
1.546475398041775029e-01,1.546475398041775029e-01
-1.889074002283769538e+00,-1.889074002283769538e+00
-1.438688181787317388e+00,-1.438688181787317388e+00
-1.165278202748998987e-01,-1.165278202748998987e-01
-5.458449344799592984e-01,-5.458449344799592984e-01
8.463391920191549733e-01,8.463391920191549733e-01
-1.365302386766642284e+00,-1.365302386766642284e+00
7.420085613530729152e-01,7.420085613530729152e-01
-1.014385237719386268e+00,-1.014385237719386268e+00
1.593500156913521870e+00,1.593500156913521870e+00
-1.480548943594254263e-01,-1.480548943594254263e-01
7.648971588213286932e-01,7.648971588213286932e-01
-8.712359086157648314e-01,-8.712359086157648314e-01
-1.029364412268892526e+00,-1.029364412268892526e+00
-1.444895254094741288e-02,-1.444895254094741288e-02
8.920202869806737045e-02,8.920202869806737045e-02
-9.432989584832272012e-01,-9.432989584832272012e-01
-5.197799432311404066e-01,-5.197799432311404066e-01
-1.534506613893064364e-01,-1.534506613893064364e-01
1.134841423478532008e-01,1.134841423478532008e-01
-8.305372344124974104e-02,-8.305372344124974104e-02
1.258390610574104951e+00,1.258390610574104951e+00
-1.207023751095565256e+00,-1.207023751095565256e+00
1.400811760921595983e+00,1.400811760921595983e+00
1.867773011063188493e-01,1.867773011063188493e-01
-6.843983710806281762e-01,-6.843983710806281762e-01
3.092406763974020478e-01,3.092406763974020478e-01
-2.470636504963141800e-02,-2.470636504963141800e-02
-5.636916788823849167e-01,-5.636916788823849167e-01
5.732061560818887402e-01,5.732061560818887402e-01
-7.785060874589128099e-01,-7.785060874589128099e-01
5.763427549018541596e-01,5.763427549018541596e-01
-1.497714052717099009e-01,-1.497714052717099009e-01
-4.711728766730794993e-01,-4.711728766730794993e-01
1.134130452542047029e+00,1.134130452542047029e+00
6.103862009958697099e-01,6.103862009958697099e-01
-1.905193144636045388e-01,-1.905193144636045388e-01
2.146052815095847777e+00,2.146052815095847777e+00
-8.248498139541609042e-01,-8.248498139541609042e-01
-8.387392033733644947e-01,-8.387392033733644947e-01
-1.204468459327904251e+00,-1.204468459327904251e+00
9.559587209697184562e-02,9.559587209697184562e-02
1.822551292652529464e-01,1.822551292652529464e-01
7.595289368046440615e-01,7.595289368046440615e-01
-4.154962260048589151e-02,-4.154962260048589151e-02
1.516063512479161712e+00,1.516063512479161712e+00
4.531001275413277796e-01,4.531001275413277796e-01
1.748004425034576648e-01,1.748004425034576648e-01
-1.206766238093470722e+00,-1.206766238093470722e+00
7.793832813842674900e-01,7.793832813842674900e-01
-3.451867634198587109e-01,-3.451867634198587109e-01
6.194693170385638936e-01,6.194693170385638936e-01
-5.937300218365668680e-01,-5.937300218365668680e-01
-6.835871595332647654e-01,-6.835871595332647654e-01
-4.539741096862001668e-02,-4.539741096862001668e-02
-1.679565697216520437e-01,-1.679565697216520437e-01
-7.429918914516997486e-02,-7.429918914516997486e-02
-1.257098591722202174e-01,-1.257098591722202174e-01
-3.799478154627738413e-01,-3.799478154627738413e-01
-1.897011829817944473e-01,-1.897011829817944473e-01
-2.115142683085758091e-01,-2.115142683085758091e-01
-1.561423810909411625e+00,-1.561423810909411625e+00
7.121270430642729909e-01,7.121270430642729909e-01
-1.406182890285249343e+00,-1.406182890285249343e+00
4.608768491928293964e-01,4.608768491928293964e-01
1.315868537450949338e+00,1.315868537450949338e+00
-3.877569026633386207e-01,-3.877569026633386207e-01
-5.028855089353849728e-01,-5.028855089353849728e-01
-1.479125243081709229e+00,-1.479125243081709229e+00
-2.087183166889042152e+00,-2.087183166889042152e+00
-1.221079467921703660e-01,-1.221079467921703660e-01
1.431477543655663431e-01,1.431477543655663431e-01
-4.874192689255113509e-02,-4.874192689255113509e-02
-2.891755849286497870e+00,-2.891755849286497870e+00
-8.560875943632102469e-01,-8.560875943632102469e-01
4.889377823998955486e-02,4.889377823998955486e-02
-5.428099231546958947e-01,-5.428099231546958947e-01
-5.495767368515780404e-01,-5.495767368515780404e-01
8.305162885283574603e-01,8.305162885283574603e-01
-1.352011178518869872e-01,-1.352011178518869872e-01
6.402703861694006848e-01,6.402703861694006848e-01
-6.884147707409544736e-01,-6.884147707409544736e-01
-2.093756021462856581e-02,-2.093756021462856581e-02
1.137399718577508434e+00,1.137399718577508434e+00
4.251206887659990108e-01,4.251206887659990108e-01
6.395514955781359534e-01,6.395514955781359534e-01
3.446395418004903344e-01,3.446395418004903344e-01
-3.339463980017687295e-01,-3.339463980017687295e-01
-2.127177150902778979e-01,-2.127177150902778979e-01
-2.237571993627903488e+00,-2.237571993627903488e+00
3.137885580701893495e-01,3.137885580701893495e-01
1.066248010166590099e+00,1.066248010166590099e+00
7.428602393421825933e-01,7.428602393421825933e-01
5.902826794532242127e-01,5.902826794532242127e-01
-2.492732106667610581e-01,-2.492732106667610581e-01
-1.387760747645715886e+00,-1.387760747645715886e+00
-7.440155260787080227e-01,-7.440155260787080227e-01
-1.999400935760660691e-01,-1.999400935760660691e-01
-5.709969236971607076e-02,-5.709969236971607076e-02
-4.390769527236613734e-01,-4.390769527236613734e-01
-3.240343280181239849e-01,-3.240343280181239849e-01
-2.793413474021925191e-01,-2.793413474021925191e-01
-1.973263561521479081e+00,-1.973263561521479081e+00
-3.005906506610664386e-01,-3.005906506610664386e-01
4.142175992595410472e-01,4.142175992595410472e-01
1.065392723533703734e+00,1.065392723533703734e+00
-2.508618913372209214e-01,-2.508618913372209214e-01
4.266061033464151331e-01,4.266061033464151331e-01
-3.053618747861629457e-01,-3.053618747861629457e-01
-3.467434245919949753e-01,-3.467434245919949753e-01
-5.001276437568705213e-02,-5.001276437568705213e-02
6.737530908269283580e-01,6.737530908269283580e-01
3.154165538788317180e-01,3.154165538788317180e-01
2.034761527822493976e-01,2.034761527822493976e-01
6.094603112259098232e-01,6.094603112259098232e-01
-1.440613668954793258e-02,-1.440613668954793258e-02
-1.490932909187840494e+00,-1.490932909187840494e+00
6.900269232318750889e-01,6.900269232318750889e-01
-2.113860346952207259e+00,-2.113860346952207259e+00
1.326702676639702538e+00,1.326702676639702538e+00
-2.334245657493685955e-01,-2.334245657493685955e-01
-3.835201270363819415e-01,-3.835201270363819415e-01
1.429843131776656340e-01,1.429843131776656340e-01
-1.128297272817802455e+00,-1.128297272817802455e+00
1.207634188916608675e+00,1.207634188916608675e+00
1.292532650594496513e+00,1.292532650594496513e+00
7.647398232154888342e-01,7.647398232154888342e-01
4.005301952017822353e-01,4.005301952017822353e-01
-2.519080845992475837e+00,-2.519080845992475837e+00
-2.291358257092465656e-02,-2.291358257092465656e-02
4.700972204811714739e-01,4.700972204811714739e-01
2.745883400605005908e-01,2.745883400605005908e-01
4.730573207157573457e-01,4.730573207157573457e-01
-5.315671048782610875e-02,-5.315671048782610875e-02
5.066317301857714561e-01,5.066317301857714561e-01
