4.324009533364047142e-01,4.324009533364047142e-01
1.045437338664116478e+00,1.045437338664116478e+00
1.058430379809866650e+00,1.058430379809866650e+00
4.704182745388835185e-03,4.704182745388835185e-03
-8.123024162661520720e-01,-8.123024162661520720e-01
1.307471739062277205e+00,1.307471739062277205e+00
1.091036523072172360e+00,1.091036523072172360e+00
-7.780827854962499290e-02,-7.780827854962499290e-02
5.565856608761166058e-01,5.565856608761166058e-01
5.414666747037444328e-01,5.414666747037444328e-01
1.108225352700238642e-01,1.108225352700238642e-01
2.254471374896031000e-01,2.254471374896031000e-01
9.215722915620235822e-01,9.215722915620235822e-01
-1.257239840835013278e-01,-1.257239840835013278e-01
8.258131622752816481e-02,8.258131622752816481e-02
2.914586410981450104e-01,2.914586410981450104e-01
-7.999499526963391727e-01,-7.999499526963391727e-01
5.513840716514063489e-01,5.513840716514063489e-01
4.800803710993480355e-01,4.800803710993480355e-01
-7.957932589756351316e-01,-7.957932589756351316e-01
6.390626094840797800e-01,6.390626094840797800e-01
7.412802999749230626e-01,7.412802999749230626e-01
1.604686984235596525e-01,1.604686984235596525e-01
4.021549819715212193e-01,4.021549819715212193e-01
7.292861894696420766e-01,7.292861894696420766e-01
-1.383750630490427069e-01,-1.383750630490427069e-01
5.290654701334178700e-01,5.290654701334178700e-01
2.011494095306966545e-01,2.011494095306966545e-01
2.618115318741652819e-01,2.618115318741652819e-01
1.172857009973430120e+00,1.172857009973430120e+00
-4.166866905750479799e-02,-4.166866905750479799e-02
5.939195250397913961e-01,5.939195250397913961e-01
1.720971091181862922e-01,1.720971091181862922e-01
-2.170184577397102355e-01,-2.170184577397102355e-01
5.854205817254123367e-01,5.854205817254123367e-01
1.023174321042387813e+00,1.023174321042387813e+00
2.273336084148908365e-01,2.273336084148908365e-01
2.717985439887330434e-01,2.717985439887330434e-01
2.538638450775902444e-01,2.538638450775902444e-01
-8.539056175793699466e-02,-8.539056175793699466e-02
-2.494664833368243628e-01,-2.494664833368243628e-01
-1.560618781912682940e-01,-1.560618781912682940e-01
9.361625777022328787e-01,9.361625777022328787e-01
2.621481228839265820e-01,2.621481228839265820e-01
6.109402256129288222e-01,6.109402256129288222e-01
3.982585804086158365e-02,3.982585804086158365e-02
5.354968112645434042e-01,5.354968112645434042e-01
5.251637637246533430e-01,5.251637637246533430e-01
-3.553680980297613257e-02,-3.553680980297613257e-02
2.004891035225909446e-01,2.004891035225909446e-01
2.363334444413565383e-01,2.363334444413565383e-01
3.982673413300740761e-01,3.982673413300740761e-01
-2.562843225841868189e-03,-2.562843225841868189e-03
5.825888906686037538e-01,5.825888906686037538e-01
-3.618454547593159543e-01,-3.618454547593159543e-01
6.567378583792794489e-01,6.567378583792794489e-01
4.185765886619857712e-01,4.185765886619857712e-01
-2.391829531510242246e-01,-2.391829531510242246e-01
2.753334745916047321e-04,2.753334745916047321e-04
1.060194687584081752e+00,1.060194687584081752e+00
-2.710778665553124633e-01,-2.710778665553124633e-01
-4.402378428801382304e-01,-4.402378428801382304e-01
-1.492159037991261927e-01,-1.492159037991261927e-01
-3.541943861821673922e-02,-3.541943861821673922e-02
3.902146548691902694e-01,3.902146548691902694e-01
-6.410482585350821272e-02,-6.410482585350821272e-02
1.245719041135812111e+00,1.245719041135812111e+00
1.087173942358456102e+00,1.087173942358456102e+00
3.300893634491978978e-02,3.300893634491978978e-02
6.339054995009842930e-01,6.339054995009842930e-01
9.325645155891099103e-04,9.325645155891099103e-04
6.076493642149076724e-01,6.076493642149076724e-01
2.305690440244439476e-01,2.305690440244439476e-01
2.460212604098196421e-01,2.460212604098196421e-01
-2.639928758434254008e-01,-2.639928758434254008e-01
1.022612417030401177e+00,1.022612417030401177e+00
5.268126230909666585e-01,5.268126230909666585e-01
-1.000960857460775899e-01,-1.000960857460775899e-01
7.931539705409318408e-01,7.931539705409318408e-01
3.531703144388376736e-01,3.531703144388376736e-01
1.120671729055055243e-01,1.120671729055055243e-01
5.281808997905118597e-01,5.281808997905118597e-01
5.943767923940009856e-01,5.943767923940009856e-01
-3.652451882742657752e-03,-3.652451882742657752e-03
-8.700223487884317652e-02,-8.700223487884317652e-02
5.976673961474782137e-01,5.976673961474782137e-01
-2.852093872700231514e-02,-2.852093872700231514e-02
3.629493168176438078e-01,3.629493168176438078e-01
1.166021057229933655e+00,1.166021057229933655e+00
-2.939106004030284658e-01,-2.939106004030284658e-01
-3.505072714228829600e-02,-3.505072714228829600e-02
1.282498495506510627e+00,1.282498495506510627e+00
2.988001070512528723e-01,2.988001070512528723e-01
2.509645629122346788e-01,2.509645629122346788e-01
8.968862031566655624e-01,8.968862031566655624e-01
6.670305406201503251e-01,6.670305406201503251e-01
-6.837281185703474040e-02,-6.837281185703474040e-02
-1.755782349052354696e-01,-1.755782349052354696e-01
5.298651660075449632e-01,5.298651660075449632e-01
5.305731748082996857e-01,5.305731748082996857e-01
1.115257658076855007e-01,1.115257658076855007e-01
-9.089543666865948501e-02,-9.089543666865948501e-02
2.323218423395692622e-01,2.323218423395692622e-01
-6.055277829370758758e-02,-6.055277829370758758e-02
7.387514189728693337e-01,7.387514189728693337e-01
-3.689717372543430685e-01,-3.689717372543430685e-01
-3.785941145971917221e-01,-3.785941145971917221e-01
3.578989007742413020e-01,3.578989007742413020e-01
7.209149204433102920e-01,7.209149204433102920e-01
6.376595572172639725e-01,6.376595572172639725e-01
5.722978807213409125e-01,5.722978807213409125e-01
4.767134687009728922e-02,4.767134687009728922e-02
-1.976479118655312117e-01,-1.976479118655312117e-01
-8.546693205499572565e-02,-8.546693205499572565e-02
4.133332834499565678e-01,4.133332834499565678e-01
-6.432083874932161827e-01,-6.432083874932161827e-01
9.280656023448419223e-01,9.280656023448419223e-01
-7.206255736998556927e-02,-7.206255736998556927e-02
8.147792858488708823e-02,8.147792858488708823e-02
-4.832504280671097163e-01,-4.832504280671097163e-01
4.427955841444533025e-01,4.427955841444533025e-01
6.063834048342303662e-01,6.063834048342303662e-01
1.416408789592743744e+00,1.416408789592743744e+00
-1.289685228867104017e-01,-1.289685228867104017e-01
9.668167432932610605e-01,9.668167432932610605e-01
2.293798556253424242e-02,2.293798556253424242e-02
6.504682013741571733e-01,6.504682013741571733e-01
2.259340210244242808e-02,2.259340210244242808e-02
2.808788028048868624e-01,2.808788028048868624e-01
1.995589375270873378e-01,1.995589375270873378e-01
5.149248187476547223e-01,5.149248187476547223e-01
1.209831252632994625e-01,1.209831252632994625e-01
-2.630075746776568413e-01,-2.630075746776568413e-01
8.127989517823900334e-01,8.127989517823900334e-01
8.768745594151622358e-02,8.768745594151622358e-02
-3.485526545398143772e-01,-3.485526545398143772e-01
-8.329742977464871245e-01,-8.329742977464871245e-01
7.241155427278320733e-01,7.241155427278320733e-01
3.766719423602467032e-01,3.766719423602467032e-01
-6.511912680479127191e-01,-6.511912680479127191e-01
1.569480474774631595e-01,1.569480474774631595e-01
-3.042170837568864972e-01,-3.042170837568864972e-01
-1.383090118621002340e-01,-1.383090118621002340e-01
-2.792984889520622183e-01,-2.792984889520622183e-01
8.685745915807692175e-01,8.685745915807692175e-01
5.810646377191599488e-01,5.810646377191599488e-01
-5.248181759433002691e-01,-5.248181759433002691e-01
-6.019653817670767015e-02,-6.019653817670767015e-02
-4.803655452327386111e-01,-4.803655452327386111e-01
7.458857621192667153e-01,7.458857621192667153e-01
1.751024932594248684e-01,1.751024932594248684e-01
7.067698508017269399e-01,7.067698508017269399e-01
4.336890454815318652e-01,4.336890454815318652e-01
1.211934772782960468e-01,1.211934772782960468e-01
2.274425747296563993e-01,2.274425747296563993e-01
1.485314630350229592e+00,1.485314630350229592e+00
-6.968875548965962619e-01,-6.968875548965962619e-01
9.124960531518822027e-01,9.124960531518822027e-01
2.467873711229007921e-02,2.467873711229007921e-02
2.650850585585011743e-01,2.650850585585011743e-01
-3.054535674629776931e-01,-3.054535674629776931e-01
5.222193186404947562e-01,5.222193186404947562e-01
4.434555862464997777e-02,4.434555862464997777e-02
4.746738128222836584e-01,4.746738128222836584e-01
1.261821592855653540e+00,1.261821592855653540e+00
1.010199910890423824e+00,1.010199910890423824e+00
1.192803209517266372e-01,1.192803209517266372e-01
2.294275148502986639e-01,2.294275148502986639e-01
5.757039155904493111e-01,5.757039155904493111e-01
2.493152230155524229e-01,2.493152230155524229e-01
-2.068149363698140175e-01,-2.068149363698140175e-01
-4.589882243295642095e-01,-4.589882243295642095e-01
3.381051937735533586e-01,3.381051937735533586e-01
-6.300534357259265361e-01,-6.300534357259265361e-01
1.948750295607078464e-01,1.948750295607078464e-01
-8.673458865670776730e-01,-8.673458865670776730e-01
-5.906534159790061134e-02,-5.906534159790061134e-02
1.346077962751180412e-01,1.346077962751180412e-01
6.959460379041625400e-01,6.959460379041625400e-01
6.862773499712800929e-01,6.862773499712800929e-01
6.053621483017672389e-02,6.053621483017672389e-02
4.625878457485969597e-01,4.625878457485969597e-01
-3.551237275193409593e-01,-3.551237275193409593e-01
4.311716752583454326e-01,4.311716752583454326e-01
5.100492237288374309e-01,5.100492237288374309e-01
8.405432151548980491e-01,8.405432151548980491e-01
6.591667640610009427e-01,6.591667640610009427e-01
7.266610989382042696e-02,7.266610989382042696e-02
-2.928163862731990585e-01,-2.928163862731990585e-01
6.059129811700376678e-01,6.059129811700376678e-01
5.171274686499139905e-01,5.171274686499139905e-01
2.640272359042133976e-01,2.640272359042133976e-01
3.147851687451010405e-01,3.147851687451010405e-01
4.082615788824383585e-01,4.082615788824383585e-01
5.777307870560188796e-01,5.777307870560188796e-01
-1.233987555357691224e-01,-1.233987555357691224e-01
6.720470696188247661e-01,6.720470696188247661e-01
2.258203425572061496e-01,2.258203425572061496e-01
6.438515436472179720e-01,6.438515436472179720e-01
-3.772333119278384328e-02,-3.772333119278384328e-02
1.385236754348031785e-01,1.385236754348031785e-01
1.038926077530950121e+00,1.038926077530950121e+00
9.758115544990730861e-01,9.758115544990730861e-01
8.503624269405702929e-01,8.503624269405702929e-01
9.245940480154731800e-01,9.245940480154731800e-01
4.637319533877352629e-01,4.637319533877352629e-01
-5.832100154864379160e-01,-5.832100154864379160e-01
3.218787113343876682e-01,3.218787113343876682e-01
7.780469734498476897e-02,7.780469734498476897e-02
-5.085246048358896265e-02,-5.085246048358896265e-02
-3.598509449438802577e-02,-3.598509449438802577e-02
3.418404241169057389e-01,3.418404241169057389e-01
4.806894489153465955e-01,4.806894489153465955e-01
1.099246114252302869e-01,1.099246114252302869e-01
-4.011686265756542191e-02,-4.011686265756542191e-02
3.433624415470916680e-01,3.433624415470916680e-01
-1.897549112739609634e-01,-1.897549112739609634e-01
-6.078875698290779894e-01,-6.078875698290779894e-01
8.131189580201505507e-01,8.131189580201505507e-01
1.145682734595895313e+00,1.145682734595895313e+00
2.891199055054408107e-01,2.891199055054408107e-01
4.123911853378048331e-02,4.123911853378048331e-02
-6.397310613735698315e-01,-6.397310613735698315e-01
-4.723880326947687558e-01,-4.723880326947687558e-01
4.307005842908978588e-02,4.307005842908978588e-02
4.817989702939255992e-01,4.817989702939255992e-01
1.130296630634593791e-01,1.130296630634593791e-01
7.275542435729856483e-02,7.275542435729856483e-02
7.254807020473137691e-02,7.254807020473137691e-02
4.083973362206074209e-01,4.083973362206074209e-01
5.220983217165056089e-01,5.220983217165056089e-01
-3.912994694859897593e-02,-3.912994694859897593e-02
5.848959796032415781e-01,5.848959796032415781e-01
1.086511653911995445e+00,1.086511653911995445e+00
7.426691299450242090e-01,7.426691299450242090e-01
-1.926987907033509556e-02,-1.926987907033509556e-02
9.301685137420683258e-01,9.301685137420683258e-01
1.030264998036828805e+00,1.030264998036828805e+00
4.261997265688597381e-01,4.261997265688597381e-01
9.379789797723168121e-01,9.379789797723168121e-01
4.085653833743160268e-01,4.085653833743160268e-01
-3.657500923012108052e-02,-3.657500923012108052e-02
4.488192195068324564e-01,4.488192195068324564e-01
4.399984052852619065e-01,4.399984052852619065e-01
5.498250130673607572e-01,5.498250130673607572e-01
4.220813899638449773e-01,4.220813899638449773e-01
-4.717546486321392285e-01,-4.717546486321392285e-01
-8.541434593142582798e-01,-8.541434593142582798e-01
5.457379945828568779e-01,5.457379945828568779e-01
-1.622272415923813882e-01,-1.622272415923813882e-01
4.517187245400426931e-01,4.517187245400426931e-01
4.856127521594224561e-01,4.856127521594224561e-01
1.536708544886196959e-01,1.536708544886196959e-01
-2.970352959276533200e-01,-2.970352959276533200e-01
6.948064200155996684e-01,6.948064200155996684e-01
-6.701704699007990929e-01,-6.701704699007990929e-01
-6.866812629100123022e-01,-6.866812629100123022e-01
7.036676830171282315e-01,7.036676830171282315e-01
6.997445429770876579e-01,6.997445429770876579e-01
4.541680976442843409e-01,4.541680976442843409e-01
4.194904978335819434e-01,4.194904978335819434e-01
4.368818484575761052e-01,4.368818484575761052e-01
9.159610305072151126e-01,9.159610305072151126e-01
1.996168038591848437e-01,1.996168038591848437e-01
7.405366068416664449e-01,7.405366068416664449e-01
5.360139065466305031e-01,5.360139065466305031e-01
8.871650436050382282e-01,8.871650436050382282e-01
4.706974040759930311e-01,4.706974040759930311e-01
3.733030484200190457e-01,3.733030484200190457e-01
4.482573535922351748e-01,4.482573535922351748e-01
4.984534281259633826e-02,4.984534281259633826e-02
1.983199304136884500e-01,1.983199304136884500e-01
1.554671485545338294e+00,1.554671485545338294e+00
-3.139928522004620248e-01,-3.139928522004620248e-01
-5.364732575146439197e-01,-5.364732575146439197e-01
6.436592128134206447e-01,6.436592128134206447e-01
3.958878557863430014e-01,3.958878557863430014e-01
2.007006452422999687e-01,2.007006452422999687e-01
1.537068487398497718e-01,1.537068487398497718e-01
2.178102986091778881e-01,2.178102986091778881e-01
3.812183256424775957e-01,3.812183256424775957e-01
1.152195958297703715e+00,1.152195958297703715e+00
3.804579598392764384e-01,3.804579598392764384e-01
-1.879792356199599945e-01,-1.879792356199599945e-01
4.967201732611728482e-01,4.967201732611728482e-01
3.289027423563966601e-01,3.289027423563966601e-01
1.245160282082374559e-01,1.245160282082374559e-01
1.080915121415984448e+00,1.080915121415984448e+00
2.077171638068219806e-01,2.077171638068219806e-01
-6.171454473204536217e-01,-6.171454473204536217e-01
9.110403094624548448e-01,9.110403094624548448e-01
-1.058709772751719735e-01,-1.058709772751719735e-01
5.648352102524889506e-02,5.648352102524889506e-02
2.011558143599293524e-01,2.011558143599293524e-01
5.165071635745911438e-01,5.165071635745911438e-01
2.974825543283773355e-01,2.974825543283773355e-01
2.230354805796530560e-02,2.230354805796530560e-02
1.501221581236261926e+00,1.501221581236261926e+00
-8.105946388527821012e-02,-8.105946388527821012e-02
1.095350515856070295e-01,1.095350515856070295e-01
-5.164190797437898661e-01,-5.164190797437898661e-01
4.304268980034135494e-01,4.304268980034135494e-01
7.050007177900956545e-01,7.050007177900956545e-01
8.586997245550538338e-01,8.586997245550538338e-01
-4.627493858189445364e-01,-4.627493858189445364e-01
1.215169539574659785e-01,1.215169539574659785e-01
9.634893963677753081e-01,9.634893963677753081e-01
5.667857587196347691e-01,5.667857587196347691e-01
3.722885762235867979e-01,3.722885762235867979e-01
3.799977468097906486e-01,3.799977468097906486e-01
2.958961151406723777e-01,2.958961151406723777e-01
-7.182013564405234640e-02,-7.182013564405234640e-02
1.082778332908847507e-01,1.082778332908847507e-01
-8.443278807615340886e-01,-8.443278807615340886e-01
-4.326785093750240008e-01,-4.326785093750240008e-01
-2.580247681198146736e-01,-2.580247681198146736e-01
3.157346300311969500e-02,3.157346300311969500e-02
2.329838493886970396e-01,2.329838493886970396e-01
8.869368701223044882e-01,8.869368701223044882e-01
-1.252415093441003324e-01,-1.252415093441003324e-01
-1.067224318377332226e-01,-1.067224318377332226e-01
7.898533290383653593e-01,7.898533290383653593e-01
-8.882769364352413599e-02,-8.882769364352413599e-02
-8.774404637548927077e-02,-8.774404637548927077e-02
1.485552190067652156e-01,1.485552190067652156e-01
-4.439426493483470959e-01,-4.439426493483470959e-01
-7.157153319910216638e-01,-7.157153319910216638e-01
4.963055481256806178e-01,4.963055481256806178e-01
7.494250280935274011e-01,7.494250280935274011e-01
-2.083851787481520446e-01,-2.083851787481520446e-01
6.748539222853103814e-01,6.748539222853103814e-01
1.011121504699373119e+00,1.011121504699373119e+00
8.063014493562141727e-01,8.063014493562141727e-01
-9.391102537356976754e-03,-9.391102537356976754e-03
1.232866310256010289e-01,1.232866310256010289e-01
4.481245171055318610e-01,4.481245171055318610e-01
9.329473210938638017e-02,9.329473210938638017e-02
-2.476915028702178501e-01,-2.476915028702178501e-01
-3.611170766273352206e-01,-3.611170766273352206e-01
-4.440604661511780016e-01,-4.440604661511780016e-01
6.307103314297568541e-03,6.307103314297568541e-03
-2.454435274815241486e-01,-2.454435274815241486e-01
-2.544003212140539816e-01,-2.544003212140539816e-01
-5.195387447188614116e-01,-5.195387447188614116e-01
-7.909184992547393933e-02,-7.909184992547393933e-02
3.896059750587491793e-03,3.896059750587491793e-03
5.077426296885805268e-01,5.077426296885805268e-01
2.326535506727965275e-01,2.326535506727965275e-01
3.196912211400179116e-01,3.196912211400179116e-01
1.732018631926317553e-01,1.732018631926317553e-01
4.094035050914729412e-01,4.094035050914729412e-01
4.339060605301536810e-02,4.339060605301536810e-02
3.358597411747092365e-01,3.358597411747092365e-01
6.109355243957978465e-02,6.109355243957978465e-02
2.300209864405290960e-01,2.300209864405290960e-01
-2.665187460484350068e-02,-2.665187460484350068e-02
-7.892445490645605410e-03,-7.892445490645605410e-03
7.892089059947954288e-01,7.892089059947954288e-01
2.598527629461085953e-01,2.598527629461085953e-01
1.406006756774424438e-01,1.406006756774424438e-01
6.784476408783701729e-01,6.784476408783701729e-01
-3.291209278629600443e-01,-3.291209278629600443e-01
-1.030587442505764839e-02,-1.030587442505764839e-02
4.325641973745888436e-01,4.325641973745888436e-01
-6.142455229335472833e-01,-6.142455229335472833e-01
1.255010577353306289e-01,1.255010577353306289e-01
7.940669453219060259e-01,7.940669453219060259e-01
1.180334609892614434e-01,1.180334609892614434e-01
7.613231259545836238e-01,7.613231259545836238e-01
6.384691158768313057e-01,6.384691158768313057e-01
6.471846431428776025e-01,6.471846431428776025e-01
3.561737347433969331e-02,3.561737347433969331e-02
9.078883339644822081e-03,9.078883339644822081e-03
-5.843605954912611811e-02,-5.843605954912611811e-02
7.411901727506138293e-01,7.411901727506138293e-01
2.331224603993305444e-01,2.331224603993305444e-01
4.176371200715746079e-01,4.176371200715746079e-01
5.186574799765140131e-01,5.186574799765140131e-01
2.233158095915824815e-01,2.233158095915824815e-01
-1.294207144797600573e-01,-1.294207144797600573e-01
7.816939592243374313e-02,7.816939592243374313e-02
1.149754686852403562e+00,1.149754686852403562e+00
1.285229196398887108e-01,1.285229196398887108e-01
3.241539022478401866e-01,3.241539022478401866e-01
-2.130575879719598109e-01,-2.130575879719598109e-01
5.144542645391390057e-01,5.144542645391390057e-01
8.400591764343332546e-01,8.400591764343332546e-01
6.797419270149067660e-01,6.797419270149067660e-01
-2.250691453767757200e-01,-2.250691453767757200e-01
3.046955448608480443e-01,3.046955448608480443e-01
1.198961884319416304e+00,1.198961884319416304e+00
-1.226994635989425431e-01,-1.226994635989425431e-01
-2.874321571196808422e-01,-2.874321571196808422e-01
1.145767756237432433e-01,1.145767756237432433e-01
3.279314806077703315e-01,3.279314806077703315e-01
7.016105822311665685e-01,7.016105822311665685e-01
2.401189690368798479e-01,2.401189690368798479e-01
5.794883919963225161e-01,5.794883919963225161e-01
-7.944663517916394913e-01,-7.944663517916394913e-01
-2.948752901472921906e-01,-2.948752901472921906e-01
2.824524517797647460e-01,2.824524517797647460e-01
-6.445892921484192017e-01,-6.445892921484192017e-01
2.486484257444697143e-01,2.486484257444697143e-01
7.709277851651472613e-01,7.709277851651472613e-01
6.508956320985560540e-01,6.508956320985560540e-01
1.615162250480918771e-01,1.615162250480918771e-01
-3.597028883268863497e-01,-3.597028883268863497e-01
3.587719967417608569e-01,3.587719967417608569e-01
3.426606553597668636e-01,3.426606553597668636e-01
4.877723923889044078e-01,4.877723923889044078e-01
9.010752706261601075e-01,9.010752706261601075e-01
-7.922304227081508055e-01,-7.922304227081508055e-01
-3.005905644645390229e-01,-3.005905644645390229e-01
1.758083353509350688e-01,1.758083353509350688e-01
7.481237549487302907e-01,7.481237549487302907e-01
-1.579721031753913152e-01,-1.579721031753913152e-01
1.662173225331139426e-01,1.662173225331139426e-01
2.083010439755526855e-01,2.083010439755526855e-01
1.182122457781476094e-01,1.182122457781476094e-01
6.871831937594184980e-01,6.871831937594184980e-01
-1.263276683475793027e-01,-1.263276683475793027e-01
1.181352675048694678e-01,1.181352675048694678e-01
-4.082832078710484369e-01,-4.082832078710484369e-01
5.001249652567584247e-01,5.001249652567584247e-01
2.441008810181085065e-01,2.441008810181085065e-01
6.964831971551229683e-01,6.964831971551229683e-01
6.409214028855705347e-01,6.409214028855705347e-01
-1.816392049177167900e-01,-1.816392049177167900e-01
3.311859029596943005e-01,3.311859029596943005e-01
7.612347888259409778e-01,7.612347888259409778e-01
-3.161363103758934034e-01,-3.161363103758934034e-01
-2.292638704055394439e-01,-2.292638704055394439e-01
-7.154599568453587355e-02,-7.154599568453587355e-02
-3.132925342514123468e-01,-3.132925342514123468e-01
3.380943909167064554e-01,3.380943909167064554e-01
-7.022154577717026891e-01,-7.022154577717026891e-01
-3.905969852801725040e-01,-3.905969852801725040e-01
5.039202047555628727e-01,5.039202047555628727e-01
3.691774184814794468e-01,3.691774184814794468e-01
-4.715969621934248401e-01,-4.715969621934248401e-01
6.741727106051412233e-02,6.741727106051412233e-02
6.737753465154397992e-01,6.737753465154397992e-01
-2.775123419295744132e-02,-2.775123419295744132e-02
-2.354366310145965813e-01,-2.354366310145965813e-01
1.525425748951025895e-02,1.525425748951025895e-02
1.134148587107416839e+00,1.134148587107416839e+00
1.002946893610136003e+00,1.002946893610136003e+00
9.738862902316051950e-02,9.738862902316051950e-02
-2.953224774604523706e-02,-2.953224774604523706e-02
-5.285758879669747445e-01,-5.285758879669747445e-01
6.676897710635714134e-01,6.676897710635714134e-01
5.703755051792771535e-01,5.703755051792771535e-01
1.231338296849313618e-01,1.231338296849313618e-01
-5.290882847236095810e-01,-5.290882847236095810e-01
-4.147474161185987773e-02,-4.147474161185987773e-02
4.114530625787769513e-01,4.114530625787769513e-01
2.911202283317445016e-01,2.911202283317445016e-01
3.062895647211685279e-01,3.062895647211685279e-01
4.049704517085028765e-02,4.049704517085028765e-02
1.226530861800031236e+00,1.226530861800031236e+00
2.633474132196149675e-01,2.633474132196149675e-01
-3.080688657050493218e-01,-3.080688657050493218e-01
6.937903107785232670e-01,6.937903107785232670e-01
1.121956326544401694e+00,1.121956326544401694e+00
-7.743818943958600265e-01,-7.743818943958600265e-01
-1.551813082054934456e-01,-1.551813082054934456e-01
-1.349153237234826663e-01,-1.349153237234826663e-01
9.310434311097390281e-02,9.310434311097390281e-02
6.533905635857507610e-01,6.533905635857507610e-01
6.235016015528345168e-01,6.235016015528345168e-01
2.123338894540173771e-01,2.123338894540173771e-01
4.258144843429007009e-01,4.258144843429007009e-01
-5.196297922899005828e-01,-5.196297922899005828e-01
4.586012957663354594e-01,4.586012957663354594e-01
4.654960953694439740e-02,4.654960953694439740e-02
-2.646322657550284063e-01,-2.646322657550284063e-01
9.358337461909409516e-01,9.358337461909409516e-01
1.183168026616629454e-01,1.183168026616629454e-01
2.162173184808256488e-01,2.162173184808256488e-01
-5.764662456265503554e-01,-5.764662456265503554e-01
5.113985734006619432e-02,5.113985734006619432e-02
2.963069684778352197e-01,2.963069684778352197e-01
6.824261828772062444e-01,6.824261828772062444e-01
-1.093614290929459387e-02,-1.093614290929459387e-02
1.527730411960093182e-01,1.527730411960093182e-01
7.202384865120838864e-01,7.202384865120838864e-01
-2.636099120245834482e-01,-2.636099120245834482e-01
2.493857287527778688e-01,2.493857287527778688e-01
-1.653521077014610818e-01,-1.653521077014610818e-01
2.397222156785552560e-01,2.397222156785552560e-01
1.147288851834703749e+00,1.147288851834703749e+00
-7.584714769873071027e-01,-7.584714769873071027e-01
1.668340401698409359e-01,1.668340401698409359e-01
8.706843762293532407e-01,8.706843762293532407e-01
-2.483751077405916829e-01,-2.483751077405916829e-01
-1.140116386303666185e-02,-1.140116386303666185e-02
-1.468339536169055437e-02,-1.468339536169055437e-02
6.404596213710624930e-01,6.404596213710624930e-01
3.813210181016259970e-01,3.813210181016259970e-01
7.849645814805419342e-01,7.849645814805419342e-01
-2.676200896646011573e-01,-2.676200896646011573e-01
-1.737354290091718267e-01,-1.737354290091718267e-01
7.948887109565628828e-01,7.948887109565628828e-01
2.098817533777515010e-01,2.098817533777515010e-01
3.254385788819624814e-01,3.254385788819624814e-01
1.132932781517959064e+00,1.132932781517959064e+00
9.179647429304659267e-01,9.179647429304659267e-01
3.659059003436665458e-01,3.659059003436665458e-01
-8.286109110138462075e-01,-8.286109110138462075e-01
-2.523021671674651190e-01,-2.523021671674651190e-01
1.408650767737457676e-01,1.408650767737457676e-01
3.451258840354419766e-01,3.451258840354419766e-01
4.061001581112264058e-01,4.061001581112264058e-01
3.719177204209904164e-01,3.719177204209904164e-01
-3.294801156097729722e-01,-3.294801156097729722e-01
8.098825828259952342e-01,8.098825828259952342e-01
1.354987479800257688e+00,1.354987479800257688e+00
1.537870298380143996e-01,1.537870298380143996e-01
3.955086706224441584e-01,3.955086706224441584e-01
1.522413811570611786e-01,1.522413811570611786e-01
4.064725203168918499e-01,4.064725203168918499e-01
7.611985837178589231e-02,7.611985837178589231e-02
7.948286745961767874e-01,7.948286745961767874e-01
2.267553916923631951e-01,2.267553916923631951e-01
-8.282450216830924972e-02,-8.282450216830924972e-02
-2.000297592277116288e-01,-2.000297592277116288e-01
2.741243009595603630e-01,2.741243009595603630e-01
-4.739827972462393180e-01,-4.739827972462393180e-01
4.228910274373752498e-02,4.228910274373752498e-02
3.956417274569185571e-01,3.956417274569185571e-01
8.188783710732396859e-01,8.188783710732396859e-01
-1.688288582899030721e-02,-1.688288582899030721e-02
3.136884382131909788e-01,3.136884382131909788e-01
-5.542653448450823861e-02,-5.542653448450823861e-02
-1.568630414475170320e-01,-1.568630414475170320e-01
1.186699796335326296e+00,1.186699796335326296e+00
1.230335738831838555e+00,1.230335738831838555e+00
-2.579969317311883725e-01,-2.579969317311883725e-01
8.390038175211380622e-01,8.390038175211380622e-01
7.894834962097162234e-02,7.894834962097162234e-02
-1.997615212301752097e-01,-1.997615212301752097e-01
1.615921122379351260e-01,1.615921122379351260e-01
6.065590498886423987e-01,6.065590498886423987e-01
6.022741750938814809e-01,6.022741750938814809e-01
-5.801453959175659203e-02,-5.801453959175659203e-02
-3.055638727648522790e-02,-3.055638727648522790e-02
2.178845602317946994e-01,2.178845602317946994e-01
-5.512608906396609942e-02,-5.512608906396609942e-02
-6.339924442054959419e-01,-6.339924442054959419e-01
8.583927742858755705e-01,8.583927742858755705e-01
1.660777603542124670e+00,1.660777603542124670e+00
-3.190233659370666497e-01,-3.190233659370666497e-01
3.320870607761571280e-01,3.320870607761571280e-01
1.661638635645563411e-01,1.661638635645563411e-01
-2.436139678231873384e-01,-2.436139678231873384e-01
2.491850502387691346e-01,2.491850502387691346e-01
2.008032458896146233e-01,2.008032458896146233e-01
-4.172150887848574685e-01,-4.172150887848574685e-01
5.172475219076133612e-01,5.172475219076133612e-01
2.616672235789000434e-01,2.616672235789000434e-01
1.160854595519054344e+00,1.160854595519054344e+00
6.652579456141282099e-01,6.652579456141282099e-01
-1.102399539923323846e-01,-1.102399539923323846e-01
-2.400025861949173778e-01,-2.400025861949173778e-01
4.157216439535861285e-01,4.157216439535861285e-01
-3.046531553361691569e-01,-3.046531553361691569e-01
-1.699470652558473238e-01,-1.699470652558473238e-01
6.689767560975323768e-01,6.689767560975323768e-01
2.387388094857992582e-01,2.387388094857992582e-01
6.679786261395362912e-01,6.679786261395362912e-01
1.321790196071260803e-01,1.321790196071260803e-01
2.210898650197914983e-01,2.210898650197914983e-01
2.414990993748457326e-01,2.414990993748457326e-01
6.902754884253232692e-01,6.902754884253232692e-01
6.143148268190932182e-01,6.143148268190932182e-01
1.125735024246478755e+00,1.125735024246478755e+00
3.634243326960785447e-01,3.634243326960785447e-01
-3.178580431896079195e-01,-3.178580431896079195e-01
-3.834097265570763358e-01,-3.834097265570763358e-01
8.246443091799934844e-03,8.246443091799934844e-03
9.219483892021759219e-01,9.219483892021759219e-01
1.451742484317755100e-01,1.451742484317755100e-01
1.176649398524393320e+00,1.176649398524393320e+00
-1.548141412437871733e-01,-1.548141412437871733e-01
7.780861349194366783e-01,7.780861349194366783e-01
1.707110464540173567e-02,1.707110464540173567e-02
4.561925589986161045e-01,4.561925589986161045e-01
-1.407750532068715310e-01,-1.407750532068715310e-01
-4.879671296078003789e-02,-4.879671296078003789e-02
1.076108642995799031e-01,1.076108642995799031e-01
3.335013539216569178e-01,3.335013539216569178e-01
6.586335225538852978e-01,6.586335225538852978e-01
-2.630140169420560614e-01,-2.630140169420560614e-01
-1.315938115050064861e+00,-1.315938115050064861e+00
4.522287286321012290e-01,4.522287286321012290e-01
9.339604309237334867e-01,9.339604309237334867e-01
-6.324074757614364661e-02,-6.324074757614364661e-02
5.223934333289450560e-01,5.223934333289450560e-01
3.847436302695306232e-02,3.847436302695306232e-02
9.877378741428730069e-02,9.877378741428730069e-02
5.077557212282908239e-01,5.077557212282908239e-01
1.506050080618276610e+00,1.506050080618276610e+00
1.029987024490470304e+00,1.029987024490470304e+00
6.927895759996371972e-01,6.927895759996371972e-01
-7.345718001399181851e-02,-7.345718001399181851e-02
6.473927580994845443e-02,6.473927580994845443e-02
-1.149908872187316300e-01,-1.149908872187316300e-01
2.467115989531162845e-01,2.467115989531162845e-01
6.670064181775267609e-02,6.670064181775267609e-02
1.879822516548611266e-01,1.879822516548611266e-01
1.101522413636697034e-01,1.101522413636697034e-01
9.315406410568428663e-01,9.315406410568428663e-01
1.114398072482338353e+00,1.114398072482338353e+00
4.549572645922363989e-01,4.549572645922363989e-01
5.121278788769283441e-01,5.121278788769283441e-01
-1.089006981608965918e-01,-1.089006981608965918e-01
3.071742597547147402e-01,3.071742597547147402e-01
1.333076972742803512e-01,1.333076972742803512e-01
-7.417113530373697916e-01,-7.417113530373697916e-01
6.858192317948151873e-01,6.858192317948151873e-01
4.395382034686871886e-02,4.395382034686871886e-02
-3.487316918004745303e-01,-3.487316918004745303e-01
4.069745540500333547e-01,4.069745540500333547e-01
-2.313231598572556003e-01,-2.313231598572556003e-01
-1.920671339834715829e-01,-1.920671339834715829e-01
1.119424544835496249e+00,1.119424544835496249e+00
-5.900915849617679454e-01,-5.900915849617679454e-01
-1.118398573110036126e-01,-1.118398573110036126e-01
-3.593678156894729303e-02,-3.593678156894729303e-02
-1.536858460658764025e-01,-1.536858460658764025e-01
7.835627564994780414e-01,7.835627564994780414e-01
1.363568986353508317e-01,1.363568986353508317e-01
7.432919192331627345e-01,7.432919192331627345e-01
2.094687139344248994e-01,2.094687139344248994e-01
-1.629192900992579851e-01,-1.629192900992579851e-01
-9.765587457706473296e-02,-9.765587457706473296e-02
-5.186141141726119397e-01,-5.186141141726119397e-01
6.448116844125362235e-01,6.448116844125362235e-01
3.426779804215529524e-02,3.426779804215529524e-02
-1.812532545475301626e-01,-1.812532545475301626e-01
-1.607519434596877961e-01,-1.607519434596877961e-01
-3.964773198948677857e-01,-3.964773198948677857e-01
3.152148537547824203e-01,3.152148537547824203e-01
4.931692896370155066e-01,4.931692896370155066e-01
1.150327202870045085e-01,1.150327202870045085e-01
2.927507980262989418e-01,2.927507980262989418e-01
2.184689485865230485e-01,2.184689485865230485e-01
1.134345328648299844e+00,1.134345328648299844e+00
-3.230361664994140236e-01,-3.230361664994140236e-01
-7.246897619563519299e-01,-7.246897619563519299e-01
3.956154628495719416e-01,3.956154628495719416e-01
9.340672440610239824e-02,9.340672440610239824e-02
-4.058217142487219875e-01,-4.058217142487219875e-01
4.061991363226755691e-01,4.061991363226755691e-01
7.758543747205108865e-01,7.758543747205108865e-01
-2.000067379713996729e-01,-2.000067379713996729e-01
3.260988626659868661e-01,3.260988626659868661e-01
5.129039090987934646e-01,5.129039090987934646e-01
4.565090678260969037e-01,4.565090678260969037e-01
-2.715830732460168262e-01,-2.715830732460168262e-01
6.769644399898630538e-02,6.769644399898630538e-02
-1.154807917367661751e-03,-1.154807917367661751e-03
7.377817129360295656e-01,7.377817129360295656e-01
5.937054474020750927e-01,5.937054474020750927e-01
2.620308530885072651e-01,2.620308530885072651e-01
-2.576034530031185987e-01,-2.576034530031185987e-01
2.714108918044816354e-02,2.714108918044816354e-02
6.909413842817501150e-01,6.909413842817501150e-01
-1.420236109524256052e-02,-1.420236109524256052e-02
4.574278080360290044e-01,4.574278080360290044e-01
4.320703001267328092e-01,4.320703001267328092e-01
2.587121919016427962e-01,2.587121919016427962e-01
-1.295946560485044807e-01,-1.295946560485044807e-01
3.836707700132677701e-01,3.836707700132677701e-01
4.107682117171108649e-01,4.107682117171108649e-01
6.210571431552137645e-01,6.210571431552137645e-01
6.955088308661689922e-01,6.955088308661689922e-01
5.481784838311004604e-01,5.481784838311004604e-01
3.787217114293489617e-01,3.787217114293489617e-01
5.635349859701037634e-01,5.635349859701037634e-01
8.206982599057121019e-01,8.206982599057121019e-01
4.312203632110205298e-01,4.312203632110205298e-01
-8.862860727194832311e-05,-8.862860727194832311e-05
2.034855295753131565e-01,2.034855295753131565e-01
-1.565175993802676024e-01,-1.565175993802676024e-01
-2.789108946972110314e-01,-2.789108946972110314e-01
-2.740970386746753862e-01,-2.740970386746753862e-01
1.166830293761535131e+00,1.166830293761535131e+00
3.449686609829115680e-01,3.449686609829115680e-01
4.850806841150486770e-01,4.850806841150486770e-01
3.848095817176702682e-01,3.848095817176702682e-01
-1.362794601533712791e-01,-1.362794601533712791e-01
2.949621126578914065e-01,2.949621126578914065e-01
7.869848343947837277e-01,7.869848343947837277e-01
-1.326538746700739735e-01,-1.326538746700739735e-01
-5.146972933040927511e-02,-5.146972933040927511e-02
-2.077849402786405286e-02,-2.077849402786405286e-02
2.073017936252217197e-01,2.073017936252217197e-01
3.974279368656324918e-02,3.974279368656324918e-02
2.150307374826029017e-01,2.150307374826029017e-01
-1.660601088735983721e-01,-1.660601088735983721e-01
1.209252087991722346e+00,1.209252087991722346e+00
-4.372378849335835094e-01,-4.372378849335835094e-01
6.150281813399993691e-01,6.150281813399993691e-01
1.253554480932852488e+00,1.253554480932852488e+00
5.160584610903763414e-01,5.160584610903763414e-01
6.411244867225577293e-01,6.411244867225577293e-01
6.071601176464862526e-01,6.071601176464862526e-01
7.417844164454838740e-01,7.417844164454838740e-01
1.242297241807985841e-01,1.242297241807985841e-01
1.691563626235477180e-01,1.691563626235477180e-01
6.160660176157333190e-01,6.160660176157333190e-01
-3.613972365643161599e-02,-3.613972365643161599e-02
4.303104697027694270e-01,4.303104697027694270e-01
-3.670651295756679477e-01,-3.670651295756679477e-01
6.472333058270711703e-01,6.472333058270711703e-01
-8.752125646590127594e-01,-8.752125646590127594e-01
9.761541087648825110e-01,9.761541087648825110e-01
7.026453178264244204e-02,7.026453178264244204e-02
-3.983357702948533974e-01,-3.983357702948533974e-01
3.808077951028821517e-01,3.808077951028821517e-01
-2.149134936607445812e-01,-2.149134936607445812e-01
5.116244073439086826e-01,5.116244073439086826e-01
-1.417963475419497521e-01,-1.417963475419497521e-01
9.283503041866942862e-01,9.283503041866942862e-01
2.998707548765461861e-01,2.998707548765461861e-01
-5.216547199327672413e-01,-5.216547199327672413e-01
-4.104086080594854247e-01,-4.104086080594854247e-01
-1.622047697769432584e-01,-1.622047697769432584e-01
5.096992994784314140e-02,5.096992994784314140e-02
-3.025246376152374017e-02,-3.025246376152374017e-02
5.198038065158782084e-01,5.198038065158782084e-01
-2.900853474571816748e-01,-2.900853474571816748e-01
2.241413829783727718e-01,2.241413829783727718e-01
1.365432015271716537e+00,1.365432015271716537e+00
4.195553755917689198e-01,4.195553755917689198e-01
9.252974722834587940e-02,9.252974722834587940e-02
2.382812381238935961e-01,2.382812381238935961e-01
-9.944754920309593071e-01,-9.944754920309593071e-01
-2.830392261399555798e-03,-2.830392261399555798e-03
6.222560311246974618e-03,6.222560311246974618e-03
-5.343050750294505713e-01,-5.343050750294505713e-01
-5.625312515133156221e-01,-5.625312515133156221e-01
6.336010539297511901e-01,6.336010539297511901e-01
7.781844706370203424e-01,7.781844706370203424e-01
7.045067989479482096e-01,7.045067989479482096e-01
7.927306301373411579e-02,7.927306301373411579e-02
4.842347041207408775e-01,4.842347041207408775e-01
2.902654139092982755e-01,2.902654139092982755e-01
3.428977327875020187e-01,3.428977327875020187e-01
-2.312707991250846640e-01,-2.312707991250846640e-01
5.307895389759068605e-01,5.307895389759068605e-01
2.827051377610735883e-01,2.827051377610735883e-01
2.272319108417785449e-01,2.272319108417785449e-01
2.356804902280065783e-01,2.356804902280065783e-01
3.887570132565467684e-01,3.887570132565467684e-01
2.119387045749928367e-01,2.119387045749928367e-01
4.566720043652591765e-03,4.566720043652591765e-03
-1.981924199156243349e-01,-1.981924199156243349e-01
-5.743899971252346415e-01,-5.743899971252346415e-01
3.607038091016455117e-01,3.607038091016455117e-01
5.246580511444922656e-01,5.246580511444922656e-01
6.488288640864118273e-01,6.488288640864118273e-01
3.759475707675931089e-01,3.759475707675931089e-01
1.099866789578269444e+00,1.099866789578269444e+00
-1.449096633062388895e-01,-1.449096633062388895e-01
-4.271771738463236989e-01,-4.271771738463236989e-01
-1.572799252849998997e-02,-1.572799252849998997e-02
-3.574120854008761006e-02,-3.574120854008761006e-02
6.202919646956072119e-01,6.202919646956072119e-01
-6.528256841267376931e-01,-6.528256841267376931e-01
-5.184281103531661605e-01,-5.184281103531661605e-01
2.890678185935434685e-01,2.890678185935434685e-01
1.057940862906333601e-01,1.057940862906333601e-01
5.150030366120295078e-01,5.150030366120295078e-01
4.500201138702130121e-01,4.500201138702130121e-01
5.713398563659082274e-01,5.713398563659082274e-01
-8.836150005770704308e-04,-8.836150005770704308e-04
1.755974038955077088e-01,1.755974038955077088e-01
-3.170967678619792673e-01,-3.170967678619792673e-01
7.832957075835594862e-01,7.832957075835594862e-01
-6.184311611454160751e-01,-6.184311611454160751e-01
3.953208025163479356e-01,3.953208025163479356e-01
7.417042998102235662e-01,7.417042998102235662e-01
2.467889863771757786e-01,2.467889863771757786e-01
-1.691389518899455990e-01,-1.691389518899455990e-01
3.181740067740012057e-01,3.181740067740012057e-01
1.120613104937356747e-01,1.120613104937356747e-01
-2.398103112224836408e-02,-2.398103112224836408e-02
4.349282782063965680e-01,4.349282782063965680e-01
4.156548786417002539e-01,4.156548786417002539e-01
1.187270769113903113e-01,1.187270769113903113e-01
1.049767062607278367e+00,1.049767062607278367e+00
4.614993385780561397e-01,4.614993385780561397e-01
2.012814512089119434e-01,2.012814512089119434e-01
-5.581027311588039330e-01,-5.581027311588039330e-01
4.302554358121006284e-01,4.302554358121006284e-01
6.624697285296071714e-01,6.624697285296071714e-01
8.185750952240317124e-01,8.185750952240317124e-01
-7.319088289371236122e-01,-7.319088289371236122e-01
7.965718311326710488e-01,7.965718311326710488e-01
-2.317543384749475577e-01,-2.317543384749475577e-01
2.182766299527214016e-01,2.182766299527214016e-01
-1.759224303016704849e-01,-1.759224303016704849e-01
3.414087845624311224e-02,3.414087845624311224e-02
1.226926962312225866e+00,1.226926962312225866e+00
2.591335904281566460e-01,2.591335904281566460e-01
2.825272933033666223e-01,2.825272933033666223e-01
-1.556005081336794826e-01,-1.556005081336794826e-01
5.578476563609082728e-01,5.578476563609082728e-01
1.006186456639379001e+00,1.006186456639379001e+00
-7.178382396368421237e-01,-7.178382396368421237e-01
6.957707189059166852e-01,6.957707189059166852e-01
5.817854190918652080e-01,5.817854190918652080e-01
3.344234564154130451e-02,3.344234564154130451e-02
-1.803536647510253776e-01,-1.803536647510253776e-01
1.047428715365217866e-01,1.047428715365217866e-01
-2.678509274823361319e-01,-2.678509274823361319e-01
2.250894319543318423e-01,2.250894319543318423e-01
-2.762970180378370166e-01,-2.762970180378370166e-01
1.380342169049315892e-03,1.380342169049315892e-03
4.686361083001550631e-01,4.686361083001550631e-01
-9.790267442910639550e-01,-9.790267442910639550e-01
3.631466958776160547e-01,3.631466958776160547e-01
5.799208185773895297e-01,5.799208185773895297e-01
3.925897813227039457e-01,3.925897813227039457e-01
-3.706702709432562193e-01,-3.706702709432562193e-01
-3.089416768834178373e-01,-3.089416768834178373e-01
9.864056403347694069e-01,9.864056403347694069e-01
4.528937393301338821e-01,4.528937393301338821e-01
-4.034307611548233474e-01,-4.034307611548233474e-01
-5.245779952371656396e-01,-5.245779952371656396e-01
6.383688050172203754e-01,6.383688050172203754e-01
2.498810133082082219e-01,2.498810133082082219e-01
2.313479801546168280e-01,2.313479801546168280e-01
2.748367891729422419e-01,2.748367891729422419e-01
1.721805284240826295e-01,1.721805284240826295e-01
3.271133542102288572e-01,3.271133542102288572e-01
-1.959233936560425549e-01,-1.959233936560425549e-01
4.329864290206286714e-01,4.329864290206286714e-01
-1.557799934580562651e-01,-1.557799934580562651e-01
6.484463184764316379e-01,6.484463184764316379e-01
6.903721631790168400e-01,6.903721631790168400e-01
-1.071122246952044832e-01,-1.071122246952044832e-01
3.724089104045303911e-01,3.724089104045303911e-01
7.999226043759638527e-02,7.999226043759638527e-02
-1.023308596993356412e-01,-1.023308596993356412e-01
1.318224096620416730e-01,1.318224096620416730e-01
-5.794917317706566040e-01,-5.794917317706566040e-01
1.004058290725345470e+00,1.004058290725345470e+00
-1.801150856449255655e-01,-1.801150856449255655e-01
1.951862223941123464e-01,1.951862223941123464e-01
5.506382780527424581e-01,5.506382780527424581e-01
1.737155914996924011e-02,1.737155914996924011e-02
7.760063449675861369e-01,7.760063449675861369e-01
-9.307123873891261223e-02,-9.307123873891261223e-02
3.555355898327355879e-01,3.555355898327355879e-01
4.008986095131903404e-01,4.008986095131903404e-01
-6.274896484360446836e-02,-6.274896484360446836e-02
4.130701805854270492e-01,4.130701805854270492e-01
4.036626481736283467e-01,4.036626481736283467e-01
-6.068132015476344898e-02,-6.068132015476344898e-02
4.141612794462665725e-01,4.141612794462665725e-01
7.499464197295466206e-02,7.499464197295466206e-02
1.231245027235208012e+00,1.231245027235208012e+00
2.748984525872841811e-01,2.748984525872841811e-01
8.581150700652304675e-01,8.581150700652304675e-01
2.375278133548972548e-01,2.375278133548972548e-01
9.168411956100728233e-01,9.168411956100728233e-01
1.942929523260053248e-01,1.942929523260053248e-01
4.793391709912580012e-01,4.793391709912580012e-01
2.906531261181259929e-01,2.906531261181259929e-01
4.206119921655041560e-01,4.206119921655041560e-01
2.669907449298682400e-01,2.669907449298682400e-01
2.016271162880005630e-01,2.016271162880005630e-01
-1.278384942144574210e-01,-1.278384942144574210e-01
-7.533370227097457850e-02,-7.533370227097457850e-02
-2.842047801421184183e-01,-2.842047801421184183e-01
-8.496220688170522117e-02,-8.496220688170522117e-02
2.570567337735627511e-01,2.570567337735627511e-01
1.100572113532428814e-01,1.100572113532428814e-01
3.524080301679861638e-01,3.524080301679861638e-01
7.151293795651405549e-01,7.151293795651405549e-01
-2.146140173656949923e-01,-2.146140173656949923e-01
-2.863629229676069587e-01,-2.863629229676069587e-01
2.427264951135957860e-01,2.427264951135957860e-01
-1.461263087956463369e-01,-1.461263087956463369e-01
-3.772701170653960379e-01,-3.772701170653960379e-01
3.623349826151035513e-01,3.623349826151035513e-01
-8.276693750136796535e-01,-8.276693750136796535e-01
-1.321109263760788521e-01,-1.321109263760788521e-01
-3.586080025183351755e-02,-3.586080025183351755e-02
4.404945029931786049e-01,4.404945029931786049e-01
-5.989562846350823255e-01,-5.989562846350823255e-01
-5.705738594789400153e-03,-5.705738594789400153e-03
-3.206778191728599237e-01,-3.206778191728599237e-01
1.857536474771608881e-01,1.857536474771608881e-01
3.304773987141331748e-01,3.304773987141331748e-01
1.908234159285468190e-01,1.908234159285468190e-01
-4.751620420449971238e-01,-4.751620420449971238e-01
2.438667516680531056e-01,2.438667516680531056e-01
1.230434687326188853e-01,1.230434687326188853e-01
-2.730002621167542665e-01,-2.730002621167542665e-01
4.778519005556191024e-01,4.778519005556191024e-01
1.654649451638519897e-01,1.654649451638519897e-01
6.561762414317546810e-01,6.561762414317546810e-01
4.131155737364847202e-01,4.131155737364847202e-01
-1.288928026808747740e-01,-1.288928026808747740e-01
1.409431279517474045e-01,1.409431279517474045e-01
-3.206039414750696537e-01,-3.206039414750696537e-01
2.015368194325688755e-01,2.015368194325688755e-01
4.159925406902937883e-01,4.159925406902937883e-01
-4.534618750959820144e-01,-4.534618750959820144e-01
-5.622798779696235316e-01,-5.622798779696235316e-01
3.849992419536923949e-01,3.849992419536923949e-01
-1.272148015742755045e-02,-1.272148015742755045e-02
6.928830387067597130e-03,6.928830387067597130e-03
-3.858387652095963682e-01,-3.858387652095963682e-01
-2.076050801677634117e-01,-2.076050801677634117e-01
7.426724654057546005e-01,7.426724654057546005e-01
1.424835007267703513e-01,1.424835007267703513e-01
2.413651967398524889e-01,2.413651967398524889e-01
9.096527098176191428e-01,9.096527098176191428e-01
5.883493436099858087e-01,5.883493436099858087e-01
3.346247586663901319e-01,3.346247586663901319e-01
-3.785850999333104649e-01,-3.785850999333104649e-01
-1.541621455641566940e-01,-1.541621455641566940e-01
6.069974189159916822e-01,6.069974189159916822e-01
5.390321560962655356e-01,5.390321560962655356e-01
1.579311893604704378e-02,1.579311893604704378e-02
2.703401038532627365e-01,2.703401038532627365e-01
1.274351727503663378e-01,1.274351727503663378e-01
8.248648547459251912e-01,8.248648547459251912e-01
-1.023302056884337896e-01,-1.023302056884337896e-01
4.579394843565681161e-01,4.579394843565681161e-01
8.280338851812865109e-01,8.280338851812865109e-01
2.137281577294759538e-01,2.137281577294759538e-01
9.756545737754369618e-01,9.756545737754369618e-01
-9.159435096759421802e-02,-9.159435096759421802e-02
5.010931752564034003e-01,5.010931752564034003e-01
8.369564346808440192e-01,8.369564346808440192e-01
3.771169540475852733e-01,3.771169540475852733e-01
1.401873335113124730e+00,1.401873335113124730e+00
9.952487859932777209e-03,9.952487859932777209e-03
-9.691064419572587019e-02,-9.691064419572587019e-02
6.644842636995111629e-02,6.644842636995111629e-02
-1.871357853819519412e-01,-1.871357853819519412e-01
-3.085121572017596181e-01,-3.085121572017596181e-01
4.069346217284011136e-01,4.069346217284011136e-01
-6.513814694743977896e-01,-6.513814694743977896e-01
-4.149609971926546681e-01,-4.149609971926546681e-01
3.539455203941858641e-01,3.539455203941858641e-01
-3.223315005582468307e-01,-3.223315005582468307e-01
-7.557243775393289453e-02,-7.557243775393289453e-02
8.177067845768269949e-01,8.177067845768269949e-01
2.613285917561858351e-01,2.613285917561858351e-01
3.706193774439789368e-02,3.706193774439789368e-02
6.697710226668984745e-03,6.697710226668984745e-03
-2.320151685988733337e-02,-2.320151685988733337e-02
8.792112294858634991e-01,8.792112294858634991e-01
4.328774564336144159e-01,4.328774564336144159e-01
-5.845541022995250913e-01,-5.845541022995250913e-01
7.187511275975197456e-02,7.187511275975197456e-02
8.587458740990825401e-01,8.587458740990825401e-01
-1.377441580047970848e-01,-1.377441580047970848e-01
1.042052848334255710e+00,1.042052848334255710e+00
7.895941783214545096e-01,7.895941783214545096e-01
2.317071244146786391e-01,2.317071244146786391e-01
9.935867984402233510e-01,9.935867984402233510e-01
-1.933418064329105457e-01,-1.933418064329105457e-01
8.134512385634787290e-02,8.134512385634787290e-02
7.212172061095165621e-01,7.212172061095165621e-01
1.136250671006166363e-01,1.136250671006166363e-01
2.193244046689129256e-01,2.193244046689129256e-01
4.211245404047970764e-01,4.211245404047970764e-01
-6.177997948228175495e-01,-6.177997948228175495e-01
9.703510337568566069e-02,9.703510337568566069e-02
9.401135151826121028e-01,9.401135151826121028e-01
-2.088586981338441673e-02,-2.088586981338441673e-02
2.277167721326366079e-01,2.277167721326366079e-01
6.236206648385775875e-01,6.236206648385775875e-01
8.565349947217386628e-01,8.565349947217386628e-01
2.099573025235621226e-01,2.099573025235621226e-01
-3.157953269884985481e-01,-3.157953269884985481e-01
3.574288498196004360e-01,3.574288498196004360e-01
6.165491575198231988e-01,6.165491575198231988e-01
-3.947922820118688891e-01,-3.947922820118688891e-01
-3.548012652836287639e-01,-3.548012652836287639e-01
-2.452721839695320150e-01,-2.452721839695320150e-01
-2.717889937008047263e-01,-2.717889937008047263e-01
-1.105123193808185578e+00,-1.105123193808185578e+00
7.356514870523288563e-01,7.356514870523288563e-01
6.453319424453826669e-02,6.453319424453826669e-02
3.578377156629449773e-01,3.578377156629449773e-01
-1.734333550452724082e-02,-1.734333550452724082e-02
3.685929772252015679e-01,3.685929772252015679e-01
1.939789041560771310e-01,1.939789041560771310e-01
4.916249330418039909e-01,4.916249330418039909e-01
-2.214055932135528537e-01,-2.214055932135528537e-01
-2.671230958508726272e-01,-2.671230958508726272e-01
4.513341517717680551e-01,4.513341517717680551e-01
1.160970443984087469e-01,1.160970443984087469e-01
-4.859241166846919868e-02,-4.859241166846919868e-02
1.062779536845614548e+00,1.062779536845614548e+00
1.853709416462236415e-01,1.853709416462236415e-01
4.833870141683163091e-01,4.833870141683163091e-01
3.350106191499476194e-01,3.350106191499476194e-01
3.455025300403187782e-01,3.455025300403187782e-01
5.339748371440790065e-01,5.339748371440790065e-01
5.102001762378171046e-01,5.102001762378171046e-01
1.677372366708513585e-01,1.677372366708513585e-01
-5.343171821432186608e-01,-5.343171821432186608e-01
-2.883287555270957481e-01,-2.883287555270957481e-01
-6.894496410059320901e-01,-6.894496410059320901e-01
2.023834048612399572e-01,2.023834048612399572e-01
2.407367872469797221e-01,2.407367872469797221e-01
7.433816039144249821e-01,7.433816039144249821e-01
-2.028324549117428433e-01,-2.028324549117428433e-01
-2.237987590306535768e-01,-2.237987590306535768e-01
6.326435855406800091e-01,6.326435855406800091e-01
-5.016692055964671465e-02,-5.016692055964671465e-02
9.001615766388999518e-01,9.001615766388999518e-01
1.113874477620444420e-01,1.113874477620444420e-01
-4.303796918113824699e-01,-4.303796918113824699e-01
1.039312321599591193e+00,1.039312321599591193e+00
-2.053775490284515115e-01,-2.053775490284515115e-01
-3.303086321515799617e-01,-3.303086321515799617e-01
-6.789281611095092372e-02,-6.789281611095092372e-02
4.632163531654326372e-01,4.632163531654326372e-01
-6.639270684363752784e-01,-6.639270684363752784e-01
1.015955935025843609e-01,1.015955935025843609e-01
5.014664906470658323e-01,5.014664906470658323e-01
-7.167696129114409231e-02,-7.167696129114409231e-02
3.520544513399854747e-01,3.520544513399854747e-01
5.456955306942602724e-02,5.456955306942602724e-02
-1.326358126879255694e-01,-1.326358126879255694e-01
-2.864310199626660114e-02,-2.864310199626660114e-02
-1.664405649122276676e-01,-1.664405649122276676e-01
1.205089301445853245e+00,1.205089301445853245e+00
1.690441378369649250e-01,1.690441378369649250e-01
1.305116133019834090e-01,1.305116133019834090e-01
1.089192994164319139e-01,1.089192994164319139e-01
5.363428849374372032e-01,5.363428849374372032e-01
4.421952183984292351e-01,4.421952183984292351e-01
4.105666646306270207e-01,4.105666646306270207e-01
-2.674776903244197035e-02,-2.674776903244197035e-02
9.270018984050500954e-01,9.270018984050500954e-01
7.204240376672300661e-01,7.204240376672300661e-01
-6.339385177754131018e-01,-6.339385177754131018e-01
-9.882251736197550374e-02,-9.882251736197550374e-02
-3.612252721473736827e-02,-3.612252721473736827e-02
-5.848508169016637392e-01,-5.848508169016637392e-01
1.131662748052918721e-01,1.131662748052918721e-01
-7.328776409369727740e-02,-7.328776409369727740e-02
6.387533241919509663e-01,6.387533241919509663e-01
7.826450147926464207e-02,7.826450147926464207e-02
5.308730028303918491e-01,5.308730028303918491e-01
-8.788916142994368519e-02,-8.788916142994368519e-02
9.252725270533262991e-01,9.252725270533262991e-01
1.000646992756751286e-01,1.000646992756751286e-01
1.215586252019220936e-01,1.215586252019220936e-01
1.008369640067219297e+00,1.008369640067219297e+00
8.399304590262104964e-02,8.399304590262104964e-02
8.421972321066795164e-01,8.421972321066795164e-01
2.062776245311161438e-01,2.062776245311161438e-01
3.636418247815380589e-01,3.636418247815380589e-01
2.564409297586335290e-01,2.564409297586335290e-01
3.673917224778130430e-01,3.673917224778130430e-01
-1.708155206526668080e-02,-1.708155206526668080e-02
-2.828537566511557522e-02,-2.828537566511557522e-02
1.279937607050913306e-01,1.279937607050913306e-01
-1.726442471069214724e-01,-1.726442471069214724e-01
5.134547205641195600e-01,5.134547205641195600e-01
-1.351219992424054772e-01,-1.351219992424054772e-01
1.972009786697389300e-01,1.972009786697389300e-01
-3.227427662580267809e-01,-3.227427662580267809e-01
4.157043601594632709e-01,4.157043601594632709e-01
-6.568095870167831585e-01,-6.568095870167831585e-01
-5.210836007967221128e-01,-5.210836007967221128e-01
5.043608441747050586e-01,5.043608441747050586e-01
3.267029752618052507e-01,3.267029752618052507e-01
1.958088094405660007e-01,1.958088094405660007e-01
4.135047786681856907e-01,4.135047786681856907e-01
8.084616574656473542e-01,8.084616574656473542e-01
-8.514515144414798176e-01,-8.514515144414798176e-01
1.008928528618288523e+00,1.008928528618288523e+00
1.373447359926290301e-01,1.373447359926290301e-01
5.848870965455862381e-01,5.848870965455862381e-01
8.750569755441922615e-01,8.750569755441922615e-01
7.639496503978870923e-02,7.639496503978870923e-02
3.706927058271474174e-01,3.706927058271474174e-01
1.011230886782796823e+00,1.011230886782796823e+00
1.488409366543849144e-01,1.488409366543849144e-01
9.960319982164986818e-01,9.960319982164986818e-01
4.488840546210858817e-01,4.488840546210858817e-01
1.649612707770287123e-01,1.649612707770287123e-01
2.231878166325070856e-01,2.231878166325070856e-01
2.883934758065523907e-01,2.883934758065523907e-01
1.056601476053322441e+00,1.056601476053322441e+00
4.608455199569718719e-01,4.608455199569718719e-01
6.440868111378705851e-01,6.440868111378705851e-01
7.450760289529045899e-01,7.450760289529045899e-01
3.905645841869196389e-01,3.905645841869196389e-01
1.743220754602456124e-01,1.743220754602456124e-01
3.661487378076414556e-01,3.661487378076414556e-01
6.476202618271505174e-02,6.476202618271505174e-02
-1.916250436571690086e-01,-1.916250436571690086e-01
5.109185433514294994e-01,5.109185433514294994e-01
3.261312616908947914e-01,3.261312616908947914e-01
3.625132214968214694e-01,3.625132214968214694e-01
-4.173733398178045562e-01,-4.173733398178045562e-01
-5.280031141499774705e-01,-5.280031141499774705e-01
9.038000569627648861e-01,9.038000569627648861e-01
2.433837957298210508e-01,2.433837957298210508e-01
-1.212664490136139417e-02,-1.212664490136139417e-02
1.312042444323488488e-01,1.312042444323488488e-01
4.577007908844628603e-01,4.577007908844628603e-01
3.536923983866298582e-01,3.536923983866298582e-01
-7.772913666056447957e-01,-7.772913666056447957e-01
-2.315515246667851357e-01,-2.315515246667851357e-01
1.168387528462604186e+00,1.168387528462604186e+00
2.085815618738317834e-01,2.085815618738317834e-01
6.446190164911935749e-03,6.446190164911935749e-03
4.863648046617705667e-01,4.863648046617705667e-01
9.009338605619818807e-01,9.009338605619818807e-01
8.543805830198009099e-02,8.543805830198009099e-02
-1.346304887752822199e-02,-1.346304887752822199e-02
5.607004088313510826e-01,5.607004088313510826e-01
-6.250653156749195194e-01,-6.250653156749195194e-01
6.674526476792721486e-01,6.674526476792721486e-01
2.976295623095381870e-01,2.976295623095381870e-01
1.791360400101582151e+00,1.791360400101582151e+00
6.829605421572355617e-01,6.829605421572355617e-01
-1.627742492186280698e-01,-1.627742492186280698e-01
-8.105247546408286818e-02,-8.105247546408286818e-02
4.505336135936870989e-01,4.505336135936870989e-01
-1.526746398700813967e-01,-1.526746398700813967e-01
1.227512469727864985e+00,1.227512469727864985e+00
1.008488499827670110e-01,1.008488499827670110e-01
3.831583519542220428e-01,3.831583519542220428e-01
1.044188512785983569e+00,1.044188512785983569e+00
3.586469638773355229e-01,3.586469638773355229e-01
1.832581985228318167e-01,1.832581985228318167e-01
-6.178023447302189997e-01,-6.178023447302189997e-01
-4.572108451664649298e-01,-4.572108451664649298e-01
5.976313227794831651e-01,5.976313227794831651e-01
7.080088753037567795e-01,7.080088753037567795e-01
-3.425113219623762140e-01,-3.425113219623762140e-01
7.864566470383828334e-02,7.864566470383828334e-02
-5.828721780942534014e-01,-5.828721780942534014e-01
4.662276484949949285e-01,4.662276484949949285e-01
-1.412689141597493481e-01,-1.412689141597493481e-01
-5.725783862278792657e-01,-5.725783862278792657e-01
1.761888286074843879e-01,1.761888286074843879e-01
-7.443388633782068720e-01,-7.443388633782068720e-01
-8.783479350743234049e-02,-8.783479350743234049e-02
1.267328534778813465e+00,1.267328534778813465e+00
7.945830145528806621e-02,7.945830145528806621e-02
5.073866227549380659e-01,5.073866227549380659e-01
4.344150961758798668e-01,4.344150961758798668e-01
1.278174804773983819e+00,1.278174804773983819e+00
6.446773337697020434e-02,6.446773337697020434e-02
2.947784611691818268e-01,2.947784611691818268e-01
7.133682457754594308e-01,7.133682457754594308e-01
2.168981938670790643e-01,2.168981938670790643e-01
1.623374377428184190e-01,1.623374377428184190e-01
3.075781148548659139e-02,3.075781148548659139e-02
3.004897462361804661e-01,3.004897462361804661e-01
-3.730729223880193124e-01,-3.730729223880193124e-01
9.668468977338892101e-01,9.668468977338892101e-01
9.420134084914318084e-02,9.420134084914318084e-02
9.711829978704067390e-01,9.711829978704067390e-01
-5.296779980019938883e-02,-5.296779980019938883e-02
5.406513691453789239e-01,5.406513691453789239e-01
-1.240004314897603654e-01,-1.240004314897603654e-01
8.145604385684412918e-01,8.145604385684412918e-01
6.106163803716427863e-01,6.106163803716427863e-01
3.570321362082000127e-01,3.570321362082000127e-01
4.980978742860081576e-01,4.980978742860081576e-01
-3.635202325801779599e-01,-3.635202325801779599e-01
1.771032265730918986e+00,1.771032265730918986e+00
-4.518035468235216401e-01,-4.518035468235216401e-01
1.586260105956049937e-01,1.586260105956049937e-01
6.427462659770621922e-01,6.427462659770621922e-01
-6.192691422119970257e-01,-6.192691422119970257e-01
2.257480104667183851e-01,2.257480104667183851e-01
3.908976685210119317e-01,3.908976685210119317e-01
-2.408041316883251237e-01,-2.408041316883251237e-01
-3.083718362828087867e-01,-3.083718362828087867e-01
8.122535974049706065e-01,8.122535974049706065e-01
-2.541507172355992328e-01,-2.541507172355992328e-01
3.483541912156941089e-01,3.483541912156941089e-01
1.055507525257774137e+00,1.055507525257774137e+00
2.620745008052537406e-01,2.620745008052537406e-01
2.183314586931108248e-01,2.183314586931108248e-01
3.928272269916810999e-01,3.928272269916810999e-01
5.025527589666503037e-01,5.025527589666503037e-01
1.831230695696417776e-01,1.831230695696417776e-01
4.732803552195235519e-01,4.732803552195235519e-01
-1.258941690021760096e-01,-1.258941690021760096e-01
2.351862951450067740e-02,2.351862951450067740e-02
-5.163634441296460764e-02,-5.163634441296460764e-02
5.531464976821862667e-01,5.531464976821862667e-01
5.598312416310237127e-01,5.598312416310237127e-01
3.920571666932618493e-01,3.920571666932618493e-01
-3.146854524776422357e-01,-3.146854524776422357e-01
1.242801625367069729e+00,1.242801625367069729e+00
3.489301678849218713e-02,3.489301678849218713e-02
5.165237185339841552e-01,5.165237185339841552e-01
-1.620915207877750286e-01,-1.620915207877750286e-01
-7.912679939667456308e-01,-7.912679939667456308e-01
3.608491110282600611e-01,3.608491110282600611e-01
2.983974466919174784e-01,2.983974466919174784e-01
1.496181122225345828e+00,1.496181122225345828e+00
4.355968187606908959e-01,4.355968187606908959e-01
-1.032856822127584673e-01,-1.032856822127584673e-01
2.581550840745250319e-01,2.581550840745250319e-01
6.930580094368531396e-01,6.930580094368531396e-01
1.175722684860149442e-01,1.175722684860149442e-01
7.919881580233616436e-01,7.919881580233616436e-01
3.140135741253607948e-01,3.140135741253607948e-01
9.333461427667491539e-02,9.333461427667491539e-02
1.765227654193187723e-01,1.765227654193187723e-01
2.707978202722650662e-01,2.707978202722650662e-01
-1.261000597150808145e-01,-1.261000597150808145e-01
1.285200493693273049e+00,1.285200493693273049e+00
5.494663693656389736e-01,5.494663693656389736e-01
1.472271327215893266e-02,1.472271327215893266e-02
-3.556882326431743957e-01,-3.556882326431743957e-01
5.202571005320336672e-01,5.202571005320336672e-01
9.365405168800461366e-01,9.365405168800461366e-01
6.193241707224799164e-01,6.193241707224799164e-01
3.365408167524013283e-01,3.365408167524013283e-01
1.518682550386933339e-01,1.518682550386933339e-01
4.589159916755659596e-01,4.589159916755659596e-01
-2.871880398067339080e-01,-2.871880398067339080e-01
-1.287995134694149835e-01,-1.287995134694149835e-01
5.174825279055885741e-01,5.174825279055885741e-01
6.202570329158387796e-01,6.202570329158387796e-01
-7.613577245617253464e-02,-7.613577245617253464e-02
2.882474048265297739e-01,2.882474048265297739e-01
-2.552297407514035332e-01,-2.552297407514035332e-01
1.354571768673966947e-01,1.354571768673966947e-01
-6.592738012831785843e-01,-6.592738012831785843e-01
7.658443583244546604e-02,7.658443583244546604e-02
5.958119276750115101e-02,5.958119276750115101e-02
1.942568751044514708e-01,1.942568751044514708e-01
4.785979010624025198e-01,4.785979010624025198e-01
-1.586824118704981412e-01,-1.586824118704981412e-01
-3.917502094327865447e-02,-3.917502094327865447e-02
2.056616759136178363e-01,2.056616759136178363e-01
-6.220157351891150710e-02,-6.220157351891150710e-02
7.924620334144820699e-01,7.924620334144820699e-01
1.012841001858385770e+00,1.012841001858385770e+00
-2.936757137456735833e-01,-2.936757137456735833e-01
4.944425908237214395e-01,4.944425908237214395e-01
1.253017164286360230e-02,1.253017164286360230e-02
-4.550422757077143832e-02,-4.550422757077143832e-02
-5.803182183009916173e-01,-5.803182183009916173e-01
3.039313586918190313e-01,3.039313586918190313e-01
1.920865762583470471e-01,1.920865762583470471e-01
5.834473515121199050e-01,5.834473515121199050e-01
-3.839744890144330958e-01,-3.839744890144330958e-01
4.953529061757098728e-01,4.953529061757098728e-01
1.081475310053341854e+00,1.081475310053341854e+00
2.314639574441828274e-01,2.314639574441828274e-01
8.195127025337585192e-01,8.195127025337585192e-01
1.270885822085890293e+00,1.270885822085890293e+00
4.464943037277499527e-01,4.464943037277499527e-01
7.899540077712060571e-01,7.899540077712060571e-01
2.623125424189787225e-01,2.623125424189787225e-01
-3.224091061332667318e-01,-3.224091061332667318e-01
-4.255112644966128621e-01,-4.255112644966128621e-01
2.283259058766380079e-01,2.283259058766380079e-01
-4.325287634501812084e-02,-4.325287634501812084e-02
2.279250321425132508e-01,2.279250321425132508e-01
1.207937031929904037e-01,1.207937031929904037e-01
-3.438011377651431499e-01,-3.438011377651431499e-01
5.354796478513597080e-01,5.354796478513597080e-01
-4.797316603273705238e-01,-4.797316603273705238e-01
3.401987078471911952e-01,3.401987078471911952e-01
-9.232763795532439310e-02,-9.232763795532439310e-02
1.317667368044249943e-01,1.317667368044249943e-01
3.404173538426721324e-01,3.404173538426721324e-01
7.440915980452240674e-01,7.440915980452240674e-01
1.842652688871131983e-01,1.842652688871131983e-01
-6.999904860389063455e-01,-6.999904860389063455e-01
7.000005240593110134e-01,7.000005240593110134e-01
-2.435664647475690725e-01,-2.435664647475690725e-01
6.998388358830581746e-01,6.998388358830581746e-01
7.769302078438529435e-02,7.769302078438529435e-02
7.544097374072913365e-01,7.544097374072913365e-01
2.334142928025644548e-01,2.334142928025644548e-01
5.868089295895672075e-01,5.868089295895672075e-01
-2.454705196605330708e-01,-2.454705196605330708e-01
1.245379429585977138e-01,1.245379429585977138e-01
4.463409055929676850e-01,4.463409055929676850e-01
5.347949633002809788e-01,5.347949633002809788e-01
7.161058467494021418e-01,7.161058467494021418e-01
1.086332638000711004e-01,1.086332638000711004e-01
7.050254289725101930e-01,7.050254289725101930e-01
1.347894468870462603e+00,1.347894468870462603e+00
1.106202581026537679e+00,1.106202581026537679e+00
8.457550603838861480e-01,8.457550603838861480e-01
1.305233432263080529e+00,1.305233432263080529e+00
-6.444384700977101588e-02,-6.444384700977101588e-02
-2.124027072642060143e-01,-2.124027072642060143e-01
-3.949216866539375509e-02,-3.949216866539375509e-02
-4.289225817252042550e-01,-4.289225817252042550e-01
2.595853614128882936e-01,2.595853614128882936e-01
1.898676129836105453e-01,1.898676129836105453e-01
-4.678653449707570466e-01,-4.678653449707570466e-01
-1.889780419839828252e-01,-1.889780419839828252e-01
9.233259477100430601e-02,9.233259477100430601e-02
-3.047475088348239880e-01,-3.047475088348239880e-01
7.523082757321162273e-01,7.523082757321162273e-01
6.540051576766839903e-01,6.540051576766839903e-01
-2.608828998508277985e-01,-2.608828998508277985e-01
-2.990369726683764773e-01,-2.990369726683764773e-01
5.673446306349443358e-01,5.673446306349443358e-01
-6.413295806154742928e-01,-6.413295806154742928e-01
-1.010368322502480654e-02,-1.010368322502480654e-02
5.190812296367707246e-01,5.190812296367707246e-01
-3.253907185406381131e-01,-3.253907185406381131e-01
1.358378180728391782e-01,1.358378180728391782e-01
6.723136564364086409e-02,6.723136564364086409e-02
1.399648367838439267e+00,1.399648367838439267e+00
-2.610785891023280625e-01,-2.610785891023280625e-01
-1.360161853569333557e-01,-1.360161853569333557e-01
4.037239924854234552e-01,4.037239924854234552e-01
-3.172808931601419080e-01,-3.172808931601419080e-01
7.551685432286676658e-01,7.551685432286676658e-01
4.207320103072574313e-01,4.207320103072574313e-01
7.545436558097599056e-01,7.545436558097599056e-01
4.839346113904395841e-01,4.839346113904395841e-01
9.262534352827614947e-01,9.262534352827614947e-01
4.997154790000659652e-01,4.997154790000659652e-01
2.963673474709306310e-01,2.963673474709306310e-01
1.491353944470876769e-01,1.491353944470876769e-01
4.043647075144166658e-01,4.043647075144166658e-01
6.697176901401409310e-01,6.697176901401409310e-01
2.811528655027963897e-01,2.811528655027963897e-01
-1.084181739859583771e-01,-1.084181739859583771e-01
9.376474395615014279e-01,9.376474395615014279e-01
-2.878161139391796075e-01,-2.878161139391796075e-01
6.263152596987063836e-01,6.263152596987063836e-01
-5.673477044417518655e-01,-5.673477044417518655e-01
3.584974237858131185e-01,3.584974237858131185e-01
-1.377255377485754606e-02,-1.377255377485754606e-02
-9.515494041325994745e-02,-9.515494041325994745e-02
6.638397779706920465e-01,6.638397779706920465e-01
3.568670242025684947e-01,3.568670242025684947e-01
3.223537674360063554e-01,3.223537674360063554e-01
3.954901232805542732e-01,3.954901232805542732e-01
7.315470057914441604e-03,7.315470057914441604e-03
8.487195509086216116e-01,8.487195509086216116e-01
3.368056539415699713e-01,3.368056539415699713e-01
-2.458246952318196565e-01,-2.458246952318196565e-01
5.115187638757650035e-01,5.115187638757650035e-01
7.299327566455261485e-01,7.299327566455261485e-01
4.397746296899703866e-01,4.397746296899703866e-01
-3.032440657768689096e-01,-3.032440657768689096e-01
3.996850011740057940e-01,3.996850011740057940e-01
8.215442667656667197e-01,8.215442667656667197e-01
1.361186992473676916e-01,1.361186992473676916e-01
-5.935977620622234774e-01,-5.935977620622234774e-01
3.086076790331172548e-01,3.086076790331172548e-01
1.486583210827815138e-01,1.486583210827815138e-01
2.926385558133330900e-01,2.926385558133330900e-01
5.055961420347049318e-01,5.055961420347049318e-01
8.267863058807641830e-01,8.267863058807641830e-01
2.491951574566845795e-01,2.491951574566845795e-01
-6.050328106443156884e-01,-6.050328106443156884e-01
4.071109750398931859e-01,4.071109750398931859e-01
6.411688188438276204e-02,6.411688188438276204e-02
9.795474210711023477e-02,9.795474210711023477e-02
-8.808014703489132347e-02,-8.808014703489132347e-02
2.319033330261227599e-02,2.319033330261227599e-02
-3.202137325064139395e-01,-3.202137325064139395e-01
8.482240663423825655e-01,8.482240663423825655e-01
3.764034505754545457e-01,3.764034505754545457e-01
4.682510666830801416e-01,4.682510666830801416e-01
1.726971709035637070e-01,1.726971709035637070e-01
-3.024526050786114362e-01,-3.024526050786114362e-01
1.453096694202055950e-01,1.453096694202055950e-01
-4.112044173610874265e-01,-4.112044173610874265e-01
1.977052055500500560e-01,1.977052055500500560e-01
5.238114964847393473e-01,5.238114964847393473e-01
-1.328011819445694408e-01,-1.328011819445694408e-01
2.690678137163076689e-01,2.690678137163076689e-01
-4.958581906924881544e-01,-4.958581906924881544e-01
-2.648498054886025410e-02,-2.648498054886025410e-02
4.934006707421573212e-01,4.934006707421573212e-01
4.414201640880436317e-01,4.414201640880436317e-01
6.302287853093867520e-01,6.302287853093867520e-01
1.352553521508955137e-01,1.352553521508955137e-01
-4.935291259946998355e-01,-4.935291259946998355e-01
-6.057542878628283112e-02,-6.057542878628283112e-02
4.843453898479031516e-01,4.843453898479031516e-01
1.434168236665254614e+00,1.434168236665254614e+00
3.628303305412006186e-01,3.628303305412006186e-01
-1.775550482960293053e-01,-1.775550482960293053e-01
8.998287810514141172e-02,8.998287810514141172e-02
-4.153804999147878707e-01,-4.153804999147878707e-01
2.918256719294181067e-01,2.918256719294181067e-01
2.543208183586157523e-01,2.543208183586157523e-01
-2.807852760257288360e-01,-2.807852760257288360e-01
-6.618485142685215372e-02,-6.618485142685215372e-02
-3.815013544226125708e-02,-3.815013544226125708e-02
1.651387987718657413e-01,1.651387987718657413e-01
1.113022985921744645e+00,1.113022985921744645e+00
7.700951698945179835e-02,7.700951698945179835e-02
4.903466775948445155e-02,4.903466775948445155e-02
1.732540203913314758e-01,1.732540203913314758e-01
-2.563223381409269752e-01,-2.563223381409269752e-01
-1.627539775316175497e-01,-1.627539775316175497e-01
3.312412556782764472e-01,3.312412556782764472e-01
4.634452758748058843e-01,4.634452758748058843e-01
-1.129418582577160629e-01,-1.129418582577160629e-01
2.891989539557819899e-01,2.891989539557819899e-01
1.840584232755477778e-01,1.840584232755477778e-01
-5.843115801126400610e-01,-5.843115801126400610e-01
-1.077115494610780821e-01,-1.077115494610780821e-01
5.852985530566301442e-01,5.852985530566301442e-01
1.520775423679146254e-01,1.520775423679146254e-01
-1.496617483753690525e-01,-1.496617483753690525e-01
3.926224209634333606e-01,3.926224209634333606e-01
6.557091792263845809e-03,6.557091792263845809e-03
-9.200913492265588856e-01,-9.200913492265588856e-01
-4.205891123959883404e-01,-4.205891123959883404e-01
1.426147067804608426e-01,1.426147067804608426e-01
3.518647759427865895e-01,3.518647759427865895e-01
-2.653340256054330659e-01,-2.653340256054330659e-01
4.308985048775096360e-03,4.308985048775096360e-03
6.874429411249362021e-01,6.874429411249362021e-01
1.466477810304105678e-01,1.466477810304105678e-01
5.097269459568163352e-01,5.097269459568163352e-01
-3.548620143875030886e-01,-3.548620143875030886e-01
3.066167905953673389e-01,3.066167905953673389e-01
-2.534618181231628187e-01,-2.534618181231628187e-01
-1.047848327809270952e+00,-1.047848327809270952e+00
-1.444203454289461064e-01,-1.444203454289461064e-01
9.839000725080748744e-02,9.839000725080748744e-02
4.400415723431951864e-01,4.400415723431951864e-01
9.111809325090921563e-01,9.111809325090921563e-01
7.329872651451970755e-01,7.329872651451970755e-01
-7.992715474031322209e-01,-7.992715474031322209e-01
-3.268320265304576200e-01,-3.268320265304576200e-01
-1.049759806322360378e-02,-1.049759806322360378e-02
3.976327875242945398e-01,3.976327875242945398e-01
2.802049484792800693e-01,2.802049484792800693e-01
1.708180621819421763e-01,1.708180621819421763e-01
-5.125452017556637874e-02,-5.125452017556637874e-02
8.210770039609687210e-01,8.210770039609687210e-01
8.697180544983236228e-01,8.697180544983236228e-01
7.259369055617498345e-02,7.259369055617498345e-02
-2.000411925040906924e-01,-2.000411925040906924e-01
9.867273807850129863e-02,9.867273807850129863e-02
-3.599845346536789115e-01,-3.599845346536789115e-01
3.115580094839556224e-01,3.115580094839556224e-01
9.983205900985023251e-02,9.983205900985023251e-02
4.810305582620971743e-01,4.810305582620971743e-01
4.654546630404920449e-01,4.654546630404920449e-01
8.397274466174158292e-01,8.397274466174158292e-01
3.539428115260853103e-01,3.539428115260853103e-01
1.147765403618566271e+00,1.147765403618566271e+00
-4.127324157082896683e-01,-4.127324157082896683e-01
-4.322834599553692508e-02,-4.322834599553692508e-02
4.176522861953961552e-02,4.176522861953961552e-02
-7.404102086956881879e-02,-7.404102086956881879e-02
4.511825779172767836e-02,4.511825779172767836e-02
7.026282742225878342e-02,7.026282742225878342e-02
3.266457909370668600e-01,3.266457909370668600e-01
1.203391135650524607e-01,1.203391135650524607e-01
7.507056500035927948e-01,7.507056500035927948e-01
2.711782137606283394e-01,2.711782137606283394e-01
5.006541280308169917e-01,5.006541280308169917e-01
9.208216736286137793e-01,9.208216736286137793e-01
-7.615981217937606296e-01,-7.615981217937606296e-01
5.923020151728408678e-02,5.923020151728408678e-02
2.048603788622020416e-01,2.048603788622020416e-01
-2.736652824810875129e-01,-2.736652824810875129e-01
7.537091410305841732e-01,7.537091410305841732e-01
-7.499993258070695168e-01,-7.499993258070695168e-01
-1.425412642981060407e-01,-1.425412642981060407e-01
-4.901631742853478357e-01,-4.901631742853478357e-01
3.543982876663559489e-02,3.543982876663559489e-02
-4.191993815593810790e-01,-4.191993815593810790e-01
-2.047259368299455540e-01,-2.047259368299455540e-01
1.245720884325998284e-01,1.245720884325998284e-01
-4.981992960871656217e-01,-4.981992960871656217e-01
1.832983296464460454e-02,1.832983296464460454e-02
-5.908729696898675776e-01,-5.908729696898675776e-01
1.319068342792164006e-01,1.319068342792164006e-01
7.581913998556342182e-01,7.581913998556342182e-01
9.091647125862520884e-01,9.091647125862520884e-01
4.066768617352890525e-01,4.066768617352890525e-01
-2.485921582972974997e-01,-2.485921582972974997e-01
7.911912090462922542e-01,7.911912090462922542e-01
4.013741221349312882e-01,4.013741221349312882e-01
3.303037892783461382e-01,3.303037892783461382e-01
9.628353742605522125e-01,9.628353742605522125e-01
1.799505929158472239e-01,1.799505929158472239e-01
-7.716315114418522692e-01,-7.716315114418522692e-01
-4.264934612512261136e-02,-4.264934612512261136e-02
4.064044904111389078e-01,4.064044904111389078e-01
5.633962458675123575e-01,5.633962458675123575e-01
-8.481874673591710545e-02,-8.481874673591710545e-02
-8.749710138747718302e-02,-8.749710138747718302e-02
2.892975811103686845e-01,2.892975811103686845e-01
4.864605366094227334e-01,4.864605366094227334e-01
-4.082373812648029121e-01,-4.082373812648029121e-01
2.528574036382409962e-01,2.528574036382409962e-01
-5.120376021745171036e-03,-5.120376021745171036e-03
-8.364158876259208952e-01,-8.364158876259208952e-01
1.888827834288257512e-01,1.888827834288257512e-01
9.257591722112651356e-02,9.257591722112651356e-02
3.069688274193702604e-01,3.069688274193702604e-01
-1.202147713968596821e-01,-1.202147713968596821e-01
5.971511777762550377e-01,5.971511777762550377e-01
5.665616699993728522e-01,5.665616699993728522e-01
1.325914649761994912e+00,1.325914649761994912e+00
2.369708298467493313e-02,2.369708298467493313e-02
-5.439754401695163777e-01,-5.439754401695163777e-01
-9.954335782581054393e-02,-9.954335782581054393e-02
1.069405098185948200e+00,1.069405098185948200e+00
8.691512849307893307e-02,8.691512849307893307e-02
7.173366126118062569e-01,7.173366126118062569e-01
1.422322214973165411e-01,1.422322214973165411e-01
-3.441239042908588730e-01,-3.441239042908588730e-01
2.856952884192756614e-01,2.856952884192756614e-01
5.126820222998492715e-01,5.126820222998492715e-01
7.132617540795632705e-02,7.132617540795632705e-02
1.707884601196099361e-01,1.707884601196099361e-01
-1.084537706014023772e-01,-1.084537706014023772e-01
-2.425677758348847857e-01,-2.425677758348847857e-01
1.536398543141320183e-01,1.536398543141320183e-01
5.491517090157234104e-01,5.491517090157234104e-01
4.077919722846709005e-01,4.077919722846709005e-01
-5.548041817345238380e-01,-5.548041817345238380e-01
1.692660429875197381e-01,1.692660429875197381e-01
3.207572717480555169e-01,3.207572717480555169e-01
-3.211315243187294610e-02,-3.211315243187294610e-02
-4.360809654903778920e-01,-4.360809654903778920e-01
6.157094428296565614e-01,6.157094428296565614e-01
5.624999932945664582e-01,5.624999932945664582e-01
-1.134669766575805150e-01,-1.134669766575805150e-01
3.950414382288209847e-01,3.950414382288209847e-01
3.021905313412107663e-01,3.021905313412107663e-01
2.255898221731064135e-01,2.255898221731064135e-01
1.115467693091969498e-01,1.115467693091969498e-01
3.255597448723004939e-01,3.255597448723004939e-01
-3.405796307625282293e-01,-3.405796307625282293e-01
-7.258410074759800157e-01,-7.258410074759800157e-01
1.586936414256354122e-02,1.586936414256354122e-02
-2.280466299693131166e-02,-2.280466299693131166e-02
4.996701580369269924e-02,4.996701580369269924e-02
5.395421154575521516e-01,5.395421154575521516e-01
1.063057383268510847e+00,1.063057383268510847e+00
-6.473710635771057209e-02,-6.473710635771057209e-02
-1.124592301104406222e-01,-1.124592301104406222e-01
1.088647715726270837e-02,1.088647715726270837e-02
3.988906802879502167e-01,3.988906802879502167e-01
2.296138765608438659e-01,2.296138765608438659e-01
3.178925129330514854e-01,3.178925129330514854e-01
3.628419954417790860e-01,3.628419954417790860e-01
2.331481582896088034e-01,2.331481582896088034e-01
7.039648026545366477e-01,7.039648026545366477e-01
6.653802503037226090e-02,6.653802503037226090e-02
2.983500968615767635e-01,2.983500968615767635e-01
2.569350692729256980e-01,2.569350692729256980e-01
5.939540121164728070e-01,5.939540121164728070e-01
3.908648679967655082e-01,3.908648679967655082e-01
2.993549240882949491e-01,2.993549240882949491e-01
6.295277140247873549e-01,6.295277140247873549e-01
2.157623896362477478e-01,2.157623896362477478e-01
-1.996858756410284375e-01,-1.996858756410284375e-01
5.035691516451690219e-02,5.035691516451690219e-02
-3.282322045315264614e-01,-3.282322045315264614e-01
6.014364143294673726e-01,6.014364143294673726e-01
-3.796203678915048840e-01,-3.796203678915048840e-01
-1.057906655996749545e-01,-1.057906655996749545e-01
1.954159094699350063e-01,1.954159094699350063e-01
5.072685991036970377e-01,5.072685991036970377e-01
5.349563878961205443e-01,5.349563878961205443e-01
1.322988406828174424e-01,1.322988406828174424e-01
-4.140701189292064210e-01,-4.140701189292064210e-01
-7.769717838927221731e-02,-7.769717838927221731e-02
-2.587611709511467017e-01,-2.587611709511467017e-01
5.816160375920870901e-02,5.816160375920870901e-02
2.398932044389550933e-01,2.398932044389550933e-01
-1.627166712501665891e-01,-1.627166712501665891e-01
5.274605155800172751e-01,5.274605155800172751e-01
6.114068626748924151e-01,6.114068626748924151e-01
-4.141234828170443638e-01,-4.141234828170443638e-01
8.114335734050110993e-01,8.114335734050110993e-01
-1.890011286770235110e-02,-1.890011286770235110e-02
-7.946146880859259465e-01,-7.946146880859259465e-01
-1.335749873270276611e-01,-1.335749873270276611e-01
6.716163998093562792e-01,6.716163998093562792e-01
4.229067565163131537e-01,4.229067565163131537e-01
-1.283578154646685121e-01,-1.283578154646685121e-01
2.355023579931705413e-01,2.355023579931705413e-01
8.660317503617344093e-01,8.660317503617344093e-01
-3.406752536031008027e-01,-3.406752536031008027e-01
5.862208095126193452e-01,5.862208095126193452e-01
7.133117053995766677e-01,7.133117053995766677e-01
4.331878254271768203e-01,4.331878254271768203e-01
4.255441967527656688e-02,4.255441967527656688e-02
1.413019926442677099e-01,1.413019926442677099e-01
2.244144829624880599e-01,2.244144829624880599e-01
2.283648095442727122e-01,2.283648095442727122e-01
-1.827362205322165534e-01,-1.827362205322165534e-01
1.783137694627456860e-02,1.783137694627456860e-02
7.760164906614636093e-01,7.760164906614636093e-01
-1.904112269200872731e-01,-1.904112269200872731e-01
1.157387029653495908e-01,1.157387029653495908e-01
-3.396707770498138546e-01,-3.396707770498138546e-01
-3.839541490486730879e-01,-3.839541490486730879e-01
7.543671993755347582e-01,7.543671993755347582e-01
7.870456672433605583e-01,7.870456672433605583e-01
-3.644747132591872329e-01,-3.644747132591872329e-01
2.935952509128680887e-01,2.935952509128680887e-01
-2.055279323748111786e-02,-2.055279323748111786e-02
7.207594820934319912e-01,7.207594820934319912e-01
-1.105182872213971296e-01,-1.105182872213971296e-01
-3.264830202570606077e-01,-3.264830202570606077e-01
1.194325282786667386e-01,1.194325282786667386e-01
1.467052998184820711e-01,1.467052998184820711e-01
2.157596520395310691e-02,2.157596520395310691e-02
2.542193305081985599e-01,2.542193305081985599e-01
6.953678526074158484e-01,6.953678526074158484e-01
1.228158504680483265e+00,1.228158504680483265e+00
3.729969866452187977e-01,3.729969866452187977e-01
5.893896496507780580e-02,5.893896496507780580e-02
7.171292006614788939e-01,7.171292006614788939e-01
8.170312865013437120e-01,8.170312865013437120e-01
5.251686436781383138e-01,5.251686436781383138e-01
-5.030865191076946408e-01,-5.030865191076946408e-01
2.682706979819988735e-01,2.682706979819988735e-01
1.144559356769967229e+00,1.144559356769967229e+00
-9.659951038382383892e-01,-9.659951038382383892e-01
1.485744182997553176e-02,1.485744182997553176e-02
5.252938643340556713e-01,5.252938643340556713e-01
5.654626846972397036e-01,5.654626846972397036e-01
1.283561568959782795e+00,1.283561568959782795e+00
7.539112372833023379e-02,7.539112372833023379e-02
-1.126895900385904148e-01,-1.126895900385904148e-01
5.204167741804239800e-01,5.204167741804239800e-01
-6.285884360806022197e-01,-6.285884360806022197e-01
-1.005082200496240641e-02,-1.005082200496240641e-02
6.637389958041670646e-01,6.637389958041670646e-01
1.139040695298217526e-01,1.139040695298217526e-01
-5.816349045130575490e-01,-5.816349045130575490e-01
3.353890761843144608e-01,3.353890761843144608e-01
-7.177375197796231898e-01,-7.177375197796231898e-01
-1.349496322648167379e-01,-1.349496322648167379e-01
6.758053871741830365e-01,6.758053871741830365e-01
1.954036708796110799e-01,1.954036708796110799e-01
3.492355274479121419e-01,3.492355274479121419e-01
8.657567655404909690e-01,8.657567655404909690e-01
3.846799440226491007e-01,3.846799440226491007e-01
7.610388849148761459e-01,7.610388849148761459e-01
-1.151901592840708227e-01,-1.151901592840708227e-01
8.793096010931523709e-01,8.793096010931523709e-01
1.183795160082628806e-01,1.183795160082628806e-01
5.370406597478302735e-02,5.370406597478302735e-02
2.249249102495650132e-01,2.249249102495650132e-01
2.489636990217211077e-01,2.489636990217211077e-01
6.527194082070406633e-01,6.527194082070406633e-01
6.762826454780920260e-01,6.762826454780920260e-01
2.971779790513008890e-01,2.971779790513008890e-01
6.481264269199484840e-01,6.481264269199484840e-01
4.404242085852048127e-01,4.404242085852048127e-01
-9.868108562222667468e-02,-9.868108562222667468e-02
-9.675939852304743516e-02,-9.675939852304743516e-02
5.692263828420485172e-01,5.692263828420485172e-01
1.109495042415986177e+00,1.109495042415986177e+00
6.780749727680535077e-02,6.780749727680535077e-02
1.022765637302436303e-02,1.022765637302436303e-02
-2.566736228159854916e-01,-2.566736228159854916e-01
4.458036036201179497e-02,4.458036036201179497e-02
3.614514981157985751e-01,3.614514981157985751e-01
1.657461262967681315e-01,1.657461262967681315e-01
1.113347380997701253e-01,1.113347380997701253e-01
3.500740188833375011e-01,3.500740188833375011e-01
1.476587870642666889e-01,1.476587870642666889e-01
-1.070291522184713406e-01,-1.070291522184713406e-01
-3.956284595465205112e-02,-3.956284595465205112e-02
7.934167844027610883e-01,7.934167844027610883e-01
5.140694786535384697e-01,5.140694786535384697e-01
-4.294246291670922311e-01,-4.294246291670922311e-01
9.604497804602940558e-02,9.604497804602940558e-02
4.937155132054722451e-01,4.937155132054722451e-01
2.533040709495101295e-01,2.533040709495101295e-01
-2.510514565389019848e-01,-2.510514565389019848e-01
-1.172796166522409450e-01,-1.172796166522409450e-01
5.137676126665494669e-01,5.137676126665494669e-01
1.426135773576173715e-01,1.426135773576173715e-01
4.158957370564538292e-01,4.158957370564538292e-01
5.349373608424805582e-01,5.349373608424805582e-01
9.853211115888947935e-01,9.853211115888947935e-01
5.733532672999945845e-01,5.733532672999945845e-01
-3.781353147250344771e-01,-3.781353147250344771e-01
-3.681109036527359102e-01,-3.681109036527359102e-01
2.376435994215316538e-01,2.376435994215316538e-01
3.081043540760256549e-01,3.081043540760256549e-01
-1.868321292764454911e-01,-1.868321292764454911e-01
-5.058558658386110851e-01,-5.058558658386110851e-01
-1.768200684695152569e-01,-1.768200684695152569e-01
-5.016887842827779664e-01,-5.016887842827779664e-01
1.852313350533664749e-01,1.852313350533664749e-01
3.810719331719832070e-02,3.810719331719832070e-02
3.207147231203422710e-01,3.207147231203422710e-01
-1.127124440992605461e-02,-1.127124440992605461e-02
4.710141998167520216e-01,4.710141998167520216e-01
3.216714914964780569e-01,3.216714914964780569e-01
1.068050290651958445e-01,1.068050290651958445e-01
-4.643725506674757364e-01,-4.643725506674757364e-01
6.221436279974180694e-01,6.221436279974180694e-01
