-1.811585636491584023e-02,-1.811585636491584023e-02
-3.116487377515674007e-02,-3.116487377515674007e-02
-1.678588848739834272e-02,-1.678588848739834272e-02
-1.122404237067094884e-02,-1.122404237067094884e-02
-2.986773722846298301e-02,-2.986773722846298301e-02
-1.828639258984137567e-02,-1.828639258984137567e-02
-3.036698580918322649e-02,-3.036698580918322649e-02
-2.979304129954987029e-02,-2.979304129954987029e-02
-3.166772363536155682e-02,-3.166772363536155682e-02
-4.405232034008225300e-02,-4.405232034008225300e-02
-2.780954291695494213e-02,-2.780954291695494213e-02
1.078701051632933311e-02,1.078701051632933311e-02
-7.396346261183059378e-03,-7.396346261183059378e-03
-1.651246328671328659e-02,-1.651246328671328659e-02
-3.758561730420571789e-03,-3.758561730420571789e-03
1.333479689114620143e-02,1.333479689114620143e-02
-9.672917256242835604e-03,-9.672917256242835604e-03
-9.823168008698035525e-03,-9.823168008698035525e-03
-1.920933985182603915e-02,-1.920933985182603915e-02
-4.645665828377959494e-02,-4.645665828377959494e-02
-5.691246622249176296e-03,-5.691246622249176296e-03
-4.225353983438904365e-03,-4.225353983438904365e-03
-2.565653895119364425e-02,-2.565653895119364425e-02
-2.422454138639595217e-02,-2.422454138639595217e-02
-2.383740403699389360e-02,-2.383740403699389360e-02
-9.864541076205681630e-03,-9.864541076205681630e-03
-2.792373791335192590e-02,-2.792373791335192590e-02
-9.595581129352631633e-03,-9.595581129352631633e-03
-1.728796530729730108e-02,-1.728796530729730108e-02
-1.223049293741920035e-02,-1.223049293741920035e-02
-4.818988487851616487e-02,-4.818988487851616487e-02
-3.672004892239424945e-02,-3.672004892239424945e-02
-4.817337351100714482e-02,-4.817337351100714482e-02
-3.088669769337414744e-02,-3.088669769337414744e-02
-2.229851132002848291e-02,-2.229851132002848291e-02
-3.804946742737314036e-02,-3.804946742737314036e-02
-1.993757775320789682e-02,-1.993757775320789682e-02
-4.264188125840896737e-02,-4.264188125840896737e-02
-1.927293403928011239e-02,-1.927293403928011239e-02
-2.894764423940404674e-02,-2.894764423940404674e-02
-1.481953473482375966e-02,-1.481953473482375966e-02
-2.436893454401059533e-02,-2.436893454401059533e-02
-1.875309411031374912e-02,-1.875309411031374912e-02
-2.952257300185314598e-02,-2.952257300185314598e-02
-1.611812765220987237e-02,-1.611812765220987237e-02
-2.217117991410871153e-02,-2.217117991410871153e-02
-1.803516158062775515e-02,-1.803516158062775515e-02
-1.050476195229133741e-02,-1.050476195229133741e-02
-1.684276050083412593e-02,-1.684276050083412593e-02
-3.286546591001993090e-02,-3.286546591001993090e-02
-5.165038978812482029e-02,-5.165038978812482029e-02
-2.996619046366170297e-02,-2.996619046366170297e-02
-2.455834866532171507e-02,-2.455834866532171507e-02
-1.237000513366350377e-02,-1.237000513366350377e-02
-1.453500853954609734e-02,-1.453500853954609734e-02
-1.203749606122573451e-02,-1.203749606122573451e-02
-1.957737462601086623e-02,-1.957737462601086623e-02
-1.896348291401451364e-02,-1.896348291401451364e-02
-3.518632587410480683e-02,-3.518632587410480683e-02
-7.373054116247571010e-03,-7.373054116247571010e-03
-2.991340413156500302e-02,-2.991340413156500302e-02
-8.090860957018532196e-03,-8.090860957018532196e-03
1.000447760692503574e-03,1.000447760692503574e-03
-1.587378123606501129e-02,-1.587378123606501129e-02
-3.493925893867576293e-02,-3.493925893867576293e-02
-9.676293698828213052e-03,-9.676293698828213052e-03
-1.002571395135418847e-02,-1.002571395135418847e-02
-9.717990540472350169e-03,-9.717990540472350169e-03
-1.228789709863407562e-02,-1.228789709863407562e-02
-1.303347484830835734e-02,-1.303347484830835734e-02
-1.366483878933963392e-02,-1.366483878933963392e-02
-2.158449917572748469e-02,-2.158449917572748469e-02
-8.475771312526865497e-03,-8.475771312526865497e-03
-1.840788404500767750e-02,-1.840788404500767750e-02
-1.278660237574784364e-02,-1.278660237574784364e-02
-1.118270925563847468e-02,-1.118270925563847468e-02
-5.589409741294994183e-03,-5.589409741294994183e-03
-1.210644014153433937e-02,-1.210644014153433937e-02
-1.921567670373374587e-02,-1.921567670373374587e-02
-1.525537246854148654e-02,-1.525537246854148654e-02
-1.941844238366743913e-02,-1.941844238366743913e-02
-2.458261553625549350e-02,-2.458261553625549350e-02
-2.307517379001345487e-02,-2.307517379001345487e-02
-3.649018754125467334e-03,-3.649018754125467334e-03
-2.677136011083579986e-02,-2.677136011083579986e-02
-1.966653036363838480e-02,-1.966653036363838480e-02
-2.557989123982871288e-02,-2.557989123982871288e-02
-2.054906797917419384e-02,-2.054906797917419384e-02
-2.534099937569534583e-02,-2.534099937569534583e-02
-2.403036375550816200e-02,-2.403036375550816200e-02
-2.229906389474246853e-02,-2.229906389474246853e-02
2.539588856335858735e-03,2.539588856335858735e-03
-1.999545653869940279e-02,-1.999545653869940279e-02
-3.402621918307160293e-02,-3.402621918307160293e-02
-1.414535938169957791e-02,-1.414535938169957791e-02
-2.485564226822001982e-02,-2.485564226822001982e-02
-1.892689109060522248e-02,-1.892689109060522248e-02
-2.520433427919602926e-02,-2.520433427919602926e-02
-1.508604050181990702e-02,-1.508604050181990702e-02
2.174727725320242666e-03,2.174727725320242666e-03
-1.025210788373241005e-02,-1.025210788373241005e-02
-2.969508208353797279e-02,-2.969508208353797279e-02
-2.759235337357455672e-02,-2.759235337357455672e-02
-2.922642379413175479e-02,-2.922642379413175479e-02
-1.522386624550962561e-02,-1.522386624550962561e-02
-3.834789776452797450e-02,-3.834789776452797450e-02
-1.549019319818153301e-02,-1.549019319818153301e-02
-2.577188201843094717e-02,-2.577188201843094717e-02
-3.195648831228412035e-02,-3.195648831228412035e-02
-1.931325412270849806e-02,-1.931325412270849806e-02
-1.979641834533092670e-02,-1.979641834533092670e-02
-2.730992392763188781e-02,-2.730992392763188781e-02
-3.037657447588196918e-02,-3.037657447588196918e-02
-1.809172514122518727e-02,-1.809172514122518727e-02
-1.873406580913027086e-02,-1.873406580913027086e-02
-2.427939576006639052e-02,-2.427939576006639052e-02
-3.487029744203758858e-02,-3.487029744203758858e-02
-1.900316118916818911e-02,-1.900316118916818911e-02
-1.556203121937456413e-02,-1.556203121937456413e-02
-3.419289232030248843e-02,-3.419289232030248843e-02
-3.112025121721596899e-02,-3.112025121721596899e-02
-1.274565413767449890e-02,-1.274565413767449890e-02
-3.986978394783054214e-02,-3.986978394783054214e-02
-3.937632950454846709e-03,-3.937632950454846709e-03
-1.704171425996485467e-03,-1.704171425996485467e-03
-3.868136702033481145e-02,-3.868136702033481145e-02
-1.776781183109377854e-02,-1.776781183109377854e-02
-2.694853053194495862e-02,-2.694853053194495862e-02
-1.566332795294514413e-04,-1.566332795294514413e-04
-4.313162526374612893e-02,-4.313162526374612893e-02
-9.026961991380963446e-04,-9.026961991380963446e-04
-4.651029559602248148e-02,-4.651029559602248148e-02
-1.369257055752341051e-02,-1.369257055752341051e-02
-2.298668900911182006e-02,-2.298668900911182006e-02
-1.608121842324109971e-02,-1.608121842324109971e-02
-1.133778219716210373e-02,-1.133778219716210373e-02
-4.040484230907957774e-02,-4.040484230907957774e-02
-9.361392890438802183e-03,-9.361392890438802183e-03
-3.852908527897667967e-02,-3.852908527897667967e-02
-1.569170140095067778e-02,-1.569170140095067778e-02
-1.116182901025905908e-02,-1.116182901025905908e-02
-1.682033603010098244e-02,-1.682033603010098244e-02
-1.975765690735242774e-02,-1.975765690735242774e-02
-2.347265533074804206e-02,-2.347265533074804206e-02
-2.795665563897684058e-02,-2.795665563897684058e-02
-2.754898842017434318e-02,-2.754898842017434318e-02
-1.354403343609681537e-02,-1.354403343609681537e-02
-4.064449659919773528e-02,-4.064449659919773528e-02
-2.556492593461570650e-02,-2.556492593461570650e-02
-3.886359342289529006e-03,-3.886359342289529006e-03
-3.644774058836799946e-02,-3.644774058836799946e-02
-2.541602004960901579e-02,-2.541602004960901579e-02
-9.599769186512552982e-03,-9.599769186512552982e-03
-3.444494681908771144e-02,-3.444494681908771144e-02
-1.448765347602767872e-02,-1.448765347602767872e-02
-2.963935205959591229e-02,-2.963935205959591229e-02
-2.207848553073443396e-02,-2.207848553073443396e-02
-2.408403188454408955e-02,-2.408403188454408955e-02
-1.823905337483101158e-02,-1.823905337483101158e-02
-3.077904022938156292e-02,-3.077904022938156292e-02
-2.230452411726711187e-02,-2.230452411726711187e-02
-5.984513633835432389e-03,-5.984513633835432389e-03
-3.329329434699753593e-02,-3.329329434699753593e-02
-4.177801941415403703e-02,-4.177801941415403703e-02
-2.767337324043247365e-02,-2.767337324043247365e-02
1.374570874647224050e-02,1.374570874647224050e-02
-5.136897787722849440e-02,-5.136897787722849440e-02
-1.037334289976520052e-02,-1.037334289976520052e-02
-1.860496046834786421e-02,-1.860496046834786421e-02
-3.855014481949058797e-02,-3.855014481949058797e-02
-5.020494984622762141e-03,-5.020494984622762141e-03
-3.873658989039736184e-02,-3.873658989039736184e-02
-1.132107535180946339e-02,-1.132107535180946339e-02
-1.744930384005036889e-02,-1.744930384005036889e-02
-1.889283288332990057e-02,-1.889283288332990057e-02
2.429313709804016563e-03,2.429313709804016563e-03
-2.329919108242447384e-02,-2.329919108242447384e-02
-2.073915964486467561e-02,-2.073915964486467561e-02
-1.621320099987453439e-02,-1.621320099987453439e-02
2.720475824643006635e-03,2.720475824643006635e-03
-3.552432092388201762e-02,-3.552432092388201762e-02
-9.880486195028199276e-03,-9.880486195028199276e-03
-2.646901182891168991e-02,-2.646901182891168991e-02
-1.539893257009651573e-02,-1.539893257009651573e-02
-2.319990869253992991e-02,-2.319990869253992991e-02
-3.776401287194951911e-02,-3.776401287194951911e-02
-1.807953475081348904e-02,-1.807953475081348904e-02
-9.066664428942029785e-03,-9.066664428942029785e-03
-4.495189766317528313e-02,-4.495189766317528313e-02
-2.874231439848032310e-02,-2.874231439848032310e-02
-1.457587043758136469e-02,-1.457587043758136469e-02
9.296178132074183614e-03,9.296178132074183614e-03
-1.403500755465292293e-02,-1.403500755465292293e-02
2.004470500596739271e-02,2.004470500596739271e-02
-3.127216459084151273e-02,-3.127216459084151273e-02
-3.108428501911086189e-02,-3.108428501911086189e-02
-1.880669766690992728e-02,-1.880669766690992728e-02
-1.683940968135370919e-02,-1.683940968135370919e-02
-3.244393997129050439e-02,-3.244393997129050439e-02
-1.252688469213282876e-02,-1.252688469213282876e-02
-3.400122375027322952e-02,-3.400122375027322952e-02
9.941622787857536808e-03,9.941622787857536808e-03
-1.057299754749373155e-02,-1.057299754749373155e-02
-6.650285718442096317e-03,-6.650285718442096317e-03
-3.530762764279248705e-02,-3.530762764279248705e-02
-1.785378282294169255e-02,-1.785378282294169255e-02
-8.860473204177404805e-03,-8.860473204177404805e-03
-3.189321153149483196e-02,-3.189321153149483196e-02
-4.744471222154836298e-03,-4.744471222154836298e-03
-6.382108241048671526e-03,-6.382108241048671526e-03
-9.576535460676056932e-03,-9.576535460676056932e-03
-3.581223505482901415e-02,-3.581223505482901415e-02
-1.780857297577338044e-02,-1.780857297577338044e-02
-1.402649903188312591e-02,-1.402649903188312591e-02
-2.112276327918412994e-02,-2.112276327918412994e-02
-2.069221405303275918e-02,-2.069221405303275918e-02
-2.480243592616923967e-02,-2.480243592616923967e-02
-3.073437001460772172e-02,-3.073437001460772172e-02
-4.558785923374761295e-03,-4.558785923374761295e-03
-2.898420315628624788e-02,-2.898420315628624788e-02
-3.368419115325128887e-02,-3.368419115325128887e-02
-2.091025791630545666e-02,-2.091025791630545666e-02
-7.139525231409371564e-03,-7.139525231409371564e-03
-1.796996736003527578e-02,-1.796996736003527578e-02
-2.843075899172650689e-02,-2.843075899172650689e-02
-1.247280199690293731e-02,-1.247280199690293731e-02
-2.540479455778116985e-02,-2.540479455778116985e-02
-4.224858713049783887e-03,-4.224858713049783887e-03
-2.788849545203848229e-02,-2.788849545203848229e-02
-8.984900008616882039e-03,-8.984900008616882039e-03
2.810557269065372399e-04,2.810557269065372399e-04
-2.534236127749985718e-02,-2.534236127749985718e-02
-1.129773303354141695e-02,-1.129773303354141695e-02
-1.376283266380305681e-02,-1.376283266380305681e-02
-7.680432412452073421e-03,-7.680432412452073421e-03
-2.586613082509801181e-02,-2.586613082509801181e-02
-2.518434510445709262e-02,-2.518434510445709262e-02
-1.945111379436082616e-02,-1.945111379436082616e-02
-3.472082138365456538e-02,-3.472082138365456538e-02
1.028557249271468133e-02,1.028557249271468133e-02
-3.456244579405629708e-02,-3.456244579405629708e-02
-2.198649035124027040e-02,-2.198649035124027040e-02
-2.927294248084996373e-02,-2.927294248084996373e-02
-3.323877531206705094e-02,-3.323877531206705094e-02
-3.574188228272794088e-02,-3.574188228272794088e-02
-1.851103952814343173e-02,-1.851103952814343173e-02
-8.686477864131587207e-03,-8.686477864131587207e-03
-7.781606424867009569e-03,-7.781606424867009569e-03
-1.223348284405228331e-02,-1.223348284405228331e-02
-2.180535994448064979e-02,-2.180535994448064979e-02
-1.916942025174043010e-02,-1.916942025174043010e-02
-1.942753542191860694e-02,-1.942753542191860694e-02
-1.522407061268912787e-02,-1.522407061268912787e-02
-2.440801371802178016e-02,-2.440801371802178016e-02
-1.888238748493207761e-02,-1.888238748493207761e-02
-2.552302170150111404e-02,-2.552302170150111404e-02
-2.772218471334178883e-02,-2.772218471334178883e-02
-4.580862391270210110e-02,-4.580862391270210110e-02
-1.157285270439956798e-02,-1.157285270439956798e-02
-8.191578967829321600e-03,-8.191578967829321600e-03
-1.181360250523890570e-02,-1.181360250523890570e-02
-5.629349309305330118e-03,-5.629349309305330118e-03
-2.099942430833150186e-02,-2.099942430833150186e-02
-6.905051656044582098e-03,-6.905051656044582098e-03
-1.954516375254324728e-02,-1.954516375254324728e-02
-3.853333022668041508e-03,-3.853333022668041508e-03
-3.573111593048538398e-02,-3.573111593048538398e-02
-4.114732665535952155e-02,-4.114732665535952155e-02
-7.023701068894522281e-03,-7.023701068894522281e-03
-3.295948175949018483e-02,-3.295948175949018483e-02
-7.359457008757758212e-03,-7.359457008757758212e-03
-3.593650994277902688e-02,-3.593650994277902688e-02
-2.575201929400262185e-02,-2.575201929400262185e-02
-4.595803339366669876e-02,-4.595803339366669876e-02
-2.215144198725823438e-02,-2.215144198725823438e-02
6.435676604280123753e-03,6.435676604280123753e-03
-3.913033171196422799e-02,-3.913033171196422799e-02
-1.268495015743265758e-02,-1.268495015743265758e-02
-1.470444919195909583e-02,-1.470444919195909583e-02
-3.570138756075897507e-02,-3.570138756075897507e-02
-2.547118677675194731e-03,-2.547118677675194731e-03
9.186959482393543264e-03,9.186959482393543264e-03
-2.095830028707796125e-02,-2.095830028707796125e-02
-3.116361708870576952e-02,-3.116361708870576952e-02
-2.839220847307537265e-02,-2.839220847307537265e-02
-2.971739469594129185e-02,-2.971739469594129185e-02
-1.790459006832445868e-02,-1.790459006832445868e-02
-2.202941146985688478e-02,-2.202941146985688478e-02
-2.679117336413296829e-02,-2.679117336413296829e-02
-1.459889335838369939e-02,-1.459889335838369939e-02
2.555310263478886151e-03,2.555310263478886151e-03
-3.977701586371947678e-03,-3.977701586371947678e-03
-3.376663565222379204e-02,-3.376663565222379204e-02
-1.572225178462480222e-02,-1.572225178462480222e-02
-1.801550739685430294e-02,-1.801550739685430294e-02
-2.063927970782387933e-02,-2.063927970782387933e-02
1.977832921046327949e-02,1.977832921046327949e-02
-2.874750334866310944e-02,-2.874750334866310944e-02
-2.157782910491779643e-02,-2.157782910491779643e-02
-3.133691505932227617e-02,-3.133691505932227617e-02
-1.918718351336357042e-02,-1.918718351336357042e-02
-5.281651277615949380e-03,-5.281651277615949380e-03
-8.239792716949984747e-03,-8.239792716949984747e-03
-2.955833758465088376e-02,-2.955833758465088376e-02
-2.773031813077483226e-02,-2.773031813077483226e-02
-3.001517885130227520e-02,-3.001517885130227520e-02
-4.264256961840760807e-02,-4.264256961840760807e-02
-1.632245194950926112e-02,-1.632245194950926112e-02
-1.542214582232592779e-02,-1.542214582232592779e-02
-2.865705129602105772e-02,-2.865705129602105772e-02
-3.970041215101148546e-02,-3.970041215101148546e-02
-1.952140298666958651e-02,-1.952140298666958651e-02
-3.464444071790449137e-02,-3.464444071790449137e-02
-2.150822283615483332e-02,-2.150822283615483332e-02
-2.550928212929508276e-02,-2.550928212929508276e-02
-2.885071025987675369e-02,-2.885071025987675369e-02
-1.207330493536314109e-02,-1.207330493536314109e-02
-1.994562849134044746e-02,-1.994562849134044746e-02
-1.983222549575237165e-02,-1.983222549575237165e-02
8.375625605224500114e-03,8.375625605224500114e-03
-5.979947557305152761e-03,-5.979947557305152761e-03
-2.215001025227336662e-02,-2.215001025227336662e-02
-4.812801090579711671e-02,-4.812801090579711671e-02
-5.352469262603186395e-02,-5.352469262603186395e-02
-1.292781960794787272e-03,-1.292781960794787272e-03
-1.377186061737684791e-02,-1.377186061737684791e-02
-4.370816527263846757e-02,-4.370816527263846757e-02
-4.646102724130503347e-02,-4.646102724130503347e-02
-3.436868373044265484e-02,-3.436868373044265484e-02
-1.191148864946054570e-02,-1.191148864946054570e-02
-1.328063107508906798e-02,-1.328063107508906798e-02
-1.120697702932622886e-02,-1.120697702932622886e-02
-2.225034343843554363e-02,-2.225034343843554363e-02
-7.787168647798436982e-04,-7.787168647798436982e-04
-1.361482242304885848e-02,-1.361482242304885848e-02
-1.869083395933079927e-02,-1.869083395933079927e-02
-1.410191244555455622e-02,-1.410191244555455622e-02
-1.308195910655087640e-02,-1.308195910655087640e-02
-6.126268227819198220e-02,-6.126268227819198220e-02
-2.756368032509765725e-02,-2.756368032509765725e-02
-9.994236062622747357e-03,-9.994236062622747357e-03
-3.661438920641947592e-02,-3.661438920641947592e-02
-5.159799460459184306e-02,-5.159799460459184306e-02
-1.645541191724335384e-02,-1.645541191724335384e-02
-1.726580897523448399e-02,-1.726580897523448399e-02
-2.027882247108606442e-02,-2.027882247108606442e-02
-2.485441845850420994e-02,-2.485441845850420994e-02
-2.021993406360181322e-02,-2.021993406360181322e-02
-3.251080927342478444e-02,-3.251080927342478444e-02
-6.968258222716898487e-03,-6.968258222716898487e-03
-1.489371312105556427e-02,-1.489371312105556427e-02
-2.423849806201695128e-02,-2.423849806201695128e-02
-2.626634846505230408e-02,-2.626634846505230408e-02
-1.120722827524183590e-02,-1.120722827524183590e-02
-2.560440681363092275e-02,-2.560440681363092275e-02
-1.405970120975566506e-02,-1.405970120975566506e-02
-2.351928241966494415e-02,-2.351928241966494415e-02
-2.773035437242265394e-02,-2.773035437242265394e-02
-9.971447866416467687e-03,-9.971447866416467687e-03
-1.297551068736379695e-02,-1.297551068736379695e-02
-4.586158459548855815e-02,-4.586158459548855815e-02
2.346512660834632058e-04,2.346512660834632058e-04
-6.572079602547974825e-03,-6.572079602547974825e-03
-1.466215239355625477e-03,-1.466215239355625477e-03
-1.133913320071638919e-02,-1.133913320071638919e-02
-6.129266202339618552e-03,-6.129266202339618552e-03
-2.900401475649600977e-02,-2.900401475649600977e-02
-2.940029328277569964e-02,-2.940029328277569964e-02
-1.888365924973764431e-02,-1.888365924973764431e-02
-1.088012640870890391e-02,-1.088012640870890391e-02
-2.970906033255815704e-02,-2.970906033255815704e-02
-2.154723021599135035e-02,-2.154723021599135035e-02
-2.414977547242884437e-02,-2.414977547242884437e-02
-1.379596177703505677e-02,-1.379596177703505677e-02
-3.049149809291936547e-02,-3.049149809291936547e-02
-2.489655925326882124e-02,-2.489655925326882124e-02
-5.528544833658839697e-03,-5.528544833658839697e-03
6.728026420519988421e-03,6.728026420519988421e-03
-3.527655548529565199e-02,-3.527655548529565199e-02
-3.453726419158993644e-02,-3.453726419158993644e-02
-1.907739408727644054e-02,-1.907739408727644054e-02
-7.406806335076499687e-03,-7.406806335076499687e-03
-1.779957385117715216e-02,-1.779957385117715216e-02
1.631880204497846917e-02,1.631880204497846917e-02
-2.416172758787336894e-02,-2.416172758787336894e-02
-4.514498140685864469e-03,-4.514498140685864469e-03
-2.927005005639090468e-02,-2.927005005639090468e-02
-8.488187265089829764e-03,-8.488187265089829764e-03
-3.227797491406361047e-02,-3.227797491406361047e-02
-2.917412222756133114e-02,-2.917412222756133114e-02
-1.679567356568748351e-02,-1.679567356568748351e-02
-4.301605441801971408e-02,-4.301605441801971408e-02
-1.420961839913257099e-02,-1.420961839913257099e-02
-2.170244559403808685e-02,-2.170244559403808685e-02
-2.788619709427929416e-02,-2.788619709427929416e-02
-1.368542236077902735e-02,-1.368542236077902735e-02
-1.612512596707371682e-02,-1.612512596707371682e-02
-2.503015719691485674e-02,-2.503015719691485674e-02
-2.710951024996261643e-02,-2.710951024996261643e-02
-2.570985457550661879e-02,-2.570985457550661879e-02
-1.106386091975361877e-02,-1.106386091975361877e-02
-3.847574157640840792e-02,-3.847574157640840792e-02
-2.106069607993601989e-03,-2.106069607993601989e-03
-2.858684934507811637e-03,-2.858684934507811637e-03
-5.064952226031836646e-03,-5.064952226031836646e-03
-1.613829035102624931e-02,-1.613829035102624931e-02
-2.908434689847434057e-02,-2.908434689847434057e-02
-1.885324771388141585e-02,-1.885324771388141585e-02
-3.357421312663299434e-02,-3.357421312663299434e-02
-2.266547450749645254e-02,-2.266547450749645254e-02
-1.355410497497337025e-02,-1.355410497497337025e-02
-2.003515403483807980e-02,-2.003515403483807980e-02
-4.235810983751221726e-02,-4.235810983751221726e-02
-3.161353283170605794e-02,-3.161353283170605794e-02
-4.047341556787199812e-02,-4.047341556787199812e-02
-1.576688503809981629e-02,-1.576688503809981629e-02
-1.794932327778422237e-02,-1.794932327778422237e-02
-3.697075252254901356e-02,-3.697075252254901356e-02
-1.502665976038259146e-02,-1.502665976038259146e-02
-4.492385229846761890e-02,-4.492385229846761890e-02
-2.121664833621455387e-02,-2.121664833621455387e-02
3.873986539724153660e-03,3.873986539724153660e-03
-2.891530659967024575e-02,-2.891530659967024575e-02
-2.478982157201201769e-02,-2.478982157201201769e-02
-7.789739821040711498e-03,-7.789739821040711498e-03
-2.272821032391597607e-02,-2.272821032391597607e-02
-2.378530930192393825e-02,-2.378530930192393825e-02
-1.622320114110956113e-02,-1.622320114110956113e-02
-2.872761801133973808e-02,-2.872761801133973808e-02
-3.118874280342967542e-02,-3.118874280342967542e-02
-3.336036826686235995e-02,-3.336036826686235995e-02
-3.486180711669958909e-02,-3.486180711669958909e-02
-2.676560238310047440e-02,-2.676560238310047440e-02
-2.067552784338611699e-02,-2.067552784338611699e-02
-1.886621585998687900e-02,-1.886621585998687900e-02
-1.912548609290878887e-02,-1.912548609290878887e-02
-2.925944658009193428e-02,-2.925944658009193428e-02
1.218527819015394198e-02,1.218527819015394198e-02
-1.204776430936536566e-02,-1.204776430936536566e-02
-1.757109813994888609e-02,-1.757109813994888609e-02
-3.061397099025658236e-02,-3.061397099025658236e-02
-2.414352647785051112e-02,-2.414352647785051112e-02
-1.273132198918804081e-02,-1.273132198918804081e-02
-1.647597464326854694e-02,-1.647597464326854694e-02
-3.076220894620060667e-02,-3.076220894620060667e-02
-5.081493681611926050e-03,-5.081493681611926050e-03
-1.597588326483736360e-02,-1.597588326483736360e-02
-2.392179708760312079e-02,-2.392179708760312079e-02
4.468373395514230184e-03,4.468373395514230184e-03
-2.288335014960737185e-02,-2.288335014960737185e-02
-2.687827416418051008e-02,-2.687827416418051008e-02
-1.022781647452690804e-02,-1.022781647452690804e-02
-2.719064282135411764e-02,-2.719064282135411764e-02
-2.973570221692946325e-02,-2.973570221692946325e-02
-2.869644398536996127e-02,-2.869644398536996127e-02
-2.451744838408714822e-02,-2.451744838408714822e-02
1.131294323439035673e-02,1.131294323439035673e-02
-2.970107039218704975e-02,-2.970107039218704975e-02
-1.513238914726694820e-02,-1.513238914726694820e-02
-1.133949697206203949e-02,-1.133949697206203949e-02
-1.769410351220462169e-02,-1.769410351220462169e-02
-1.458512438615924833e-02,-1.458512438615924833e-02
-2.173961534048805128e-02,-2.173961534048805128e-02
-1.653185022099157644e-02,-1.653185022099157644e-02
-2.372290129695234923e-02,-2.372290129695234923e-02
-3.888788019127115136e-02,-3.888788019127115136e-02
-2.574731739209775577e-02,-2.574731739209775577e-02
-2.183179085834714706e-02,-2.183179085834714706e-02
-3.598852835596243888e-02,-3.598852835596243888e-02
-1.005943658791780271e-02,-1.005943658791780271e-02
-2.096859476982153997e-02,-2.096859476982153997e-02
-2.413029653122232554e-02,-2.413029653122232554e-02
-4.297606325393658888e-04,-4.297606325393658888e-04
-3.942331160805571943e-02,-3.942331160805571943e-02
-2.977182540261362823e-02,-2.977182540261362823e-02
-3.531008037218970330e-02,-3.531008037218970330e-02
4.194435168848199141e-03,4.194435168848199141e-03
-3.448337034002982304e-02,-3.448337034002982304e-02
-3.349704840318361299e-02,-3.349704840318361299e-02
-4.275829043296155985e-02,-4.275829043296155985e-02
-3.121747809710643390e-02,-3.121747809710643390e-02
-1.775291117849687669e-02,-1.775291117849687669e-02
-3.943558072197966141e-02,-3.943558072197966141e-02
-5.035930713596310088e-02,-5.035930713596310088e-02
-5.063459354765650899e-02,-5.063459354765650899e-02
-3.888713011448290124e-02,-3.888713011448290124e-02
-1.439519584489558704e-02,-1.439519584489558704e-02
-1.589942643616313461e-02,-1.589942643616313461e-02
-3.557055691281343912e-02,-3.557055691281343912e-02
-4.080218720057393611e-02,-4.080218720057393611e-02
-2.860195854519447661e-02,-2.860195854519447661e-02
-1.596823828371133486e-02,-1.596823828371133486e-02
-3.334936728861560840e-02,-3.334936728861560840e-02
-1.339001540729622616e-02,-1.339001540729622616e-02
-3.372863637105474183e-02,-3.372863637105474183e-02
-2.202226689844337393e-02,-2.202226689844337393e-02
-1.604532561477334945e-02,-1.604532561477334945e-02
-7.078929276058493203e-03,-7.078929276058493203e-03
-2.530552043085634167e-02,-2.530552043085634167e-02
-5.097787029716492613e-03,-5.097787029716492613e-03
-1.685986505761206261e-02,-1.685986505761206261e-02
-2.962699042131737917e-02,-2.962699042131737917e-02
-2.470389245778904785e-02,-2.470389245778904785e-02
-1.014914859223891436e-02,-1.014914859223891436e-02
-3.579194479571295301e-02,-3.579194479571295301e-02
-1.199649906750968609e-02,-1.199649906750968609e-02
-1.118325890138840290e-02,-1.118325890138840290e-02
-2.709052651314901305e-02,-2.709052651314901305e-02
-4.279631698820724611e-02,-4.279631698820724611e-02
-2.442224386235827827e-02,-2.442224386235827827e-02
-2.636037716332838982e-02,-2.636037716332838982e-02
-2.095391332350115404e-02,-2.095391332350115404e-02
-4.998049044872013291e-03,-4.998049044872013291e-03
-3.125806800666180302e-02,-3.125806800666180302e-02
-5.202736793889994882e-03,-5.202736793889994882e-03
-1.537909556365371633e-02,-1.537909556365371633e-02
-1.055954399234032559e-02,-1.055954399234032559e-02
-1.000894602167499287e-02,-1.000894602167499287e-02
-3.511259470436461916e-02,-3.511259470436461916e-02
-1.821636099438965137e-02,-1.821636099438965137e-02
-5.913437069207758134e-03,-5.913437069207758134e-03
-2.537330561864235140e-02,-2.537330561864235140e-02
-2.271439522167569697e-02,-2.271439522167569697e-02
-1.495915293852399797e-02,-1.495915293852399797e-02
-2.685196233989121939e-02,-2.685196233989121939e-02
4.711716827830336740e-03,4.711716827830336740e-03
-2.893180288325528787e-02,-2.893180288325528787e-02
-3.597146732147581127e-02,-3.597146732147581127e-02
-3.026758009569188723e-02,-3.026758009569188723e-02
-3.206353958369109747e-02,-3.206353958369109747e-02
-1.675377744199450791e-02,-1.675377744199450791e-02
1.921763237291623794e-03,1.921763237291623794e-03
-7.856440218094569439e-03,-7.856440218094569439e-03
-1.477933900773039516e-02,-1.477933900773039516e-02
-2.837274984061570471e-02,-2.837274984061570471e-02
-2.312978905469505186e-02,-2.312978905469505186e-02
-2.469533277978917807e-02,-2.469533277978917807e-02
-3.612957488827835822e-02,-3.612957488827835822e-02
-4.196804808144145166e-02,-4.196804808144145166e-02
-3.182708352279322445e-02,-3.182708352279322445e-02
-1.532328328946591656e-03,-1.532328328946591656e-03
-1.360014146581527833e-02,-1.360014146581527833e-02
-2.184381499883015706e-02,-2.184381499883015706e-02
-2.308944079802207477e-02,-2.308944079802207477e-02
-1.197918389523302748e-02,-1.197918389523302748e-02
-2.127651180118553947e-02,-2.127651180118553947e-02
-1.927061425298342429e-02,-1.927061425298342429e-02
-1.714413060061225486e-02,-1.714413060061225486e-02
-2.387866715334453771e-02,-2.387866715334453771e-02
-3.629999905008661487e-02,-3.629999905008661487e-02
-1.490109801837552136e-02,-1.490109801837552136e-02
-1.952251595633542475e-02,-1.952251595633542475e-02
2.035883787170331138e-03,2.035883787170331138e-03
-2.049677372345822327e-02,-2.049677372345822327e-02
-2.551445677432970932e-02,-2.551445677432970932e-02
1.208483314659580810e-02,1.208483314659580810e-02
-4.689980698542330073e-02,-4.689980698542330073e-02
-2.933951124027365728e-02,-2.933951124027365728e-02
-7.328841696762209562e-03,-7.328841696762209562e-03
-2.860188804781213512e-02,-2.860188804781213512e-02
-2.523585318180458781e-02,-2.523585318180458781e-02
-3.186029326739976686e-02,-3.186029326739976686e-02
-2.666895230822372009e-02,-2.666895230822372009e-02
5.687969395510746734e-03,5.687969395510746734e-03
-4.615404210582391142e-02,-4.615404210582391142e-02
-1.179529402542759883e-02,-1.179529402542759883e-02
-3.465883229500329316e-02,-3.465883229500329316e-02
-3.393303068200095168e-03,-3.393303068200095168e-03
-2.421598438718159524e-02,-2.421598438718159524e-02
-5.567405401036480683e-02,-5.567405401036480683e-02
-1.623244031144027016e-02,-1.623244031144027016e-02
3.754489635696755395e-03,3.754489635696755395e-03
-2.623430543752514749e-02,-2.623430543752514749e-02
-2.125703620815722408e-02,-2.125703620815722408e-02
-1.088543088450818347e-02,-1.088543088450818347e-02
-3.371741996951050507e-02,-3.371741996951050507e-02
-1.029036764798888642e-02,-1.029036764798888642e-02
-4.385997265654603683e-02,-4.385997265654603683e-02
-3.564987666407546524e-02,-3.564987666407546524e-02
-1.280934446600750370e-02,-1.280934446600750370e-02
-3.569615073273233602e-02,-3.569615073273233602e-02
-1.777023959032537209e-02,-1.777023959032537209e-02
-2.270113712028888620e-02,-2.270113712028888620e-02
-3.568714494737625087e-02,-3.568714494737625087e-02
-1.158904228813209536e-02,-1.158904228813209536e-02
-2.320842473883432538e-02,-2.320842473883432538e-02
-4.639642496972735258e-02,-4.639642496972735258e-02
-1.810659786096908627e-02,-1.810659786096908627e-02
-3.950827165898809085e-02,-3.950827165898809085e-02
-2.390797113344416552e-02,-2.390797113344416552e-02
-1.941871800649733887e-02,-1.941871800649733887e-02
-3.864154439825493587e-03,-3.864154439825493587e-03
-1.819124505318814658e-02,-1.819124505318814658e-02
-2.548876088069739615e-02,-2.548876088069739615e-02
-2.679377767018021467e-02,-2.679377767018021467e-02
-2.200766462983185304e-02,-2.200766462983185304e-02
-1.894417088099954044e-02,-1.894417088099954044e-02
-7.492723223777086883e-03,-7.492723223777086883e-03
-2.370776761869267460e-02,-2.370776761869267460e-02
-2.169357199202813502e-02,-2.169357199202813502e-02
-9.014480428111929650e-03,-9.014480428111929650e-03
-7.560441318945981815e-03,-7.560441318945981815e-03
-4.303291972933298570e-02,-4.303291972933298570e-02
-3.405269042795431439e-02,-3.405269042795431439e-02
-2.678236885150553012e-02,-2.678236885150553012e-02
-1.008649909219493795e-02,-1.008649909219493795e-02
-2.260259336301638500e-02,-2.260259336301638500e-02
-2.442304970847948564e-02,-2.442304970847948564e-02
-2.188172874015610614e-02,-2.188172874015610614e-02
-2.990203029163782805e-02,-2.990203029163782805e-02
-1.471210003289003670e-02,-1.471210003289003670e-02
-2.168646814795576611e-02,-2.168646814795576611e-02
-2.405849432926705431e-02,-2.405849432926705431e-02
-3.445114571323161512e-03,-3.445114571323161512e-03
-8.329451229919099253e-04,-8.329451229919099253e-04
-2.698794194166342225e-02,-2.698794194166342225e-02
-2.047318356769231226e-02,-2.047318356769231226e-02
-1.044875010591785752e-02,-1.044875010591785752e-02
-6.987236074748798265e-03,-6.987236074748798265e-03
-2.772630086642499658e-02,-2.772630086642499658e-02
-3.325157934433463358e-03,-3.325157934433463358e-03
-3.900378991408577634e-02,-3.900378991408577634e-02
1.571878804480765501e-03,1.571878804480765501e-03
-2.823850682474754459e-02,-2.823850682474754459e-02
-2.634198933220317090e-02,-2.634198933220317090e-02
-1.376906511595567956e-02,-1.376906511595567956e-02
-2.752860978933056868e-02,-2.752860978933056868e-02
-1.705319520727362897e-02,-1.705319520727362897e-02
-2.793204422669463144e-02,-2.793204422669463144e-02
-3.740733365996807419e-02,-3.740733365996807419e-02
-3.070448056487894845e-02,-3.070448056487894845e-02
-2.604397378672681368e-02,-2.604397378672681368e-02
-6.990157041792344206e-03,-6.990157041792344206e-03
-2.453859751457321964e-02,-2.453859751457321964e-02
-4.844522066029192942e-03,-4.844522066029192942e-03
-5.427841375303605470e-02,-5.427841375303605470e-02
-2.650902978740691390e-02,-2.650902978740691390e-02
-2.571719687411749486e-02,-2.571719687411749486e-02
-2.662074077606712413e-02,-2.662074077606712413e-02
-3.474672555479268315e-02,-3.474672555479268315e-02
-1.927127193594589324e-02,-1.927127193594589324e-02
-3.476551612660308543e-02,-3.476551612660308543e-02
-3.249245639189139029e-02,-3.249245639189139029e-02
5.233602547374684166e-03,5.233602547374684166e-03
-2.379741110778327284e-02,-2.379741110778327284e-02
-1.044943978620962999e-02,-1.044943978620962999e-02
-9.404525068663387860e-03,-9.404525068663387860e-03
-1.064106841073716309e-02,-1.064106841073716309e-02
-1.123365017056835585e-02,-1.123365017056835585e-02
-3.059565595691789847e-02,-3.059565595691789847e-02
-5.409500468517194904e-03,-5.409500468517194904e-03
-1.321869136435930431e-02,-1.321869136435930431e-02
-2.228092758713238336e-02,-2.228092758713238336e-02
-1.284593635711763632e-02,-1.284593635711763632e-02
-2.262097990901620892e-02,-2.262097990901620892e-02
-3.400941658399681683e-02,-3.400941658399681683e-02
-3.105953306879558756e-02,-3.105953306879558756e-02
7.956660063851594966e-03,7.956660063851594966e-03
-3.597749847856419880e-02,-3.597749847856419880e-02
-2.076095712726639536e-02,-2.076095712726639536e-02
-2.710592303079241774e-02,-2.710592303079241774e-02
-2.854906634379019564e-02,-2.854906634379019564e-02
-1.629007401957781320e-02,-1.629007401957781320e-02
-1.991893000292200427e-02,-1.991893000292200427e-02
-3.102379383540359442e-02,-3.102379383540359442e-02
-5.632534746644525525e-03,-5.632534746644525525e-03
-1.440541567915995524e-02,-1.440541567915995524e-02
-1.705148775218948143e-02,-1.705148775218948143e-02
-1.316115009163754818e-02,-1.316115009163754818e-02
-2.838134851280794610e-02,-2.838134851280794610e-02
-1.271851916903411067e-02,-1.271851916903411067e-02
-8.761549907140113447e-03,-8.761549907140113447e-03
-2.184845761890682331e-02,-2.184845761890682331e-02
-2.826114013627749333e-02,-2.826114013627749333e-02
-5.004881361553498165e-03,-5.004881361553498165e-03
-1.957444357516784778e-02,-1.957444357516784778e-02
-5.202771887992209410e-02,-5.202771887992209410e-02
-1.480314412461729290e-02,-1.480314412461729290e-02
-3.041519673638091309e-02,-3.041519673638091309e-02
-1.146271794102077246e-02,-1.146271794102077246e-02
3.759492708742970257e-03,3.759492708742970257e-03
-6.706329014693437895e-03,-6.706329014693437895e-03
-2.792144843286083547e-02,-2.792144843286083547e-02
9.266790025053053825e-03,9.266790025053053825e-03
-1.853623240396314736e-02,-1.853623240396314736e-02
-3.616167043622028898e-02,-3.616167043622028898e-02
-2.023265555982702718e-02,-2.023265555982702718e-02
3.524378628273670822e-03,3.524378628273670822e-03
-2.537674222230240986e-02,-2.537674222230240986e-02
-2.697830979198288792e-02,-2.697830979198288792e-02
-7.903116924137962296e-03,-7.903116924137962296e-03
-3.298896212926363120e-02,-3.298896212926363120e-02
-2.584876150801648093e-02,-2.584876150801648093e-02
-1.716758034261408467e-02,-1.716758034261408467e-02
-1.330371401201910567e-02,-1.330371401201910567e-02
-2.836037489718657573e-02,-2.836037489718657573e-02
-1.474564981105213821e-02,-1.474564981105213821e-02
-3.948311031045702302e-02,-3.948311031045702302e-02
-3.963755047424827316e-02,-3.963755047424827316e-02
-2.763296899465863404e-02,-2.763296899465863404e-02
-3.548469216010265159e-02,-3.548469216010265159e-02
-2.646790131362949938e-02,-2.646790131362949938e-02
-1.345922883019456950e-02,-1.345922883019456950e-02
-8.910758049580601303e-04,-8.910758049580601303e-04
-1.657494457297133822e-02,-1.657494457297133822e-02
-2.715869896906020903e-02,-2.715869896906020903e-02
-8.633165022080755563e-03,-8.633165022080755563e-03
-2.980628710714395765e-02,-2.980628710714395765e-02
-2.069109745195616551e-02,-2.069109745195616551e-02
-1.515671393946074058e-02,-1.515671393946074058e-02
-4.073726856024543347e-02,-4.073726856024543347e-02
-1.603765819894169969e-02,-1.603765819894169969e-02
-3.857357274221095977e-03,-3.857357274221095977e-03
-1.286058753741674276e-02,-1.286058753741674276e-02
2.697382479110537606e-03,2.697382479110537606e-03
-1.980420433584614143e-02,-1.980420433584614143e-02
5.566764226890178607e-03,5.566764226890178607e-03
-2.777909023622340129e-02,-2.777909023622340129e-02
-2.789033208590242785e-02,-2.789033208590242785e-02
-2.596192343629604576e-02,-2.596192343629604576e-02
-5.303876765659072678e-02,-5.303876765659072678e-02
-1.812138911626193227e-02,-1.812138911626193227e-02
-1.917744042671137156e-02,-1.917744042671137156e-02
-8.190972718943621139e-03,-8.190972718943621139e-03
-1.512458376613170369e-02,-1.512458376613170369e-02
-1.529403436898656848e-02,-1.529403436898656848e-02
-1.632009769283569722e-02,-1.632009769283569722e-02
8.630032145554474010e-04,8.630032145554474010e-04
-1.975679537258248630e-02,-1.975679537258248630e-02
-4.086691231923536560e-02,-4.086691231923536560e-02
-1.655319055755555269e-02,-1.655319055755555269e-02
3.292321209832950457e-04,3.292321209832950457e-04
-2.241212369591454034e-02,-2.241212369591454034e-02
2.480065374053506966e-03,2.480065374053506966e-03
-2.410304910054205524e-02,-2.410304910054205524e-02
-1.185392332384038738e-02,-1.185392332384038738e-02
-3.084382067826920565e-02,-3.084382067826920565e-02
-2.360453795188407339e-02,-2.360453795188407339e-02
-2.772496776271640706e-02,-2.772496776271640706e-02
-1.370314190749865116e-02,-1.370314190749865116e-02
-3.280632457432219179e-02,-3.280632457432219179e-02
-1.526845825917360483e-02,-1.526845825917360483e-02
-3.202287238776966444e-02,-3.202287238776966444e-02
-4.791345792965018974e-03,-4.791345792965018974e-03
-8.855532793714190887e-03,-8.855532793714190887e-03
-1.390920078543582752e-02,-1.390920078543582752e-02
-6.310411864860816789e-03,-6.310411864860816789e-03
-2.942378397222512876e-02,-2.942378397222512876e-02
-1.783999516609585667e-02,-1.783999516609585667e-02
-3.154298789336387049e-02,-3.154298789336387049e-02
-3.692929408617323661e-02,-3.692929408617323661e-02
-1.410627527098052419e-02,-1.410627527098052419e-02
-8.581636686780004519e-03,-8.581636686780004519e-03
1.624006701145881693e-03,1.624006701145881693e-03
-3.605636640223659067e-02,-3.605636640223659067e-02
-3.136170848722197313e-02,-3.136170848722197313e-02
-1.151531085055990111e-02,-1.151531085055990111e-02
-1.968514956284916906e-02,-1.968514956284916906e-02
-7.107131214913995493e-03,-7.107131214913995493e-03
-3.862500960326094301e-02,-3.862500960326094301e-02
-7.860960016561360092e-03,-7.860960016561360092e-03
-2.622246591959020295e-02,-2.622246591959020295e-02
-4.769596501419643558e-02,-4.769596501419643558e-02
-1.447241363508364881e-02,-1.447241363508364881e-02
-2.703582208479934912e-02,-2.703582208479934912e-02
-7.534352666110685076e-03,-7.534352666110685076e-03
5.064516911387310916e-04,5.064516911387310916e-04
-2.698922565785661504e-02,-2.698922565785661504e-02
-3.077792146137029589e-02,-3.077792146137029589e-02
-1.738897266082940068e-02,-1.738897266082940068e-02
-3.896605264767760007e-02,-3.896605264767760007e-02
-2.005359147891888974e-02,-2.005359147891888974e-02
-3.825804401236528041e-02,-3.825804401236528041e-02
-1.144155532609688469e-02,-1.144155532609688469e-02
-2.014692818653605888e-02,-2.014692818653605888e-02
-2.117351723646521133e-02,-2.117351723646521133e-02
-1.348800520537606074e-02,-1.348800520537606074e-02
-1.241094343677173750e-02,-1.241094343677173750e-02
-1.303341387899531467e-02,-1.303341387899531467e-02
-2.248570462977003692e-02,-2.248570462977003692e-02
-1.086126487209661609e-02,-1.086126487209661609e-02
-1.109939611918128385e-02,-1.109939611918128385e-02
-2.528462012433172618e-02,-2.528462012433172618e-02
-2.443077288921297399e-02,-2.443077288921297399e-02
-2.452167954322729757e-02,-2.452167954322729757e-02
-6.171489798439989960e-03,-6.171489798439989960e-03
-1.159585106822928063e-02,-1.159585106822928063e-02
-3.335749964914427879e-02,-3.335749964914427879e-02
-1.787362054769175979e-03,-1.787362054769175979e-03
-1.981010957706984960e-02,-1.981010957706984960e-02
9.038040226386073739e-04,9.038040226386073739e-04
-1.380326162216942779e-02,-1.380326162216942779e-02
-3.036956011638605735e-02,-3.036956011638605735e-02
-4.929131607121909481e-02,-4.929131607121909481e-02
-1.880541857311295723e-02,-1.880541857311295723e-02
-2.076081117054928704e-02,-2.076081117054928704e-02
-2.875710759315935200e-02,-2.875710759315935200e-02
-2.610520169729918516e-02,-2.610520169729918516e-02
-2.332745167548432724e-02,-2.332745167548432724e-02
1.002822271772153828e-03,1.002822271772153828e-03
-2.721026595519601687e-02,-2.721026595519601687e-02
-4.775719660129441879e-03,-4.775719660129441879e-03
-9.090039535526284187e-03,-9.090039535526284187e-03
-3.932511518742408396e-02,-3.932511518742408396e-02
-4.347359286642794862e-04,-4.347359286642794862e-04
-2.635251688475913345e-02,-2.635251688475913345e-02
7.041636469076961724e-03,7.041636469076961724e-03
-1.096301689196921628e-02,-1.096301689196921628e-02
-1.966006248665191219e-02,-1.966006248665191219e-02
-3.441069108978898894e-02,-3.441069108978898894e-02
-4.472900356877976963e-02,-4.472900356877976963e-02
-5.966795874879693429e-03,-5.966795874879693429e-03
-2.233309274246193105e-02,-2.233309274246193105e-02
-3.318521601402682486e-02,-3.318521601402682486e-02
-2.265447443429510765e-02,-2.265447443429510765e-02
-1.120584338345338021e-02,-1.120584338345338021e-02
-3.481044037616593673e-02,-3.481044037616593673e-02
-1.270197347252511461e-02,-1.270197347252511461e-02
-3.846495534709418185e-02,-3.846495534709418185e-02
-1.990306708986843559e-02,-1.990306708986843559e-02
-5.622500779943875870e-03,-5.622500779943875870e-03
-2.087913710555428654e-02,-2.087913710555428654e-02
-3.573855482289207269e-02,-3.573855482289207269e-02
-2.162037378358180884e-02,-2.162037378358180884e-02
1.184714407057571584e-03,1.184714407057571584e-03
-1.358917950262545499e-02,-1.358917950262545499e-02
-2.309157791712806648e-02,-2.309157791712806648e-02
-1.317422397338120776e-02,-1.317422397338120776e-02
-3.892171270226316149e-02,-3.892171270226316149e-02
-1.180881867932186136e-04,-1.180881867932186136e-04
-4.191780518730579830e-02,-4.191780518730579830e-02
-2.895422302862288300e-02,-2.895422302862288300e-02
-1.871482528528344014e-02,-1.871482528528344014e-02
-1.037795507101411940e-02,-1.037795507101411940e-02
-1.714580271534155154e-02,-1.714580271534155154e-02
-2.417054214874180679e-02,-2.417054214874180679e-02
-1.224735929488204866e-02,-1.224735929488204866e-02
-1.057502149896321839e-02,-1.057502149896321839e-02
-7.840534695482397065e-03,-7.840534695482397065e-03
-2.884598023537972289e-03,-2.884598023537972289e-03
6.118004568455390202e-03,6.118004568455390202e-03
-2.773154770912775874e-02,-2.773154770912775874e-02
-3.684492568453311134e-02,-3.684492568453311134e-02
-1.305888271040252929e-02,-1.305888271040252929e-02
-2.517584505421831959e-02,-2.517584505421831959e-02
-3.185433451820623985e-02,-3.185433451820623985e-02
-3.883285482652005377e-02,-3.883285482652005377e-02
-3.401208216381575167e-02,-3.401208216381575167e-02
-2.702434774458962671e-02,-2.702434774458962671e-02
-2.570425952876720377e-02,-2.570425952876720377e-02
-2.617616463730252502e-02,-2.617616463730252502e-02
-2.800502217821118633e-03,-2.800502217821118633e-03
-3.338916262007547708e-02,-3.338916262007547708e-02
-1.444874510850454458e-02,-1.444874510850454458e-02
-3.896322896197215030e-02,-3.896322896197215030e-02
-3.279749085703239503e-02,-3.279749085703239503e-02
-1.670709846070805166e-02,-1.670709846070805166e-02
-3.805323072587411815e-02,-3.805323072587411815e-02
-2.876175787169313325e-02,-2.876175787169313325e-02
-1.563603654578203661e-02,-1.563603654578203661e-02
-5.415772214941317469e-03,-5.415772214941317469e-03
-2.399025212786318889e-02,-2.399025212786318889e-02
-3.241187020705225963e-02,-3.241187020705225963e-02
-2.329074148384287224e-02,-2.329074148384287224e-02
-1.698447282921634188e-02,-1.698447282921634188e-02
-2.593383691239847105e-02,-2.593383691239847105e-02
-1.608076193339848595e-02,-1.608076193339848595e-02
-2.395535187699261020e-02,-2.395535187699261020e-02
-2.384127223407082885e-02,-2.384127223407082885e-02
-1.955768651900934019e-02,-1.955768651900934019e-02
-2.595340665751762893e-02,-2.595340665751762893e-02
-1.379491877215252571e-02,-1.379491877215252571e-02
-1.273775672294956418e-02,-1.273775672294956418e-02
-1.493403254175985906e-02,-1.493403254175985906e-02
-1.460837726069941916e-02,-1.460837726069941916e-02
-2.675406952760542648e-02,-2.675406952760542648e-02
-9.178066755914187497e-03,-9.178066755914187497e-03
-1.124012766622690951e-02,-1.124012766622690951e-02
-3.168066858323996537e-02,-3.168066858323996537e-02
1.341259139207734430e-02,1.341259139207734430e-02
-4.999910188181862225e-02,-4.999910188181862225e-02
-3.910409843866179819e-02,-3.910409843866179819e-02
-2.521379193471517260e-02,-2.521379193471517260e-02
-3.873862845184197073e-02,-3.873862845184197073e-02
-2.504626624542167709e-02,-2.504626624542167709e-02
6.580915906088832118e-03,6.580915906088832118e-03
-3.433456205264715649e-02,-3.433456205264715649e-02
-3.741980227587137636e-02,-3.741980227587137636e-02
-2.911155486024113309e-02,-2.911155486024113309e-02
-3.413346545001555432e-02,-3.413346545001555432e-02
-2.243333077902186917e-02,-2.243333077902186917e-02
-3.132343406163049654e-02,-3.132343406163049654e-02
-8.210248391133836976e-03,-8.210248391133836976e-03
-2.035913784214513772e-02,-2.035913784214513772e-02
-1.760326117796146700e-02,-1.760326117796146700e-02
-4.336955568334445454e-02,-4.336955568334445454e-02
-1.710360663540044790e-02,-1.710360663540044790e-02
-2.215056701318414423e-02,-2.215056701318414423e-02
-3.544928598228129502e-03,-3.544928598228129502e-03
-2.055223063123359784e-02,-2.055223063123359784e-02
-6.920712787207475292e-03,-6.920712787207475292e-03
-3.710113048716836420e-02,-3.710113048716836420e-02
-3.287156224979076447e-03,-3.287156224979076447e-03
-2.267494250730441030e-02,-2.267494250730441030e-02
-1.300621788362016362e-03,-1.300621788362016362e-03
-3.084082541696092292e-02,-3.084082541696092292e-02
-2.873164469655825615e-03,-2.873164469655825615e-03
-1.736794083581674752e-02,-1.736794083581674752e-02
-4.324884631594176632e-02,-4.324884631594176632e-02
-4.035576600007950709e-02,-4.035576600007950709e-02
-1.049998124851202197e-02,-1.049998124851202197e-02
-2.547398194407993893e-02,-2.547398194407993893e-02
-1.437065579899726372e-02,-1.437065579899726372e-02
-2.539022981073070853e-02,-2.539022981073070853e-02
-1.669393780738161887e-02,-1.669393780738161887e-02
-4.403675136437593118e-03,-4.403675136437593118e-03
-1.849892698127957383e-02,-1.849892698127957383e-02
-1.713898589947139561e-02,-1.713898589947139561e-02
-1.554722161251238105e-02,-1.554722161251238105e-02
-2.018256386578892725e-02,-2.018256386578892725e-02
-2.987997786949087020e-02,-2.987997786949087020e-02
-1.626433327687484831e-02,-1.626433327687484831e-02
-2.972290431501047742e-02,-2.972290431501047742e-02
-3.499627091909746079e-02,-3.499627091909746079e-02
-7.688034855397821860e-03,-7.688034855397821860e-03
-3.408807398492606777e-03,-3.408807398492606777e-03
-3.771408546543521256e-02,-3.771408546543521256e-02
-1.382635652277717370e-02,-1.382635652277717370e-02
-1.289809606546977322e-02,-1.289809606546977322e-02
-4.458252693646441722e-03,-4.458252693646441722e-03
-5.155778098153696726e-03,-5.155778098153696726e-03
-9.332365394521705687e-03,-9.332365394521705687e-03
-2.366019330218942923e-02,-2.366019330218942923e-02
-4.790033223531519474e-02,-4.790033223531519474e-02
-9.015522025411566720e-03,-9.015522025411566720e-03
-3.018083864604538535e-02,-3.018083864604538535e-02
-1.781271083708198949e-02,-1.781271083708198949e-02
-3.015740075528796499e-02,-3.015740075528796499e-02
-2.661865329896305477e-02,-2.661865329896305477e-02
-1.321640461142893630e-02,-1.321640461142893630e-02
-3.808791220426147733e-02,-3.808791220426147733e-02
-1.065559970904163267e-02,-1.065559970904163267e-02
-7.566689906181638114e-03,-7.566689906181638114e-03
-1.784396094679260164e-02,-1.784396094679260164e-02
-2.907350642318600603e-02,-2.907350642318600603e-02
-2.107449525193214740e-02,-2.107449525193214740e-02
-1.003310574199216265e-03,-1.003310574199216265e-03
-1.402351706681381760e-02,-1.402351706681381760e-02
-3.542909996236064812e-02,-3.542909996236064812e-02
-2.003111268234854941e-02,-2.003111268234854941e-02
-5.138198411346366762e-02,-5.138198411346366762e-02
1.226940660260274901e-02,1.226940660260274901e-02
-3.989920711956412847e-02,-3.989920711956412847e-02
-2.773130661172416855e-02,-2.773130661172416855e-02
-1.339786393839213427e-02,-1.339786393839213427e-02
-5.920233874789640471e-03,-5.920233874789640471e-03
-1.408719387108118420e-02,-1.408719387108118420e-02
-1.902513526730511412e-02,-1.902513526730511412e-02
-1.989825656066408072e-02,-1.989825656066408072e-02
-2.179921273274960242e-02,-2.179921273274960242e-02
-3.894742982688198518e-02,-3.894742982688198518e-02
-1.210666355322016427e-02,-1.210666355322016427e-02
-2.428073943479272523e-02,-2.428073943479272523e-02
-9.881329939989632466e-03,-9.881329939989632466e-03
-3.000721134781084154e-02,-3.000721134781084154e-02
-2.025935190796843144e-02,-2.025935190796843144e-02
-1.968301102377606471e-02,-1.968301102377606471e-02
-1.726553125130897426e-02,-1.726553125130897426e-02
-7.449927164959749271e-03,-7.449927164959749271e-03
-2.103846904972109938e-02,-2.103846904972109938e-02
-3.897855592365843252e-02,-3.897855592365843252e-02
-3.475570334580069254e-03,-3.475570334580069254e-03
-6.108368607955376450e-03,-6.108368607955376450e-03
-5.929014125459877715e-02,-5.929014125459877715e-02
-1.110344697253301191e-02,-1.110344697253301191e-02
-2.865357189715000280e-02,-2.865357189715000280e-02
-9.578605757517059949e-03,-9.578605757517059949e-03
-3.016370502895906330e-03,-3.016370502895906330e-03
-2.227773349586460033e-02,-2.227773349586460033e-02
-4.173709381780454919e-02,-4.173709381780454919e-02
-1.125543667808153944e-02,-1.125543667808153944e-02
-1.455776562503097865e-02,-1.455776562503097865e-02
-2.111962292222214349e-02,-2.111962292222214349e-02
-1.654697529409845241e-02,-1.654697529409845241e-02
-1.509282852200453939e-02,-1.509282852200453939e-02
-1.485812271440019317e-02,-1.485812271440019317e-02
-5.412784506152245462e-03,-5.412784506152245462e-03
-1.023453069089095419e-02,-1.023453069089095419e-02
-2.183116003517482015e-02,-2.183116003517482015e-02
-2.625035219494911698e-02,-2.625035219494911698e-02
-2.409096283300835029e-02,-2.409096283300835029e-02
-2.670439385971854276e-02,-2.670439385971854276e-02
-2.114056341565075103e-02,-2.114056341565075103e-02
-1.542507119473111865e-02,-1.542507119473111865e-02
-3.818851441456224544e-02,-3.818851441456224544e-02
-3.327823997518342819e-02,-3.327823997518342819e-02
-2.884726594181080683e-02,-2.884726594181080683e-02
-1.195162001431382404e-02,-1.195162001431382404e-02
-2.204752590675741059e-02,-2.204752590675741059e-02
-3.203921874600482167e-02,-3.203921874600482167e-02
2.855295761163129803e-03,2.855295761163129803e-03
-3.093169567348379861e-02,-3.093169567348379861e-02
-4.105805177680500739e-02,-4.105805177680500739e-02
-2.498258865993249755e-02,-2.498258865993249755e-02
-2.813094969674062584e-02,-2.813094969674062584e-02
7.332957138858037238e-03,7.332957138858037238e-03
-1.673649337478962107e-02,-1.673649337478962107e-02
-5.103574434470025539e-03,-5.103574434470025539e-03
-1.311691038343329105e-02,-1.311691038343329105e-02
-2.329014296443237403e-02,-2.329014296443237403e-02
-4.698978227877848024e-03,-4.698978227877848024e-03
-9.227504290383638230e-03,-9.227504290383638230e-03
-2.117483417153659397e-02,-2.117483417153659397e-02
-2.075494159989775544e-03,-2.075494159989775544e-03
-1.697126027810676521e-02,-1.697126027810676521e-02
-4.310440620109390331e-02,-4.310440620109390331e-02
-3.727033424837126324e-02,-3.727033424837126324e-02
-1.988655197298397348e-02,-1.988655197298397348e-02
8.280140758885855268e-03,8.280140758885855268e-03
-1.240774932515422910e-02,-1.240774932515422910e-02
-3.373554729528545348e-02,-3.373554729528545348e-02
-2.608074001512291490e-02,-2.608074001512291490e-02
-5.266479458050633833e-02,-5.266479458050633833e-02
6.509223650773398456e-03,6.509223650773398456e-03
-4.390730973818162547e-02,-4.390730973818162547e-02
5.566703647134997601e-03,5.566703647134997601e-03
-1.919226273465238913e-02,-1.919226273465238913e-02
-1.780334519552470227e-02,-1.780334519552470227e-02
-3.369583740153819090e-02,-3.369583740153819090e-02
-2.212394346876089130e-02,-2.212394346876089130e-02
-2.440880694085910754e-02,-2.440880694085910754e-02
-3.389143982017470830e-02,-3.389143982017470830e-02
-2.795106187420382665e-02,-2.795106187420382665e-02
-3.633039735676842769e-02,-3.633039735676842769e-02
-2.995073553097744867e-02,-2.995073553097744867e-02
-1.444409391062871639e-02,-1.444409391062871639e-02
-2.165809839366811956e-02,-2.165809839366811956e-02
-3.095092966892200315e-02,-3.095092966892200315e-02
-2.562604730896561600e-02,-2.562604730896561600e-02
-3.361540770730919725e-02,-3.361540770730919725e-02
-3.575723863708618611e-02,-3.575723863708618611e-02
-5.385787290407641204e-02,-5.385787290407641204e-02
-4.337093020133065552e-02,-4.337093020133065552e-02
-2.063829165733031129e-02,-2.063829165733031129e-02
-1.052709296826230545e-02,-1.052709296826230545e-02
8.449897455726232409e-03,8.449897455726232409e-03
-1.833894621050846663e-02,-1.833894621050846663e-02
-1.014791103916299481e-02,-1.014791103916299481e-02
-2.110130336650664976e-02,-2.110130336650664976e-02
-3.349372260701988929e-02,-3.349372260701988929e-02
-4.078644115389672142e-02,-4.078644115389672142e-02
-2.141595822542659289e-02,-2.141595822542659289e-02
-3.640040131349366048e-02,-3.640040131349366048e-02
-2.870096614540161573e-02,-2.870096614540161573e-02
-2.141463827915512236e-02,-2.141463827915512236e-02
6.767994685412843936e-04,6.767994685412843936e-04
-5.658689994399109663e-02,-5.658689994399109663e-02
-2.566663799231508336e-02,-2.566663799231508336e-02
-2.291301568731561600e-02,-2.291301568731561600e-02
-6.164532172082397288e-03,-6.164532172082397288e-03
-4.197785780260059052e-02,-4.197785780260059052e-02
-4.688922439458445557e-02,-4.688922439458445557e-02
-2.316019846003653654e-02,-2.316019846003653654e-02
-1.582875542839977390e-02,-1.582875542839977390e-02
-2.743114846158075520e-02,-2.743114846158075520e-02
-3.074758215455351135e-02,-3.074758215455351135e-02
-1.966301323925887662e-02,-1.966301323925887662e-02
-3.205684170933614796e-02,-3.205684170933614796e-02
-2.238150530247005193e-02,-2.238150530247005193e-02
-2.516701756530040357e-02,-2.516701756530040357e-02
-2.111229498215141942e-04,-2.111229498215141942e-04
-6.131370869600256956e-03,-6.131370869600256956e-03
-2.179025301538717319e-02,-2.179025301538717319e-02
-1.853631138972196973e-02,-1.853631138972196973e-02
-2.847422346115691810e-02,-2.847422346115691810e-02
-2.130878284217641028e-02,-2.130878284217641028e-02
-2.622092365037693995e-03,-2.622092365037693995e-03
-1.849944536065097761e-02,-1.849944536065097761e-02
-2.217316903614725138e-02,-2.217316903614725138e-02
-1.266816226367728504e-02,-1.266816226367728504e-02
7.110523140697200956e-03,7.110523140697200956e-03
2.549289170958767697e-03,2.549289170958767697e-03
-2.437018511965886175e-02,-2.437018511965886175e-02
-3.483052494111310571e-02,-3.483052494111310571e-02
-8.595862476561532545e-03,-8.595862476561532545e-03
-2.522856505713286235e-02,-2.522856505713286235e-02
-2.696958163085971111e-03,-2.696958163085971111e-03
-3.719844473210943275e-02,-3.719844473210943275e-02
-1.958651560003478453e-02,-1.958651560003478453e-02
-2.006069923814507439e-02,-2.006069923814507439e-02
-3.013453626880243513e-02,-3.013453626880243513e-02
-1.682227546770911214e-02,-1.682227546770911214e-02
-2.938841466410573727e-02,-2.938841466410573727e-02
-1.663888547100689577e-02,-1.663888547100689577e-02
1.066041340399281889e-03,1.066041340399281889e-03
-3.056093338976407364e-02,-3.056093338976407364e-02
-5.027346650761938679e-02,-5.027346650761938679e-02
-2.528608245279234668e-02,-2.528608245279234668e-02
-2.648749518521627266e-02,-2.648749518521627266e-02
-2.151645798122926723e-02,-2.151645798122926723e-02
9.965836349399421340e-03,9.965836349399421340e-03
-2.906947851969222257e-02,-2.906947851969222257e-02
-2.164270825662634179e-02,-2.164270825662634179e-02
-2.830394995943880804e-02,-2.830394995943880804e-02
5.434433506132090030e-03,5.434433506132090030e-03
3.103639834541052633e-03,3.103639834541052633e-03
-3.621232517508794074e-02,-3.621232517508794074e-02
-3.291389856749406262e-03,-3.291389856749406262e-03
-2.277491805717270917e-02,-2.277491805717270917e-02
-1.162194185969982890e-02,-1.162194185969982890e-02
-1.889775717285401002e-02,-1.889775717285401002e-02
-4.598067804438828177e-02,-4.598067804438828177e-02
-1.877563378740707348e-02,-1.877563378740707348e-02
-3.531551192724443483e-02,-3.531551192724443483e-02
-1.104835390696740777e-02,-1.104835390696740777e-02
-2.684975862408324476e-02,-2.684975862408324476e-02
3.688198810028353591e-03,3.688198810028353591e-03
-3.080448696145159787e-02,-3.080448696145159787e-02
-8.349116514077329493e-03,-8.349116514077329493e-03
-2.478578335929070009e-02,-2.478578335929070009e-02
-2.482933255648087784e-02,-2.482933255648087784e-02
-3.126988204961170248e-02,-3.126988204961170248e-02
-2.442098349354121858e-02,-2.442098349354121858e-02
-6.739786614716879176e-03,-6.739786614716879176e-03
-3.587580683792258168e-02,-3.587580683792258168e-02
-1.768773344827943850e-02,-1.768773344827943850e-02
-3.060712228132544260e-02,-3.060712228132544260e-02
1.046890645070182313e-02,1.046890645070182313e-02
-1.854692111671243926e-02,-1.854692111671243926e-02
-2.877605620021644189e-02,-2.877605620021644189e-02
1.868062590515660870e-04,1.868062590515660870e-04
-4.376969248661170125e-02,-4.376969248661170125e-02
-1.298776680313350890e-02,-1.298776680313350890e-02
-2.166249952071613860e-02,-2.166249952071613860e-02
-2.362217527633367342e-02,-2.362217527633367342e-02
-2.503302616578875761e-02,-2.503302616578875761e-02
-1.872213141933003894e-02,-1.872213141933003894e-02
-2.048732311691578781e-02,-2.048732311691578781e-02
-1.601150505926303425e-02,-1.601150505926303425e-02
-4.741608571918701220e-03,-4.741608571918701220e-03
-1.082740673565509015e-02,-1.082740673565509015e-02
-3.129851350625773021e-02,-3.129851350625773021e-02
-4.537287730893330151e-02,-4.537287730893330151e-02
-2.700895980121764683e-02,-2.700895980121764683e-02
-2.574748862165687074e-02,-2.574748862165687074e-02
-1.340082005499384360e-02,-1.340082005499384360e-02
-1.983730451663841959e-02,-1.983730451663841959e-02
-1.466491983371573382e-02,-1.466491983371573382e-02
-3.451380072683602612e-03,-3.451380072683602612e-03
-1.711185337161746228e-02,-1.711185337161746228e-02
-4.818180827746151862e-02,-4.818180827746151862e-02
-2.313442642997278614e-02,-2.313442642997278614e-02
-2.521019876483083372e-02,-2.521019876483083372e-02
-4.138745314012960697e-02,-4.138745314012960697e-02
-3.165320339349192436e-02,-3.165320339349192436e-02
-2.711141101858334512e-02,-2.711141101858334512e-02
-3.289755736807984526e-02,-3.289755736807984526e-02
-4.176604073803547035e-02,-4.176604073803547035e-02
-2.246105894208006576e-02,-2.246105894208006576e-02
-1.231036474560428390e-02,-1.231036474560428390e-02
-1.536863286593872363e-02,-1.536863286593872363e-02
-8.787829427061993881e-03,-8.787829427061993881e-03
-3.986435526973155369e-02,-3.986435526973155369e-02
-5.173584057692103000e-02,-5.173584057692103000e-02
-2.464946500168825605e-02,-2.464946500168825605e-02
-2.054094039897987056e-02,-2.054094039897987056e-02
-2.734234338045464507e-02,-2.734234338045464507e-02
2.068087090227186536e-03,2.068087090227186536e-03
-1.986399945592051686e-02,-1.986399945592051686e-02
-8.830557231125420181e-03,-8.830557231125420181e-03
-1.982867263423509011e-02,-1.982867263423509011e-02
-2.567366777769135994e-02,-2.567366777769135994e-02
-1.005761628229964386e-02,-1.005761628229964386e-02
-3.207493676797421034e-02,-3.207493676797421034e-02
-2.122417890844992272e-02,-2.122417890844992272e-02
-2.006549224178374308e-02,-2.006549224178374308e-02
1.015799890492348825e-02,1.015799890492348825e-02
-3.148691776781278179e-02,-3.148691776781278179e-02
-2.168997772977927091e-02,-2.168997772977927091e-02
-5.670724175392929944e-02,-5.670724175392929944e-02
-1.210536553193850007e-03,-1.210536553193850007e-03
-5.469630808875407257e-03,-5.469630808875407257e-03
-3.550492193529616869e-02,-3.550492193529616869e-02
-2.275476717675101873e-02,-2.275476717675101873e-02
-2.305141163511514879e-02,-2.305141163511514879e-02
-2.770868036896605505e-02,-2.770868036896605505e-02
-6.415511418802883475e-03,-6.415511418802883475e-03
-2.025943667312750385e-02,-2.025943667312750385e-02
-2.999570340789906378e-02,-2.999570340789906378e-02
-3.251228709977685427e-02,-3.251228709977685427e-02
1.505106274536576610e-03,1.505106274536576610e-03
-4.649124673770173299e-02,-4.649124673770173299e-02
-2.010696639279778083e-02,-2.010696639279778083e-02
-7.336547804353048263e-03,-7.336547804353048263e-03
-2.030703277451557931e-02,-2.030703277451557931e-02
-3.135677790243226321e-02,-3.135677790243226321e-02
-1.241542389959316567e-02,-1.241542389959316567e-02
-5.575321943912962819e-03,-5.575321943912962819e-03
-2.225960271994775058e-02,-2.225960271994775058e-02
-4.004239566405280726e-02,-4.004239566405280726e-02
-2.595215758278239526e-02,-2.595215758278239526e-02
-2.615224780567988738e-02,-2.615224780567988738e-02
-1.720455737239050265e-02,-1.720455737239050265e-02
-1.918095113181975814e-03,-1.918095113181975814e-03
-1.941113634769921908e-02,-1.941113634769921908e-02
-3.688394754256129476e-02,-3.688394754256129476e-02
8.602252401284350702e-03,8.602252401284350702e-03
-3.856767868870185356e-02,-3.856767868870185356e-02
-1.862331331203904983e-02,-1.862331331203904983e-02
-4.902561499813044843e-03,-4.902561499813044843e-03
-3.266108589843629700e-02,-3.266108589843629700e-02
-3.996860432782396721e-02,-3.996860432782396721e-02
1.617030521850726030e-02,1.617030521850726030e-02
-9.329136162072766691e-03,-9.329136162072766691e-03
-4.305376665659179508e-02,-4.305376665659179508e-02
-6.277901028690005547e-02,-6.277901028690005547e-02
-1.093400085972778130e-02,-1.093400085972778130e-02
-2.053109924665091901e-02,-2.053109924665091901e-02
-2.353917816889172440e-02,-2.353917816889172440e-02
-5.966617620012382162e-03,-5.966617620012382162e-03
-1.353550101752833829e-02,-1.353550101752833829e-02
-2.087646746188421415e-02,-2.087646746188421415e-02
-2.380236707828664589e-03,-2.380236707828664589e-03
-1.390597401217710111e-02,-1.390597401217710111e-02
-2.150485356048249114e-02,-2.150485356048249114e-02
-9.297539808524601934e-03,-9.297539808524601934e-03
-4.151885121516351446e-02,-4.151885121516351446e-02
-2.811492312781584124e-02,-2.811492312781584124e-02
-4.350445634758674102e-02,-4.350445634758674102e-02
-3.341821941832316678e-02,-3.341821941832316678e-02
-1.908001581668668581e-02,-1.908001581668668581e-02
-2.541487130040157721e-02,-2.541487130040157721e-02
-6.347996208759046355e-04,-6.347996208759046355e-04
-2.290078455766388077e-02,-2.290078455766388077e-02
-6.829656465203573501e-03,-6.829656465203573501e-03
-3.024832543925904532e-02,-3.024832543925904532e-02
-1.701290668052791305e-02,-1.701290668052791305e-02
5.760608985169970303e-03,5.760608985169970303e-03
-3.551533676254282207e-02,-3.551533676254282207e-02
-2.300164067733845297e-02,-2.300164067733845297e-02
-3.014797160730693648e-02,-3.014797160730693648e-02
-4.488601421970536687e-03,-4.488601421970536687e-03
-2.500115682963433006e-02,-2.500115682963433006e-02
-1.058552136230961338e-03,-1.058552136230961338e-03
-3.449448318544344472e-02,-3.449448318544344472e-02
-4.730606748232544373e-02,-4.730606748232544373e-02
-1.956578085356110164e-02,-1.956578085356110164e-02
-1.650436703348295148e-02,-1.650436703348295148e-02
-2.923317100897143000e-03,-2.923317100897143000e-03
-5.590265347750060509e-02,-5.590265347750060509e-02
-1.353203806134868625e-02,-1.353203806134868625e-02
-3.640544789178674218e-02,-3.640544789178674218e-02
-4.199500586279020231e-02,-4.199500586279020231e-02
-4.755863176243024099e-02,-4.755863176243024099e-02
-1.033524128572850184e-02,-1.033524128572850184e-02
1.050658454327778324e-02,1.050658454327778324e-02
-1.347441668108366811e-02,-1.347441668108366811e-02
-3.950225045277591662e-02,-3.950225045277591662e-02
-2.917403751344892909e-02,-2.917403751344892909e-02
-3.562110834128982828e-02,-3.562110834128982828e-02
-3.914857325795018800e-02,-3.914857325795018800e-02
-2.155302553428160156e-02,-2.155302553428160156e-02
1.264694593309691195e-02,1.264694593309691195e-02
-2.797872844727720271e-02,-2.797872844727720271e-02
-2.181941723034166308e-02,-2.181941723034166308e-02
-4.078554792352252767e-02,-4.078554792352252767e-02
-3.783377823098679760e-02,-3.783377823098679760e-02
-3.757146917739070946e-02,-3.757146917739070946e-02
-2.458661646843251364e-02,-2.458661646843251364e-02
-2.974772951339645088e-02,-2.974772951339645088e-02
-2.338474399573223228e-02,-2.338474399573223228e-02
-1.199615391085189636e-02,-1.199615391085189636e-02
-2.618145713611939873e-02,-2.618145713611939873e-02
-2.450836020060033829e-02,-2.450836020060033829e-02
-1.805789404928611480e-02,-1.805789404928611480e-02
-9.509516241177771306e-03,-9.509516241177771306e-03
-2.909473173954893466e-02,-2.909473173954893466e-02
-2.071434761736597532e-02,-2.071434761736597532e-02
-1.286433680923317752e-02,-1.286433680923317752e-02
-2.985914956518294361e-02,-2.985914956518294361e-02
-1.912429403642093226e-02,-1.912429403642093226e-02
-1.574378182444532287e-02,-1.574378182444532287e-02
-5.643520131386192684e-04,-5.643520131386192684e-04
-2.681271495502882823e-02,-2.681271495502882823e-02
-2.186437016198689021e-02,-2.186437016198689021e-02
-1.950327953297964489e-02,-1.950327953297964489e-02
-4.191321872039147772e-02,-4.191321872039147772e-02
-3.213280821912208735e-02,-3.213280821912208735e-02
-1.384329188153860662e-02,-1.384329188153860662e-02
-1.867207294301273524e-03,-1.867207294301273524e-03
-7.776569612914029095e-03,-7.776569612914029095e-03
-1.347476278821078954e-02,-1.347476278821078954e-02
-3.757596904773233271e-02,-3.757596904773233271e-02
-1.450826293743853745e-02,-1.450826293743853745e-02
-1.783350985192451096e-02,-1.783350985192451096e-02
-8.235467437134734447e-03,-8.235467437134734447e-03
-1.619121878202196829e-02,-1.619121878202196829e-02
-1.734808069783123907e-02,-1.734808069783123907e-02
-3.452601984128727403e-02,-3.452601984128727403e-02
-1.898907069318690050e-02,-1.898907069318690050e-02
-2.570872060168941098e-02,-2.570872060168941098e-02
-6.111293284907601264e-03,-6.111293284907601264e-03
-2.659689462936817850e-02,-2.659689462936817850e-02
-2.993874930874166479e-02,-2.993874930874166479e-02
-5.989538672490381938e-03,-5.989538672490381938e-03
-3.224632967932072186e-02,-3.224632967932072186e-02
-3.416698563770820263e-02,-3.416698563770820263e-02
-3.597912425648738810e-02,-3.597912425648738810e-02
-2.254424500452961722e-02,-2.254424500452961722e-02
-6.687576669969021864e-03,-6.687576669969021864e-03
-3.802921096190173267e-02,-3.802921096190173267e-02
-1.360442876881583218e-02,-1.360442876881583218e-02
-1.990320540896771753e-02,-1.990320540896771753e-02
-2.979939311233199134e-02,-2.979939311233199134e-02
-5.620698837279636262e-02,-5.620698837279636262e-02
-1.073802636515139297e-02,-1.073802636515139297e-02
-2.276055752356422046e-02,-2.276055752356422046e-02
-3.790102540746945192e-02,-3.790102540746945192e-02
-4.032769749605497750e-02,-4.032769749605497750e-02
-1.094650890055999873e-02,-1.094650890055999873e-02
-2.239794514050796187e-02,-2.239794514050796187e-02
-9.843377984983345264e-03,-9.843377984983345264e-03
-1.733814077565644027e-02,-1.733814077565644027e-02
-2.324835765239634949e-02,-2.324835765239634949e-02
-3.935958962770479824e-02,-3.935958962770479824e-02
-3.271538410665410929e-02,-3.271538410665410929e-02
-2.746638262810895126e-02,-2.746638262810895126e-02
-1.244866811765216880e-02,-1.244866811765216880e-02
-2.304249842458353653e-02,-2.304249842458353653e-02
-2.676949166735187458e-02,-2.676949166735187458e-02
-1.819907472069395155e-02,-1.819907472069395155e-02
-3.983535044689519300e-02,-3.983535044689519300e-02
-3.440845881299874065e-02,-3.440845881299874065e-02
6.873302214247374586e-03,6.873302214247374586e-03
-4.730340098483555578e-02,-4.730340098483555578e-02
2.988227403551743655e-03,2.988227403551743655e-03
-1.565656985360698583e-02,-1.565656985360698583e-02
-2.126173835043067978e-02,-2.126173835043067978e-02
-2.814995991390417673e-02,-2.814995991390417673e-02
-3.241160539956879777e-02,-3.241160539956879777e-02
-3.622059436467384153e-02,-3.622059436467384153e-02
-1.781102907933573148e-02,-1.781102907933573148e-02
5.783253633666073090e-03,5.783253633666073090e-03
-2.082842572976126641e-02,-2.082842572976126641e-02
-1.718392533139891099e-02,-1.718392533139891099e-02
-1.474898424379050138e-02,-1.474898424379050138e-02
-1.062916986847523004e-02,-1.062916986847523004e-02
-2.832744988789014096e-03,-2.832744988789014096e-03
-2.351439721399344041e-02,-2.351439721399344041e-02
-2.103124055179627500e-02,-2.103124055179627500e-02
-2.358665949207879031e-02,-2.358665949207879031e-02
-1.513894658926213249e-02,-1.513894658926213249e-02
-3.665503218556053627e-02,-3.665503218556053627e-02
-1.407736247583457612e-02,-1.407736247583457612e-02
-1.543225708045765920e-02,-1.543225708045765920e-02
-4.617078646479520765e-02,-4.617078646479520765e-02
-9.571029606886126417e-03,-9.571029606886126417e-03
-2.943126358986498936e-02,-2.943126358986498936e-02
-3.073305946210024703e-02,-3.073305946210024703e-02
-1.175247153480078743e-02,-1.175247153480078743e-02
-2.535476512079114925e-02,-2.535476512079114925e-02
-3.569593151638048717e-02,-3.569593151638048717e-02
-2.012572234307071634e-02,-2.012572234307071634e-02
-3.497015132840985974e-02,-3.497015132840985974e-02
-1.303718553307791489e-02,-1.303718553307791489e-02
-1.284226600213138336e-02,-1.284226600213138336e-02
-2.095368000972672173e-02,-2.095368000972672173e-02
-1.820587303345673480e-02,-1.820587303345673480e-02
-3.035469599322817430e-02,-3.035469599322817430e-02
7.203032733763856804e-03,7.203032733763856804e-03
-1.622125297142959499e-02,-1.622125297142959499e-02
-1.178060691865735407e-02,-1.178060691865735407e-02
-2.149582946709603648e-02,-2.149582946709603648e-02
-3.171316839675149268e-02,-3.171316839675149268e-02
-4.449390454549408125e-02,-4.449390454549408125e-02
-1.444344546541559415e-02,-1.444344546541559415e-02
-2.349264945261116122e-03,-2.349264945261116122e-03
-1.979742764283655421e-02,-1.979742764283655421e-02
-1.624912836173652425e-02,-1.624912836173652425e-02
-2.339656402338630842e-02,-2.339656402338630842e-02
-1.928242772087952750e-02,-1.928242772087952750e-02
-1.381841387271139088e-02,-1.381841387271139088e-02
-1.524253418020380529e-02,-1.524253418020380529e-02
-1.653950722828384512e-02,-1.653950722828384512e-02
-3.088897415901135923e-02,-3.088897415901135923e-02
-2.755159601752300846e-02,-2.755159601752300846e-02
-3.777673627714247390e-02,-3.777673627714247390e-02
-3.535264741278113659e-02,-3.535264741278113659e-02
-5.460178668658374757e-02,-5.460178668658374757e-02
-2.274840586727972999e-02,-2.274840586727972999e-02
-1.196141453645465855e-02,-1.196141453645465855e-02
-1.377181504094400141e-02,-1.377181504094400141e-02
-1.990603166665842749e-02,-1.990603166665842749e-02
-1.003000417089164320e-02,-1.003000417089164320e-02
-2.545001265030514062e-02,-2.545001265030514062e-02
-2.448261129044092266e-02,-2.448261129044092266e-02
-4.979425294301446925e-03,-4.979425294301446925e-03
-2.273631354834235174e-02,-2.273631354834235174e-02
-2.048079667471381510e-03,-2.048079667471381510e-03
-2.467946719457345811e-02,-2.467946719457345811e-02
-9.405264679059714694e-04,-9.405264679059714694e-04
-2.598960972255096036e-02,-2.598960972255096036e-02
-3.452277876412650215e-02,-3.452277876412650215e-02
-1.382749726795257095e-02,-1.382749726795257095e-02
-7.275697945898995656e-03,-7.275697945898995656e-03
-1.374860844374615337e-02,-1.374860844374615337e-02
-4.210874163217135507e-02,-4.210874163217135507e-02
-3.533784800130795184e-02,-3.533784800130795184e-02
-1.767528455204792417e-02,-1.767528455204792417e-02
-2.472015451893573579e-02,-2.472015451893573579e-02
-2.390727941981804494e-02,-2.390727941981804494e-02
-3.742349626868047424e-02,-3.742349626868047424e-02
-1.020630853882358025e-02,-1.020630853882358025e-02
-2.912150927002768105e-02,-2.912150927002768105e-02
-2.450518619313162005e-02,-2.450518619313162005e-02
-3.341703846792782456e-02,-3.341703846792782456e-02
-3.312788519856766506e-02,-3.312788519856766506e-02
-2.914020896179213976e-02,-2.914020896179213976e-02
-3.085620800028488278e-02,-3.085620800028488278e-02
-1.650475949935849285e-02,-1.650475949935849285e-02
-2.217194735719193316e-02,-2.217194735719193316e-02
-2.329171412229517901e-02,-2.329171412229517901e-02
-2.767179743967036754e-02,-2.767179743967036754e-02
-2.872713503433368259e-02,-2.872713503433368259e-02
-3.762196900679534023e-02,-3.762196900679534023e-02
-9.443221304534767102e-03,-9.443221304534767102e-03
-1.615656427995834643e-02,-1.615656427995834643e-02
-7.344676930901780643e-03,-7.344676930901780643e-03
-1.469665373136403927e-02,-1.469665373136403927e-02
-9.478313096325803599e-03,-9.478313096325803599e-03
-2.250044085291476315e-02,-2.250044085291476315e-02
-2.047977126950113747e-02,-2.047977126950113747e-02
-2.426645635002570162e-02,-2.426645635002570162e-02
-2.797067241148164934e-02,-2.797067241148164934e-02
-1.423242050008424742e-02,-1.423242050008424742e-02
-1.493035352658543535e-02,-1.493035352658543535e-02
-1.068243193745641029e-03,-1.068243193745641029e-03
-2.086391879114555398e-02,-2.086391879114555398e-02
-2.201772010764449505e-02,-2.201772010764449505e-02
-8.975064761989982876e-03,-8.975064761989982876e-03
-2.574903474619220228e-02,-2.574903474619220228e-02
-2.206506406801977960e-02,-2.206506406801977960e-02
-2.565555540567629467e-03,-2.565555540567629467e-03
9.415494534906580781e-04,9.415494534906580781e-04
-2.050105005825733628e-02,-2.050105005825733628e-02
-1.325893159937868715e-02,-1.325893159937868715e-02
-2.627446818811839113e-02,-2.627446818811839113e-02
-1.582193378911858628e-02,-1.582193378911858628e-02
-1.045133101535748732e-02,-1.045133101535748732e-02
-1.917465063391983471e-02,-1.917465063391983471e-02
-1.496886591119630378e-02,-1.496886591119630378e-02
-2.292480951634567887e-02,-2.292480951634567887e-02
-3.672519991376785309e-03,-3.672519991376785309e-03
1.581409617100265619e-03,1.581409617100265619e-03
-2.525812832906485644e-02,-2.525812832906485644e-02
-2.447422876549638221e-02,-2.447422876549638221e-02
-2.751872005182956493e-02,-2.751872005182956493e-02
-2.887817466534666616e-02,-2.887817466534666616e-02
-1.314304747639617743e-02,-1.314304747639617743e-02
-8.955890387057234558e-03,-8.955890387057234558e-03
-1.288998419709969784e-02,-1.288998419709969784e-02
-3.024144936493962377e-02,-3.024144936493962377e-02
-3.470630101743919088e-02,-3.470630101743919088e-02
-2.644000174977977069e-02,-2.644000174977977069e-02
-4.190463480577284044e-02,-4.190463480577284044e-02
-1.850241722493874835e-02,-1.850241722493874835e-02
-5.610128029102579017e-02,-5.610128029102579017e-02
-1.850676078210997805e-02,-1.850676078210997805e-02
-3.288663663274613014e-02,-3.288663663274613014e-02
-4.502180544066607115e-02,-4.502180544066607115e-02
-2.808409459834235178e-02,-2.808409459834235178e-02
-2.686707026683410326e-02,-2.686707026683410326e-02
-1.393002768433257432e-02,-1.393002768433257432e-02
-1.728881578649854936e-02,-1.728881578649854936e-02
-1.596884110560205239e-02,-1.596884110560205239e-02
-2.958734822836321318e-02,-2.958734822836321318e-02
-1.383219578012559459e-02,-1.383219578012559459e-02
-3.407422386562790340e-02,-3.407422386562790340e-02
-1.093467143404561540e-02,-1.093467143404561540e-02
3.066429961094040146e-03,3.066429961094040146e-03
-2.176925452683388384e-02,-2.176925452683388384e-02
-2.566366374431096331e-02,-2.566366374431096331e-02
-1.549500430833290754e-02,-1.549500430833290754e-02
-1.350248426274396063e-02,-1.350248426274396063e-02
-3.176433386881652443e-02,-3.176433386881652443e-02
-1.772373503352561025e-02,-1.772373503352561025e-02
-2.551304803658940162e-02,-2.551304803658940162e-02
-2.250843670655524459e-02,-2.250843670655524459e-02
-1.912069670690897533e-02,-1.912069670690897533e-02
-1.253388197402900001e-02,-1.253388197402900001e-02
-1.546197850707729457e-02,-1.546197850707729457e-02
-3.573344996027454784e-02,-3.573344996027454784e-02
-1.736583700754356502e-02,-1.736583700754356502e-02
-3.004135163289533422e-02,-3.004135163289533422e-02
-2.344749719593471407e-02,-2.344749719593471407e-02
-3.681092376930542726e-02,-3.681092376930542726e-02
-5.009075968825506958e-02,-5.009075968825506958e-02
-5.868632124252019799e-02,-5.868632124252019799e-02
-2.028709374915388733e-02,-2.028709374915388733e-02
-4.387076436098470700e-02,-4.387076436098470700e-02
-1.441521438009927061e-02,-1.441521438009927061e-02
-1.288134687445324084e-02,-1.288134687445324084e-02
-6.112058034214679775e-03,-6.112058034214679775e-03
8.035460953763697706e-03,8.035460953763697706e-03
-1.726933244758113023e-02,-1.726933244758113023e-02
-2.827975241725455557e-03,-2.827975241725455557e-03
9.573074718913134745e-03,9.573074718913134745e-03
-1.035578102656243421e-02,-1.035578102656243421e-02
-2.231109243067698478e-02,-2.231109243067698478e-02
-2.769881212617307520e-02,-2.769881212617307520e-02
-4.128749803121633394e-02,-4.128749803121633394e-02
-2.024769480114567421e-02,-2.024769480114567421e-02
-2.075925846742599293e-02,-2.075925846742599293e-02
-2.931728048186602043e-02,-2.931728048186602043e-02
-1.537333526321009100e-02,-1.537333526321009100e-02
-2.249536710394852909e-02,-2.249536710394852909e-02
-1.601521527938319645e-02,-1.601521527938319645e-02
-2.749216475434834370e-02,-2.749216475434834370e-02
-2.847446712264667390e-03,-2.847446712264667390e-03
-1.025052701408704636e-02,-1.025052701408704636e-02
-1.393066166994374327e-02,-1.393066166994374327e-02
-4.135050300065638840e-02,-4.135050300065638840e-02
-5.116911515498951540e-02,-5.116911515498951540e-02
-1.443406672619784031e-02,-1.443406672619784031e-02
-2.939340713688184253e-02,-2.939340713688184253e-02
-2.612052008385783164e-02,-2.612052008385783164e-02
-4.310412851202623241e-02,-4.310412851202623241e-02
-1.204164587891425053e-02,-1.204164587891425053e-02
-2.454356859929660711e-02,-2.454356859929660711e-02
-3.004864285616370978e-02,-3.004864285616370978e-02
-1.355847854717371487e-02,-1.355847854717371487e-02
-1.491692450222036059e-03,-1.491692450222036059e-03
-3.259581930040586495e-02,-3.259581930040586495e-02
-2.436654574743285506e-02,-2.436654574743285506e-02
-2.313562768160678379e-02,-2.313562768160678379e-02
-3.239227327655032351e-02,-3.239227327655032351e-02
-3.228199994561462005e-02,-3.228199994561462005e-02
-3.523431043688517172e-02,-3.523431043688517172e-02
-2.702085331595143608e-02,-2.702085331595143608e-02
-1.687822419884586062e-02,-1.687822419884586062e-02
9.125000017097435745e-03,9.125000017097435745e-03
-2.011446548267078333e-02,-2.011446548267078333e-02
-1.633800093096919245e-02,-1.633800093096919245e-02
-3.532642924328856238e-02,-3.532642924328856238e-02
-2.952446364055774652e-02,-2.952446364055774652e-02
-3.967125131011399464e-02,-3.967125131011399464e-02
-1.243688841098437858e-02,-1.243688841098437858e-02
-3.243896539530567030e-02,-3.243896539530567030e-02
-1.624819344086319423e-02,-1.624819344086319423e-02
-1.997199551029173181e-02,-1.997199551029173181e-02
-4.091595651044093590e-03,-4.091595651044093590e-03
-7.732167757042149314e-03,-7.732167757042149314e-03
-7.143403866188703655e-03,-7.143403866188703655e-03
-3.802058606250585671e-02,-3.802058606250585671e-02
3.624117938602469668e-03,3.624117938602469668e-03
-2.039219885002187260e-02,-2.039219885002187260e-02
-3.058418946367012087e-02,-3.058418946367012087e-02
-1.535231091219525779e-02,-1.535231091219525779e-02
-2.054102015293379421e-02,-2.054102015293379421e-02
-2.882488087600361404e-02,-2.882488087600361404e-02
6.754457734952389047e-03,6.754457734952389047e-03
-1.443282888359583016e-02,-1.443282888359583016e-02
-1.928885501656155133e-02,-1.928885501656155133e-02
-2.526771888943905864e-02,-2.526771888943905864e-02
-3.013846001018485529e-02,-3.013846001018485529e-02
-3.325851014768958086e-03,-3.325851014768958086e-03
-1.655828727718038074e-02,-1.655828727718038074e-02
-3.505955756481350660e-02,-3.505955756481350660e-02
-3.633144684721413553e-02,-3.633144684721413553e-02
-2.690854518140225332e-02,-2.690854518140225332e-02
-3.143472232734365740e-02,-3.143472232734365740e-02
-4.872409340445821996e-03,-4.872409340445821996e-03
-3.438904698204029581e-02,-3.438904698204029581e-02
-1.284183680758981677e-02,-1.284183680758981677e-02
-6.155632314041835362e-03,-6.155632314041835362e-03
-2.171682042003136859e-02,-2.171682042003136859e-02
-2.279122277054078730e-02,-2.279122277054078730e-02
-2.499086429409556193e-02,-2.499086429409556193e-02
-2.665367049971564817e-02,-2.665367049971564817e-02
-2.878553064701047659e-02,-2.878553064701047659e-02
-1.637854395354250425e-02,-1.637854395354250425e-02
-3.093658978134185278e-02,-3.093658978134185278e-02
-3.094554713099470500e-02,-3.094554713099470500e-02
-5.202815786811088028e-03,-5.202815786811088028e-03
-1.534764692666069907e-02,-1.534764692666069907e-02
-8.796994641500202605e-03,-8.796994641500202605e-03
-2.033237000672610470e-02,-2.033237000672610470e-02
-1.389776563107272475e-02,-1.389776563107272475e-02
-3.673379364702286654e-02,-3.673379364702286654e-02
-1.365590957025616253e-02,-1.365590957025616253e-02
-3.980666790611113448e-02,-3.980666790611113448e-02
-2.994935480554649851e-02,-2.994935480554649851e-02
-2.614399237492861724e-02,-2.614399237492861724e-02
-1.608293176245426809e-02,-1.608293176245426809e-02
-2.644598776375414739e-02,-2.644598776375414739e-02
-3.338253898069490355e-02,-3.338253898069490355e-02
-4.390723304914084107e-02,-4.390723304914084107e-02
-1.890582565765557693e-03,-1.890582565765557693e-03
-1.352835594861371768e-02,-1.352835594861371768e-02
-2.632343432411983139e-02,-2.632343432411983139e-02
-2.823941656213890816e-02,-2.823941656213890816e-02
-1.917966156330525029e-02,-1.917966156330525029e-02
-2.651702571134720993e-02,-2.651702571134720993e-02
-1.634070963289517564e-02,-1.634070963289517564e-02
-1.442903323815473982e-02,-1.442903323815473982e-02
-4.083211563977027364e-02,-4.083211563977027364e-02
-3.651237320796865693e-02,-3.651237320796865693e-02
-1.288073827761129081e-02,-1.288073827761129081e-02
-1.616854915316329883e-02,-1.616854915316329883e-02
-1.728152575683718217e-02,-1.728152575683718217e-02
-1.121753402422683704e-02,-1.121753402422683704e-02
-2.627126972204115590e-02,-2.627126972204115590e-02
-3.374950792012928330e-02,-3.374950792012928330e-02
-1.597671393745288271e-03,-1.597671393745288271e-03
1.568650263957149099e-03,1.568650263957149099e-03
-3.183440998581513887e-02,-3.183440998581513887e-02
-3.042281759112038658e-02,-3.042281759112038658e-02
-4.968269440755294919e-02,-4.968269440755294919e-02
-1.008617115713637824e-02,-1.008617115713637824e-02
-2.729962054809521865e-02,-2.729962054809521865e-02
-1.358561768380046192e-02,-1.358561768380046192e-02
-4.970770154784344419e-03,-4.970770154784344419e-03
-1.542957861456269175e-02,-1.542957861456269175e-02
-2.170184143059838283e-02,-2.170184143059838283e-02
-2.792067850210087909e-02,-2.792067850210087909e-02
7.103222404240647214e-03,7.103222404240647214e-03
4.237425483587242692e-04,4.237425483587242692e-04
2.432533712512361529e-02,2.432533712512361529e-02
8.076161577376707312e-04,8.076161577376707312e-04
-2.429505853945600896e-02,-2.429505853945600896e-02
-3.836880821187617363e-02,-3.836880821187617363e-02
-1.201209351902186168e-03,-1.201209351902186168e-03
-1.280724238638938917e-02,-1.280724238638938917e-02
-2.713916232440839738e-02,-2.713916232440839738e-02
-4.225493087347411553e-02,-4.225493087347411553e-02
-2.126015495627279345e-02,-2.126015495627279345e-02
-2.716088734105812780e-02,-2.716088734105812780e-02
-1.949116651148494889e-02,-1.949116651148494889e-02
-1.087579367526766289e-02,-1.087579367526766289e-02
-2.798484706608857231e-02,-2.798484706608857231e-02
-2.652989978997913334e-02,-2.652989978997913334e-02
-6.089956224836422238e-02,-6.089956224836422238e-02
-3.817207442055925437e-02,-3.817207442055925437e-02
-1.175590870841849989e-02,-1.175590870841849989e-02
-2.397868606027819816e-02,-2.397868606027819816e-02
-2.509913929267277438e-02,-2.509913929267277438e-02
-4.452618061939027372e-02,-4.452618061939027372e-02
-9.895668701823526203e-03,-9.895668701823526203e-03
-2.311789837010385512e-02,-2.311789837010385512e-02
-3.824709369526440444e-02,-3.824709369526440444e-02
-2.047320425108986597e-02,-2.047320425108986597e-02
-4.957949969323007661e-02,-4.957949969323007661e-02
-3.306713294384169832e-02,-3.306713294384169832e-02
-1.863167789297279220e-02,-1.863167789297279220e-02
-1.636468061050449369e-02,-1.636468061050449369e-02
-2.017202626780981861e-02,-2.017202626780981861e-02
-2.081680342742028497e-02,-2.081680342742028497e-02
4.688286756057664234e-03,4.688286756057664234e-03
-2.670683475778267216e-02,-2.670683475778267216e-02
-1.862197768137320575e-03,-1.862197768137320575e-03
-1.541627344877804368e-02,-1.541627344877804368e-02
-1.241769519713989411e-02,-1.241769519713989411e-02
-2.072394840305709710e-02,-2.072394840305709710e-02
-1.165945256365128607e-02,-1.165945256365128607e-02
2.189649304980514910e-03,2.189649304980514910e-03
-5.886367682603907414e-03,-5.886367682603907414e-03
1.378280445622897046e-02,1.378280445622897046e-02
-1.839054566196629548e-02,-1.839054566196629548e-02
-3.221749299754822493e-02,-3.221749299754822493e-02
-1.834302242907946690e-02,-1.834302242907946690e-02
-3.758515412653926080e-02,-3.758515412653926080e-02
-1.264400444112311062e-02,-1.264400444112311062e-02
-1.799610826148161091e-02,-1.799610826148161091e-02
-2.357738426992739278e-02,-2.357738426992739278e-02
-2.128026405571336460e-02,-2.128026405571336460e-02
-2.553784680690581593e-02,-2.553784680690581593e-02
-3.452913411237863717e-02,-3.452913411237863717e-02
-2.794900635920038318e-03,-2.794900635920038318e-03
-2.848885942747555328e-02,-2.848885942747555328e-02
-3.268099667239934142e-02,-3.268099667239934142e-02
-3.064964656134483434e-03,-3.064964656134483434e-03
-2.126664610435986119e-02,-2.126664610435986119e-02
-1.861753956811515454e-02,-1.861753956811515454e-02
-2.047763902924054635e-02,-2.047763902924054635e-02
-2.165814711364247996e-02,-2.165814711364247996e-02
-2.490133532640067746e-02,-2.490133532640067746e-02
-4.558468709083867559e-02,-4.558468709083867559e-02
-7.415523169714801494e-03,-7.415523169714801494e-03
-1.073213260717609946e-02,-1.073213260717609946e-02
-1.483852203822320220e-02,-1.483852203822320220e-02
-1.013077914899975646e-02,-1.013077914899975646e-02
-4.280180136742889330e-03,-4.280180136742889330e-03
-4.299690028684460125e-02,-4.299690028684460125e-02
-3.640900111938592809e-02,-3.640900111938592809e-02
-2.671614515991880406e-02,-2.671614515991880406e-02
-3.506041869602767591e-02,-3.506041869602767591e-02
-1.967002337085776292e-02,-1.967002337085776292e-02
-2.748248925698560177e-02,-2.748248925698560177e-02
-3.573273050689222685e-02,-3.573273050689222685e-02
-5.360679018352174086e-02,-5.360679018352174086e-02
-1.091977227413776230e-02,-1.091977227413776230e-02
-2.472874644219686530e-02,-2.472874644219686530e-02
1.926442449710713545e-03,1.926442449710713545e-03
-3.105120579796364494e-02,-3.105120579796364494e-02
-1.417686955927045800e-02,-1.417686955927045800e-02
2.215564821990163163e-03,2.215564821990163163e-03
-2.761434114273743357e-02,-2.761434114273743357e-02
-9.387168605243821629e-03,-9.387168605243821629e-03
-1.278253615073987604e-02,-1.278253615073987604e-02
-2.876725456916723669e-02,-2.876725456916723669e-02
-2.817324245928973930e-02,-2.817324245928973930e-02
-3.611880077291228230e-02,-3.611880077291228230e-02
-2.610973779972131786e-02,-2.610973779972131786e-02
-1.890678120971062831e-03,-1.890678120971062831e-03
-2.137848395113629840e-02,-2.137848395113629840e-02
-2.221199801535472806e-02,-2.221199801535472806e-02
-4.178999005938837524e-02,-4.178999005938837524e-02
-4.772314402169738207e-02,-4.772314402169738207e-02
-6.796722509001072027e-03,-6.796722509001072027e-03
-2.657166264657638555e-02,-2.657166264657638555e-02
