1.839599609375000000e-01,1.839599609375000000e-01
1.857299804687500000e-01,1.857299804687500000e-01
1.878051757812500000e-01,1.878051757812500000e-01
1.890258789062500000e-01,1.890258789062500000e-01
1.883544921875000000e-01,1.883544921875000000e-01
1.881408691406250000e-01,1.881408691406250000e-01
1.928710937500000000e-01,1.928710937500000000e-01
1.988220214843750000e-01,1.988220214843750000e-01
1.986999511718750000e-01,1.986999511718750000e-01
1.957092285156250000e-01,1.957092285156250000e-01
1.968688964843750000e-01,1.968688964843750000e-01
2.006225585937500000e-01,2.006225585937500000e-01
2.013244628906250000e-01,2.013244628906250000e-01
1.969604492187500000e-01,1.969604492187500000e-01
1.904907226562500000e-01,1.904907226562500000e-01
1.878662109375000000e-01,1.878662109375000000e-01
1.902770996093750000e-01,1.902770996093750000e-01
1.904296875000000000e-01,1.904296875000000000e-01
1.849975585937500000e-01,1.849975585937500000e-01
1.818847656250000000e-01,1.818847656250000000e-01
1.855773925781250000e-01,1.855773925781250000e-01
1.894836425781250000e-01,1.894836425781250000e-01
1.883239746093750000e-01,1.883239746093750000e-01
1.840209960937500000e-01,1.840209960937500000e-01
1.801147460937500000e-01,1.801147460937500000e-01
1.795654296875000000e-01,1.795654296875000000e-01
1.794738769531250000e-01,1.794738769531250000e-01
1.737976074218750000e-01,1.737976074218750000e-01
1.640319824218750000e-01,1.640319824218750000e-01
1.561889648437500000e-01,1.561889648437500000e-01
1.532897949218750000e-01,1.532897949218750000e-01
1.524658203125000000e-01,1.524658203125000000e-01
1.505126953125000000e-01,1.505126953125000000e-01
1.470336914062500000e-01,1.470336914062500000e-01
1.445617675781250000e-01,1.445617675781250000e-01
1.455993652343750000e-01,1.455993652343750000e-01
1.475524902343750000e-01,1.475524902343750000e-01
1.481018066406250000e-01,1.481018066406250000e-01
1.473693847656250000e-01,1.473693847656250000e-01
1.457519531250000000e-01,1.457519531250000000e-01
1.445617675781250000e-01,1.445617675781250000e-01
1.442871093750000000e-01,1.442871093750000000e-01
1.423339843750000000e-01,1.423339843750000000e-01
1.385498046875000000e-01,1.385498046875000000e-01
1.366271972656250000e-01,1.366271972656250000e-01
1.347045898437500000e-01,1.347045898437500000e-01
1.304321289062500000e-01,1.304321289062500000e-01
1.275024414062500000e-01,1.275024414062500000e-01
1.275024414062500000e-01,1.275024414062500000e-01
1.297912597656250000e-01,1.297912597656250000e-01
1.322021484375000000e-01,1.322021484375000000e-01
1.335754394531250000e-01,1.335754394531250000e-01
1.354980468750000000e-01,1.354980468750000000e-01
1.352539062500000000e-01,1.352539062500000000e-01
1.317443847656250000e-01,1.317443847656250000e-01
1.296691894531250000e-01,1.296691894531250000e-01
1.298522949218750000e-01,1.298522949218750000e-01
1.284179687500000000e-01,1.284179687500000000e-01
1.233825683593750000e-01,1.233825683593750000e-01
1.190795898437500000e-01,1.190795898437500000e-01
1.168518066406250000e-01,1.168518066406250000e-01
1.138000488281250000e-01,1.138000488281250000e-01
1.129150390625000000e-01,1.129150390625000000e-01
1.130371093750000000e-01,1.130371093750000000e-01
1.117553710937500000e-01,1.117553710937500000e-01
1.126708984375000000e-01,1.126708984375000000e-01
1.132202148437500000e-01,1.132202148437500000e-01
1.091918945312500000e-01,1.091918945312500000e-01
1.028442382812500000e-01,1.028442382812500000e-01
9.893798828125000000e-02,9.893798828125000000e-02
9.945678710937500000e-02,9.945678710937500000e-02
9.866333007812500000e-02,9.866333007812500000e-02
9.408569335937500000e-02,9.408569335937500000e-02
9.140014648437500000e-02,9.140014648437500000e-02
9.045410156250000000e-02,9.045410156250000000e-02
8.755493164062500000e-02,8.755493164062500000e-02
8.450317382812500000e-02,8.450317382812500000e-02
8.129882812500000000e-02,8.129882812500000000e-02
7.693481445312500000e-02,7.693481445312500000e-02
7.400512695312500000e-02,7.400512695312500000e-02
7.296752929687500000e-02,7.296752929687500000e-02
6.988525390625000000e-02,6.988525390625000000e-02
6.082153320312500000e-02,6.082153320312500000e-02
4.983520507812500000e-02,4.983520507812500000e-02
4.379272460937500000e-02,4.379272460937500000e-02
3.881835937500000000e-02,3.881835937500000000e-02
3.161621093750000000e-02,3.161621093750000000e-02
2.618408203125000000e-02,2.618408203125000000e-02
2.084350585937500000e-02,2.084350585937500000e-02
1.550292968750000000e-02,1.550292968750000000e-02
1.428222656250000000e-02,1.428222656250000000e-02
1.416015625000000000e-02,1.416015625000000000e-02
1.043701171875000000e-02,1.043701171875000000e-02
3.906250000000000000e-03,3.906250000000000000e-03
1.373291015625000000e-03,1.373291015625000000e-03
1.495361328125000000e-03,1.495361328125000000e-03
-5.950927734375000000e-03,-5.950927734375000000e-03
-1.983642578125000000e-02,-1.983642578125000000e-02
-3.439331054687500000e-02,-3.439331054687500000e-02
-4.843139648437500000e-02,-4.843139648437500000e-02
-5.853271484375000000e-02,-5.853271484375000000e-02
-6.167602539062500000e-02,-6.167602539062500000e-02
-6.454467773437500000e-02,-6.454467773437500000e-02
-7.598876953125000000e-02,-7.598876953125000000e-02
-8.834838867187500000e-02,-8.834838867187500000e-02
-8.959960937500000000e-02,-8.959960937500000000e-02
-8.755493164062500000e-02,-8.755493164062500000e-02
-9.118652343750000000e-02,-9.118652343750000000e-02
-9.457397460937500000e-02,-9.457397460937500000e-02
-9.979248046875000000e-02,-9.979248046875000000e-02
-1.082458496093750000e-01,-1.082458496093750000e-01
-1.100463867187500000e-01,-1.100463867187500000e-01
-1.136779785156250000e-01,-1.136779785156250000e-01
-1.305236816406250000e-01,-1.305236816406250000e-01
-1.490783691406250000e-01,-1.490783691406250000e-01
-1.590881347656250000e-01,-1.590881347656250000e-01
-1.609802246093750000e-01,-1.609802246093750000e-01
-1.595764160156250000e-01,-1.595764160156250000e-01
-1.654663085937500000e-01,-1.654663085937500000e-01
-1.775512695312500000e-01,-1.775512695312500000e-01
-1.823425292968750000e-01,-1.823425292968750000e-01
-1.754455566406250000e-01,-1.754455566406250000e-01
-1.629028320312500000e-01,-1.629028320312500000e-01
-1.566467285156250000e-01,-1.566467285156250000e-01
-1.610412597656250000e-01,-1.610412597656250000e-01
-1.643981933593750000e-01,-1.643981933593750000e-01
-1.611938476562500000e-01,-1.611938476562500000e-01
-1.598815917968750000e-01,-1.598815917968750000e-01
-1.673583984375000000e-01,-1.673583984375000000e-01
-1.808471679687500000e-01,-1.808471679687500000e-01
-1.884460449218750000e-01,-1.884460449218750000e-01
-1.825866699218750000e-01,-1.825866699218750000e-01
-1.756286621093750000e-01,-1.756286621093750000e-01
-1.813659667968750000e-01,-1.813659667968750000e-01
-1.914978027343750000e-01,-1.914978027343750000e-01
-1.954040527343750000e-01,-1.954040527343750000e-01
-1.931457519531250000e-01,-1.931457519531250000e-01
-1.831054687500000000e-01,-1.831054687500000000e-01
-1.701354980468750000e-01,-1.701354980468750000e-01
-1.675109863281250000e-01,-1.675109863281250000e-01
-1.729736328125000000e-01,-1.729736328125000000e-01
-1.700134277343750000e-01,-1.700134277343750000e-01
-1.557006835937500000e-01,-1.557006835937500000e-01
-1.462097167968750000e-01,-1.462097167968750000e-01
-1.498718261718750000e-01,-1.498718261718750000e-01
-1.521911621093750000e-01,-1.521911621093750000e-01
-1.424865722656250000e-01,-1.424865722656250000e-01
-1.304931640625000000e-01,-1.304931640625000000e-01
-1.265869140625000000e-01,-1.265869140625000000e-01
-1.287231445312500000e-01,-1.287231445312500000e-01
-1.289978027343750000e-01,-1.289978027343750000e-01
-1.224670410156250000e-01,-1.224670410156250000e-01
-1.131896972656250000e-01,-1.131896972656250000e-01
-1.089782714843750000e-01,-1.089782714843750000e-01
-1.088256835937500000e-01,-1.088256835937500000e-01
-1.082458496093750000e-01,-1.082458496093750000e-01
-1.045532226562500000e-01,-1.045532226562500000e-01
-9.851074218750000000e-02,-9.851074218750000000e-02
-1.009521484375000000e-01,-1.009521484375000000e-01
-1.097412109375000000e-01,-1.097412109375000000e-01
-1.086120605468750000e-01,-1.086120605468750000e-01
-1.004333496093750000e-01,-1.004333496093750000e-01
-9.680175781250000000e-02,-9.680175781250000000e-02
-9.811401367187500000e-02,-9.811401367187500000e-02
-1.050109863281250000e-01,-1.050109863281250000e-01
-1.166381835937500000e-01,-1.166381835937500000e-01
-1.262512207031250000e-01,-1.262512207031250000e-01
-1.308288574218750000e-01,-1.308288574218750000e-01
-1.336364746093750000e-01,-1.336364746093750000e-01
-1.404724121093750000e-01,-1.404724121093750000e-01
-1.489257812500000000e-01,-1.489257812500000000e-01
-1.522827148437500000e-01,-1.522827148437500000e-01
-1.535644531250000000e-01,-1.535644531250000000e-01
-1.561889648437500000e-01,-1.561889648437500000e-01
-1.589050292968750000e-01,-1.589050292968750000e-01
-1.584777832031250000e-01,-1.584777832031250000e-01
-1.521606445312500000e-01,-1.521606445312500000e-01
-1.471862792968750000e-01,-1.471862792968750000e-01
-1.471557617187500000e-01,-1.471557617187500000e-01
-1.452331542968750000e-01,-1.452331542968750000e-01
-1.454162597656250000e-01,-1.454162597656250000e-01
-1.540222167968750000e-01,-1.540222167968750000e-01
-1.638488769531250000e-01,-1.638488769531250000e-01
-1.646423339843750000e-01,-1.646423339843750000e-01
-1.556396484375000000e-01,-1.556396484375000000e-01
-1.498413085937500000e-01,-1.498413085937500000e-01
-1.608886718750000000e-01,-1.608886718750000000e-01
-1.779174804687500000e-01,-1.779174804687500000e-01
-1.756591796875000000e-01,-1.756591796875000000e-01
-1.587829589843750000e-01,-1.587829589843750000e-01
-1.494445800781250000e-01,-1.494445800781250000e-01
-1.473999023437500000e-01,-1.473999023437500000e-01
-1.491088867187500000e-01,-1.491088867187500000e-01
-1.496887207031250000e-01,-1.496887207031250000e-01
-1.387634277343750000e-01,-1.387634277343750000e-01
-1.329345703125000000e-01,-1.329345703125000000e-01
-1.493530273437500000e-01,-1.493530273437500000e-01
-1.660461425781250000e-01,-1.660461425781250000e-01
-1.644287109375000000e-01,-1.644287109375000000e-01
-1.536865234375000000e-01,-1.536865234375000000e-01
-1.463012695312500000e-01,-1.463012695312500000e-01
-1.565856933593750000e-01,-1.565856933593750000e-01
-1.755981445312500000e-01,-1.755981445312500000e-01
-1.734008789062500000e-01,-1.734008789062500000e-01
-1.566772460937500000e-01,-1.566772460937500000e-01
-1.411132812500000000e-01,-1.411132812500000000e-01
-1.227111816406250000e-01,-1.227111816406250000e-01
-1.128845214843750000e-01,-1.128845214843750000e-01
-1.087036132812500000e-01,-1.087036132812500000e-01
-8.926391601562500000e-02,-8.926391601562500000e-02
-6.961059570312500000e-02,-6.961059570312500000e-02
-6.057739257812500000e-02,-6.057739257812500000e-02
-4.458618164062500000e-02,-4.458618164062500000e-02
-2.896118164062500000e-02,-2.896118164062500000e-02
-2.307128906250000000e-02,-2.307128906250000000e-02
-1.412963867187500000e-02,-1.412963867187500000e-02
-5.706787109375000000e-03,-5.706787109375000000e-03
-3.997802734375000000e-03,-3.997802734375000000e-03
-6.103515625000000000e-05,-6.103515625000000000e-05
3.875732421875000000e-03,3.875732421875000000e-03
7.110595703125000000e-03,7.110595703125000000e-03
2.111816406250000000e-02,2.111816406250000000e-02
3.631591796875000000e-02,3.631591796875000000e-02
3.952026367187500000e-02,3.952026367187500000e-02
4.254150390625000000e-02,4.254150390625000000e-02
5.084228515625000000e-02,5.084228515625000000e-02
6.167602539062500000e-02,6.167602539062500000e-02
7.739257812500000000e-02,7.739257812500000000e-02
8.993530273437500000e-02,8.993530273437500000e-02
9.704589843750000000e-02,9.704589843750000000e-02
1.061401367187500000e-01,1.061401367187500000e-01
1.142578125000000000e-01,1.142578125000000000e-01
1.196594238281250000e-01,1.196594238281250000e-01
1.228332519531250000e-01,1.228332519531250000e-01
1.237182617187500000e-01,1.237182617187500000e-01
1.280517578125000000e-01,1.280517578125000000e-01
1.364440917968750000e-01,1.364440917968750000e-01
1.452941894531250000e-01,1.452941894531250000e-01
1.512145996093750000e-01,1.512145996093750000e-01
1.524963378906250000e-01,1.524963378906250000e-01
1.559753417968750000e-01,1.559753417968750000e-01
1.659851074218750000e-01,1.659851074218750000e-01
1.764526367187500000e-01,1.764526367187500000e-01
1.838989257812500000e-01,1.838989257812500000e-01
1.929016113281250000e-01,1.929016113281250000e-01
2.023010253906250000e-01,2.023010253906250000e-01
2.033996582031250000e-01,2.033996582031250000e-01
1.975097656250000000e-01,1.975097656250000000e-01
1.965026855468750000e-01,1.965026855468750000e-01
2.045898437500000000e-01,2.045898437500000000e-01
2.124633789062500000e-01,2.124633789062500000e-01
2.125549316406250000e-01,2.125549316406250000e-01
2.073059082031250000e-01,2.073059082031250000e-01
2.009887695312500000e-01,2.009887695312500000e-01
2.010192871093750000e-01,2.010192871093750000e-01
2.102355957031250000e-01,2.102355957031250000e-01
2.160644531250000000e-01,2.160644531250000000e-01
2.127380371093750000e-01,2.127380371093750000e-01
2.082519531250000000e-01,2.082519531250000000e-01
2.078552246093750000e-01,2.078552246093750000e-01
2.132263183593750000e-01,2.132263183593750000e-01
2.187500000000000000e-01,2.187500000000000000e-01
2.157897949218750000e-01,2.157897949218750000e-01
2.061767578125000000e-01,2.061767578125000000e-01
1.992492675781250000e-01,1.992492675781250000e-01
2.003784179687500000e-01,2.003784179687500000e-01
2.040405273437500000e-01,2.040405273437500000e-01
2.021179199218750000e-01,2.021179199218750000e-01
1.954345703125000000e-01,1.954345703125000000e-01
1.906433105468750000e-01,1.906433105468750000e-01
1.913146972656250000e-01,1.913146972656250000e-01
1.943054199218750000e-01,1.943054199218750000e-01
1.936645507812500000e-01,1.936645507812500000e-01
1.871337890625000000e-01,1.871337890625000000e-01
1.800537109375000000e-01,1.800537109375000000e-01
1.786804199218750000e-01,1.786804199218750000e-01
1.796569824218750000e-01,1.796569824218750000e-01
1.753845214843750000e-01,1.753845214843750000e-01
1.682128906250000000e-01,1.682128906250000000e-01
1.640014648437500000e-01,1.640014648437500000e-01
1.628112792968750000e-01,1.628112792968750000e-01
1.632690429687500000e-01,1.632690429687500000e-01
1.634521484375000000e-01,1.634521484375000000e-01
1.608886718750000000e-01,1.608886718750000000e-01
1.571350097656250000e-01,1.571350097656250000e-01
1.570129394531250000e-01,1.570129394531250000e-01
1.600341796875000000e-01,1.600341796875000000e-01
1.604919433593750000e-01,1.604919433593750000e-01
1.581115722656250000e-01,1.581115722656250000e-01
1.549987792968750000e-01,1.549987792968750000e-01
1.522827148437500000e-01,1.522827148437500000e-01
1.515502929687500000e-01,1.515502929687500000e-01
1.502990722656250000e-01,1.502990722656250000e-01
1.455688476562500000e-01,1.455688476562500000e-01
1.388549804687500000e-01,1.388549804687500000e-01
1.339416503906250000e-01,1.339416503906250000e-01
1.322937011718750000e-01,1.322937011718750000e-01
1.295776367187500000e-01,1.295776367187500000e-01
1.258239746093750000e-01,1.258239746093750000e-01
1.246643066406250000e-01,1.246643066406250000e-01
1.236572265625000000e-01,1.236572265625000000e-01
1.223754882812500000e-01,1.223754882812500000e-01
1.223754882812500000e-01,1.223754882812500000e-01
1.207885742187500000e-01,1.207885742187500000e-01
1.170654296875000000e-01,1.170654296875000000e-01
1.159667968750000000e-01,1.159667968750000000e-01
1.173400878906250000e-01,1.173400878906250000e-01
1.163024902343750000e-01,1.163024902343750000e-01
1.148376464843750000e-01,1.148376464843750000e-01
1.144104003906250000e-01,1.144104003906250000e-01
1.125183105468750000e-01,1.125183105468750000e-01
1.121215820312500000e-01,1.121215820312500000e-01
1.138305664062500000e-01,1.138305664062500000e-01
1.139831542968750000e-01,1.139831542968750000e-01
1.126708984375000000e-01,1.126708984375000000e-01
1.086120605468750000e-01,1.086120605468750000e-01
1.012573242187500000e-01,1.012573242187500000e-01
9.555053710937500000e-02,9.555053710937500000e-02
9.259033203125000000e-02,9.259033203125000000e-02
8.981323242187500000e-02,8.981323242187500000e-02
8.520507812500000000e-02,8.520507812500000000e-02
7.797241210937500000e-02,7.797241210937500000e-02
7.208251953125000000e-02,7.208251953125000000e-02
6.857299804687500000e-02,6.857299804687500000e-02
6.469726562500000000e-02,6.469726562500000000e-02
6.048583984375000000e-02,6.048583984375000000e-02
5.569458007812500000e-02,5.569458007812500000e-02
4.821777343750000000e-02,4.821777343750000000e-02
4.171752929687500000e-02,4.171752929687500000e-02
4.119873046875000000e-02,4.119873046875000000e-02
3.894042968750000000e-02,3.894042968750000000e-02
2.960205078125000000e-02,2.960205078125000000e-02
2.105712890625000000e-02,2.105712890625000000e-02
1.635742187500000000e-02,1.635742187500000000e-02
1.321411132812500000e-02,1.321411132812500000e-02
1.132202148437500000e-02,1.132202148437500000e-02
6.530761718750000000e-03,6.530761718750000000e-03
-2.166748046875000000e-03,-2.166748046875000000e-03
-7.385253906250000000e-03,-7.385253906250000000e-03
-6.011962890625000000e-03,-6.011962890625000000e-03
-3.906250000000000000e-03,-3.906250000000000000e-03
-7.904052734375000000e-03,-7.904052734375000000e-03
-1.495361328125000000e-02,-1.495361328125000000e-02
-1.956176757812500000e-02,-1.956176757812500000e-02
-2.502441406250000000e-02,-2.502441406250000000e-02
-3.302001953125000000e-02,-3.302001953125000000e-02
-4.168701171875000000e-02,-4.168701171875000000e-02
-5.487060546875000000e-02,-5.487060546875000000e-02
-7.315063476562500000e-02,-7.315063476562500000e-02
-8.428955078125000000e-02,-8.428955078125000000e-02
-8.419799804687500000e-02,-8.419799804687500000e-02
-8.767700195312500000e-02,-8.767700195312500000e-02
-1.006774902343750000e-01,-1.006774902343750000e-01
-1.120605468750000000e-01,-1.120605468750000000e-01
-1.157531738281250000e-01,-1.157531738281250000e-01
-1.162719726562500000e-01,-1.162719726562500000e-01
-1.161499023437500000e-01,-1.161499023437500000e-01
-1.162414550781250000e-01,-1.162414550781250000e-01
-1.217346191406250000e-01,-1.217346191406250000e-01
-1.305236816406250000e-01,-1.305236816406250000e-01
-1.309814453125000000e-01,-1.309814453125000000e-01
-1.269531250000000000e-01,-1.269531250000000000e-01
-1.330871582031250000e-01,-1.330871582031250000e-01
-1.458129882812500000e-01,-1.458129882812500000e-01
-1.513061523437500000e-01,-1.513061523437500000e-01
-1.495361328125000000e-01,-1.495361328125000000e-01
-1.495056152343750000e-01,-1.495056152343750000e-01
-1.530761718750000000e-01,-1.530761718750000000e-01
-1.584472656250000000e-01,-1.584472656250000000e-01
-1.644592285156250000e-01,-1.644592285156250000e-01
-1.641235351562500000e-01,-1.641235351562500000e-01
-1.535949707031250000e-01,-1.535949707031250000e-01
-1.442260742187500000e-01,-1.442260742187500000e-01
-1.497192382812500000e-01,-1.497192382812500000e-01
-1.615905761718750000e-01,-1.615905761718750000e-01
-1.629638671875000000e-01,-1.629638671875000000e-01
-1.598510742187500000e-01,-1.598510742187500000e-01
-1.624450683593750000e-01,-1.624450683593750000e-01
-1.667785644531250000e-01,-1.667785644531250000e-01
-1.714477539062500000e-01,-1.714477539062500000e-01
-1.763610839843750000e-01,-1.763610839843750000e-01
-1.752929687500000000e-01,-1.752929687500000000e-01
-1.708374023437500000e-01,-1.708374023437500000e-01
-1.723937988281250000e-01,-1.723937988281250000e-01
-1.777343750000000000e-01,-1.777343750000000000e-01
-1.758728027343750000e-01,-1.758728027343750000e-01
-1.628723144531250000e-01,-1.628723144531250000e-01
-1.516723632812500000e-01,-1.516723632812500000e-01
-1.503601074218750000e-01,-1.503601074218750000e-01
-1.512145996093750000e-01,-1.512145996093750000e-01
-1.481933593750000000e-01,-1.481933593750000000e-01
-1.388549804687500000e-01,-1.388549804687500000e-01
-1.257934570312500000e-01,-1.257934570312500000e-01
-1.154479980468750000e-01,-1.154479980468750000e-01
-1.112670898437500000e-01,-1.112670898437500000e-01
-1.134033203125000000e-01,-1.134033203125000000e-01
-1.136169433593750000e-01,-1.136169433593750000e-01
-1.072387695312500000e-01,-1.072387695312500000e-01
-1.015625000000000000e-01,-1.015625000000000000e-01
-9.902954101562500000e-02,-9.902954101562500000e-02
-9.802246093750000000e-02,-9.802246093750000000e-02
-1.008605957031250000e-01,-1.008605957031250000e-01
-1.041259765625000000e-01,-1.041259765625000000e-01
-1.036682128906250000e-01,-1.036682128906250000e-01
-1.040649414062500000e-01,-1.040649414062500000e-01
-1.079406738281250000e-01,-1.079406738281250000e-01
-1.118164062500000000e-01,-1.118164062500000000e-01
-1.112365722656250000e-01,-1.112365722656250000e-01
-1.070251464843750000e-01,-1.070251464843750000e-01
-1.067504882812500000e-01,-1.067504882812500000e-01
-1.089477539062500000e-01,-1.089477539062500000e-01
-1.075744628906250000e-01,-1.075744628906250000e-01
-1.074829101562500000e-01,-1.074829101562500000e-01
-1.078491210937500000e-01,-1.078491210937500000e-01
-1.016540527343750000e-01,-1.016540527343750000e-01
-9.808349609375000000e-02,-9.808349609375000000e-02
-1.082763671875000000e-01,-1.082763671875000000e-01
-1.208496093750000000e-01,-1.208496093750000000e-01
-1.248779296875000000e-01,-1.248779296875000000e-01
-1.289367675781250000e-01,-1.289367675781250000e-01
-1.332092285156250000e-01,-1.332092285156250000e-01
-1.356811523437500000e-01,-1.356811523437500000e-01
-1.449890136718750000e-01,-1.449890136718750000e-01
-1.524963378906250000e-01,-1.524963378906250000e-01
-1.500549316406250000e-01,-1.500549316406250000e-01
-1.491394042968750000e-01,-1.491394042968750000e-01
-1.520080566406250000e-01,-1.520080566406250000e-01
-1.527709960937500000e-01,-1.527709960937500000e-01
-1.518249511718750000e-01,-1.518249511718750000e-01
-1.502380371093750000e-01,-1.502380371093750000e-01
-1.482238769531250000e-01,-1.482238769531250000e-01
-1.466064453125000000e-01,-1.466064453125000000e-01
-1.498413085937500000e-01,-1.498413085937500000e-01
-1.597900390625000000e-01,-1.597900390625000000e-01
-1.654663085937500000e-01,-1.654663085937500000e-01
-1.622619628906250000e-01,-1.622619628906250000e-01
-1.595458984375000000e-01,-1.595458984375000000e-01
-1.600952148437500000e-01,-1.600952148437500000e-01
-1.659851074218750000e-01,-1.659851074218750000e-01
-1.744995117187500000e-01,-1.744995117187500000e-01
-1.697692871093750000e-01,-1.697692871093750000e-01
-1.545715332031250000e-01,-1.545715332031250000e-01
-1.475219726562500000e-01,-1.475219726562500000e-01
-1.471252441406250000e-01,-1.471252441406250000e-01
-1.437377929687500000e-01,-1.437377929687500000e-01
-1.383972167968750000e-01,-1.383972167968750000e-01
-1.320190429687500000e-01,-1.320190429687500000e-01
-1.260070800781250000e-01,-1.260070800781250000e-01
-1.270141601562500000e-01,-1.270141601562500000e-01
-1.323547363281250000e-01,-1.323547363281250000e-01
-1.279296875000000000e-01,-1.279296875000000000e-01
-1.154174804687500000e-01,-1.154174804687500000e-01
-1.118774414062500000e-01,-1.118774414062500000e-01
-1.174011230468750000e-01,-1.174011230468750000e-01
-1.191101074218750000e-01,-1.191101074218750000e-01
-1.159362792968750000e-01,-1.159362792968750000e-01
-1.080322265625000000e-01,-1.080322265625000000e-01
-9.078979492187500000e-02,-9.078979492187500000e-02
-7.833862304687500000e-02,-7.833862304687500000e-02
-8.221435546875000000e-02,-8.221435546875000000e-02
-7.904052734375000000e-02,-7.904052734375000000e-02
-5.599975585937500000e-02,-5.599975585937500000e-02
-3.848266601562500000e-02,-3.848266601562500000e-02
-3.240966796875000000e-02,-3.240966796875000000e-02
-1.937866210937500000e-02,-1.937866210937500000e-02
-4.180908203125000000e-03,-4.180908203125000000e-03
5.706787109375000000e-03,5.706787109375000000e-03
1.763916015625000000e-02,1.763916015625000000e-02
3.045654296875000000e-02,3.045654296875000000e-02
3.872680664062500000e-02,3.872680664062500000e-02
4.238891601562500000e-02,4.238891601562500000e-02
4.803466796875000000e-02,4.803466796875000000e-02
5.847167968750000000e-02,5.847167968750000000e-02
6.671142578125000000e-02,6.671142578125000000e-02
7.348632812500000000e-02,7.348632812500000000e-02
8.065795898437500000e-02,8.065795898437500000e-02
8.444213867187500000e-02,8.444213867187500000e-02
8.959960937500000000e-02,8.959960937500000000e-02
9.945678710937500000e-02,9.945678710937500000e-02
1.106872558593750000e-01,1.106872558593750000e-01
1.236572265625000000e-01,1.236572265625000000e-01
1.350708007812500000e-01,1.350708007812500000e-01
1.439514160156250000e-01,1.439514160156250000e-01
1.549682617187500000e-01,1.549682617187500000e-01
1.627502441406250000e-01,1.627502441406250000e-01
1.631164550781250000e-01,1.631164550781250000e-01
1.644592285156250000e-01,1.644592285156250000e-01
1.718139648437500000e-01,1.718139648437500000e-01
1.767883300781250000e-01,1.767883300781250000e-01
1.747436523437500000e-01,1.747436523437500000e-01
1.744689941406250000e-01,1.744689941406250000e-01
1.740417480468750000e-01,1.740417480468750000e-01
1.676635742187500000e-01,1.676635742187500000e-01
1.671752929687500000e-01,1.671752929687500000e-01
1.751708984375000000e-01,1.751708984375000000e-01
1.790466308593750000e-01,1.790466308593750000e-01
1.813049316406250000e-01,1.813049316406250000e-01
1.905822753906250000e-01,1.905822753906250000e-01
2.005310058593750000e-01,2.005310058593750000e-01
2.042541503906250000e-01,2.042541503906250000e-01
2.063598632812500000e-01,2.063598632812500000e-01
2.135314941406250000e-01,2.135314941406250000e-01
2.230529785156250000e-01,2.230529785156250000e-01
2.282104492187500000e-01,2.282104492187500000e-01
2.282409667968750000e-01,2.282409667968750000e-01
2.232360839843750000e-01,2.232360839843750000e-01
2.152404785156250000e-01,2.152404785156250000e-01
2.116394042968750000e-01,2.116394042968750000e-01
2.117614746093750000e-01,2.117614746093750000e-01
2.080993652343750000e-01,2.080993652343750000e-01
2.008972167968750000e-01,2.008972167968750000e-01
1.958312988281250000e-01,1.958312988281250000e-01
1.954345703125000000e-01,1.954345703125000000e-01
1.958312988281250000e-01,1.958312988281250000e-01
1.939697265625000000e-01,1.939697265625000000e-01
1.913146972656250000e-01,1.913146972656250000e-01
1.897277832031250000e-01,1.897277832031250000e-01
1.908264160156250000e-01,1.908264160156250000e-01
1.915283203125000000e-01,1.915283203125000000e-01
1.875610351562500000e-01,1.875610351562500000e-01
1.806335449218750000e-01,1.806335449218750000e-01
1.752319335937500000e-01,1.752319335937500000e-01
1.718750000000000000e-01,1.718750000000000000e-01
1.674804687500000000e-01,1.674804687500000000e-01
1.619262695312500000e-01,1.619262695312500000e-01
1.547851562500000000e-01,1.547851562500000000e-01
1.477966308593750000e-01,1.477966308593750000e-01
1.454162597656250000e-01,1.454162597656250000e-01
1.445312500000000000e-01,1.445312500000000000e-01
1.415405273437500000e-01,1.415405273437500000e-01
1.378173828125000000e-01,1.378173828125000000e-01
1.351928710937500000e-01,1.351928710937500000e-01
1.341552734375000000e-01,1.341552734375000000e-01
1.321411132812500000e-01,1.321411132812500000e-01
1.298522949218750000e-01,1.298522949218750000e-01
1.303405761718750000e-01,1.303405761718750000e-01
1.314086914062500000e-01,1.314086914062500000e-01
1.305541992187500000e-01,1.305541992187500000e-01
1.275329589843750000e-01,1.275329589843750000e-01
1.234436035156250000e-01,1.234436035156250000e-01
1.205139160156250000e-01,1.205139160156250000e-01
1.185607910156250000e-01,1.185607910156250000e-01
1.160888671875000000e-01,1.160888671875000000e-01
1.112670898437500000e-01,1.112670898437500000e-01
1.045837402343750000e-01,1.045837402343750000e-01
1.000366210937500000e-01,1.000366210937500000e-01
9.719848632812500000e-02,9.719848632812500000e-02
9.252929687500000000e-02,9.252929687500000000e-02
8.755493164062500000e-02,8.755493164062500000e-02
8.453369140625000000e-02,8.453369140625000000e-02
8.264160156250000000e-02,8.264160156250000000e-02
8.050537109375000000e-02,8.050537109375000000e-02
7.736206054687500000e-02,7.736206054687500000e-02
7.641601562500000000e-02,7.641601562500000000e-02
7.748413085937500000e-02,7.748413085937500000e-02
7.785034179687500000e-02,7.785034179687500000e-02
7.897949218750000000e-02,7.897949218750000000e-02
7.870483398437500000e-02,7.870483398437500000e-02
7.830810546875000000e-02,7.830810546875000000e-02
7.992553710937500000e-02,7.992553710937500000e-02
7.907104492187500000e-02,7.907104492187500000e-02
7.827758789062500000e-02,7.827758789062500000e-02
7.989501953125000000e-02,7.989501953125000000e-02
7.955932617187500000e-02,7.955932617187500000e-02
7.604980468750000000e-02,7.604980468750000000e-02
7.235717773437500000e-02,7.235717773437500000e-02
6.967163085937500000e-02,6.967163085937500000e-02
6.713867187500000000e-02,6.713867187500000000e-02
6.588745117187500000e-02,6.588745117187500000e-02
6.527709960937500000e-02,6.527709960937500000e-02
6.369018554687500000e-02,6.369018554687500000e-02
6.082153320312500000e-02,6.082153320312500000e-02
5.670166015625000000e-02,5.670166015625000000e-02
5.444335937500000000e-02,5.444335937500000000e-02
5.346679687500000000e-02,5.346679687500000000e-02
5.056762695312500000e-02,5.056762695312500000e-02
4.684448242187500000e-02,4.684448242187500000e-02
4.232788085937500000e-02,4.232788085937500000e-02
3.747558593750000000e-02,3.747558593750000000e-02
3.451538085937500000e-02,3.451538085937500000e-02
2.999877929687500000e-02,2.999877929687500000e-02
2.365112304687500000e-02,2.365112304687500000e-02
2.044677734375000000e-02,2.044677734375000000e-02
1.889038085937500000e-02,1.889038085937500000e-02
1.617431640625000000e-02,1.617431640625000000e-02
1.333618164062500000e-02,1.333618164062500000e-02
1.083374023437500000e-02,1.083374023437500000e-02
8.026123046875000000e-03,8.026123046875000000e-03
5.523681640625000000e-03,5.523681640625000000e-03
4.119873046875000000e-03,4.119873046875000000e-03
9.765625000000000000e-04,9.765625000000000000e-04
-6.195068359375000000e-03,-6.195068359375000000e-03
-1.409912109375000000e-02,-1.409912109375000000e-02
-1.959228515625000000e-02,-1.959228515625000000e-02
-2.600097656250000000e-02,-2.600097656250000000e-02
-3.692626953125000000e-02,-3.692626953125000000e-02
-4.812622070312500000e-02,-4.812622070312500000e-02
-5.679321289062500000e-02,-5.679321289062500000e-02
-6.738281250000000000e-02,-6.738281250000000000e-02
-7.745361328125000000e-02,-7.745361328125000000e-02
-8.102416992187500000e-02,-8.102416992187500000e-02
-8.395385742187500000e-02,-8.395385742187500000e-02
-9.301757812500000000e-02,-9.301757812500000000e-02
-1.008605957031250000e-01,-1.008605957031250000e-01
-1.027221679687500000e-01,-1.027221679687500000e-01
-1.076354980468750000e-01,-1.076354980468750000e-01
-1.154174804687500000e-01,-1.154174804687500000e-01
-1.182861328125000000e-01,-1.182861328125000000e-01
-1.205139160156250000e-01,-1.205139160156250000e-01
-1.275634765625000000e-01,-1.275634765625000000e-01
-1.340637207031250000e-01,-1.340637207031250000e-01
-1.355895996093750000e-01,-1.355895996093750000e-01
-1.406250000000000000e-01,-1.406250000000000000e-01
-1.523742675781250000e-01,-1.523742675781250000e-01
-1.600341796875000000e-01,-1.600341796875000000e-01
-1.606750488281250000e-01,-1.606750488281250000e-01
-1.624145507812500000e-01,-1.624145507812500000e-01
-1.676940917968750000e-01,-1.676940917968750000e-01
-1.718444824218750000e-01,-1.718444824218750000e-01
-1.744079589843750000e-01,-1.744079589843750000e-01
-1.777343750000000000e-01,-1.777343750000000000e-01
-1.777954101562500000e-01,-1.777954101562500000e-01
-1.750488281250000000e-01,-1.750488281250000000e-01
-1.782836914062500000e-01,-1.782836914062500000e-01
-1.852111816406250000e-01,-1.852111816406250000e-01
-1.868896484375000000e-01,-1.868896484375000000e-01
-1.870117187500000000e-01,-1.870117187500000000e-01
-1.908569335937500000e-01,-1.908569335937500000e-01
-1.943054199218750000e-01,-1.943054199218750000e-01
-1.953430175781250000e-01,-1.953430175781250000e-01
-1.992492675781250000e-01,-1.992492675781250000e-01
-2.064208984375000000e-01,-2.064208984375000000e-01
-2.097778320312500000e-01,-2.097778320312500000e-01
-2.095336914062500000e-01,-2.095336914062500000e-01
-2.094116210937500000e-01,-2.094116210937500000e-01
-2.080993652343750000e-01,-2.080993652343750000e-01
-2.040100097656250000e-01,-2.040100097656250000e-01
-2.004089355468750000e-01,-2.004089355468750000e-01
-1.986389160156250000e-01,-1.986389160156250000e-01
-1.911315917968750000e-01,-1.911315917968750000e-01
-1.784973144531250000e-01,-1.784973144531250000e-01
-1.713562011718750000e-01,-1.713562011718750000e-01
-1.685485839843750000e-01,-1.685485839843750000e-01
-1.612854003906250000e-01,-1.612854003906250000e-01
-1.522827148437500000e-01,-1.522827148437500000e-01
-1.505737304687500000e-01,-1.505737304687500000e-01
-1.538696289062500000e-01,-1.538696289062500000e-01
-1.566467285156250000e-01,-1.566467285156250000e-01
-1.588134765625000000e-01,-1.588134765625000000e-01
-1.569519042968750000e-01,-1.569519042968750000e-01
-1.519470214843750000e-01,-1.519470214843750000e-01
-1.521606445312500000e-01,-1.521606445312500000e-01
-1.580810546875000000e-01,-1.580810546875000000e-01
-1.585693359375000000e-01,-1.585693359375000000e-01
-1.479492187500000000e-01,-1.479492187500000000e-01
-1.387329101562500000e-01,-1.387329101562500000e-01
-1.353149414062500000e-01,-1.353149414062500000e-01
-1.268615722656250000e-01,-1.268615722656250000e-01
-1.173706054687500000e-01,-1.173706054687500000e-01
-1.112670898437500000e-01,-1.112670898437500000e-01
-1.053466796875000000e-01,-1.053466796875000000e-01
-1.031188964843750000e-01,-1.031188964843750000e-01
-1.033020019531250000e-01,-1.033020019531250000e-01
-1.053466796875000000e-01,-1.053466796875000000e-01
-1.117553710937500000e-01,-1.117553710937500000e-01
-1.164245605468750000e-01,-1.164245605468750000e-01
-1.174011230468750000e-01,-1.174011230468750000e-01
-1.190795898437500000e-01,-1.190795898437500000e-01
-1.222534179687500000e-01,-1.222534179687500000e-01
-1.212158203125000000e-01,-1.212158203125000000e-01
-1.113891601562500000e-01,-1.113891601562500000e-01
-1.042175292968750000e-01,-1.042175292968750000e-01
-1.022949218750000000e-01,-1.022949218750000000e-01
-8.932495117187500000e-02,-8.932495117187500000e-02
-7.623291015625000000e-02,-7.623291015625000000e-02
-7.415771484375000000e-02,-7.415771484375000000e-02
-6.149291992187500000e-02,-6.149291992187500000e-02
-4.150390625000000000e-02,-4.150390625000000000e-02
-3.909301757812500000e-02,-3.909301757812500000e-02
-4.827880859375000000e-02,-4.827880859375000000e-02
-5.117797851562500000e-02,-5.117797851562500000e-02
-5.014038085937500000e-02,-5.014038085937500000e-02
-5.059814453125000000e-02,-5.059814453125000000e-02
-4.510498046875000000e-02,-4.510498046875000000e-02
-3.753662109375000000e-02,-3.753662109375000000e-02
-4.336547851562500000e-02,-4.336547851562500000e-02
-5.261230468750000000e-02,-5.261230468750000000e-02
-4.754638671875000000e-02,-4.754638671875000000e-02
-3.894042968750000000e-02,-3.894042968750000000e-02
-3.607177734375000000e-02,-3.607177734375000000e-02
-3.167724609375000000e-02,-3.167724609375000000e-02
-2.664184570312500000e-02,-2.664184570312500000e-02
-2.499389648437500000e-02,-2.499389648437500000e-02
-2.407836914062500000e-02,-2.407836914062500000e-02
-2.230834960937500000e-02,-2.230834960937500000e-02
-2.276611328125000000e-02,-2.276611328125000000e-02
-2.334594726562500000e-02,-2.334594726562500000e-02
-1.831054687500000000e-02,-1.831054687500000000e-02
-1.321411132812500000e-02,-1.321411132812500000e-02
-1.370239257812500000e-02,-1.370239257812500000e-02
-1.324462890625000000e-02,-1.324462890625000000e-02
-8.361816406250000000e-03,-8.361816406250000000e-03
-2.746582031250000000e-04,-2.746582031250000000e-04
1.113891601562500000e-02,1.113891601562500000e-02
1.992797851562500000e-02,1.992797851562500000e-02
2.325439453125000000e-02,2.325439453125000000e-02
2.694702148437500000e-02,2.694702148437500000e-02
3.186035156250000000e-02,3.186035156250000000e-02
3.833007812500000000e-02,3.833007812500000000e-02
4.830932617187500000e-02,4.830932617187500000e-02
5.700683593750000000e-02,5.700683593750000000e-02
6.060791015625000000e-02,6.060791015625000000e-02
6.219482421875000000e-02,6.219482421875000000e-02
6.420898437500000000e-02,6.420898437500000000e-02
6.826782226562500000e-02,6.826782226562500000e-02
7.614135742187500000e-02,7.614135742187500000e-02
8.450317382812500000e-02,8.450317382812500000e-02
8.847045898437500000e-02,8.847045898437500000e-02
9.011840820312500000e-02,9.011840820312500000e-02
9.521484375000000000e-02,9.521484375000000000e-02
1.015930175781250000e-01,1.015930175781250000e-01
1.046142578125000000e-01,1.046142578125000000e-01
1.080932617187500000e-01,1.080932617187500000e-01
1.145324707031250000e-01,1.145324707031250000e-01
1.199035644531250000e-01,1.199035644531250000e-01
1.237182617187500000e-01,1.237182617187500000e-01
1.270141601562500000e-01,1.270141601562500000e-01
1.278076171875000000e-01,1.278076171875000000e-01
1.288757324218750000e-01,1.288757324218750000e-01
1.331481933593750000e-01,1.331481933593750000e-01
1.394653320312500000e-01,1.394653320312500000e-01
1.445007324218750000e-01,1.445007324218750000e-01
1.449279785156250000e-01,1.449279785156250000e-01
1.431884765625000000e-01,1.431884765625000000e-01
1.423034667968750000e-01,1.423034667968750000e-01
1.434631347656250000e-01,1.434631347656250000e-01
1.463012695312500000e-01,1.463012695312500000e-01
1.485595703125000000e-01,1.485595703125000000e-01
1.489257812500000000e-01,1.489257812500000000e-01
1.470642089843750000e-01,1.470642089843750000e-01
1.463623046875000000e-01,1.463623046875000000e-01
1.480102539062500000e-01,1.480102539062500000e-01
1.509094238281250000e-01,1.509094238281250000e-01
1.545715332031250000e-01,1.545715332031250000e-01
1.568908691406250000e-01,1.568908691406250000e-01
1.585693359375000000e-01,1.585693359375000000e-01
1.603088378906250000e-01,1.603088378906250000e-01
1.617126464843750000e-01,1.617126464843750000e-01
1.635742187500000000e-01,1.635742187500000000e-01
1.662902832031250000e-01,1.662902832031250000e-01
1.679382324218750000e-01,1.679382324218750000e-01
1.670227050781250000e-01,1.670227050781250000e-01
1.662597656250000000e-01,1.662597656250000000e-01
1.661071777343750000e-01,1.661071777343750000e-01
1.658630371093750000e-01,1.658630371093750000e-01
1.654968261718750000e-01,1.654968261718750000e-01
1.632690429687500000e-01,1.632690429687500000e-01
1.617736816406250000e-01,1.617736816406250000e-01
1.614379882812500000e-01,1.614379882812500000e-01
1.605529785156250000e-01,1.605529785156250000e-01
1.607360839843750000e-01,1.607360839843750000e-01
1.591491699218750000e-01,1.591491699218750000e-01
1.562194824218750000e-01,1.562194824218750000e-01
1.551513671875000000e-01,1.551513671875000000e-01
1.530456542968750000e-01,1.530456542968750000e-01
1.505432128906250000e-01,1.505432128906250000e-01
1.476745605468750000e-01,1.476745605468750000e-01
1.435852050781250000e-01,1.435852050781250000e-01
1.408081054687500000e-01,1.408081054687500000e-01
1.378173828125000000e-01,1.378173828125000000e-01
1.340942382812500000e-01,1.340942382812500000e-01
1.305847167968750000e-01,1.305847167968750000e-01
1.273803710937500000e-01,1.273803710937500000e-01
1.253051757812500000e-01,1.253051757812500000e-01
1.237182617187500000e-01,1.237182617187500000e-01
1.213684082031250000e-01,1.213684082031250000e-01
1.194152832031250000e-01,1.194152832031250000e-01
1.179199218750000000e-01,1.179199218750000000e-01
1.152648925781250000e-01,1.152648925781250000e-01
1.125793457031250000e-01,1.125793457031250000e-01
1.103515625000000000e-01,1.103515625000000000e-01
1.086425781250000000e-01,1.086425781250000000e-01
1.065673828125000000e-01,1.065673828125000000e-01
1.016235351562500000e-01,1.016235351562500000e-01
9.835815429687500000e-02,9.835815429687500000e-02
9.719848632812500000e-02,9.719848632812500000e-02
9.387207031250000000e-02,9.387207031250000000e-02
9.094238281250000000e-02,9.094238281250000000e-02
8.889770507812500000e-02,8.889770507812500000e-02
8.642578125000000000e-02,8.642578125000000000e-02
8.450317382812500000e-02,8.450317382812500000e-02
8.273315429687500000e-02,8.273315429687500000e-02
8.020019531250000000e-02,8.020019531250000000e-02
7.620239257812500000e-02,7.620239257812500000e-02
7.278442382812500000e-02,7.278442382812500000e-02
7.061767578125000000e-02,7.061767578125000000e-02
6.756591796875000000e-02,6.756591796875000000e-02
6.423950195312500000e-02,6.423950195312500000e-02
6.042480468750000000e-02,6.042480468750000000e-02
5.722045898437500000e-02,5.722045898437500000e-02
5.618286132812500000e-02,5.618286132812500000e-02
5.410766601562500000e-02,5.410766601562500000e-02
5.133056640625000000e-02,5.133056640625000000e-02
4.965209960937500000e-02,4.965209960937500000e-02
4.745483398437500000e-02,4.745483398437500000e-02
4.589843750000000000e-02,4.589843750000000000e-02
4.589843750000000000e-02,4.589843750000000000e-02
4.425048828125000000e-02,4.425048828125000000e-02
4.092407226562500000e-02,4.092407226562500000e-02
3.833007812500000000e-02,3.833007812500000000e-02
3.576660156250000000e-02,3.576660156250000000e-02
3.372192382812500000e-02,3.372192382812500000e-02
3.189086914062500000e-02,3.189086914062500000e-02
2.844238281250000000e-02,2.844238281250000000e-02
2.453613281250000000e-02,2.453613281250000000e-02
2.243041992187500000e-02,2.243041992187500000e-02
2.120971679687500000e-02,2.120971679687500000e-02
1.867675781250000000e-02,1.867675781250000000e-02
1.647949218750000000e-02,1.647949218750000000e-02
1.486206054687500000e-02,1.486206054687500000e-02
1.168823242187500000e-02,1.168823242187500000e-02
7.598876953125000000e-03,7.598876953125000000e-03
2.868652343750000000e-03,2.868652343750000000e-03
-1.220703125000000000e-03,-1.220703125000000000e-03
-3.784179687500000000e-03,-3.784179687500000000e-03
-7.781982421875000000e-03,-7.781982421875000000e-03
-1.345825195312500000e-02,-1.345825195312500000e-02
-1.849365234375000000e-02,-1.849365234375000000e-02
-2.230834960937500000e-02,-2.230834960937500000e-02
-2.584838867187500000e-02,-2.584838867187500000e-02
-3.073120117187500000e-02,-3.073120117187500000e-02
-3.485107421875000000e-02,-3.485107421875000000e-02
-3.735351562500000000e-02,-3.735351562500000000e-02
-4.168701171875000000e-02,-4.168701171875000000e-02
-4.647827148437500000e-02,-4.647827148437500000e-02
-4.965209960937500000e-02,-4.965209960937500000e-02
-5.334472656250000000e-02,-5.334472656250000000e-02
-5.807495117187500000e-02,-5.807495117187500000e-02
-6.228637695312500000e-02,-6.228637695312500000e-02
-6.649780273437500000e-02,-6.649780273437500000e-02
-7.186889648437500000e-02,-7.186889648437500000e-02
-7.666015625000000000e-02,-7.666015625000000000e-02
-8.068847656250000000e-02,-8.068847656250000000e-02
-8.566284179687500000e-02,-8.566284179687500000e-02
-9.054565429687500000e-02,-9.054565429687500000e-02
-9.375000000000000000e-02,-9.375000000000000000e-02
-9.671020507812500000e-02,-9.671020507812500000e-02
-1.010131835937500000e-01,-1.010131835937500000e-01
-1.047973632812500000e-01,-1.047973632812500000e-01
-1.079101562500000000e-01,-1.079101562500000000e-01
-1.117858886718750000e-01,-1.117858886718750000e-01
-1.163330078125000000e-01,-1.163330078125000000e-01
-1.206970214843750000e-01,-1.206970214843750000e-01
-1.246948242187500000e-01,-1.246948242187500000e-01
-1.286926269531250000e-01,-1.286926269531250000e-01
-1.311645507812500000e-01,-1.311645507812500000e-01
-1.326599121093750000e-01,-1.326599121093750000e-01
-1.353149414062500000e-01,-1.353149414062500000e-01
-1.373901367187500000e-01,-1.373901367187500000e-01
-1.389770507812500000e-01,-1.389770507812500000e-01
-1.407775878906250000e-01,-1.407775878906250000e-01
-1.406250000000000000e-01,-1.406250000000000000e-01
-1.416015625000000000e-01,-1.416015625000000000e-01
-1.443176269531250000e-01,-1.443176269531250000e-01
-1.439208984375000000e-01,-1.439208984375000000e-01
-1.430969238281250000e-01,-1.430969238281250000e-01
-1.446228027343750000e-01,-1.446228027343750000e-01
-1.460876464843750000e-01,-1.460876464843750000e-01
-1.453552246093750000e-01,-1.453552246093750000e-01
-1.434020996093750000e-01,-1.434020996093750000e-01
-1.433715820312500000e-01,-1.433715820312500000e-01
-1.441955566406250000e-01,-1.441955566406250000e-01
-1.451416015625000000e-01,-1.451416015625000000e-01
-1.463623046875000000e-01,-1.463623046875000000e-01
-1.455078125000000000e-01,-1.455078125000000000e-01
-1.425476074218750000e-01,-1.425476074218750000e-01
-1.417541503906250000e-01,-1.417541503906250000e-01
-1.456604003906250000e-01,-1.456604003906250000e-01
-1.489257812500000000e-01,-1.489257812500000000e-01
-1.482238769531250000e-01,-1.482238769531250000e-01
-1.482238769531250000e-01,-1.482238769531250000e-01
-1.508178710937500000e-01,-1.508178710937500000e-01
-1.536560058593750000e-01,-1.536560058593750000e-01
-1.552429199218750000e-01,-1.552429199218750000e-01
-1.542968750000000000e-01,-1.542968750000000000e-01
-1.525573730468750000e-01,-1.525573730468750000e-01
-1.522521972656250000e-01,-1.522521972656250000e-01
-1.515502929687500000e-01,-1.515502929687500000e-01
-1.488952636718750000e-01,-1.488952636718750000e-01
-1.460876464843750000e-01,-1.460876464843750000e-01
-1.446533203125000000e-01,-1.446533203125000000e-01
-1.431274414062500000e-01,-1.431274414062500000e-01
-1.419982910156250000e-01,-1.419982910156250000e-01
-1.412963867187500000e-01,-1.412963867187500000e-01
-1.402282714843750000e-01,-1.402282714843750000e-01
-1.402282714843750000e-01,-1.402282714843750000e-01
-1.396484375000000000e-01,-1.396484375000000000e-01
-1.376342773437500000e-01,-1.376342773437500000e-01
-1.363830566406250000e-01,-1.363830566406250000e-01
-1.367187500000000000e-01,-1.367187500000000000e-01
-1.365051269531250000e-01,-1.365051269531250000e-01
-1.333007812500000000e-01,-1.333007812500000000e-01
-1.313171386718750000e-01,-1.313171386718750000e-01
-1.329650878906250000e-01,-1.329650878906250000e-01
-1.324462890625000000e-01,-1.324462890625000000e-01
-1.292724609375000000e-01,-1.292724609375000000e-01
-1.296386718750000000e-01,-1.296386718750000000e-01
-1.318969726562500000e-01,-1.318969726562500000e-01
-1.315917968750000000e-01,-1.315917968750000000e-01
-1.310729980468750000e-01,-1.310729980468750000e-01
-1.333007812500000000e-01,-1.333007812500000000e-01
-1.357727050781250000e-01,-1.357727050781250000e-01
-1.360168457031250000e-01,-1.360168457031250000e-01
-1.369934082031250000e-01,-1.369934082031250000e-01
-1.361694335937500000e-01,-1.361694335937500000e-01
-1.316528320312500000e-01,-1.316528320312500000e-01
-1.305236816406250000e-01,-1.305236816406250000e-01
-1.289062500000000000e-01,-1.289062500000000000e-01
-1.221008300781250000e-01,-1.221008300781250000e-01
-1.173095703125000000e-01,-1.173095703125000000e-01
-1.149597167968750000e-01,-1.149597167968750000e-01
-1.109924316406250000e-01,-1.109924316406250000e-01
-1.064147949218750000e-01,-1.064147949218750000e-01
-1.016845703125000000e-01,-1.016845703125000000e-01
-9.552001953125000000e-02,-9.552001953125000000e-02
-8.920288085937500000e-02,-8.920288085937500000e-02
-8.578491210937500000e-02,-8.578491210937500000e-02
-8.325195312500000000e-02,-8.325195312500000000e-02
-7.641601562500000000e-02,-7.641601562500000000e-02
-6.741333007812500000e-02,-6.741333007812500000e-02
-6.124877929687500000e-02,-6.124877929687500000e-02
-5.700683593750000000e-02,-5.700683593750000000e-02
-5.270385742187500000e-02,-5.270385742187500000e-02
-4.846191406250000000e-02,-4.846191406250000000e-02
-4.299926757812500000e-02,-4.299926757812500000e-02
-3.628540039062500000e-02,-3.628540039062500000e-02
-3.082275390625000000e-02,-3.082275390625000000e-02
-2.618408203125000000e-02,-2.618408203125000000e-02
-2.096557617187500000e-02,-2.096557617187500000e-02
-1.483154296875000000e-02,-1.483154296875000000e-02
-9.521484375000000000e-03,-9.521484375000000000e-03
-7.598876953125000000e-03,-7.598876953125000000e-03
-5.279541015625000000e-03,-5.279541015625000000e-03
1.678466796875000000e-03,1.678466796875000000e-03
1.113891601562500000e-02,1.113891601562500000e-02
1.840209960937500000e-02,1.840209960937500000e-02
2.105712890625000000e-02,2.105712890625000000e-02
2.340698242187500000e-02,2.340698242187500000e-02
3.100585937500000000e-02,3.100585937500000000e-02
4.089355468750000000e-02,4.089355468750000000e-02
4.785156250000000000e-02,4.785156250000000000e-02
5.343627929687500000e-02,5.343627929687500000e-02
5.920410156250000000e-02,5.920410156250000000e-02
6.481933593750000000e-02,6.481933593750000000e-02
7.214355468750000000e-02,7.214355468750000000e-02
8.090209960937500000e-02,8.090209960937500000e-02
8.761596679687500000e-02,8.761596679687500000e-02
9.219360351562500000e-02,9.219360351562500000e-02
9.860229492187500000e-02,9.860229492187500000e-02
1.064758300781250000e-01,1.064758300781250000e-01
1.118469238281250000e-01,1.118469238281250000e-01
1.152648925781250000e-01,1.152648925781250000e-01
1.195983886718750000e-01,1.195983886718750000e-01
1.242675781250000000e-01,1.242675781250000000e-01
1.276855468750000000e-01,1.276855468750000000e-01
1.318969726562500000e-01,1.318969726562500000e-01
1.358642578125000000e-01,1.358642578125000000e-01
1.372375488281250000e-01,1.372375488281250000e-01
1.398315429687500000e-01,1.398315429687500000e-01
1.449584960937500000e-01,1.449584960937500000e-01
1.480407714843750000e-01,1.480407714843750000e-01
1.484069824218750000e-01,1.484069824218750000e-01
1.499633789062500000e-01,1.499633789062500000e-01
1.524963378906250000e-01,1.524963378906250000e-01
1.539001464843750000e-01,1.539001464843750000e-01
1.556396484375000000e-01,1.556396484375000000e-01
1.578063964843750000e-01,1.578063964843750000e-01
1.587524414062500000e-01,1.587524414062500000e-01
1.594238281250000000e-01,1.594238281250000000e-01
1.610717773437500000e-01,1.610717773437500000e-01
1.636047363281250000e-01,1.636047363281250000e-01
1.652526855468750000e-01,1.652526855468750000e-01
1.647338867187500000e-01,1.647338867187500000e-01
1.654052734375000000e-01,1.654052734375000000e-01
1.676025390625000000e-01,1.676025390625000000e-01
1.692810058593750000e-01,1.692810058593750000e-01
1.712341308593750000e-01,1.712341308593750000e-01
1.720581054687500000e-01,1.720581054687500000e-01
1.713256835937500000e-01,1.713256835937500000e-01
1.710510253906250000e-01,1.710510253906250000e-01
1.714477539062500000e-01,1.714477539062500000e-01
1.720886230468750000e-01,1.720886230468750000e-01
1.724548339843750000e-01,1.724548339843750000e-01
1.709594726562500000e-01,1.709594726562500000e-01
1.681213378906250000e-01,1.681213378906250000e-01
1.667785644531250000e-01,1.667785644531250000e-01
1.670227050781250000e-01,1.670227050781250000e-01
1.672973632812500000e-01,1.672973632812500000e-01
1.654968261718750000e-01,1.654968261718750000e-01
1.622924804687500000e-01,1.622924804687500000e-01
1.601562500000000000e-01,1.601562500000000000e-01
1.585388183593750000e-01,1.585388183593750000e-01
1.572570800781250000e-01,1.572570800781250000e-01
1.556396484375000000e-01,1.556396484375000000e-01
1.532287597656250000e-01,1.532287597656250000e-01
1.508483886718750000e-01,1.508483886718750000e-01
1.488647460937500000e-01,1.488647460937500000e-01
1.477661132812500000e-01,1.477661132812500000e-01
1.461486816406250000e-01,1.461486816406250000e-01
1.429748535156250000e-01,1.429748535156250000e-01
1.396484375000000000e-01,1.396484375000000000e-01
1.376342773437500000e-01,1.376342773437500000e-01
1.361389160156250000e-01,1.361389160156250000e-01
1.337585449218750000e-01,1.337585449218750000e-01
1.318664550781250000e-01,1.318664550781250000e-01
1.301269531250000000e-01,1.301269531250000000e-01
1.269836425781250000e-01,1.269836425781250000e-01
1.244506835937500000e-01,1.244506835937500000e-01
1.231384277343750000e-01,1.231384277343750000e-01
1.208496093750000000e-01,1.208496093750000000e-01
1.169738769531250000e-01,1.169738769531250000e-01
1.128234863281250000e-01,1.128234863281250000e-01
1.105041503906250000e-01,1.105041503906250000e-01
1.082153320312500000e-01,1.082153320312500000e-01
1.051635742187500000e-01,1.051635742187500000e-01
1.032409667968750000e-01,1.032409667968750000e-01
9.948730468750000000e-02,9.948730468750000000e-02
9.423828125000000000e-02,9.423828125000000000e-02
9.130859375000000000e-02,9.130859375000000000e-02
8.935546875000000000e-02,8.935546875000000000e-02
8.584594726562500000e-02,8.584594726562500000e-02
8.187866210937500000e-02,8.187866210937500000e-02
7.858276367187500000e-02,7.858276367187500000e-02
7.489013671875000000e-02,7.489013671875000000e-02
7.189941406250000000e-02,7.189941406250000000e-02
6.927490234375000000e-02,6.927490234375000000e-02
6.524658203125000000e-02,6.524658203125000000e-02
6.143188476562500000e-02,6.143188476562500000e-02
5.908203125000000000e-02,5.908203125000000000e-02
5.776977539062500000e-02,5.776977539062500000e-02
5.584716796875000000e-02,5.584716796875000000e-02
5.221557617187500000e-02,5.221557617187500000e-02
4.870605468750000000e-02,4.870605468750000000e-02
4.693603515625000000e-02,4.693603515625000000e-02
4.550170898437500000e-02,4.550170898437500000e-02
4.293823242187500000e-02,4.293823242187500000e-02
4.028320312500000000e-02,4.028320312500000000e-02
3.811645507812500000e-02,3.811645507812500000e-02
3.527832031250000000e-02,3.527832031250000000e-02
3.317260742187500000e-02,3.317260742187500000e-02
3.302001953125000000e-02,3.302001953125000000e-02
3.118896484375000000e-02,3.118896484375000000e-02
2.709960937500000000e-02,2.709960937500000000e-02
2.380371093750000000e-02,2.380371093750000000e-02
2.142333984375000000e-02,2.142333984375000000e-02
1.858520507812500000e-02,1.858520507812500000e-02
1.568603515625000000e-02,1.568603515625000000e-02
1.391601562500000000e-02,1.391601562500000000e-02
1.171875000000000000e-02,1.171875000000000000e-02
7.598876953125000000e-03,7.598876953125000000e-03
4.211425781250000000e-03,4.211425781250000000e-03
2.868652343750000000e-03,2.868652343750000000e-03
5.187988281250000000e-04,5.187988281250000000e-04
-3.204345703125000000e-03,-3.204345703125000000e-03
-6.469726562500000000e-03,-6.469726562500000000e-03
-1.043701171875000000e-02,-1.043701171875000000e-02
-1.382446289062500000e-02,-1.382446289062500000e-02
-1.660156250000000000e-02,-1.660156250000000000e-02
-2.133178710937500000e-02,-2.133178710937500000e-02
-2.651977539062500000e-02,-2.651977539062500000e-02
-3.009033203125000000e-02,-3.009033203125000000e-02
-3.253173828125000000e-02,-3.253173828125000000e-02
-3.573608398437500000e-02,-3.573608398437500000e-02
-3.958129882812500000e-02,-3.958129882812500000e-02
-4.302978515625000000e-02,-4.302978515625000000e-02
-4.666137695312500000e-02,-4.666137695312500000e-02
-5.004882812500000000e-02,-5.004882812500000000e-02
-5.441284179687500000e-02,-5.441284179687500000e-02
-5.987548828125000000e-02,-5.987548828125000000e-02
-6.326293945312500000e-02,-6.326293945312500000e-02
-6.707763671875000000e-02,-6.707763671875000000e-02
-7.330322265625000000e-02,-7.330322265625000000e-02
-7.876586914062500000e-02,-7.876586914062500000e-02
-8.370971679687500000e-02,-8.370971679687500000e-02
-8.822631835937500000e-02,-8.822631835937500000e-02
-9.268188476562500000e-02,-9.268188476562500000e-02
-9.832763671875000000e-02,-9.832763671875000000e-02
-1.027221679687500000e-01,-1.027221679687500000e-01
-1.055297851562500000e-01,-1.055297851562500000e-01
-1.077575683593750000e-01,-1.077575683593750000e-01
-1.091918945312500000e-01,-1.091918945312500000e-01
-1.128540039062500000e-01,-1.128540039062500000e-01
-1.176757812500000000e-01,-1.176757812500000000e-01
-1.196899414062500000e-01,-1.196899414062500000e-01
-1.216735839843750000e-01,-1.216735839843750000e-01
-1.254272460937500000e-01,-1.254272460937500000e-01
-1.288146972656250000e-01,-1.288146972656250000e-01
-1.310119628906250000e-01,-1.310119628906250000e-01
-1.328430175781250000e-01,-1.328430175781250000e-01
-1.346130371093750000e-01,-1.346130371093750000e-01
-1.350402832031250000e-01,-1.350402832031250000e-01
-1.359252929687500000e-01,-1.359252929687500000e-01
-1.385498046875000000e-01,-1.385498046875000000e-01
-1.408386230468750000e-01,-1.408386230468750000e-01
-1.416931152343750000e-01,-1.416931152343750000e-01
-1.412963867187500000e-01,-1.412963867187500000e-01
-1.423339843750000000e-01,-1.423339843750000000e-01
-1.438293457031250000e-01,-1.438293457031250000e-01
-1.442565917968750000e-01,-1.442565917968750000e-01
-1.466064453125000000e-01,-1.466064453125000000e-01
-1.489257812500000000e-01,-1.489257812500000000e-01
-1.481628417968750000e-01,-1.481628417968750000e-01
-1.469116210937500000e-01,-1.469116210937500000e-01
-1.476440429687500000e-01,-1.476440429687500000e-01
-1.491088867187500000e-01,-1.491088867187500000e-01
-1.497497558593750000e-01,-1.497497558593750000e-01
-1.488647460937500000e-01,-1.488647460937500000e-01
-1.460571289062500000e-01,-1.460571289062500000e-01
-1.429443359375000000e-01,-1.429443359375000000e-01
-1.422424316406250000e-01,-1.422424316406250000e-01
-1.431579589843750000e-01,-1.431579589843750000e-01
-1.431274414062500000e-01,-1.431274414062500000e-01
-1.428833007812500000e-01,-1.428833007812500000e-01
-1.427612304687500000e-01,-1.427612304687500000e-01
-1.422424316406250000e-01,-1.422424316406250000e-01
-1.423339843750000000e-01,-1.423339843750000000e-01
-1.433410644531250000e-01,-1.433410644531250000e-01
-1.434020996093750000e-01,-1.434020996093750000e-01
-1.413574218750000000e-01,-1.413574218750000000e-01
-1.394348144531250000e-01,-1.394348144531250000e-01
-1.378173828125000000e-01,-1.378173828125000000e-01
-1.366271972656250000e-01,-1.366271972656250000e-01
-1.362915039062500000e-01,-1.362915039062500000e-01
-1.348876953125000000e-01,-1.348876953125000000e-01
-1.340942382812500000e-01,-1.340942382812500000e-01
-1.340637207031250000e-01,-1.340637207031250000e-01
-1.334838867187500000e-01,-1.334838867187500000e-01
-1.331787109375000000e-01,-1.331787109375000000e-01
-1.323852539062500000e-01,-1.323852539062500000e-01
-1.316223144531250000e-01,-1.316223144531250000e-01
-1.316223144531250000e-01,-1.316223144531250000e-01
-1.321716308593750000e-01,-1.321716308593750000e-01
-1.325988769531250000e-01,-1.325988769531250000e-01
-1.307983398437500000e-01,-1.307983398437500000e-01
-1.280517578125000000e-01,-1.280517578125000000e-01
-1.265869140625000000e-01,-1.265869140625000000e-01
-1.263732910156250000e-01,-1.263732910156250000e-01
-1.260681152343750000e-01,-1.260681152343750000e-01
-1.233825683593750000e-01,-1.233825683593750000e-01
-1.214904785156250000e-01,-1.214904785156250000e-01
-1.224975585937500000e-01,-1.224975585937500000e-01
-1.221008300781250000e-01,-1.221008300781250000e-01
-1.218872070312500000e-01,-1.218872070312500000e-01
-1.235351562500000000e-01,-1.235351562500000000e-01
-1.236572265625000000e-01,-1.236572265625000000e-01
-1.226196289062500000e-01,-1.226196289062500000e-01
-1.213378906250000000e-01,-1.213378906250000000e-01
-1.192016601562500000e-01,-1.192016601562500000e-01
-1.165771484375000000e-01,-1.165771484375000000e-01
-1.136779785156250000e-01,-1.136779785156250000e-01
-1.108093261718750000e-01,-1.108093261718750000e-01
-1.075744628906250000e-01,-1.075744628906250000e-01
-1.037292480468750000e-01,-1.037292480468750000e-01
-1.006469726562500000e-01,-1.006469726562500000e-01
-9.753417968750000000e-02,-9.753417968750000000e-02
-9.356689453125000000e-02,-9.356689453125000000e-02
-9.100341796875000000e-02,-9.100341796875000000e-02
-8.773803710937500000e-02,-8.773803710937500000e-02
-8.245849609375000000e-02,-8.245849609375000000e-02
-7.815551757812500000e-02,-7.815551757812500000e-02
-7.492065429687500000e-02,-7.492065429687500000e-02
-7.046508789062500000e-02,-7.046508789062500000e-02
-6.430053710937500000e-02,-6.430053710937500000e-02
-5.868530273437500000e-02,-5.868530273437500000e-02
-5.358886718750000000e-02,-5.358886718750000000e-02
-4.751586914062500000e-02,-4.751586914062500000e-02
-4.278564453125000000e-02,-4.278564453125000000e-02
-3.924560546875000000e-02,-3.924560546875000000e-02
-3.356933593750000000e-02,-3.356933593750000000e-02
-2.767944335937500000e-02,-2.767944335937500000e-02
-2.291870117187500000e-02,-2.291870117187500000e-02
-1.593017578125000000e-02,-1.593017578125000000e-02
-9.460449218750000000e-03,-9.460449218750000000e-03
-6.164550781250000000e-03,-6.164550781250000000e-03
-1.617431640625000000e-03,-1.617431640625000000e-03
5.401611328125000000e-03,5.401611328125000000e-03
1.275634765625000000e-02,1.275634765625000000e-02
2.008056640625000000e-02,2.008056640625000000e-02
2.737426757812500000e-02,2.737426757812500000e-02
3.427124023437500000e-02,3.427124023437500000e-02
4.074096679687500000e-02,4.074096679687500000e-02
4.797363281250000000e-02,4.797363281250000000e-02
5.606079101562500000e-02,5.606079101562500000e-02
6.225585937500000000e-02,6.225585937500000000e-02
6.704711914062500000e-02,6.704711914062500000e-02
7.391357421875000000e-02,7.391357421875000000e-02
8.074951171875000000e-02,8.074951171875000000e-02
8.605957031250000000e-02,8.605957031250000000e-02
9.292602539062500000e-02,9.292602539062500000e-02
9.906005859375000000e-02,9.906005859375000000e-02
1.019287109375000000e-01,1.019287109375000000e-01
1.064758300781250000e-01,1.064758300781250000e-01
1.132507324218750000e-01,1.132507324218750000e-01
1.182556152343750000e-01,1.182556152343750000e-01
1.222839355468750000e-01,1.222839355468750000e-01
1.265869140625000000e-01,1.265869140625000000e-01
1.301574707031250000e-01,1.301574707031250000e-01
1.335754394531250000e-01,1.335754394531250000e-01
1.383361816406250000e-01,1.383361816406250000e-01
1.429443359375000000e-01,1.429443359375000000e-01
1.465759277343750000e-01,1.465759277343750000e-01
1.503295898437500000e-01,1.503295898437500000e-01
1.540832519531250000e-01,1.540832519531250000e-01
1.571960449218750000e-01,1.571960449218750000e-01
1.593627929687500000e-01,1.593627929687500000e-01
1.617736816406250000e-01,1.617736816406250000e-01
1.640014648437500000e-01,1.640014648437500000e-01
1.656494140625000000e-01,1.656494140625000000e-01
1.684875488281250000e-01,1.684875488281250000e-01
1.704406738281250000e-01,1.704406738281250000e-01
1.702575683593750000e-01,1.702575683593750000e-01
1.710510253906250000e-01,1.710510253906250000e-01
1.732482910156250000e-01,1.732482910156250000e-01
1.741027832031250000e-01,1.741027832031250000e-01
1.741638183593750000e-01,1.741638183593750000e-01
1.752624511718750000e-01,1.752624511718750000e-01
1.755676269531250000e-01,1.755676269531250000e-01
1.742858886718750000e-01,1.742858886718750000e-01
1.741333007812500000e-01,1.741333007812500000e-01
1.753234863281250000e-01,1.753234863281250000e-01
1.746520996093750000e-01,1.746520996093750000e-01
1.734313964843750000e-01,1.734313964843750000e-01
1.730957031250000000e-01,1.730957031250000000e-01
1.713562011718750000e-01,1.713562011718750000e-01
1.695251464843750000e-01,1.695251464843750000e-01
1.689453125000000000e-01,1.689453125000000000e-01
1.683349609375000000e-01,1.683349609375000000e-01
1.667785644531250000e-01,1.667785644531250000e-01
1.654052734375000000e-01,1.654052734375000000e-01
1.644287109375000000e-01,1.644287109375000000e-01
1.622009277343750000e-01,1.622009277343750000e-01
1.606445312500000000e-01,1.606445312500000000e-01
1.604919433593750000e-01,1.604919433593750000e-01
1.588439941406250000e-01,1.588439941406250000e-01
1.561584472656250000e-01,1.561584472656250000e-01
1.541137695312500000e-01,1.541137695312500000e-01
1.512451171875000000e-01,1.512451171875000000e-01
1.481323242187500000e-01,1.481323242187500000e-01
1.461181640625000000e-01,1.461181640625000000e-01
1.439514160156250000e-01,1.439514160156250000e-01
1.413879394531250000e-01,1.413879394531250000e-01
1.382446289062500000e-01,1.382446289062500000e-01
1.351318359375000000e-01,1.351318359375000000e-01
1.318054199218750000e-01,1.318054199218750000e-01
1.277160644531250000e-01,1.277160644531250000e-01
1.251220703125000000e-01,1.251220703125000000e-01
1.232604980468750000e-01,1.232604980468750000e-01
1.200866699218750000e-01,1.200866699218750000e-01
1.171569824218750000e-01,1.171569824218750000e-01
1.141967773437500000e-01,1.141967773437500000e-01
1.101989746093750000e-01,1.101989746093750000e-01
1.072692871093750000e-01,1.072692871093750000e-01
1.053771972656250000e-01,1.053771972656250000e-01
1.027221679687500000e-01,1.027221679687500000e-01
9.902954101562500000e-02,9.902954101562500000e-02
9.561157226562500000e-02,9.561157226562500000e-02
9.353637695312500000e-02,9.353637695312500000e-02
9.097290039062500000e-02,9.097290039062500000e-02
8.837890625000000000e-02,8.837890625000000000e-02
8.654785156250000000e-02,8.654785156250000000e-02
8.377075195312500000e-02,8.377075195312500000e-02
8.071899414062500000e-02,8.071899414062500000e-02
7.849121093750000000e-02,7.849121093750000000e-02
7.629394531250000000e-02,7.629394531250000000e-02
7.342529296875000000e-02,7.342529296875000000e-02
7.028198242187500000e-02,7.028198242187500000e-02
6.692504882812500000e-02,6.692504882812500000e-02
6.362915039062500000e-02,6.362915039062500000e-02
6.076049804687500000e-02,6.076049804687500000e-02
5.844116210937500000e-02,5.844116210937500000e-02
5.624389648437500000e-02,5.624389648437500000e-02
5.319213867187500000e-02,5.319213867187500000e-02
5.056762695312500000e-02,5.056762695312500000e-02
4.858398437500000000e-02,4.858398437500000000e-02
4.702758789062500000e-02,4.702758789062500000e-02
4.605102539062500000e-02,4.605102539062500000e-02
4.306030273437500000e-02,4.306030273437500000e-02
4.010009765625000000e-02,4.010009765625000000e-02
3.942871093750000000e-02,3.942871093750000000e-02
3.796386718750000000e-02,3.796386718750000000e-02
3.549194335937500000e-02,3.549194335937500000e-02
3.207397460937500000e-02,3.207397460937500000e-02
2.822875976562500000e-02,2.822875976562500000e-02
2.627563476562500000e-02,2.627563476562500000e-02
2.410888671875000000e-02,2.410888671875000000e-02
2.145385742187500000e-02,2.145385742187500000e-02
1.889038085937500000e-02,1.889038085937500000e-02
1.470947265625000000e-02,1.470947265625000000e-02
1.226806640625000000e-02,1.226806640625000000e-02
1.174926757812500000e-02,1.174926757812500000e-02
8.941650390625000000e-03,8.941650390625000000e-03
5.493164062500000000e-03,5.493164062500000000e-03
2.014160156250000000e-03,2.014160156250000000e-03
-2.075195312500000000e-03,-2.075195312500000000e-03
-6.256103515625000000e-03,-6.256103515625000000e-03
-1.147460937500000000e-02,-1.147460937500000000e-02
-1.644897460937500000e-02,-1.644897460937500000e-02
-2.120971679687500000e-02,-2.120971679687500000e-02
-2.651977539062500000e-02,-2.651977539062500000e-02
-3.063964843750000000e-02,-3.063964843750000000e-02
-3.454589843750000000e-02,-3.454589843750000000e-02
-3.793334960937500000e-02,-3.793334960937500000e-02
-4.095458984375000000e-02,-4.095458984375000000e-02
-4.550170898437500000e-02,-4.550170898437500000e-02
-4.910278320312500000e-02,-4.910278320312500000e-02
-5.068969726562500000e-02,-5.068969726562500000e-02
-5.328369140625000000e-02,-5.328369140625000000e-02
-5.761718750000000000e-02,-5.761718750000000000e-02
-6.112670898437500000e-02,-6.112670898437500000e-02
-6.369018554687500000e-02,-6.369018554687500000e-02
-6.713867187500000000e-02,-6.713867187500000000e-02
-7.101440429687500000e-02,-7.101440429687500000e-02
-7.510375976562500000e-02,-7.510375976562500000e-02
-7.879638671875000000e-02,-7.879638671875000000e-02
-8.291625976562500000e-02,-8.291625976562500000e-02
-8.792114257812500000e-02,-8.792114257812500000e-02
-9.072875976562500000e-02,-9.072875976562500000e-02
-9.277343750000000000e-02,-9.277343750000000000e-02
-9.597778320312500000e-02,-9.597778320312500000e-02
-9.869384765625000000e-02,-9.869384765625000000e-02
-1.013488769531250000e-01,-1.013488769531250000e-01
-1.046752929687500000e-01,-1.046752929687500000e-01
-1.079406738281250000e-01,-1.079406738281250000e-01
-1.113586425781250000e-01,-1.113586425781250000e-01
-1.154174804687500000e-01,-1.154174804687500000e-01
-1.186523437500000000e-01,-1.186523437500000000e-01
-1.220092773437500000e-01,-1.220092773437500000e-01
-1.263732910156250000e-01,-1.263732910156250000e-01
-1.292724609375000000e-01,-1.292724609375000000e-01
-1.313171386718750000e-01,-1.313171386718750000e-01
-1.334228515625000000e-01,-1.334228515625000000e-01
-1.335144042968750000e-01,-1.335144042968750000e-01
-1.330261230468750000e-01,-1.330261230468750000e-01
-1.342163085937500000e-01,-1.342163085937500000e-01
-1.347045898437500000e-01,-1.347045898437500000e-01
-1.338806152343750000e-01,-1.338806152343750000e-01
-1.345214843750000000e-01,-1.345214843750000000e-01
-1.359863281250000000e-01,-1.359863281250000000e-01
-1.354675292968750000e-01,-1.354675292968750000e-01
-1.346130371093750000e-01,-1.346130371093750000e-01
-1.363525390625000000e-01,-1.363525390625000000e-01
-1.397705078125000000e-01,-1.397705078125000000e-01
-1.407165527343750000e-01,-1.407165527343750000e-01
-1.385192871093750000e-01,-1.385192871093750000e-01
-1.372985839843750000e-01,-1.372985839843750000e-01
-1.379089355468750000e-01,-1.379089355468750000e-01
-1.386108398437500000e-01,-1.386108398437500000e-01
-1.377868652343750000e-01,-1.377868652343750000e-01
-1.344604492187500000e-01,-1.344604492187500000e-01
-1.323547363281250000e-01,-1.323547363281250000e-01
-1.340637207031250000e-01,-1.340637207031250000e-01
-1.363830566406250000e-01,-1.363830566406250000e-01
-1.362609863281250000e-01,-1.362609863281250000e-01
-1.350708007812500000e-01,-1.350708007812500000e-01
-1.354675292968750000e-01,-1.354675292968750000e-01
-1.384582519531250000e-01,-1.384582519531250000e-01
-1.421508789062500000e-01,-1.421508789062500000e-01
-1.427001953125000000e-01,-1.427001953125000000e-01
-1.404113769531250000e-01,-1.404113769531250000e-01
-1.384277343750000000e-01,-1.384277343750000000e-01
-1.386413574218750000e-01,-1.386413574218750000e-01
-1.403808593750000000e-01,-1.403808593750000000e-01
-1.387634277343750000e-01,-1.387634277343750000e-01
-1.336669921875000000e-01,-1.336669921875000000e-01
-1.307983398437500000e-01,-1.307983398437500000e-01
-1.306457519531250000e-01,-1.306457519531250000e-01
-1.300659179687500000e-01,-1.300659179687500000e-01
-1.289062500000000000e-01,-1.289062500000000000e-01
-1.284790039062500000e-01,-1.284790039062500000e-01
-1.287231445312500000e-01,-1.287231445312500000e-01
-1.267700195312500000e-01,-1.267700195312500000e-01
-1.239929199218750000e-01,-1.239929199218750000e-01
-1.249694824218750000e-01,-1.249694824218750000e-01
-1.266174316406250000e-01,-1.266174316406250000e-01
-1.251220703125000000e-01,-1.251220703125000000e-01
-1.221008300781250000e-01,-1.221008300781250000e-01
-1.188354492187500000e-01,-1.188354492187500000e-01
-1.176147460937500000e-01,-1.176147460937500000e-01
-1.189880371093750000e-01,-1.189880371093750000e-01
-1.188354492187500000e-01,-1.188354492187500000e-01
-1.168823242187500000e-01,-1.168823242187500000e-01
-1.163940429687500000e-01,-1.163940429687500000e-01
-1.185607910156250000e-01,-1.185607910156250000e-01
-1.209106445312500000e-01,-1.209106445312500000e-01
-1.204223632812500000e-01,-1.204223632812500000e-01
-1.197509765625000000e-01,-1.197509765625000000e-01
-1.214904785156250000e-01,-1.214904785156250000e-01
-1.230163574218750000e-01,-1.230163574218750000e-01
-1.218872070312500000e-01,-1.218872070312500000e-01
-1.184692382812500000e-01,-1.184692382812500000e-01
-1.165161132812500000e-01,-1.165161132812500000e-01
-1.154174804687500000e-01,-1.154174804687500000e-01
-1.116943359375000000e-01,-1.116943359375000000e-01
-1.072387695312500000e-01,-1.072387695312500000e-01
-1.035461425781250000e-01,-1.035461425781250000e-01
-1.015930175781250000e-01,-1.015930175781250000e-01
-1.007080078125000000e-01,-1.007080078125000000e-01
-9.719848632812500000e-02,-9.719848632812500000e-02
-9.069824218750000000e-02,-9.069824218750000000e-02
-8.517456054687500000e-02,-8.517456054687500000e-02
-8.370971679687500000e-02,-8.370971679687500000e-02
-8.236694335937500000e-02,-8.236694335937500000e-02
-7.540893554687500000e-02,-7.540893554687500000e-02
-6.585693359375000000e-02,-6.585693359375000000e-02
-5.953979492187500000e-02,-5.953979492187500000e-02
-5.572509765625000000e-02,-5.572509765625000000e-02
-5.133056640625000000e-02,-5.133056640625000000e-02
-4.452514648437500000e-02,-4.452514648437500000e-02
-3.646850585937500000e-02,-3.646850585937500000e-02
-3.085327148437500000e-02,-3.085327148437500000e-02
-2.795410156250000000e-02,-2.795410156250000000e-02
-2.413940429687500000e-02,-2.413940429687500000e-02
-1.757812500000000000e-02,-1.757812500000000000e-02
-1.104736328125000000e-02,-1.104736328125000000e-02
-7.690429687500000000e-03,-7.690429687500000000e-03
-5.035400390625000000e-03,-5.035400390625000000e-03
1.647949218750000000e-03,1.647949218750000000e-03
1.000976562500000000e-02,1.000976562500000000e-02
1.574707031250000000e-02,1.574707031250000000e-02
2.185058593750000000e-02,2.185058593750000000e-02
2.871704101562500000e-02,2.871704101562500000e-02
3.463745117187500000e-02,3.463745117187500000e-02
4.214477539062500000e-02,4.214477539062500000e-02
5.007934570312500000e-02,5.007934570312500000e-02
5.657958984375000000e-02,5.657958984375000000e-02
6.387329101562500000e-02,6.387329101562500000e-02
7.162475585937500000e-02,7.162475585937500000e-02
7.772827148437500000e-02,7.772827148437500000e-02
8.370971679687500000e-02,8.370971679687500000e-02
8.990478515625000000e-02,8.990478515625000000e-02
9.628295898437500000e-02,9.628295898437500000e-02
1.040649414062500000e-01,1.040649414062500000e-01
1.108398437500000000e-01,1.108398437500000000e-01
1.162719726562500000e-01,1.162719726562500000e-01
1.217651367187500000e-01,1.217651367187500000e-01
1.267700195312500000e-01,1.267700195312500000e-01
1.322937011718750000e-01,1.322937011718750000e-01
1.375427246093750000e-01,1.375427246093750000e-01
1.423950195312500000e-01,1.423950195312500000e-01
1.482849121093750000e-01,1.482849121093750000e-01
1.526489257812500000e-01,1.526489257812500000e-01
1.544189453125000000e-01,1.544189453125000000e-01
1.563110351562500000e-01,1.563110351562500000e-01
1.598815917968750000e-01,1.598815917968750000e-01
1.644287109375000000e-01,1.644287109375000000e-01
1.673583984375000000e-01,1.673583984375000000e-01
1.676025390625000000e-01,1.676025390625000000e-01
1.673889160156250000e-01,1.673889160156250000e-01
1.680908203125000000e-01,1.680908203125000000e-01
1.697998046875000000e-01,1.697998046875000000e-01
1.730346679687500000e-01,1.730346679687500000e-01
1.750183105468750000e-01,1.750183105468750000e-01
1.736145019531250000e-01,1.736145019531250000e-01
1.731262207031250000e-01,1.731262207031250000e-01
1.745605468750000000e-01,1.745605468750000000e-01
1.756286621093750000e-01,1.756286621093750000e-01
1.761474609375000000e-01,1.761474609375000000e-01
1.761474609375000000e-01,1.761474609375000000e-01
1.762695312500000000e-01,1.762695312500000000e-01
1.756896972656250000e-01,1.756896972656250000e-01
1.747131347656250000e-01,1.747131347656250000e-01
1.745300292968750000e-01,1.745300292968750000e-01
1.742858886718750000e-01,1.742858886718750000e-01
1.739501953125000000e-01,1.739501953125000000e-01
1.730041503906250000e-01,1.730041503906250000e-01
1.708068847656250000e-01,1.708068847656250000e-01
1.688537597656250000e-01,1.688537597656250000e-01
1.682128906250000000e-01,1.682128906250000000e-01
1.672058105468750000e-01,1.672058105468750000e-01
1.648254394531250000e-01,1.648254394531250000e-01
1.626586914062500000e-01,1.626586914062500000e-01
1.606140136718750000e-01,1.606140136718750000e-01
1.578063964843750000e-01,1.578063964843750000e-01
1.552429199218750000e-01,1.552429199218750000e-01
1.520996093750000000e-01,1.520996093750000000e-01
1.482543945312500000e-01,1.482543945312500000e-01
1.459350585937500000e-01,1.459350585937500000e-01
1.429748535156250000e-01,1.429748535156250000e-01
1.384582519531250000e-01,1.384582519531250000e-01
1.347961425781250000e-01,1.347961425781250000e-01
1.312866210937500000e-01,1.312866210937500000e-01
1.280822753906250000e-01,1.280822753906250000e-01
1.257019042968750000e-01,1.257019042968750000e-01
1.229248046875000000e-01,1.229248046875000000e-01
1.203918457031250000e-01,1.203918457031250000e-01
1.190490722656250000e-01,1.190490722656250000e-01
1.163635253906250000e-01,1.163635253906250000e-01
1.124877929687500000e-01,1.124877929687500000e-01
1.103515625000000000e-01,1.103515625000000000e-01
1.084594726562500000e-01,1.084594726562500000e-01
1.060791015625000000e-01,1.060791015625000000e-01
1.033325195312500000e-01,1.033325195312500000e-01
9.988403320312500000e-02,9.988403320312500000e-02
9.744262695312500000e-02,9.744262695312500000e-02
9.558105468750000000e-02,9.558105468750000000e-02
9.307861328125000000e-02,9.307861328125000000e-02
9.027099609375000000e-02,9.027099609375000000e-02
8.767700195312500000e-02,8.767700195312500000e-02
8.566284179687500000e-02,8.566284179687500000e-02
8.401489257812500000e-02,8.401489257812500000e-02
8.178710937500000000e-02,8.178710937500000000e-02
7.885742187500000000e-02,7.885742187500000000e-02
7.653808593750000000e-02,7.653808593750000000e-02
7.458496093750000000e-02,7.458496093750000000e-02
7.168579101562500000e-02,7.168579101562500000e-02
6.832885742187500000e-02,6.832885742187500000e-02
6.500244140625000000e-02,6.500244140625000000e-02
6.192016601562500000e-02,6.192016601562500000e-02
5.996704101562500000e-02,5.996704101562500000e-02
5.786132812500000000e-02,5.786132812500000000e-02
5.471801757812500000e-02,5.471801757812500000e-02
5.151367187500000000e-02,5.151367187500000000e-02
4.888916015625000000e-02,4.888916015625000000e-02
4.785156250000000000e-02,4.785156250000000000e-02
4.705810546875000000e-02,4.705810546875000000e-02
4.525756835937500000e-02,4.525756835937500000e-02
4.290771484375000000e-02,4.290771484375000000e-02
3.973388671875000000e-02,3.973388671875000000e-02
3.744506835937500000e-02,3.744506835937500000e-02
3.628540039062500000e-02,3.628540039062500000e-02
3.356933593750000000e-02,3.356933593750000000e-02
2.902221679687500000e-02,2.902221679687500000e-02
2.523803710937500000e-02,2.523803710937500000e-02
2.261352539062500000e-02,2.261352539062500000e-02
1.974487304687500000e-02,1.974487304687500000e-02
1.654052734375000000e-02,1.654052734375000000e-02
1.293945312500000000e-02,1.293945312500000000e-02
9.918212890625000000e-03,9.918212890625000000e-03
7.080078125000000000e-03,7.080078125000000000e-03
4.058837890625000000e-03,4.058837890625000000e-03
1.159667968750000000e-03,1.159667968750000000e-03
-3.082275390625000000e-03,-3.082275390625000000e-03
-7.904052734375000000e-03,-7.904052734375000000e-03
-1.193237304687500000e-02,-1.193237304687500000e-02
-1.574707031250000000e-02,-1.574707031250000000e-02
-1.937866210937500000e-02,-1.937866210937500000e-02
-2.285766601562500000e-02,-2.285766601562500000e-02
-2.651977539062500000e-02,-2.651977539062500000e-02
-3.063964843750000000e-02,-3.063964843750000000e-02
-3.475952148437500000e-02,-3.475952148437500000e-02
-3.784179687500000000e-02,-3.784179687500000000e-02
-4.119873046875000000e-02,-4.119873046875000000e-02
-4.461669921875000000e-02,-4.461669921875000000e-02
-4.714965820312500000e-02,-4.714965820312500000e-02
-5.007934570312500000e-02,-5.007934570312500000e-02
-5.230712890625000000e-02,-5.230712890625000000e-02
-5.465698242187500000e-02,-5.465698242187500000e-02
-5.853271484375000000e-02,-5.853271484375000000e-02
-6.167602539062500000e-02,-6.167602539062500000e-02
-6.402587890625000000e-02,-6.402587890625000000e-02
-6.805419921875000000e-02,-6.805419921875000000e-02
-7.360839843750000000e-02,-7.360839843750000000e-02
-7.788085937500000000e-02,-7.788085937500000000e-02
-8.078002929687500000e-02,-8.078002929687500000e-02
-8.425903320312500000e-02,-8.425903320312500000e-02
-8.813476562500000000e-02,-8.813476562500000000e-02
-9.201049804687500000e-02,-9.201049804687500000e-02
-9.573364257812500000e-02,-9.573364257812500000e-02
-9.857177734375000000e-02,-9.857177734375000000e-02
-9.979248046875000000e-02,-9.979248046875000000e-02
-1.014709472656250000e-01,-1.014709472656250000e-01
-1.056823730468750000e-01,-1.056823730468750000e-01
-1.100158691406250000e-01,-1.100158691406250000e-01
-1.118469238281250000e-01,-1.118469238281250000e-01
-1.127319335937500000e-01,-1.127319335937500000e-01
-1.149597167968750000e-01,-1.149597167968750000e-01
-1.183471679687500000e-01,-1.183471679687500000e-01
-1.213684082031250000e-01,-1.213684082031250000e-01
-1.227111816406250000e-01,-1.227111816406250000e-01
-1.229248046875000000e-01,-1.229248046875000000e-01
-1.232910156250000000e-01,-1.232910156250000000e-01
-1.240234375000000000e-01,-1.240234375000000000e-01
-1.245727539062500000e-01,-1.245727539062500000e-01
-1.247558593750000000e-01,-1.247558593750000000e-01
-1.248779296875000000e-01,-1.248779296875000000e-01
-1.256408691406250000e-01,-1.256408691406250000e-01
-1.267089843750000000e-01,-1.267089843750000000e-01
-1.270141601562500000e-01,-1.270141601562500000e-01
-1.271972656250000000e-01,-1.271972656250000000e-01
-1.287841796875000000e-01,-1.287841796875000000e-01
-1.309814453125000000e-01,-1.309814453125000000e-01
-1.319580078125000000e-01,-1.319580078125000000e-01
-1.319580078125000000e-01,-1.319580078125000000e-01
-1.321716308593750000e-01,-1.321716308593750000e-01
-1.325988769531250000e-01,-1.325988769531250000e-01
-1.331787109375000000e-01,-1.331787109375000000e-01
-1.330566406250000000e-01,-1.330566406250000000e-01
-1.319580078125000000e-01,-1.319580078125000000e-01
-1.307067871093750000e-01,-1.307067871093750000e-01
-1.300964355468750000e-01,-1.300964355468750000e-01
-1.307373046875000000e-01,-1.307373046875000000e-01
-1.310119628906250000e-01,-1.310119628906250000e-01
-1.308593750000000000e-01,-1.308593750000000000e-01
-1.315002441406250000e-01,-1.315002441406250000e-01
-1.325378417968750000e-01,-1.325378417968750000e-01
-1.340332031250000000e-01,-1.340332031250000000e-01
-1.344604492187500000e-01,-1.344604492187500000e-01
-1.334228515625000000e-01,-1.334228515625000000e-01
-1.328125000000000000e-01,-1.328125000000000000e-01
-1.319274902343750000e-01,-1.319274902343750000e-01
-1.304626464843750000e-01,-1.304626464843750000e-01
-1.292724609375000000e-01,-1.292724609375000000e-01
-1.271362304687500000e-01,-1.271362304687500000e-01
-1.245117187500000000e-01,-1.245117187500000000e-01
-1.234436035156250000e-01,-1.234436035156250000e-01
-1.239013671875000000e-01,-1.239013671875000000e-01
-1.242065429687500000e-01,-1.242065429687500000e-01
-1.236877441406250000e-01,-1.236877441406250000e-01
-1.228942871093750000e-01,-1.228942871093750000e-01
-1.212768554687500000e-01,-1.212768554687500000e-01
-1.208190917968750000e-01,-1.208190917968750000e-01
-1.220703125000000000e-01,-1.220703125000000000e-01
-1.219787597656250000e-01,-1.219787597656250000e-01
-1.207580566406250000e-01,-1.207580566406250000e-01
-1.187744140625000000e-01,-1.187744140625000000e-01
-1.175842285156250000e-01,-1.175842285156250000e-01
-1.184082031250000000e-01,-1.184082031250000000e-01
-1.176452636718750000e-01,-1.176452636718750000e-01
-1.150512695312500000e-01,-1.150512695312500000e-01
-1.148986816406250000e-01,-1.148986816406250000e-01
-1.164245605468750000e-01,-1.164245605468750000e-01
-1.174621582031250000e-01,-1.174621582031250000e-01
-1.190795898437500000e-01,-1.190795898437500000e-01
-1.188354492187500000e-01,-1.188354492187500000e-01
-1.172180175781250000e-01,-1.172180175781250000e-01
-1.184692382812500000e-01,-1.184692382812500000e-01
-1.199035644531250000e-01,-1.199035644531250000e-01
-1.192016601562500000e-01,-1.192016601562500000e-01
-1.164245605468750000e-01,-1.164245605468750000e-01
-1.132202148437500000e-01,-1.132202148437500000e-01
-1.117858886718750000e-01,-1.117858886718750000e-01
-1.099243164062500000e-01,-1.099243164062500000e-01
-1.069030761718750000e-01,-1.069030761718750000e-01
-1.037292480468750000e-01,-1.037292480468750000e-01
-1.007080078125000000e-01,-1.007080078125000000e-01
-9.844970703125000000e-02,-9.844970703125000000e-02
-9.545898437500000000e-02,-9.545898437500000000e-02
-9.109497070312500000e-02,-9.109497070312500000e-02
-8.770751953125000000e-02,-8.770751953125000000e-02
-8.468627929687500000e-02,-8.468627929687500000e-02
-7.998657226562500000e-02,-7.998657226562500000e-02
-7.434082031250000000e-02,-7.434082031250000000e-02
-6.790161132812500000e-02,-6.790161132812500000e-02
-6.164550781250000000e-02,-6.164550781250000000e-02
-5.691528320312500000e-02,-5.691528320312500000e-02
-5.178833007812500000e-02,-5.178833007812500000e-02
-4.562377929687500000e-02,-4.562377929687500000e-02
-4.019165039062500000e-02,-4.019165039062500000e-02
-3.549194335937500000e-02,-3.549194335937500000e-02
-3.070068359375000000e-02,-3.070068359375000000e-02
-2.578735351562500000e-02,-2.578735351562500000e-02
-2.041625976562500000e-02,-2.041625976562500000e-02
-1.507568359375000000e-02,-1.507568359375000000e-02
-1.071166992187500000e-02,-1.071166992187500000e-02
-5.401611328125000000e-03,-5.401611328125000000e-03
2.044677734375000000e-03,2.044677734375000000e-03
8.972167968750000000e-03,8.972167968750000000e-03
1.577758789062500000e-02,1.577758789062500000e-02
2.386474609375000000e-02,2.386474609375000000e-02
3.067016601562500000e-02,3.067016601562500000e-02
3.732299804687500000e-02,3.732299804687500000e-02
4.510498046875000000e-02,4.510498046875000000e-02
5.252075195312500000e-02,5.252075195312500000e-02
6.018066406250000000e-02,6.018066406250000000e-02
6.777954101562500000e-02,6.777954101562500000e-02
7.464599609375000000e-02,7.464599609375000000e-02
8.068847656250000000e-02,8.068847656250000000e-02
8.734130859375000000e-02,8.734130859375000000e-02
9.600830078125000000e-02,9.600830078125000000e-02
1.033630371093750000e-01,1.033630371093750000e-01
1.089477539062500000e-01,1.089477539062500000e-01
1.159057617187500000e-01,1.159057617187500000e-01
1.224670410156250000e-01,1.224670410156250000e-01
1.274414062500000000e-01,1.274414062500000000e-01
1.331787109375000000e-01,1.331787109375000000e-01
1.390686035156250000e-01,1.390686035156250000e-01
1.440429687500000000e-01,1.440429687500000000e-01
1.489868164062500000e-01,1.489868164062500000e-01
1.535644531250000000e-01,1.535644531250000000e-01
1.566467285156250000e-01,1.566467285156250000e-01
1.592407226562500000e-01,1.592407226562500000e-01
1.629943847656250000e-01,1.629943847656250000e-01
1.674499511718750000e-01,1.674499511718750000e-01
1.710510253906250000e-01,1.710510253906250000e-01
1.733093261718750000e-01,1.733093261718750000e-01
1.739501953125000000e-01,1.739501953125000000e-01
1.738891601562500000e-01,1.738891601562500000e-01
1.759033203125000000e-01,1.759033203125000000e-01
1.787719726562500000e-01,1.787719726562500000e-01
1.798400878906250000e-01,1.798400878906250000e-01
1.793823242187500000e-01,1.793823242187500000e-01
1.787414550781250000e-01,1.787414550781250000e-01
1.793518066406250000e-01,1.793518066406250000e-01
1.801452636718750000e-01,1.801452636718750000e-01
1.805725097656250000e-01,1.805725097656250000e-01
1.804809570312500000e-01,1.804809570312500000e-01
1.791992187500000000e-01,1.791992187500000000e-01
1.783752441406250000e-01,1.783752441406250000e-01
1.775207519531250000e-01,1.775207519531250000e-01
1.763916015625000000e-01,1.763916015625000000e-01
1.752319335937500000e-01,1.752319335937500000e-01
1.741333007812500000e-01,1.741333007812500000e-01
1.734924316406250000e-01,1.734924316406250000e-01
1.711730957031250000e-01,1.711730957031250000e-01
1.682434082031250000e-01,1.682434082031250000e-01
1.672058105468750000e-01,1.672058105468750000e-01
1.663513183593750000e-01,1.663513183593750000e-01
1.642456054687500000e-01,1.642456054687500000e-01
1.614074707031250000e-01,1.614074707031250000e-01
1.584167480468750000e-01,1.584167480468750000e-01
