-4.848410849148560020e-02,-4.848410849148560020e-02
-4.306574064288884451e-02,-4.306574064288884451e-02
-3.047679401036994251e-02,-3.047679401036994251e-02
-4.467889648472116171e-02,-4.467889648472116171e-02
-4.094392629913463921e-02,-4.094392629913463921e-02
-6.442761692080395397e-02,-6.442761692080395397e-02
-6.164688241052568990e-02,-6.164688241052568990e-02
-4.355550821242395315e-02,-4.355550821242395315e-02
-3.305633791813746003e-02,-3.305633791813746003e-02
-7.539598003150188577e-02,-7.539598003150188577e-02
-7.067343090766958769e-02,-7.067343090766958769e-02
-5.302556338908053640e-02,-5.302556338908053640e-02
-4.543606134940308267e-02,-4.543606134940308267e-02
-6.248966914948600460e-02,-6.248966914948600460e-02
-4.779673798364030002e-02,-4.779673798364030002e-02
-6.231808133431207541e-02,-6.231808133431207541e-02
-7.244256118491715357e-02,-7.244256118491715357e-02
-6.240083858170498987e-02,-6.240083858170498987e-02
-4.254077519897450643e-02,-4.254077519897450643e-02
-6.046604142117241454e-02,-6.046604142117241454e-02
-6.466491491453693619e-02,-6.466491491453693619e-02
-4.489970044056177528e-02,-4.489970044056177528e-02
-6.317281452160848632e-02,-6.317281452160848632e-02
-4.461310548182740449e-02,-4.461310548182740449e-02
-8.677722280450986259e-02,-8.677722280450986259e-02
-4.511237011598129981e-02,-4.511237011598129981e-02
-7.405413557007113623e-02,-7.405413557007113623e-02
-3.955024259359740668e-02,-3.955024259359740668e-02
-6.560130519237833413e-02,-6.560130519237833413e-02
-2.468697342003125378e-02,-2.468697342003125378e-02
-3.988219288561418996e-02,-3.988219288561418996e-02
-3.794337881237101751e-02,-3.794337881237101751e-02
-4.897178171417157500e-02,-4.897178171417157500e-02
-6.403926827554907997e-02,-6.403926827554907997e-02
-3.717835249082207527e-02,-3.717835249082207527e-02
-3.531732308671399478e-02,-3.531732308671399478e-02
-6.991287218887955179e-02,-6.991287218887955179e-02
-5.644615990698166608e-02,-5.644615990698166608e-02
-3.209489981366531186e-02,-3.209489981366531186e-02
-5.976346182265429574e-02,-5.976346182265429574e-02
-4.634222227724263399e-02,-4.634222227724263399e-02
-4.408335329710266759e-02,-4.408335329710266759e-02
-2.554172825007415548e-02,-2.554172825007415548e-02
-3.706529753698688257e-02,-3.706529753698688257e-02
-4.780763456569334102e-02,-4.780763456569334102e-02
-4.220003215779626060e-02,-4.220003215779626060e-02
-6.210443520554131264e-02,-6.210443520554131264e-02
-3.702077460652686280e-02,-3.702077460652686280e-02
-6.138099583118598879e-02,-6.138099583118598879e-02
-7.644386003089211068e-02,-7.644386003089211068e-02
-3.508137090917630430e-02,-3.508137090917630430e-02
-4.379550724218408964e-02,-4.379550724218408964e-02
-3.843473814782827347e-02,-3.843473814782827347e-02
-5.214810889281319695e-02,-5.214810889281319695e-02
-3.557263670938842770e-02,-3.557263670938842770e-02
-5.667112916105862541e-02,-5.667112916105862541e-02
-4.271742978016575959e-02,-4.271742978016575959e-02
-5.901380376418868812e-02,-5.901380376418868812e-02
-2.752915699556380408e-02,-2.752915699556380408e-02
-4.323073857962871080e-02,-4.323073857962871080e-02
-5.821489468325964645e-02,-5.821489468325964645e-02
-3.022870129777333048e-02,-3.022870129777333048e-02
-6.765597415275326210e-02,-6.765597415275326210e-02
-5.261870779543967314e-02,-5.261870779543967314e-02
-4.024911105969695979e-02,-4.024911105969695979e-02
-3.517846255901484198e-02,-3.517846255901484198e-02
-3.975625223131919184e-02,-3.975625223131919184e-02
-6.375938610187466271e-02,-6.375938610187466271e-02
-3.795638044122058574e-02,-3.795638044122058574e-02
-5.431539974218406452e-02,-5.431539974218406452e-02
-4.947774248106285438e-02,-4.947774248106285438e-02
-5.482557811891571736e-02,-5.482557811891571736e-02
-5.149216638264798862e-02,-5.149216638264798862e-02
-4.445654042742706868e-02,-4.445654042742706868e-02
-4.695764232398795535e-02,-4.695764232398795535e-02
-4.233439344540590454e-02,-4.233439344540590454e-02
-4.648019152556326361e-02,-4.648019152556326361e-02
-5.180927419074024542e-02,-5.180927419074024542e-02
-2.726530376602593481e-02,-2.726530376602593481e-02
-6.555815964997226131e-02,-6.555815964997226131e-02
-4.076045273849997208e-02,-4.076045273849997208e-02
-4.565122332348237055e-02,-4.565122332348237055e-02
-4.105902029032976186e-02,-4.105902029032976186e-02
-6.296889212378138645e-02,-6.296889212378138645e-02
-3.563361381015184293e-02,-3.563361381015184293e-02
-2.988313281726547380e-02,-2.988313281726547380e-02
-4.698588956322988230e-02,-4.698588956322988230e-02
-4.965985382115553626e-02,-4.965985382115553626e-02
-3.715093508799212352e-02,-3.715093508799212352e-02
-4.570807138981237971e-02,-4.570807138981237971e-02
-5.039095938424285881e-02,-5.039095938424285881e-02
-4.505376423311255318e-02,-4.505376423311255318e-02
-5.846698801422058056e-02,-5.846698801422058056e-02
-6.595633837923775555e-02,-6.595633837923775555e-02
-6.676745124348376637e-02,-6.676745124348376637e-02
-7.306806986424452255e-02,-7.306806986424452255e-02
-4.516350967267132588e-02,-4.516350967267132588e-02
-4.859730202502215990e-02,-4.859730202502215990e-02
-5.180452655175794840e-02,-5.180452655175794840e-02
-3.968321610231597546e-02,-3.968321610231597546e-02
-3.477007290936555417e-02,-3.477007290936555417e-02
-2.404736950751085872e-02,-2.404736950751085872e-02
-4.344472151825006651e-02,-4.344472151825006651e-02
-6.526658412499565520e-02,-6.526658412499565520e-02
-2.343150893396411458e-02,-2.343150893396411458e-02
-4.920282954763442046e-02,-4.920282954763442046e-02
-4.383248155734002088e-02,-4.383248155734002088e-02
-3.508250398340620468e-02,-3.508250398340620468e-02
-5.456574697319750700e-02,-5.456574697319750700e-02
-4.273898225236193865e-02,-4.273898225236193865e-02
-4.468045657445232632e-02,-4.468045657445232632e-02
-6.084394535000054588e-02,-6.084394535000054588e-02
-5.253905298980942468e-02,-5.253905298980942468e-02
-4.474117736803218115e-02,-4.474117736803218115e-02
-3.904968178257176015e-02,-3.904968178257176015e-02
-5.315995763229247606e-02,-5.315995763229247606e-02
-5.018839197840545274e-02,-5.018839197840545274e-02
-4.770765812928248750e-02,-4.770765812928248750e-02
-3.746213832226375634e-02,-3.746213832226375634e-02
-4.455910688206745490e-02,-4.455910688206745490e-02
-5.389702126577528007e-02,-5.389702126577528007e-02
-6.866983678858139262e-02,-6.866983678858139262e-02
-3.881385139542634088e-02,-3.881385139542634088e-02
-6.473407249337133351e-02,-6.473407249337133351e-02
-6.942688375699336556e-02,-6.942688375699336556e-02
-4.672546655891544887e-02,-4.672546655891544887e-02
-6.463422024860634996e-02,-6.463422024860634996e-02
-6.021843575125446213e-02,-6.021843575125446213e-02
-5.406040989120367707e-02,-5.406040989120367707e-02
-7.210582777233047469e-02,-7.210582777233047469e-02
-4.460728987627704534e-02,-4.460728987627704534e-02
-6.565579484042836922e-02,-6.565579484042836922e-02
-3.823760901809947210e-02,-3.823760901809947210e-02
-5.015580857196781650e-02,-5.015580857196781650e-02
-4.484903093525942352e-02,-4.484903093525942352e-02
-4.598071108885959379e-02,-4.598071108885959379e-02
-3.644912972112458738e-02,-3.644912972112458738e-02
-5.698165934248682757e-02,-5.698165934248682757e-02
-5.388253009881124878e-02,-5.388253009881124878e-02
-5.505005928667718040e-02,-5.505005928667718040e-02
-5.219973008371687345e-02,-5.219973008371687345e-02
-3.817953947166705109e-02,-3.817953947166705109e-02
-5.157653922632625398e-02,-5.157653922632625398e-02
-4.958327999132396829e-02,-4.958327999132396829e-02
-3.732197524655062743e-02,-3.732197524655062743e-02
-4.874471417624107183e-02,-4.874471417624107183e-02
-5.994377460636286098e-02,-5.994377460636286098e-02
-5.682317939353687120e-02,-5.682317939353687120e-02
-3.144586859040638532e-02,-3.144586859040638532e-02
-5.391101535097055086e-02,-5.391101535097055086e-02
-3.090626581125219263e-02,-3.090626581125219263e-02
-7.076338592370509661e-02,-7.076338592370509661e-02
-6.430041988203150094e-02,-6.430041988203150094e-02
-5.633739711061218347e-02,-5.633739711061218347e-02
-2.421859853426267320e-02,-2.421859853426267320e-02
-4.789411791165198995e-02,-4.789411791165198995e-02
-4.618877043507785274e-02,-4.618877043507785274e-02
-6.484694774065560829e-02,-6.484694774065560829e-02
-5.428174918219449974e-02,-5.428174918219449974e-02
-6.656279613578186538e-02,-6.656279613578186538e-02
-5.608583018700146611e-02,-5.608583018700146611e-02
-4.546015686820881196e-02,-4.546015686820881196e-02
-3.472641598081400299e-02,-3.472641598081400299e-02
-3.936879353729356296e-02,-3.936879353729356296e-02
-6.248804085325801450e-02,-6.248804085325801450e-02
-3.546707557244238584e-02,-3.546707557244238584e-02
-3.609850915807635147e-02,-3.609850915807635147e-02
-4.656628302933511765e-02,-4.656628302933511765e-02
-6.646383568995835323e-02,-6.646383568995835323e-02
-5.796082456264167043e-02,-5.796082456264167043e-02
-3.919004889576613304e-02,-3.919004889576613304e-02
-5.718225886857967316e-02,-5.718225886857967316e-02
-4.541855088514598626e-02,-4.541855088514598626e-02
-8.663839017499627704e-02,-8.663839017499627704e-02
-4.261496454983639687e-02,-4.261496454983639687e-02
-7.735653572228155805e-02,-7.735653572228155805e-02
-4.949917604079413086e-02,-4.949917604079413086e-02
-4.881901292575997059e-02,-4.881901292575997059e-02
-5.973667281312510652e-02,-5.973667281312510652e-02
-4.712116546046760113e-02,-4.712116546046760113e-02
-7.216821971549965131e-02,-7.216821971549965131e-02
-4.562109451284956235e-02,-4.562109451284956235e-02
-7.013781520173056894e-02,-7.013781520173056894e-02
-6.484960486483956621e-02,-6.484960486483956621e-02
-5.907897221123848547e-02,-5.907897221123848547e-02
-3.983279707205848730e-02,-3.983279707205848730e-02
-4.896121963623766005e-02,-4.896121963623766005e-02
-4.691506081041405679e-02,-4.691506081041405679e-02
-5.703474300272400738e-02,-5.703474300272400738e-02
-6.001250848317668529e-02,-6.001250848317668529e-02
-3.491499614120723016e-02,-3.491499614120723016e-02
-4.321462075934132813e-02,-4.321462075934132813e-02
-5.634927593079672170e-02,-5.634927593079672170e-02
-6.347462955446732391e-02,-6.347462955446732391e-02
-6.080834173657546221e-02,-6.080834173657546221e-02
-4.285175582497093710e-02,-4.285175582497093710e-02
-5.667504604736981616e-02,-5.667504604736981616e-02
-5.436819389608463227e-02,-5.436819389608463227e-02
-5.794888090226743560e-02,-5.794888090226743560e-02
-6.622940933171289624e-02,-6.622940933171289624e-02
-5.383045671849601838e-02,-5.383045671849601838e-02
-6.383562817165008840e-02,-6.383562817165008840e-02
-4.716752305922629340e-02,-4.716752305922629340e-02
-4.510366195446551679e-02,-4.510366195446551679e-02
-4.768673099483990152e-02,-4.768673099483990152e-02
-3.035315066755626262e-02,-3.035315066755626262e-02
-7.068560082248220855e-02,-7.068560082248220855e-02
-4.885243909122614914e-02,-4.885243909122614914e-02
-5.911268760690317758e-02,-5.911268760690317758e-02
-4.535250167841094887e-02,-4.535250167841094887e-02
-4.257902127333219877e-02,-4.257902127333219877e-02
-6.002688875722402007e-02,-6.002688875722402007e-02
-4.484124362092174743e-02,-4.484124362092174743e-02
-6.122377364790856924e-02,-6.122377364790856924e-02
-5.522798040457877616e-02,-5.522798040457877616e-02
-5.172580641903703341e-02,-5.172580641903703341e-02
-5.591109677953196022e-02,-5.591109677953196022e-02
-4.718349910812792702e-02,-4.718349910812792702e-02
-3.407294998763230054e-02,-3.407294998763230054e-02
-4.421511907987517309e-02,-4.421511907987517309e-02
-3.349832039667695327e-02,-3.349832039667695327e-02
-5.050981428408690688e-02,-5.050981428408690688e-02
-5.006948620789525989e-02,-5.006948620789525989e-02
-5.443832582877883297e-02,-5.443832582877883297e-02
-5.517206724804805951e-02,-5.517206724804805951e-02
-6.587058779489138316e-02,-6.587058779489138316e-02
-4.711046108695843282e-02,-4.711046108695843282e-02
-4.083196425202690466e-02,-4.083196425202690466e-02
-4.211375457549570989e-02,-4.211375457549570989e-02
-3.790116078088213297e-02,-3.790116078088213297e-02
-5.915515658603062027e-02,-5.915515658603062027e-02
-3.409784235875866487e-02,-3.409784235875866487e-02
-6.081296695747352016e-02,-6.081296695747352016e-02
-5.685381482007226261e-02,-5.685381482007226261e-02
-3.340434790109771124e-02,-3.340434790109771124e-02
-3.842990456282896483e-02,-3.842990456282896483e-02
-6.492415216325048144e-02,-6.492415216325048144e-02
-5.284898716672507823e-02,-5.284898716672507823e-02
-6.234752739777273123e-02,-6.234752739777273123e-02
-2.815960158460987031e-02,-2.815960158460987031e-02
-5.880591211156399600e-02,-5.880591211156399600e-02
-4.226560238133389436e-02,-4.226560238133389436e-02
-4.288983101361280165e-02,-4.288983101361280165e-02
-4.431019557510955387e-02,-4.431019557510955387e-02
-4.980006946476821239e-02,-4.980006946476821239e-02
-4.141580045898812790e-02,-4.141580045898812790e-02
-5.649885531559046409e-02,-5.649885531559046409e-02
-4.970174296207272024e-02,-4.970174296207272024e-02
-6.557712685455296953e-02,-6.557712685455296953e-02
-5.117539783657511221e-02,-5.117539783657511221e-02
-8.813830188669349863e-02,-8.813830188669349863e-02
-6.121238892881645383e-02,-6.121238892881645383e-02
-5.803169797620444381e-02,-5.803169797620444381e-02
-4.302843656054190780e-02,-4.302843656054190780e-02
-5.002603061921673255e-02,-5.002603061921673255e-02
-4.682915508566558305e-02,-4.682915508566558305e-02
-5.652383381832297438e-02,-5.652383381832297438e-02
-5.760012902985636035e-02,-5.760012902985636035e-02
-5.355895758228020748e-02,-5.355895758228020748e-02
-4.511979032838817072e-02,-4.511979032838817072e-02
-6.371802859801831143e-02,-6.371802859801831143e-02
-4.244821002132337373e-02,-4.244821002132337373e-02
-6.149911489620187022e-02,-6.149911489620187022e-02
-3.688999275800995681e-02,-3.688999275800995681e-02
-4.059820760206930834e-02,-4.059820760206930834e-02
-4.826554096116038306e-02,-4.826554096116038306e-02
-6.356853804215537029e-02,-6.356853804215537029e-02
-3.057696328941272162e-02,-3.057696328941272162e-02
-5.613684944003232563e-02,-5.613684944003232563e-02
-6.169345707287786362e-02,-6.169345707287786362e-02
-4.389974952524153956e-02,-4.389974952524153956e-02
-5.806188634207133659e-02,-5.806188634207133659e-02
-4.590628859634078573e-02,-4.590628859634078573e-02
-6.128414839386948920e-02,-6.128414839386948920e-02
-4.759486042439250997e-02,-4.759486042439250997e-02
-4.007410572358839629e-02,-4.007410572358839629e-02
-6.264291062216052752e-02,-6.264291062216052752e-02
-3.577997324270315582e-02,-3.577997324270315582e-02
-4.780148123360121459e-02,-4.780148123360121459e-02
-4.662177355979429949e-02,-4.662177355979429949e-02
-5.359154741369445696e-02,-5.359154741369445696e-02
-6.453655635640430377e-02,-6.453655635640430377e-02
-5.143406190456815963e-02,-5.143406190456815963e-02
-7.324695266746253375e-02,-7.324695266746253375e-02
-6.401019167853320979e-02,-6.401019167853320979e-02
-5.500612098252570525e-02,-5.500612098252570525e-02
-4.010403589384154560e-02,-4.010403589384154560e-02
-4.157809927712441400e-02,-4.157809927712441400e-02
-6.146258206241179967e-02,-6.146258206241179967e-02
-5.251209249686229763e-02,-5.251209249686229763e-02
-4.412250100259795804e-02,-4.412250100259795804e-02
-6.481336011319377421e-02,-6.481336011319377421e-02
-5.034924036018604415e-02,-5.034924036018604415e-02
-4.488085470037776747e-02,-4.488085470037776747e-02
-5.342042448674660937e-02,-5.342042448674660937e-02
-5.600736126178289254e-02,-5.600736126178289254e-02
-3.383631304542465690e-02,-3.383631304542465690e-02
-5.453630825481919908e-02,-5.453630825481919908e-02
-5.080551088369651691e-02,-5.080551088369651691e-02
-5.643141968656958246e-02,-5.643141968656958246e-02
-7.793851856449332538e-02,-7.793851856449332538e-02
-5.090747823470214567e-02,-5.090747823470214567e-02
-6.867126552462420042e-02,-6.867126552462420042e-02
-5.397617556516210585e-02,-5.397617556516210585e-02
-4.181738454018152362e-02,-4.181738454018152362e-02
-5.655376657624569536e-02,-5.655376657624569536e-02
-4.168179932717604869e-02,-4.168179932717604869e-02
-4.541215526341317588e-02,-4.541215526341317588e-02
-4.219872963049640935e-02,-4.219872963049640935e-02
-3.097247761072463232e-02,-3.097247761072463232e-02
-4.634811280353796220e-02,-4.634811280353796220e-02
-3.707070711052607576e-02,-3.707070711052607576e-02
-5.448856464080934631e-02,-5.448856464080934631e-02
-6.749112675542859319e-02,-6.749112675542859319e-02
-5.934322708029297205e-02,-5.934322708029297205e-02
-5.739326335918289862e-02,-5.739326335918289862e-02
-5.152377081023681860e-02,-5.152377081023681860e-02
-5.356111976913748018e-02,-5.356111976913748018e-02
-7.593107513477267978e-02,-7.593107513477267978e-02
-6.581183108951972616e-02,-6.581183108951972616e-02
-6.720625452863013272e-02,-6.720625452863013272e-02
-5.884679263397221693e-02,-5.884679263397221693e-02
-5.849631283050826802e-02,-5.849631283050826802e-02
-5.117615493904700830e-02,-5.117615493904700830e-02
-4.969031432464734999e-02,-4.969031432464734999e-02
-4.238359918866922704e-02,-4.238359918866922704e-02
-7.156817318740445188e-02,-7.156817318740445188e-02
-7.756122503020942971e-02,-7.756122503020942971e-02
-4.745703274806885308e-02,-4.745703274806885308e-02
-3.506036003222168240e-02,-3.506036003222168240e-02
-7.141287029617816862e-02,-7.141287029617816862e-02
-4.628081794455340264e-02,-4.628081794455340264e-02
-4.501638767869847735e-02,-4.501638767869847735e-02
-6.242640731674795052e-02,-6.242640731674795052e-02
-5.757593096774145380e-02,-5.757593096774145380e-02
-4.468454547500415319e-02,-4.468454547500415319e-02
-6.332987321363821309e-02,-6.332987321363821309e-02
-6.475277409291073372e-02,-6.475277409291073372e-02
-3.325224996496076862e-02,-3.325224996496076862e-02
-5.719155162187756353e-02,-5.719155162187756353e-02
-4.746431740104238572e-02,-4.746431740104238572e-02
-5.341040170820804400e-02,-5.341040170820804400e-02
-4.927190479815070356e-02,-4.927190479815070356e-02
-6.074481787670411859e-02,-6.074481787670411859e-02
-4.293899978912248117e-02,-4.293899978912248117e-02
-5.588876758348577944e-02,-5.588876758348577944e-02
-6.830161787720601119e-02,-6.830161787720601119e-02
-4.435585229387233736e-02,-4.435585229387233736e-02
-6.674932862312030202e-02,-6.674932862312030202e-02
-2.917430743480449451e-02,-2.917430743480449451e-02
-6.981795289518773207e-02,-6.981795289518773207e-02
-5.536309851271935256e-02,-5.536309851271935256e-02
-6.450632986817578240e-02,-6.450632986817578240e-02
-3.908354217444970358e-02,-3.908354217444970358e-02
-5.635236323899074640e-02,-5.635236323899074640e-02
-2.729267578178071890e-02,-2.729267578178071890e-02
-4.077507316730986930e-02,-4.077507316730986930e-02
-3.179050104997639681e-02,-3.179050104997639681e-02
-7.433993131100094520e-02,-7.433993131100094520e-02
-4.433460055518921583e-02,-4.433460055518921583e-02
-4.597614786442601187e-02,-4.597614786442601187e-02
-3.546010335930611240e-02,-3.546010335930611240e-02
-5.117783857634322642e-02,-5.117783857634322642e-02
-4.920921689338143834e-02,-4.920921689338143834e-02
-5.640292529680525357e-02,-5.640292529680525357e-02
-3.564164622641072949e-02,-3.564164622641072949e-02
-5.533097591457705050e-02,-5.533097591457705050e-02
-7.527051227305932291e-02,-7.527051227305932291e-02
-5.298573571410677974e-02,-5.298573571410677974e-02
-4.486234936909497956e-02,-4.486234936909497956e-02
-4.909334963271099611e-02,-4.909334963271099611e-02
-5.916857657550929350e-02,-5.916857657550929350e-02
-6.092352282327055668e-02,-6.092352282327055668e-02
-5.387379499960945339e-02,-5.387379499960945339e-02
-3.573623438379780470e-02,-3.573623438379780470e-02
-6.069324125993562358e-02,-6.069324125993562358e-02
-3.788077746947070973e-02,-3.788077746947070973e-02
-2.605993612508054544e-02,-2.605993612508054544e-02
-7.515189334489766337e-02,-7.515189334489766337e-02
-5.607834040858558633e-02,-5.607834040858558633e-02
-6.122284872432240399e-02,-6.122284872432240399e-02
-5.114266689341936956e-02,-5.114266689341936956e-02
-6.449833622022498048e-02,-6.449833622022498048e-02
-4.632968586545224698e-02,-4.632968586545224698e-02
-6.610487468868768424e-02,-6.610487468868768424e-02
-5.630240772310120267e-02,-5.630240772310120267e-02
-4.475034119455219284e-02,-4.475034119455219284e-02
-4.947569429583736911e-02,-4.947569429583736911e-02
-4.498232486059611235e-02,-4.498232486059611235e-02
-4.767616391947232524e-02,-4.767616391947232524e-02
-5.735685585811522991e-02,-5.735685585811522991e-02
-4.875438669480509218e-02,-4.875438669480509218e-02
-4.019280045151396585e-02,-4.019280045151396585e-02
-6.874117271520119310e-02,-6.874117271520119310e-02
-7.700865003670145925e-02,-7.700865003670145925e-02
-5.488577094840979553e-02,-5.488577094840979553e-02
-4.775990808848261382e-02,-4.775990808848261382e-02
-3.562350031140264217e-02,-3.562350031140264217e-02
-4.641470432151918735e-02,-4.641470432151918735e-02
-2.769983875706194532e-02,-2.769983875706194532e-02
-5.843549588553843127e-02,-5.843549588553843127e-02
-6.145312666814009561e-02,-6.145312666814009561e-02
-4.141187811408182651e-02,-4.141187811408182651e-02
-6.762954578714694409e-02,-6.762954578714694409e-02
-3.266622999068906352e-02,-3.266622999068906352e-02
-5.944685786708683861e-02,-5.944685786708683861e-02
-7.030556515383935834e-02,-7.030556515383935834e-02
-4.457676181437800894e-02,-4.457676181437800894e-02
-3.219897171606415920e-02,-3.219897171606415920e-02
-6.035876661410929933e-02,-6.035876661410929933e-02
-5.345664886578899849e-02,-5.345664886578899849e-02
-5.824285291684531268e-02,-5.824285291684531268e-02
-6.413747667004289499e-02,-6.413747667004289499e-02
-4.920200381423557590e-02,-4.920200381423557590e-02
-5.451372275192886696e-02,-5.451372275192886696e-02
-3.870378353179708408e-02,-3.870378353179708408e-02
-5.196225362563568206e-02,-5.196225362563568206e-02
-4.835307286210678568e-02,-4.835307286210678568e-02
-5.429444672534509964e-02,-5.429444672534509964e-02
-3.093720500686436559e-02,-3.093720500686436559e-02
-7.644954204871742820e-02,-7.644954204871742820e-02
-6.844525652935007365e-02,-6.844525652935007365e-02
-6.002881061665520102e-02,-6.002881061665520102e-02
-4.728816765732086341e-02,-4.728816765732086341e-02
-4.029540244342282029e-02,-4.029540244342282029e-02
-4.928219518676148214e-02,-4.928219518676148214e-02
-5.978427816469296385e-02,-5.978427816469296385e-02
-5.177544241301512695e-02,-5.177544241301512695e-02
-7.218460371739587877e-02,-7.218460371739587877e-02
-6.921783574494276559e-02,-6.921783574494276559e-02
-6.203717703799063732e-02,-6.203717703799063732e-02
-6.734004497103951437e-02,-6.734004497103951437e-02
-6.002629749623307476e-02,-6.002629749623307476e-02
-5.468396373977253699e-02,-5.468396373977253699e-02
-6.019268097255161404e-02,-6.019268097255161404e-02
-5.933392291370594152e-02,-5.933392291370594152e-02
-5.741440770236606872e-02,-5.741440770236606872e-02
-4.833650193629551728e-02,-4.833650193629551728e-02
-3.393276898817336462e-02,-3.393276898817336462e-02
-6.516460045999133976e-02,-6.516460045999133976e-02
-4.750848350020309141e-02,-4.750848350020309141e-02
-4.625096913404561083e-02,-4.625096913404561083e-02
-5.308397205052281520e-02,-5.308397205052281520e-02
-4.431646230598768055e-02,-4.431646230598768055e-02
-5.940971014629957414e-02,-5.940971014629957414e-02
-6.433320643103423997e-02,-6.433320643103423997e-02
-3.805505386452030098e-02,-3.805505386452030098e-02
-6.955512310938390119e-02,-6.955512310938390119e-02
-6.601292218114741817e-02,-6.601292218114741817e-02
-4.532733830921645279e-02,-4.532733830921645279e-02
-4.350600028401489794e-02,-4.350600028401489794e-02
-2.500797587186988705e-02,-2.500797587186988705e-02
-6.235797308419940843e-02,-6.235797308419940843e-02
-5.736246396072756937e-02,-5.736246396072756937e-02
-5.346511497219630371e-02,-5.346511497219630371e-02
-5.722523785758848458e-02,-5.722523785758848458e-02
-3.722669871397425723e-02,-3.722669871397425723e-02
-4.408528969652815432e-02,-4.408528969652815432e-02
-5.048286203333106348e-02,-5.048286203333106348e-02
-6.079622416050500799e-02,-6.079622416050500799e-02
-7.083500463498845767e-02,-7.083500463498845767e-02
-6.732967849066609500e-02,-6.732967849066609500e-02
-4.391405222585879897e-02,-4.391405222585879897e-02
-4.968552090218528866e-02,-4.968552090218528866e-02
-4.809139680564753633e-02,-4.809139680564753633e-02
-4.081107320471346472e-02,-4.081107320471346472e-02
-5.602279517798955388e-02,-5.602279517798955388e-02
-3.385992461126071523e-02,-3.385992461126071523e-02
-6.191638431183120461e-02,-6.191638431183120461e-02
-5.104981885950676812e-02,-5.104981885950676812e-02
-4.793140513944742220e-02,-4.793140513944742220e-02
-5.519679463343243886e-02,-5.519679463343243886e-02
-6.213435899645435023e-02,-6.213435899645435023e-02
-3.211572799698639291e-02,-3.211572799698639291e-02
-4.796057233907503881e-02,-4.796057233907503881e-02
-3.051392858046105341e-02,-3.051392858046105341e-02
-5.793365301854490335e-02,-5.793365301854490335e-02
-6.974856064745024731e-02,-6.974856064745024731e-02
-4.457781525597533101e-02,-4.457781525597533101e-02
-8.007312502320435010e-02,-8.007312502320435010e-02
-4.045496318503785660e-02,-4.045496318503785660e-02
-4.565647422040215730e-02,-4.565647422040215730e-02
-4.406142703251660075e-02,-4.406142703251660075e-02
-3.858796752080393549e-02,-3.858796752080393549e-02
-3.289109360071899857e-02,-3.289109360071899857e-02
-7.444092898168516714e-02,-7.444092898168516714e-02
-6.138811394436366475e-02,-6.138811394436366475e-02
-6.072396781363942342e-02,-6.072396781363942342e-02
-6.162022925715318622e-02,-6.162022925715318622e-02
-6.099859165786145759e-02,-6.099859165786145759e-02
-6.173354612907031025e-02,-6.173354612907031025e-02
-4.501163079685654989e-02,-4.501163079685654989e-02
-2.296008206597476703e-02,-2.296008206597476703e-02
-5.222343731041143022e-02,-5.222343731041143022e-02
-4.657085195234544200e-02,-4.657085195234544200e-02
-5.667889333503847715e-02,-5.667889333503847715e-02
-3.885315340641597170e-02,-3.885315340641597170e-02
-3.982257871390892240e-02,-3.982257871390892240e-02
-6.319224698968334275e-02,-6.319224698968334275e-02
-5.533190664674350612e-02,-5.533190664674350612e-02
-5.235934122825514070e-02,-5.235934122825514070e-02
-6.335512638354792725e-02,-6.335512638354792725e-02
-7.317500645849984997e-02,-7.317500645849984997e-02
-6.509402685478789252e-02,-6.509402685478789252e-02
-3.758728244523339146e-02,-3.758728244523339146e-02
-6.004711844854162400e-02,-6.004711844854162400e-02
-5.048849501490171310e-02,-5.048849501490171310e-02
-5.569153657082498432e-02,-5.569153657082498432e-02
-4.950000797112066864e-02,-4.950000797112066864e-02
-5.211485022574656456e-02,-5.211485022574656456e-02
-5.532624046669729068e-02,-5.532624046669729068e-02
-4.385779692133084939e-02,-4.385779692133084939e-02
-4.954636768761215559e-02,-4.954636768761215559e-02
-5.677363520025072163e-02,-5.677363520025072163e-02
-4.100342384990862676e-02,-4.100342384990862676e-02
-4.868929212688063307e-02,-4.868929212688063307e-02
-4.573587015096391289e-02,-4.573587015096391289e-02
-5.504688677482902359e-02,-5.504688677482902359e-02
-5.343141613062563078e-02,-5.343141613062563078e-02
-7.375804961594155384e-02,-7.375804961594155384e-02
-6.432035992930906776e-02,-6.432035992930906776e-02
-4.286855437896919252e-02,-4.286855437896919252e-02
-5.479485395755301358e-02,-5.479485395755301358e-02
-4.869451654613938391e-02,-4.869451654613938391e-02
-7.826115071913951338e-02,-7.826115071913951338e-02
-4.565088634688646563e-02,-4.565088634688646563e-02
-6.554987625013897201e-02,-6.554987625013897201e-02
-5.520151507130947877e-02,-5.520151507130947877e-02
-4.467673897354455803e-02,-4.467673897354455803e-02
-3.846099634286123670e-02,-3.846099634286123670e-02
-4.568403017493809226e-02,-4.568403017493809226e-02
-3.921189880312202919e-02,-3.921189880312202919e-02
-4.791758140097417129e-02,-4.791758140097417129e-02
-3.865852403439043461e-02,-3.865852403439043461e-02
-6.268158491567858703e-02,-6.268158491567858703e-02
-4.378718250600804884e-02,-4.378718250600804884e-02
-4.867587068157839397e-02,-4.867587068157839397e-02
-5.296624048430759180e-02,-5.296624048430759180e-02
-5.424622941816151234e-02,-5.424622941816151234e-02
-6.576609183068368725e-02,-6.576609183068368725e-02
-4.655897901033025782e-02,-4.655897901033025782e-02
-5.477804051695139842e-02,-5.477804051695139842e-02
-4.622359635008074785e-02,-4.622359635008074785e-02
-5.106132701594556789e-02,-5.106132701594556789e-02
-6.001998784160056388e-02,-6.001998784160056388e-02
-5.361264846016632057e-02,-5.361264846016632057e-02
-5.850170975207593521e-02,-5.850170975207593521e-02
-5.508226398259595535e-02,-5.508226398259595535e-02
-6.224493378578342673e-02,-6.224493378578342673e-02
-5.461981805199796203e-02,-5.461981805199796203e-02
-4.634120021542006279e-02,-4.634120021542006279e-02
-6.960442540600475514e-02,-6.960442540600475514e-02
-2.422538379987861784e-02,-2.422538379987861784e-02
-6.758511962786240002e-02,-6.758511962786240002e-02
-4.361014208787672430e-02,-4.361014208787672430e-02
-6.066917815488731547e-02,-6.066917815488731547e-02
-6.882247153768795978e-02,-6.882247153768795978e-02
-6.355433199028409641e-02,-6.355433199028409641e-02
-5.396653265829267493e-02,-5.396653265829267493e-02
-5.060505766813196832e-02,-5.060505766813196832e-02
-5.451109107009242949e-02,-5.451109107009242949e-02
-5.343459159719963353e-02,-5.343459159719963353e-02
-5.353609146542566422e-02,-5.353609146542566422e-02
-6.381817874982162464e-02,-6.381817874982162464e-02
-5.608357782532025909e-02,-5.608357782532025909e-02
-4.565668347454550358e-02,-4.565668347454550358e-02
-5.983603407326206630e-02,-5.983603407326206630e-02
-5.738049271288427067e-02,-5.738049271288427067e-02
-5.586278387074565532e-02,-5.586278387074565532e-02
-5.581379680819874289e-02,-5.581379680819874289e-02
-5.640611273615506877e-02,-5.640611273615506877e-02
-6.218810103999249800e-02,-6.218810103999249800e-02
-4.069556366490516275e-02,-4.069556366490516275e-02
-5.896378433858683044e-02,-5.896378433858683044e-02
-4.047935099655911029e-02,-4.047935099655911029e-02
-4.399474623341065316e-02,-4.399474623341065316e-02
-3.611960160424625838e-02,-3.611960160424625838e-02
-4.167162263343388712e-02,-4.167162263343388712e-02
-5.392306675424098084e-02,-5.392306675424098084e-02
-5.406560817584478429e-02,-5.406560817584478429e-02
-6.254783426699207782e-02,-6.254783426699207782e-02
-6.063734360334935292e-02,-6.063734360334935292e-02
-6.331097839976626562e-02,-6.331097839976626562e-02
-5.864741325644249464e-02,-5.864741325644249464e-02
-5.337802134846700297e-02,-5.337802134846700297e-02
-3.706975139845078426e-02,-3.706975139845078426e-02
-5.894444772554817413e-02,-5.894444772554817413e-02
-6.936947571762296094e-02,-6.936947571762296094e-02
-4.888036809049818576e-02,-4.888036809049818576e-02
-4.725362461921063517e-02,-4.725362461921063517e-02
-5.977654034695342733e-02,-5.977654034695342733e-02
-7.155177428351551516e-02,-7.155177428351551516e-02
-4.018517761634148033e-02,-4.018517761634148033e-02
-5.559459017016347981e-02,-5.559459017016347981e-02
-4.308141326458234804e-02,-4.308141326458234804e-02
-5.211576571257941354e-02,-5.211576571257941354e-02
-4.365558922908718137e-02,-4.365558922908718137e-02
-5.069540935908956047e-02,-5.069540935908956047e-02
-2.887577633885751380e-02,-2.887577633885751380e-02
-6.477265347941131568e-02,-6.477265347941131568e-02
-5.720627535614704329e-02,-5.720627535614704329e-02
-3.354953312714874236e-02,-3.354953312714874236e-02
-4.659297045638043089e-02,-4.659297045638043089e-02
-7.029056645230766232e-02,-7.029056645230766232e-02
-3.775494252191800848e-02,-3.775494252191800848e-02
-4.440110692381496471e-02,-4.440110692381496471e-02
-4.722636185258910491e-02,-4.722636185258910491e-02
-5.295576161528710302e-02,-5.295576161528710302e-02
-3.733917112956339213e-02,-3.733917112956339213e-02
-3.544634864920018225e-02,-3.544634864920018225e-02
-6.737592105759840355e-02,-6.737592105759840355e-02
-6.380607216612799171e-02,-6.380607216612799171e-02
-5.269027627099456823e-02,-5.269027627099456823e-02
-4.610404773925011468e-02,-4.610404773925011468e-02
-6.333750483214124760e-02,-6.333750483214124760e-02
-4.552531559553422980e-02,-4.552531559553422980e-02
-4.675382114813574075e-02,-4.675382114813574075e-02
-6.310487368813570697e-02,-6.310487368813570697e-02
-4.281708020594233999e-02,-4.281708020594233999e-02
-2.886858930038464430e-02,-2.886858930038464430e-02
-5.296492371351498724e-02,-5.296492371351498724e-02
-5.585927804017880305e-02,-5.585927804017880305e-02
-4.667662426404378673e-02,-4.667662426404378673e-02
-4.488952771689745658e-02,-4.488952771689745658e-02
-5.044219354113941428e-02,-5.044219354113941428e-02
-5.886923671791757795e-02,-5.886923671791757795e-02
-4.494233464826132007e-02,-4.494233464826132007e-02
-5.427815706360278325e-02,-5.427815706360278325e-02
-6.075538137925536736e-02,-6.075538137925536736e-02
-5.622740623456689429e-02,-5.622740623456689429e-02
-5.070814771837420243e-02,-5.070814771837420243e-02
-3.839454473613299057e-02,-3.839454473613299057e-02
-4.516700455970542455e-02,-4.516700455970542455e-02
-6.736100166646173670e-02,-6.736100166646173670e-02
-5.123417140403475900e-02,-5.123417140403475900e-02
-4.555330995299111674e-02,-4.555330995299111674e-02
-5.773110040178590363e-02,-5.773110040178590363e-02
-5.439336997948894525e-02,-5.439336997948894525e-02
-4.876314386151810176e-02,-4.876314386151810176e-02
-3.674479798434580197e-02,-3.674479798434580197e-02
-4.442138726814486016e-02,-4.442138726814486016e-02
-5.449354616367881043e-02,-5.449354616367881043e-02
-5.291847431138715918e-02,-5.291847431138715918e-02
-4.311359393327553191e-02,-4.311359393327553191e-02
-3.594265565896295755e-02,-3.594265565896295755e-02
-4.877972691501184649e-02,-4.877972691501184649e-02
-2.636063882704058406e-02,-2.636063882704058406e-02
-5.215018574465448559e-02,-5.215018574465448559e-02
-5.241727847239328886e-02,-5.241727847239328886e-02
-6.071222476483419117e-02,-6.071222476483419117e-02
-4.327437246947801047e-02,-4.327437246947801047e-02
-5.547512568633469754e-02,-5.547512568633469754e-02
-2.753077305352705575e-02,-2.753077305352705575e-02
-4.196021878138159189e-02,-4.196021878138159189e-02
-4.632876424531585935e-02,-4.632876424531585935e-02
-3.672952941921062142e-02,-3.672952941921062142e-02
-4.914947268641861600e-02,-4.914947268641861600e-02
-7.297360128647778499e-02,-7.297360128647778499e-02
-4.021936771431553620e-02,-4.021936771431553620e-02
-4.806930724445905578e-02,-4.806930724445905578e-02
-4.504324644454262005e-02,-4.504324644454262005e-02
-4.972767041624283346e-02,-4.972767041624283346e-02
-4.802536604294108807e-02,-4.802536604294108807e-02
-4.239886573739842096e-02,-4.239886573739842096e-02
-6.464333111380710095e-02,-6.464333111380710095e-02
-5.647754972701043985e-02,-5.647754972701043985e-02
-4.382845629557056977e-02,-4.382845629557056977e-02
-4.263097122428693986e-02,-4.263097122428693986e-02
-4.991368846486372163e-02,-4.991368846486372163e-02
-3.210172215307251220e-02,-3.210172215307251220e-02
-4.875958016997037486e-02,-4.875958016997037486e-02
-4.260338871000012018e-02,-4.260338871000012018e-02
-6.713195893993659236e-02,-6.713195893993659236e-02
-5.545590201195269020e-02,-5.545590201195269020e-02
-5.241213224258907399e-02,-5.241213224258907399e-02
-4.291804770271621244e-02,-4.291804770271621244e-02
-4.765407787521405703e-02,-4.765407787521405703e-02
-4.220818783856877809e-02,-4.220818783856877809e-02
-3.364752996381727146e-02,-3.364752996381727146e-02
-4.286520889821945901e-02,-4.286520889821945901e-02
-3.373118137877006983e-02,-3.373118137877006983e-02
-4.593894713998127044e-02,-4.593894713998127044e-02
-5.311473281069348240e-02,-5.311473281069348240e-02
-6.804596395204820514e-02,-6.804596395204820514e-02
-6.407711146062720908e-02,-6.407711146062720908e-02
-5.802462113804955635e-02,-5.802462113804955635e-02
-4.258355267269974681e-02,-4.258355267269974681e-02
-5.433716289776054087e-02,-5.433716289776054087e-02
-5.999634601373238924e-02,-5.999634601373238924e-02
-5.814586230650124754e-02,-5.814586230650124754e-02
-3.955640919260510618e-02,-3.955640919260510618e-02
-4.289013712242274040e-02,-4.289013712242274040e-02
-6.240328194655349325e-02,-6.240328194655349325e-02
-4.488319127165524974e-02,-4.488319127165524974e-02
-5.397873214541908105e-02,-5.397873214541908105e-02
-4.515792485048502475e-02,-4.515792485048502475e-02
-5.881989333292127198e-02,-5.881989333292127198e-02
-6.280834584358396810e-02,-6.280834584358396810e-02
-4.484163974920346574e-02,-4.484163974920346574e-02
-4.401348933172093136e-02,-4.401348933172093136e-02
-5.221298588074077540e-02,-5.221298588074077540e-02
-4.209482547635830935e-02,-4.209482547635830935e-02
-3.830691182963866237e-02,-3.830691182963866237e-02
-4.355498705772949120e-02,-4.355498705772949120e-02
-6.237539867525598164e-02,-6.237539867525598164e-02
-4.493693628651701522e-02,-4.493693628651701522e-02
-4.112108056918603594e-02,-4.112108056918603594e-02
-4.521750894075263205e-02,-4.521750894075263205e-02
-4.631944416748976640e-02,-4.631944416748976640e-02
-3.828356085842532508e-02,-3.828356085842532508e-02
-6.906281919164022898e-02,-6.906281919164022898e-02
-4.690291796406177716e-02,-4.690291796406177716e-02
-7.237931491177666821e-02,-7.237931491177666821e-02
-5.700244158624276358e-02,-5.700244158624276358e-02
-4.896435647681787046e-02,-4.896435647681787046e-02
-5.273329816453393298e-02,-5.273329816453393298e-02
-5.410041115501055403e-02,-5.410041115501055403e-02
-4.399681276222278808e-02,-4.399681276222278808e-02
-4.764038276356487300e-02,-4.764038276356487300e-02
-4.053710190472716024e-02,-4.053710190472716024e-02
-3.864238863047272238e-02,-3.864238863047272238e-02
-4.271226358567992154e-02,-4.271226358567992154e-02
-5.330433429584410798e-02,-5.330433429584410798e-02
-3.918537664146239108e-02,-3.918537664146239108e-02
-4.542265387232883450e-02,-4.542265387232883450e-02
-3.178312306824611355e-02,-3.178312306824611355e-02
-5.619084185763127681e-02,-5.619084185763127681e-02
-5.566306496110416668e-02,-5.566306496110416668e-02
-4.797692535955123960e-02,-4.797692535955123960e-02
-5.342410610509879670e-02,-5.342410610509879670e-02
-4.150552875002208597e-02,-4.150552875002208597e-02
-4.714107594524596240e-02,-4.714107594524596240e-02
-5.344552605302684001e-02,-5.344552605302684001e-02
-5.496667813376970163e-02,-5.496667813376970163e-02
-8.289453586527176232e-02,-8.289453586527176232e-02
-7.558174306467932424e-02,-7.558174306467932424e-02
-6.009047373887618781e-02,-6.009047373887618781e-02
-4.271377063517949740e-02,-4.271377063517949740e-02
-5.133620602632863600e-02,-5.133620602632863600e-02
-6.118615682224112784e-02,-6.118615682224112784e-02
-5.341460374619252244e-02,-5.341460374619252244e-02
-4.013559460596914652e-02,-4.013559460596914652e-02
-6.013534430490898031e-02,-6.013534430490898031e-02
-5.342055013190275675e-02,-5.342055013190275675e-02
-5.017141070132867531e-02,-5.017141070132867531e-02
-6.121051217489438534e-02,-6.121051217489438534e-02
-4.379985396869196662e-02,-4.379985396869196662e-02
-3.237455800665425820e-02,-3.237455800665425820e-02
-6.381762467203007383e-02,-6.381762467203007383e-02
-2.471967428371530176e-02,-2.471967428371530176e-02
-5.943648542992567563e-02,-5.943648542992567563e-02
-1.297123917316600136e-02,-1.297123917316600136e-02
-4.860621300362868991e-02,-4.860621300362868991e-02
-3.749078880925796331e-02,-3.749078880925796331e-02
-3.609183971836361915e-02,-3.609183971836361915e-02
-7.047937909986995431e-02,-7.047937909986995431e-02
-5.184219954709590183e-02,-5.184219954709590183e-02
-6.595985171314666662e-02,-6.595985171314666662e-02
-5.812966476219898204e-02,-5.812966476219898204e-02
-5.729808615863166144e-02,-5.729808615863166144e-02
-4.721229595948177316e-02,-4.721229595948177316e-02
-4.859430977047288214e-02,-4.859430977047288214e-02
-7.028763403607579674e-02,-7.028763403607579674e-02
-4.954568085449013309e-02,-4.954568085449013309e-02
-5.445944156210817677e-02,-5.445944156210817677e-02
-3.900271188598740391e-02,-3.900271188598740391e-02
-3.762696721342410205e-02,-3.762696721342410205e-02
-6.609634812397258141e-02,-6.609634812397258141e-02
-4.912338360237540613e-02,-4.912338360237540613e-02
-5.232136485822600630e-02,-5.232136485822600630e-02
-6.280972455424090051e-02,-6.280972455424090051e-02
-5.246607739890662980e-02,-5.246607739890662980e-02
-5.056903203782191908e-02,-5.056903203782191908e-02
-5.355363626008041722e-02,-5.355363626008041722e-02
-6.850947159493354921e-02,-6.850947159493354921e-02
-4.900242799221626866e-02,-4.900242799221626866e-02
-4.976918432678102688e-02,-4.976918432678102688e-02
-6.102356496201259001e-02,-6.102356496201259001e-02
-4.114673848903186576e-02,-4.114673848903186576e-02
-4.256920719191818747e-02,-4.256920719191818747e-02
-3.896800624416657532e-02,-3.896800624416657532e-02
-4.094535478729724454e-02,-4.094535478729724454e-02
-4.269829669182728660e-02,-4.269829669182728660e-02
-3.830118158518212856e-02,-3.830118158518212856e-02
-4.754643933613173640e-02,-4.754643933613173640e-02
-5.846854645080871993e-02,-5.846854645080871993e-02
-5.637121139688937299e-02,-5.637121139688937299e-02
-4.065138732444557867e-02,-4.065138732444557867e-02
-2.768317775376332932e-02,-2.768317775376332932e-02
-4.829902803904524700e-02,-4.829902803904524700e-02
-5.999882486438813667e-02,-5.999882486438813667e-02
-5.683262986399549577e-02,-5.683262986399549577e-02
-4.533936157263347005e-02,-4.533936157263347005e-02
-6.192575723331136817e-02,-6.192575723331136817e-02
-5.787942554364407244e-02,-5.787942554364407244e-02
-6.090472993964801685e-02,-6.090472993964801685e-02
-5.060304672719835584e-02,-5.060304672719835584e-02
-5.422138676714761962e-02,-5.422138676714761962e-02
-1.690493109297466420e-02,-1.690493109297466420e-02
-5.351821104492168746e-02,-5.351821104492168746e-02
-4.314153679350628962e-02,-4.314153679350628962e-02
-4.074526691735776140e-02,-4.074526691735776140e-02
-4.817102242844890914e-02,-4.817102242844890914e-02
-6.031760281441880811e-02,-6.031760281441880811e-02
-4.945917576486559553e-02,-4.945917576486559553e-02
-5.162424177396436609e-02,-5.162424177396436609e-02
-5.505169408885118854e-02,-5.505169408885118854e-02
-5.415604679244531705e-02,-5.415604679244531705e-02
-4.509030321332529317e-02,-4.509030321332529317e-02
-4.834589480363248731e-02,-4.834589480363248731e-02
-4.937777472849744220e-02,-4.937777472849744220e-02
-6.151376335596588779e-02,-6.151376335596588779e-02
-4.344627757226840470e-02,-4.344627757226840470e-02
-4.019022037391110913e-02,-4.019022037391110913e-02
-6.242284495425701879e-02,-6.242284495425701879e-02
-3.238535540519212746e-02,-3.238535540519212746e-02
-5.208644332011201639e-02,-5.208644332011201639e-02
-5.678659338228224385e-02,-5.678659338228224385e-02
-4.370322336663298723e-02,-4.370322336663298723e-02
-4.571396353542532542e-02,-4.571396353542532542e-02
-4.074574627626223466e-02,-4.074574627626223466e-02
-5.857055590896793201e-02,-5.857055590896793201e-02
-6.874193606881787155e-02,-6.874193606881787155e-02
-5.013607423262432528e-02,-5.013607423262432528e-02
-3.193813076457716060e-02,-3.193813076457716060e-02
-5.736217129315350494e-02,-5.736217129315350494e-02
-6.055436653304252514e-02,-6.055436653304252514e-02
-4.479643859683901663e-02,-4.479643859683901663e-02
-5.670085322921727955e-02,-5.670085322921727955e-02
-4.684581952856672199e-02,-4.684581952856672199e-02
-5.405003518286036202e-02,-5.405003518286036202e-02
-4.580862303172023031e-02,-4.580862303172023031e-02
-2.420472812297535387e-02,-2.420472812297535387e-02
-4.669973091365358514e-02,-4.669973091365358514e-02
-2.947765012784568997e-02,-2.947765012784568997e-02
-6.966027024990210925e-02,-6.966027024990210925e-02
-5.780077363306332372e-02,-5.780077363306332372e-02
-4.164687273961286545e-02,-4.164687273961286545e-02
-4.352030195904432047e-02,-4.352030195904432047e-02
-4.580185412846803084e-02,-4.580185412846803084e-02
-4.289576024488532535e-02,-4.289576024488532535e-02
-6.853833359637190314e-02,-6.853833359637190314e-02
-4.556266638040044892e-02,-4.556266638040044892e-02
-6.834009785943864768e-02,-6.834009785943864768e-02
-4.602095321599782018e-02,-4.602095321599782018e-02
-4.680637031092493155e-02,-4.680637031092493155e-02
-5.473116098098554372e-02,-5.473116098098554372e-02
-2.707856442701912780e-02,-2.707856442701912780e-02
-5.669666308513040404e-02,-5.669666308513040404e-02
-4.169338142754000498e-02,-4.169338142754000498e-02
-3.710048018900383160e-02,-3.710048018900383160e-02
-5.347061274782759221e-02,-5.347061274782759221e-02
-4.876474011915873930e-02,-4.876474011915873930e-02
-4.825032474938416305e-02,-4.825032474938416305e-02
-6.683684183242810661e-02,-6.683684183242810661e-02
-5.215760057092368174e-02,-5.215760057092368174e-02
-5.732440779031311440e-02,-5.732440779031311440e-02
-6.553436691525066360e-02,-6.553436691525066360e-02
-5.260510707220868165e-02,-5.260510707220868165e-02
-4.603275831403433327e-02,-4.603275831403433327e-02
-5.141804799526664138e-02,-5.141804799526664138e-02
-4.215425033357034917e-02,-4.215425033357034917e-02
-5.733393703123387808e-02,-5.733393703123387808e-02
-6.139483798152816502e-02,-6.139483798152816502e-02
-5.382761541928338112e-02,-5.382761541928338112e-02
-3.050816585860977731e-02,-3.050816585860977731e-02
-6.214228402841878718e-02,-6.214228402841878718e-02
-4.164765222964031399e-02,-4.164765222964031399e-02
-5.086154202855387024e-02,-5.086154202855387024e-02
-6.787516985384638157e-02,-6.787516985384638157e-02
-4.635570615758062563e-02,-4.635570615758062563e-02
-4.405094510041915323e-02,-4.405094510041915323e-02
-3.889919653661725457e-02,-3.889919653661725457e-02
-3.996928879805393409e-02,-3.996928879805393409e-02
-3.104275314966164351e-02,-3.104275314966164351e-02
-5.559183540264261286e-02,-5.559183540264261286e-02
-4.512815493028568548e-02,-4.512815493028568548e-02
-6.160004577260357050e-02,-6.160004577260357050e-02
-5.803128931358328413e-02,-5.803128931358328413e-02
-3.988293939094390839e-02,-3.988293939094390839e-02
-7.289056891943987426e-02,-7.289056891943987426e-02
-6.104497690193377846e-02,-6.104497690193377846e-02
-4.942152881233860540e-02,-4.942152881233860540e-02
-4.193374717527559303e-02,-4.193374717527559303e-02
-5.544358792921633139e-02,-5.544358792921633139e-02
-6.265560922543347844e-02,-6.265560922543347844e-02
-3.832229426433537978e-02,-3.832229426433537978e-02
-4.095568294634566175e-02,-4.095568294634566175e-02
-3.233115837602027615e-02,-3.233115837602027615e-02
-3.894450898683565060e-02,-3.894450898683565060e-02
-5.959406828813289259e-02,-5.959406828813289259e-02
-6.446650898660986895e-02,-6.446650898660986895e-02
-4.111590372812091998e-02,-4.111590372812091998e-02
-7.604906951254269964e-02,-7.604906951254269964e-02
-5.398629162048758368e-02,-5.398629162048758368e-02
-5.229799440791674248e-02,-5.229799440791674248e-02
-3.907579151303840204e-02,-3.907579151303840204e-02
-4.987776069042552940e-02,-4.987776069042552940e-02
-7.711348728047241752e-02,-7.711348728047241752e-02
-7.483411016378326008e-02,-7.483411016378326008e-02
-3.611434979597887007e-02,-3.611434979597887007e-02
-5.153070959980343702e-02,-5.153070959980343702e-02
-4.332383462860017742e-02,-4.332383462860017742e-02
-5.119658307648969342e-02,-5.119658307648969342e-02
-4.789489096818307090e-02,-4.789489096818307090e-02
-4.539580715687294155e-02,-4.539580715687294155e-02
-5.896506817578336945e-02,-5.896506817578336945e-02
-5.392265872738250670e-02,-5.392265872738250670e-02
-4.878592511590019998e-02,-4.878592511590019998e-02
-4.182480503073300604e-02,-4.182480503073300604e-02
-6.085118684788592969e-02,-6.085118684788592969e-02
-6.551697231034600555e-02,-6.551697231034600555e-02
-4.818261323114504668e-02,-4.818261323114504668e-02
-8.749766668970374028e-02,-8.749766668970374028e-02
-4.747482753937714434e-02,-4.747482753937714434e-02
-5.951299926827313680e-02,-5.951299926827313680e-02
-7.440039058251843307e-02,-7.440039058251843307e-02
-5.266632970353619242e-02,-5.266632970353619242e-02
-5.767325738236783739e-02,-5.767325738236783739e-02
-5.725863789942098325e-02,-5.725863789942098325e-02
-7.176577529350168516e-02,-7.176577529350168516e-02
-5.762610971243986580e-02,-5.762610971243986580e-02
-4.507659571324076214e-02,-4.507659571324076214e-02
-4.071855148663203194e-02,-4.071855148663203194e-02
-4.043206975479521348e-02,-4.043206975479521348e-02
-5.648797136796570445e-02,-5.648797136796570445e-02
-3.151249589424119646e-02,-3.151249589424119646e-02
-5.865481433137283152e-02,-5.865481433137283152e-02
-4.910819883857436841e-02,-4.910819883857436841e-02
-3.924222417314576772e-02,-3.924222417314576772e-02
-4.158935137185154618e-02,-4.158935137185154618e-02
-5.478619490752940913e-02,-5.478619490752940913e-02
-7.428791917977477233e-02,-7.428791917977477233e-02
-5.138533317351914875e-02,-5.138533317351914875e-02
-4.514114154135417251e-02,-4.514114154135417251e-02
-3.489295725751339478e-02,-3.489295725751339478e-02
-4.478710981784139733e-02,-4.478710981784139733e-02
-5.733500644000073809e-02,-5.733500644000073809e-02
-6.145923014895390835e-02,-6.145923014895390835e-02
-4.847509446844866510e-02,-4.847509446844866510e-02
-3.668987261035314834e-02,-3.668987261035314834e-02
-6.149335707696364228e-02,-6.149335707696364228e-02
-3.861936387656866865e-02,-3.861936387656866865e-02
-8.016775993043756543e-02,-8.016775993043756543e-02
-5.927203287404475551e-02,-5.927203287404475551e-02
-4.233775333523516482e-02,-4.233775333523516482e-02
-5.399382384986268352e-02,-5.399382384986268352e-02
-6.219838421665441902e-02,-6.219838421665441902e-02
-6.274308234771273918e-02,-6.274308234771273918e-02
-4.807297696219683947e-02,-4.807297696219683947e-02
-4.914829149214867965e-02,-4.914829149214867965e-02
-8.057511646237343339e-02,-8.057511646237343339e-02
-6.651002745481475464e-02,-6.651002745481475464e-02
-7.291276640427055145e-02,-7.291276640427055145e-02
-5.532478899143782047e-02,-5.532478899143782047e-02
-6.064467938600529018e-02,-6.064467938600529018e-02
-6.195838131407105376e-02,-6.195838131407105376e-02
-5.126860329613894957e-02,-5.126860329613894957e-02
-5.124175290948826400e-02,-5.124175290948826400e-02
-3.407018670121124415e-02,-3.407018670121124415e-02
-4.777012062125125108e-02,-4.777012062125125108e-02
-5.697722542704678622e-02,-5.697722542704678622e-02
-6.593733878590279929e-02,-6.593733878590279929e-02
-4.661005318848604473e-02,-4.661005318848604473e-02
-3.845047171195867253e-02,-3.845047171195867253e-02
-5.966247483488944237e-02,-5.966247483488944237e-02
-3.108248290140026848e-02,-3.108248290140026848e-02
-3.264298653086396274e-02,-3.264298653086396274e-02
-7.225223871646935248e-02,-7.225223871646935248e-02
-4.486975761127472151e-02,-4.486975761127472151e-02
-6.991658184405138976e-02,-6.991658184405138976e-02
-3.514627690898890211e-02,-3.514627690898890211e-02
-5.635569457129559201e-02,-5.635569457129559201e-02
-4.296544319881358265e-02,-4.296544319881358265e-02
-4.745818047471202922e-02,-4.745818047471202922e-02
-4.811696121155838862e-02,-4.811696121155838862e-02
-4.498619492926300700e-02,-4.498619492926300700e-02
-4.011838263781493386e-02,-4.011838263781493386e-02
-5.270663969888160494e-02,-5.270663969888160494e-02
-5.173951798586745587e-02,-5.173951798586745587e-02
-5.645209232860998183e-02,-5.645209232860998183e-02
-7.366569712690226868e-02,-7.366569712690226868e-02
-5.104145268248792833e-02,-5.104145268248792833e-02
-4.951198729697695033e-02,-4.951198729697695033e-02
-2.955633098553958615e-02,-2.955633098553958615e-02
-5.975457217991385350e-02,-5.975457217991385350e-02
-6.149638319114510143e-02,-6.149638319114510143e-02
-7.145978410300041217e-02,-7.145978410300041217e-02
-4.367231639026816076e-02,-4.367231639026816076e-02
-6.271992113006728820e-02,-6.271992113006728820e-02
-5.617167876530132498e-02,-5.617167876530132498e-02
-2.966197489593618009e-02,-2.966197489593618009e-02
-5.706963814488386078e-02,-5.706963814488386078e-02
-3.909988742398866346e-02,-3.909988742398866346e-02
-5.196531276405622068e-02,-5.196531276405622068e-02
-6.179894093761852114e-02,-6.179894093761852114e-02
-4.287889489735043080e-02,-4.287889489735043080e-02
-5.610697903168841705e-02,-5.610697903168841705e-02
-5.447927334726366394e-02,-5.447927334726366394e-02
-6.307653858764109001e-02,-6.307653858764109001e-02
-5.159777611705088085e-02,-5.159777611705088085e-02
-3.100500893485376441e-02,-3.100500893485376441e-02
-5.148341344303952738e-02,-5.148341344303952738e-02
-5.884253500969177653e-02,-5.884253500969177653e-02
-4.441572834714100498e-02,-4.441572834714100498e-02
-6.502681170116318687e-02,-6.502681170116318687e-02
-5.342266454896362621e-02,-5.342266454896362621e-02
-4.848666267494523840e-02,-4.848666267494523840e-02
-4.572084490625154957e-02,-4.572084490625154957e-02
-4.507496968792503583e-02,-4.507496968792503583e-02
-4.456622679516870911e-02,-4.456622679516870911e-02
-5.456809378183488657e-02,-5.456809378183488657e-02
-5.036561715421494084e-02,-5.036561715421494084e-02
-5.745343576140527625e-02,-5.745343576140527625e-02
-5.395475949588661446e-02,-5.395475949588661446e-02
-5.969545233291694009e-02,-5.969545233291694009e-02
-3.842523280051373530e-02,-3.842523280051373530e-02
-3.729473314055443967e-02,-3.729473314055443967e-02
-4.543470848051627681e-02,-4.543470848051627681e-02
-3.766249296669951785e-02,-3.766249296669951785e-02
-5.689480910948159498e-02,-5.689480910948159498e-02
-6.423245680317565820e-02,-6.423245680317565820e-02
-6.695069774251145855e-02,-6.695069774251145855e-02
-2.923918554552761354e-02,-2.923918554552761354e-02
-6.005194980309173924e-02,-6.005194980309173924e-02
-4.508013601910928342e-02,-4.508013601910928342e-02
-5.614862708082289655e-02,-5.614862708082289655e-02
-7.012081600810667059e-02,-7.012081600810667059e-02
-4.938722926140137748e-02,-4.938722926140137748e-02
-3.763640535459895214e-02,-3.763640535459895214e-02
-4.650681948288110101e-02,-4.650681948288110101e-02
-3.866819637873061821e-02,-3.866819637873061821e-02
-3.693168797076309962e-02,-3.693168797076309962e-02
-4.647065949222391190e-02,-4.647065949222391190e-02
-5.671390675667180303e-02,-5.671390675667180303e-02
-4.590218962931000291e-02,-4.590218962931000291e-02
-5.042509417095093760e-02,-5.042509417095093760e-02
-4.087620648533670659e-02,-4.087620648533670659e-02
-4.988169906924355690e-02,-4.988169906924355690e-02
-5.219853128366351569e-02,-5.219853128366351569e-02
-3.285753336064368979e-02,-3.285753336064368979e-02
-4.984372048654662352e-02,-4.984372048654662352e-02
-3.955328767448551552e-02,-3.955328767448551552e-02
-4.120861214548474094e-02,-4.120861214548474094e-02
-6.047473722724330814e-02,-6.047473722724330814e-02
-5.184412319111399159e-02,-5.184412319111399159e-02
-5.559791010205773765e-02,-5.559791010205773765e-02
-4.737846561936756573e-02,-4.737846561936756573e-02
-4.571724307978512758e-02,-4.571724307978512758e-02
-5.365137156147320452e-02,-5.365137156147320452e-02
-8.372524461015695696e-02,-8.372524461015695696e-02
-6.373636280346772764e-02,-6.373636280346772764e-02
-7.026515439639216543e-02,-7.026515439639216543e-02
-8.476280819925835486e-02,-8.476280819925835486e-02
-4.248259658823553414e-02,-4.248259658823553414e-02
-4.709429174754749259e-02,-4.709429174754749259e-02
-3.394597123098708202e-02,-3.394597123098708202e-02
-6.264272387550323673e-02,-6.264272387550323673e-02
-5.955163212242135795e-02,-5.955163212242135795e-02
-3.263547210540333754e-02,-3.263547210540333754e-02
-5.809533926380278795e-02,-5.809533926380278795e-02
-4.928657921370437067e-02,-4.928657921370437067e-02
-5.523638850384139654e-02,-5.523638850384139654e-02
-4.479663346700987064e-02,-4.479663346700987064e-02
-4.744553401961763145e-02,-4.744553401961763145e-02
-5.558940576415313112e-02,-5.558940576415313112e-02
-4.200138967135672030e-02,-4.200138967135672030e-02
-5.092490065851298237e-02,-5.092490065851298237e-02
-5.279992136077082954e-02,-5.279992136077082954e-02
-6.342836649326263898e-02,-6.342836649326263898e-02
-2.958851432053136860e-02,-2.958851432053136860e-02
-4.384671530102601800e-02,-4.384671530102601800e-02
-4.355324783024056706e-02,-4.355324783024056706e-02
-5.338111546543992253e-02,-5.338111546543992253e-02
-3.488629731486704577e-02,-3.488629731486704577e-02
-3.705751295800377432e-02,-3.705751295800377432e-02
-7.016765879378820958e-02,-7.016765879378820958e-02
-4.672149383653542709e-02,-4.672149383653542709e-02
-4.877448594636668577e-02,-4.877448594636668577e-02
-4.872343298736694917e-02,-4.872343298736694917e-02
-4.240937913145542693e-02,-4.240937913145542693e-02
-5.830049427078876079e-02,-5.830049427078876079e-02
-5.083177623905879572e-02,-5.083177623905879572e-02
-5.884182364901315021e-02,-5.884182364901315021e-02
-4.251442216173696026e-02,-4.251442216173696026e-02
-5.048462665999429999e-02,-5.048462665999429999e-02
-5.162082876655883779e-02,-5.162082876655883779e-02
-4.867780518603841144e-02,-4.867780518603841144e-02
-6.082444323908204470e-02,-6.082444323908204470e-02
-5.446655739107574001e-02,-5.446655739107574001e-02
-5.087975168490860289e-02,-5.087975168490860289e-02
-5.597236445482125372e-02,-5.597236445482125372e-02
-6.157640458664346422e-02,-6.157640458664346422e-02
-6.566101729798334841e-02,-6.566101729798334841e-02
-5.460227288612126695e-02,-5.460227288612126695e-02
-3.792104855980295980e-02,-3.792104855980295980e-02
-4.227033924721475960e-02,-4.227033924721475960e-02
-6.961976247587384203e-02,-6.961976247587384203e-02
-4.334328254469362041e-02,-4.334328254469362041e-02
-5.267327025637838500e-02,-5.267327025637838500e-02
-6.515920317223830582e-02,-6.515920317223830582e-02
-4.170506355628912643e-02,-4.170506355628912643e-02
-6.135947858604529070e-02,-6.135947858604529070e-02
-5.687910947973354170e-02,-5.687910947973354170e-02
-6.065605906060993202e-02,-6.065605906060993202e-02
-6.823757495030284559e-02,-6.823757495030284559e-02
-5.902914782425514040e-02,-5.902914782425514040e-02
-6.273042837979964093e-02,-6.273042837979964093e-02
-5.774784326374129972e-02,-5.774784326374129972e-02
-6.723050725515559989e-02,-6.723050725515559989e-02
-4.387416987338403629e-02,-4.387416987338403629e-02
-5.847947115113112659e-02,-5.847947115113112659e-02
-4.688715974579972523e-02,-4.688715974579972523e-02
-3.608042352020654486e-02,-3.608042352020654486e-02
-5.353362293622762613e-02,-5.353362293622762613e-02
-5.210910882643175757e-02,-5.210910882643175757e-02
-3.420702290971674997e-02,-3.420702290971674997e-02
-4.676145880068223459e-02,-4.676145880068223459e-02
-4.441523447822752491e-02,-4.441523447822752491e-02
-5.570871946883533543e-02,-5.570871946883533543e-02
-6.782181923469819684e-02,-6.782181923469819684e-02
-6.197972204283126035e-02,-6.197972204283126035e-02
-7.853032355361869166e-02,-7.853032355361869166e-02
-4.844842463889194317e-02,-4.844842463889194317e-02
-5.709765963684577950e-02,-5.709765963684577950e-02
-5.564150971236783705e-02,-5.564150971236783705e-02
-3.870599368517992078e-02,-3.870599368517992078e-02
-5.593590269939957560e-02,-5.593590269939957560e-02
-3.888124334219283940e-02,-3.888124334219283940e-02
-4.123035644980450887e-02,-4.123035644980450887e-02
-3.660656297303965800e-02,-3.660656297303965800e-02
-5.669740071713563062e-02,-5.669740071713563062e-02
-7.971097862369744269e-02,-7.971097862369744269e-02
-5.123949873805885846e-02,-5.123949873805885846e-02
-2.409560431743994202e-02,-2.409560431743994202e-02
-4.912934740698943203e-02,-4.912934740698943203e-02
-5.542710422343576082e-02,-5.542710422343576082e-02
-5.243049393856830109e-02,-5.243049393856830109e-02
-5.303179039116552584e-02,-5.303179039116552584e-02
-3.106138428964934362e-02,-3.106138428964934362e-02
-4.002680701850917094e-02,-4.002680701850917094e-02
-4.259046232924882519e-02,-4.259046232924882519e-02
-4.592382174544975409e-02,-4.592382174544975409e-02
-6.683095025842197834e-02,-6.683095025842197834e-02
-4.051699577257260321e-02,-4.051699577257260321e-02
-6.735819049480605558e-02,-6.735819049480605558e-02
-4.331237943640327270e-02,-4.331237943640327270e-02
-6.312861082519818923e-02,-6.312861082519818923e-02
-6.775572953240394103e-02,-6.775572953240394103e-02
-5.977486340531067144e-02,-5.977486340531067144e-02
-6.399280268839069308e-02,-6.399280268839069308e-02
-3.182572045928851179e-02,-3.182572045928851179e-02
-6.095048396381572142e-02,-6.095048396381572142e-02
-3.904221218126076309e-02,-3.904221218126076309e-02
-5.044894547497982829e-02,-5.044894547497982829e-02
-4.722773120895733256e-02,-4.722773120895733256e-02
-5.016551526658168808e-02,-5.016551526658168808e-02
-6.306761975001060061e-02,-6.306761975001060061e-02
-5.644689089071067145e-02,-5.644689089071067145e-02
-5.602237269587564267e-02,-5.602237269587564267e-02
-5.225708585079252844e-02,-5.225708585079252844e-02
-5.913045364606991927e-02,-5.913045364606991927e-02
-4.246825643728759092e-02,-4.246825643728759092e-02
-5.097231510205005311e-02,-5.097231510205005311e-02
-4.328376018693137067e-02,-4.328376018693137067e-02
-6.092293757922347119e-02,-6.092293757922347119e-02
-5.134121586247684249e-02,-5.134121586247684249e-02
-3.199659430534928378e-02,-3.199659430534928378e-02
-3.277351289642571608e-02,-3.277351289642571608e-02
-5.257956640283295568e-02,-5.257956640283295568e-02
-5.158037574514641455e-02,-5.158037574514641455e-02
-5.061538215403202368e-02,-5.061538215403202368e-02
-5.826887659061823210e-02,-5.826887659061823210e-02
-5.195521598624950471e-02,-5.195521598624950471e-02
-2.793178159561238161e-02,-2.793178159561238161e-02
-5.850693914627051739e-02,-5.850693914627051739e-02
-6.096876457931287713e-02,-6.096876457931287713e-02
-5.506098419261817867e-02,-5.506098419261817867e-02
-5.695236351338336944e-02,-5.695236351338336944e-02
-5.450516268025409894e-02,-5.450516268025409894e-02
-6.501713190548666366e-02,-6.501713190548666366e-02
-4.893961305970890435e-02,-4.893961305970890435e-02
-2.282218329967377127e-02,-2.282218329967377127e-02
-2.980433989532499037e-02,-2.980433989532499037e-02
-5.069009743497922271e-02,-5.069009743497922271e-02
-5.559450731520410027e-02,-5.559450731520410027e-02
-7.384003533342056724e-02,-7.384003533342056724e-02
-5.169888295011179635e-02,-5.169888295011179635e-02
-4.571605169267373148e-02,-4.571605169267373148e-02
-7.918798572187285556e-02,-7.918798572187285556e-02
-6.624814140305945731e-02,-6.624814140305945731e-02
-3.935108834678169298e-02,-3.935108834678169298e-02
-7.685365783046771426e-02,-7.685365783046771426e-02
-3.299549106647853280e-02,-3.299549106647853280e-02
-6.509179724915770127e-02,-6.509179724915770127e-02
-5.652091846709428324e-02,-5.652091846709428324e-02
-6.963076137420207146e-02,-6.963076137420207146e-02
-2.352765410976625365e-02,-2.352765410976625365e-02
-5.494948172235747386e-02,-5.494948172235747386e-02
-7.735445401034610202e-02,-7.735445401034610202e-02
-3.995438489761596323e-02,-3.995438489761596323e-02
-5.369657063690814330e-02,-5.369657063690814330e-02
-4.644181212855470059e-02,-4.644181212855470059e-02
-6.602640727644418228e-02,-6.602640727644418228e-02
-7.608451433501133010e-02,-7.608451433501133010e-02
-5.638642669079306502e-02,-5.638642669079306502e-02
-6.311648142917511417e-02,-6.311648142917511417e-02
-4.872147874038515458e-02,-4.872147874038515458e-02
-5.512635140357100005e-02,-5.512635140357100005e-02
-4.919507997839302899e-02,-4.919507997839302899e-02
-2.861438410781513841e-02,-2.861438410781513841e-02
-4.791286286879728462e-02,-4.791286286879728462e-02
-6.065112490947043022e-02,-6.065112490947043022e-02
-4.744100692057742763e-02,-4.744100692057742763e-02
-5.949262041451357230e-02,-5.949262041451357230e-02
-4.078774354945697428e-02,-4.078774354945697428e-02
-5.853844592256043922e-02,-5.853844592256043922e-02
-5.446641812022495061e-02,-5.446641812022495061e-02
-6.331275117803530916e-02,-6.331275117803530916e-02
-5.152387769045125437e-02,-5.152387769045125437e-02
-5.427121002802956506e-02,-5.427121002802956506e-02
-4.859272662210249727e-02,-4.859272662210249727e-02
-4.992431003960627611e-02,-4.992431003960627611e-02
-4.687122757155647024e-02,-4.687122757155647024e-02
-4.718619154523139014e-02,-4.718619154523139014e-02
-4.767485064597379307e-02,-4.767485064597379307e-02
-5.501945205779303072e-02,-5.501945205779303072e-02
-5.875668758174931727e-02,-5.875668758174931727e-02
-5.543561539465128446e-02,-5.543561539465128446e-02
-5.206893395961437188e-02,-5.206893395961437188e-02
-3.234240611098331691e-02,-3.234240611098331691e-02
-6.235004524354191557e-02,-6.235004524354191557e-02
-4.822663332278007142e-02,-4.822663332278007142e-02
-7.536802772774883752e-02,-7.536802772774883752e-02
-2.947847455786888754e-02,-2.947847455786888754e-02
-5.265540089396969492e-02,-5.265540089396969492e-02
-6.412214080651165715e-02,-6.412214080651165715e-02
-6.619451377115181945e-02,-6.619451377115181945e-02
-5.301947276182393531e-02,-5.301947276182393531e-02
-2.904591790273122753e-02,-2.904591790273122753e-02
-5.724015750930734614e-02,-5.724015750930734614e-02
-6.243668074557023884e-02,-6.243668074557023884e-02
-5.378470977140697995e-02,-5.378470977140697995e-02
-4.095016713319793444e-02,-4.095016713319793444e-02
-6.429416467245653577e-02,-6.429416467245653577e-02
-3.614300269244320740e-02,-3.614300269244320740e-02
-5.809215910108039838e-02,-5.809215910108039838e-02
-4.342024559765614300e-02,-4.342024559765614300e-02
-3.713225594445018068e-02,-3.713225594445018068e-02
-6.387823316546292762e-02,-6.387823316546292762e-02
-5.901548831861413991e-02,-5.901548831861413991e-02
-5.332422018299215472e-02,-5.332422018299215472e-02
-5.678076178233279481e-02,-5.678076178233279481e-02
-2.780164086116688332e-02,-2.780164086116688332e-02
-6.449371560573763373e-02,-6.449371560573763373e-02
-4.971056212437020838e-02,-4.971056212437020838e-02
-5.643757907111721095e-02,-5.643757907111721095e-02
-3.645411434399717376e-02,-3.645411434399717376e-02
-4.207572444681444146e-02,-4.207572444681444146e-02
-5.488310841085806274e-02,-5.488310841085806274e-02
-6.737226186496229896e-02,-6.737226186496229896e-02
-4.948260375526758459e-02,-4.948260375526758459e-02
-5.372885998672385921e-02,-5.372885998672385921e-02
-7.063198115836696878e-02,-7.063198115836696878e-02
-6.331126933506459054e-02,-6.331126933506459054e-02
-4.871306277255485484e-02,-4.871306277255485484e-02
-6.104242584586100362e-02,-6.104242584586100362e-02
-5.685655066250976108e-02,-5.685655066250976108e-02
-3.852484778171348656e-02,-3.852484778171348656e-02
-5.334202744863800194e-02,-5.334202744863800194e-02
-4.636495511992565211e-02,-4.636495511992565211e-02
-5.186672875184823034e-02,-5.186672875184823034e-02
-5.735914702199068627e-02,-5.735914702199068627e-02
-5.603487370757184727e-02,-5.603487370757184727e-02
-4.304967313736876577e-02,-4.304967313736876577e-02
-4.578703657053985465e-02,-4.578703657053985465e-02
-7.129906890936536790e-02,-7.129906890936536790e-02
-3.012744801163416003e-02,-3.012744801163416003e-02
-6.308608172331835184e-02,-6.308608172331835184e-02
-6.657448790321449095e-02,-6.657448790321449095e-02
-4.766711580311476515e-02,-4.766711580311476515e-02
-6.462690721708888586e-02,-6.462690721708888586e-02
-5.072655627340338924e-02,-5.072655627340338924e-02
-5.197474832482054663e-02,-5.197474832482054663e-02
-5.575448604246606432e-02,-5.575448604246606432e-02
-6.256321768914534232e-02,-6.256321768914534232e-02
-3.845175180327638220e-02,-3.845175180327638220e-02
-5.718038817521486905e-02,-5.718038817521486905e-02
-3.439339078166657460e-02,-3.439339078166657460e-02
-5.404912285681458262e-02,-5.404912285681458262e-02
-6.269085664039900085e-02,-6.269085664039900085e-02
-6.512909201573177653e-02,-6.512909201573177653e-02
-4.880114374605484806e-02,-4.880114374605484806e-02
-4.784574853091495134e-02,-4.784574853091495134e-02
-5.957516058962927796e-02,-5.957516058962927796e-02
-7.153645252696469448e-02,-7.153645252696469448e-02
-6.014910124566198724e-02,-6.014910124566198724e-02
-6.015291381168023921e-02,-6.015291381168023921e-02
-3.809731199003711655e-02,-3.809731199003711655e-02
-5.439345573948525803e-02,-5.439345573948525803e-02
-6.275570826036014349e-02,-6.275570826036014349e-02
-6.728028155567786217e-02,-6.728028155567786217e-02
-2.858832876941433745e-02,-2.858832876941433745e-02
-7.793773108418930451e-02,-7.793773108418930451e-02
-4.315433303688090416e-02,-4.315433303688090416e-02
-7.121894531589240129e-02,-7.121894531589240129e-02
-5.701283575285073790e-02,-5.701283575285073790e-02
-6.123589759797036514e-02,-6.123589759797036514e-02
-3.637405816272594461e-02,-3.637405816272594461e-02
-6.981351384290657158e-02,-6.981351384290657158e-02
-6.965156709801699486e-02,-6.965156709801699486e-02
-6.066709646597329142e-02,-6.066709646597329142e-02
-5.977144071198602082e-02,-5.977144071198602082e-02
-7.758053314267193690e-02,-7.758053314267193690e-02
-4.654199326941454995e-02,-4.654199326941454995e-02
-5.250794977793556140e-02,-5.250794977793556140e-02
-5.508099568096580523e-02,-5.508099568096580523e-02
-5.146903296013920215e-02,-5.146903296013920215e-02
-6.069110919433852447e-02,-6.069110919433852447e-02
-5.412926586499827025e-02,-5.412926586499827025e-02
-3.923360066414508657e-02,-3.923360066414508657e-02
-5.322065483782227602e-02,-5.322065483782227602e-02
-6.435122522929992428e-02,-6.435122522929992428e-02
-3.110847441399182053e-02,-3.110847441399182053e-02
-6.424498529394565005e-02,-6.424498529394565005e-02
-3.335954082175919544e-02,-3.335954082175919544e-02
-4.433383700990477239e-02,-4.433383700990477239e-02
-4.493473900968915358e-02,-4.493473900968915358e-02
-3.939904841144897807e-02,-3.939904841144897807e-02
-3.662491412319054951e-02,-3.662491412319054951e-02
-5.933952164709176830e-02,-5.933952164709176830e-02
-6.299440774760065032e-02,-6.299440774760065032e-02
-6.295613842167699370e-02,-6.295613842167699370e-02
-4.530907904836420363e-02,-4.530907904836420363e-02
-5.996435880712708277e-02,-5.996435880712708277e-02
-5.727380344684965263e-02,-5.727380344684965263e-02
-5.021073769421274813e-02,-5.021073769421274813e-02
-6.460448877317676031e-02,-6.460448877317676031e-02
-4.311253851459312392e-02,-4.311253851459312392e-02
-5.359234177853781922e-02,-5.359234177853781922e-02
-3.996235422104908730e-02,-3.996235422104908730e-02
-4.492318647228618622e-02,-4.492318647228618622e-02
-4.597796369238549979e-02,-4.597796369238549979e-02
-3.518031077018849567e-02,-3.518031077018849567e-02
-5.023789327402911065e-02,-5.023789327402911065e-02
-3.609217393542453467e-02,-3.609217393542453467e-02
-5.481776956917568111e-02,-5.481776956917568111e-02
-5.487378024278337374e-02,-5.487378024278337374e-02
-5.543571537249356723e-02,-5.543571537249356723e-02
-7.249836633096354288e-02,-7.249836633096354288e-02
-4.083833315266174879e-02,-4.083833315266174879e-02
-5.091543329011506691e-02,-5.091543329011506691e-02
-4.112320935535188071e-02,-4.112320935535188071e-02
-4.738273882557364480e-02,-4.738273882557364480e-02
-6.146889212537498537e-02,-6.146889212537498537e-02
-5.945708893286164032e-02,-5.945708893286164032e-02
-3.964829339924616503e-02,-3.964829339924616503e-02
-7.755338671664550876e-02,-7.755338671664550876e-02
-5.993854758859051834e-02,-5.993854758859051834e-02
-3.897452873313003718e-02,-3.897452873313003718e-02
-5.937624984409421020e-02,-5.937624984409421020e-02
-3.788474970706336153e-02,-3.788474970706336153e-02
-7.345789274771115374e-02,-7.345789274771115374e-02
-7.871487239853623696e-02,-7.871487239853623696e-02
-5.847635575010003139e-02,-5.847635575010003139e-02
-4.365140522073439333e-02,-4.365140522073439333e-02
-6.926871015681283772e-02,-6.926871015681283772e-02
-4.814252596861567923e-02,-4.814252596861567923e-02
-4.908424467487735449e-02,-4.908424467487735449e-02
-3.404461160225968896e-02,-3.404461160225968896e-02
-4.513164621967725304e-02,-4.513164621967725304e-02
-5.111535652073435909e-02,-5.111535652073435909e-02
-6.091207829627480475e-02,-6.091207829627480475e-02
-2.531676062982782943e-02,-2.531676062982782943e-02
-7.347299455564824944e-02,-7.347299455564824944e-02
-5.300199027333762913e-02,-5.300199027333762913e-02
-4.629302815748709971e-02,-4.629302815748709971e-02
-6.531592935435576175e-02,-6.531592935435576175e-02
-6.640087920162134061e-02,-6.640087920162134061e-02
-5.172745725405873685e-02,-5.172745725405873685e-02
-4.380633626464759678e-02,-4.380633626464759678e-02
-6.096592366165839993e-02,-6.096592366165839993e-02
-5.278928183227860060e-02,-5.278928183227860060e-02
-5.645437654820092965e-02,-5.645437654820092965e-02
-6.400849197693363191e-02,-6.400849197693363191e-02
-5.041828748977529584e-02,-5.041828748977529584e-02
-4.644366117699132157e-02,-4.644366117699132157e-02
-3.390091934683289732e-02,-3.390091934683289732e-02
-5.944121068427889176e-02,-5.944121068427889176e-02
-4.159054387434942684e-02,-4.159054387434942684e-02
-4.825865953685946896e-02,-4.825865953685946896e-02
-3.869974216284045865e-02,-3.869974216284045865e-02
-4.318032162853707029e-02,-4.318032162853707029e-02
-5.585624839669768582e-02,-5.585624839669768582e-02
-4.287957987418193617e-02,-4.287957987418193617e-02
-4.221277350677538759e-02,-4.221277350677538759e-02
-7.033400726357343091e-02,-7.033400726357343091e-02
-5.583821305535861118e-02,-5.583821305535861118e-02
-3.152957787916851884e-02,-3.152957787916851884e-02
-5.357596168132860298e-02,-5.357596168132860298e-02
-2.188652695233427731e-02,-2.188652695233427731e-02
-4.752583951655957317e-02,-4.752583951655957317e-02
-4.453340058969236515e-02,-4.453340058969236515e-02
-5.783523912266541611e-02,-5.783523912266541611e-02
-6.277003590789560772e-02,-6.277003590789560772e-02
-2.979965036585073904e-02,-2.979965036585073904e-02
-5.374569599815023913e-02,-5.374569599815023913e-02
-5.743690587010158444e-02,-5.743690587010158444e-02
-8.135324828758966342e-02,-8.135324828758966342e-02
-4.704171460007841588e-02,-4.704171460007841588e-02
-5.938273647737286887e-02,-5.938273647737286887e-02
-6.129287654217607795e-02,-6.129287654217607795e-02
-4.724119264793368023e-02,-4.724119264793368023e-02
-3.501769160548259124e-02,-3.501769160548259124e-02
-6.189024347175405005e-02,-6.189024347175405005e-02
-4.846945578294740986e-02,-4.846945578294740986e-02
-4.515956126312080376e-02,-4.515956126312080376e-02
-6.432060997062624685e-02,-6.432060997062624685e-02
-4.111682333920102517e-02,-4.111682333920102517e-02
-4.479963396110520080e-02,-4.479963396110520080e-02
-5.498890099343063664e-02,-5.498890099343063664e-02
-3.169571939150228612e-02,-3.169571939150228612e-02
-5.488212025735642041e-02,-5.488212025735642041e-02
-5.705992742672253565e-02,-5.705992742672253565e-02
-5.798423021628951179e-02,-5.798423021628951179e-02
-7.658348286725299991e-02,-7.658348286725299991e-02
-5.435056977012078100e-02,-5.435056977012078100e-02
-3.983020221432954922e-02,-3.983020221432954922e-02
-6.065406833901165751e-02,-6.065406833901165751e-02
-4.622800675408712812e-02,-4.622800675408712812e-02
-6.603180552084823851e-02,-6.603180552084823851e-02
-7.174145280243779399e-02,-7.174145280243779399e-02
-5.817506174195799518e-02,-5.817506174195799518e-02
-4.711404089934109751e-02,-4.711404089934109751e-02
-5.626112096109618654e-02,-5.626112096109618654e-02
-5.614696696702674295e-02,-5.614696696702674295e-02
-5.887779101080292676e-02,-5.887779101080292676e-02
-5.384445345727514876e-02,-5.384445345727514876e-02
-6.338547400382003871e-02,-6.338547400382003871e-02
-5.974932282548511830e-02,-5.974932282548511830e-02
-6.132440967878791116e-02,-6.132440967878791116e-02
-3.460976480615626794e-02,-3.460976480615626794e-02
-5.959572622662757946e-02,-5.959572622662757946e-02
-7.242926542868287354e-02,-7.242926542868287354e-02
-4.410302943629080402e-02,-4.410302943629080402e-02
-5.050462374674204169e-02,-5.050462374674204169e-02
-5.599976154649875804e-02,-5.599976154649875804e-02
-4.961905751030733919e-02,-4.961905751030733919e-02
-5.419921842870082523e-02,-5.419921842870082523e-02
-6.501853198633127107e-02,-6.501853198633127107e-02
-4.534608498582523572e-02,-4.534608498582523572e-02
-4.952778150616987674e-02,-4.952778150616987674e-02
-5.846963002469910547e-02,-5.846963002469910547e-02
-3.839218979127745346e-02,-3.839218979127745346e-02
-4.471813135614670365e-02,-4.471813135614670365e-02
-5.002145883411941718e-02,-5.002145883411941718e-02
-4.111770840805152594e-02,-4.111770840805152594e-02
-1.642512342171453810e-02,-1.642512342171453810e-02
-5.428302355584676414e-02,-5.428302355584676414e-02
-3.445135848278610413e-02,-3.445135848278610413e-02
-4.216519974153969119e-02,-4.216519974153969119e-02
-4.880271857613572434e-02,-4.880271857613572434e-02
-5.965869075700592356e-02,-5.965869075700592356e-02
-5.519309924586741911e-02,-5.519309924586741911e-02
-5.557142324885330775e-02,-5.557142324885330775e-02
-4.392967971376611491e-02,-4.392967971376611491e-02
-6.616515675872672309e-02,-6.616515675872672309e-02
-4.575116746255287331e-02,-4.575116746255287331e-02
-6.372150756127724358e-02,-6.372150756127724358e-02
-4.871155805773544345e-02,-4.871155805773544345e-02
-3.996266454052266326e-02,-3.996266454052266326e-02
-4.054735706313894461e-02,-4.054735706313894461e-02
-5.746037748593684630e-02,-5.746037748593684630e-02
-6.788343612673473915e-02,-6.788343612673473915e-02
-5.437171602480532495e-02,-5.437171602480532495e-02
-6.331423334533511915e-02,-6.331423334533511915e-02
-5.021285149886974691e-02,-5.021285149886974691e-02
-6.078091026513670475e-02,-6.078091026513670475e-02
-6.725349353606867309e-02,-6.725349353606867309e-02
-4.650283484938265433e-02,-4.650283484938265433e-02
-2.988971743958936458e-02,-2.988971743958936458e-02
-2.452755364127446810e-02,-2.452755364127446810e-02
-7.569798277055329871e-02,-7.569798277055329871e-02
-3.268553052361466982e-02,-3.268553052361466982e-02
-5.120827755648770657e-02,-5.120827755648770657e-02
-4.768757644196672946e-02,-4.768757644196672946e-02
-4.442831334497227697e-02,-4.442831334497227697e-02
-4.229763368034197141e-02,-4.229763368034197141e-02
-5.121772276988684203e-02,-5.121772276988684203e-02
-5.888858981309966212e-02,-5.888858981309966212e-02
-5.512100213630580919e-02,-5.512100213630580919e-02
-6.700758988822028139e-02,-6.700758988822028139e-02
-7.875580809113363889e-02,-7.875580809113363889e-02
-4.078747540352478662e-02,-4.078747540352478662e-02
-4.283360803102672504e-02,-4.283360803102672504e-02
-4.481379051549745640e-02,-4.481379051549745640e-02
-4.185819944664989634e-02,-4.185819944664989634e-02
-5.054317884573872321e-02,-5.054317884573872321e-02
-5.578372235916459476e-02,-5.578372235916459476e-02
-4.167121556218728040e-02,-4.167121556218728040e-02
-5.824425579624058907e-02,-5.824425579624058907e-02
-7.143811361802850091e-02,-7.143811361802850091e-02
-4.516989231934960547e-02,-4.516989231934960547e-02
-6.447943232099290212e-02,-6.447943232099290212e-02
-4.188431426984619288e-02,-4.188431426984619288e-02
-6.346519101514142003e-02,-6.346519101514142003e-02
-5.121485045885195569e-02,-5.121485045885195569e-02
-5.441333968378764263e-02,-5.441333968378764263e-02
-7.316326775867484922e-02,-7.316326775867484922e-02
-4.639308520739962582e-02,-4.639308520739962582e-02
-4.809152673359239766e-02,-4.809152673359239766e-02
-6.142024834437077863e-02,-6.142024834437077863e-02
-5.836916070201454698e-02,-5.836916070201454698e-02
-5.568724111789594838e-02,-5.568724111789594838e-02
-5.020733837777778541e-02,-5.020733837777778541e-02
-6.826660661932959506e-02,-6.826660661932959506e-02
-7.275931733132799673e-02,-7.275931733132799673e-02
-5.822518518191757697e-02,-5.822518518191757697e-02
-5.239156786407150879e-02,-5.239156786407150879e-02
-4.879848132049105502e-02,-4.879848132049105502e-02
-6.645156965722150144e-02,-6.645156965722150144e-02
-6.244253707752898952e-02,-6.244253707752898952e-02
-3.566137987758719041e-02,-3.566137987758719041e-02
-4.060117038989305427e-02,-4.060117038989305427e-02
-3.756365016109004112e-02,-3.756365016109004112e-02
-6.039136627673871716e-02,-6.039136627673871716e-02
-5.899169358333117980e-02,-5.899169358333117980e-02
-5.016728045802388430e-02,-5.016728045802388430e-02
-4.344357461281402044e-02,-4.344357461281402044e-02
-7.352123831666300402e-02,-7.352123831666300402e-02
-3.756256392156333279e-02,-3.756256392156333279e-02
-4.612515968017300017e-02,-4.612515968017300017e-02
-5.381757425674210671e-02,-5.381757425674210671e-02
-5.146794522927221338e-02,-5.146794522927221338e-02
-4.080916396561841408e-02,-4.080916396561841408e-02
-7.540527477006486734e-02,-7.540527477006486734e-02
-6.689285800330008191e-02,-6.689285800330008191e-02
-6.669009191558208927e-02,-6.669009191558208927e-02
-5.686631883960266420e-02,-5.686631883960266420e-02
-4.755753943185939137e-02,-4.755753943185939137e-02
-5.544282590846495024e-02,-5.544282590846495024e-02
-3.438360451333875856e-02,-3.438360451333875856e-02
-4.670227228781909101e-02,-4.670227228781909101e-02
-5.865801953650088413e-02,-5.865801953650088413e-02
-5.077361410914195405e-02,-5.077361410914195405e-02
-5.931649983151209699e-02,-5.931649983151209699e-02
-6.736854399948677408e-02,-6.736854399948677408e-02
-5.939538368700061910e-02,-5.939538368700061910e-02
-5.537972931332371673e-02,-5.537972931332371673e-02
-6.971942252227357473e-02,-6.971942252227357473e-02
-5.207381400723513909e-02,-5.207381400723513909e-02
-4.844713683090998146e-02,-4.844713683090998146e-02
-6.277482769922987371e-02,-6.277482769922987371e-02
-5.578376453966631121e-02,-5.578376453966631121e-02
-6.469140472122614227e-02,-6.469140472122614227e-02
-6.441695948653031190e-02,-6.441695948653031190e-02
-4.210120676488127156e-02,-4.210120676488127156e-02
-5.784929186409205892e-02,-5.784929186409205892e-02
-4.969086363905109160e-02,-4.969086363905109160e-02
-5.102971188232519745e-02,-5.102971188232519745e-02
-4.331416362205242621e-02,-4.331416362205242621e-02
-5.946833309931355560e-02,-5.946833309931355560e-02
-5.069721662782816773e-02,-5.069721662782816773e-02
-3.741786108189418258e-02,-3.741786108189418258e-02
-5.800621617533559260e-02,-5.800621617533559260e-02
-6.704495546565465702e-02,-6.704495546565465702e-02
-3.478447320282294225e-02,-3.478447320282294225e-02
-4.378008857269564263e-02,-4.378008857269564263e-02
-4.724988700101817596e-02,-4.724988700101817596e-02
-5.575054149476360577e-02,-5.575054149476360577e-02
-4.733119645320870567e-02,-4.733119645320870567e-02
-6.948462540660807485e-02,-6.948462540660807485e-02
-5.927135150921845896e-02,-5.927135150921845896e-02
-5.227293902585054136e-02,-5.227293902585054136e-02
-4.071712234755251597e-02,-4.071712234755251597e-02
-2.887561767924117992e-02,-2.887561767924117992e-02
-4.332222686616815643e-02,-4.332222686616815643e-02
-4.559718337863166715e-02,-4.559718337863166715e-02
-6.866051977540542361e-02,-6.866051977540542361e-02
-4.489942194610434256e-02,-4.489942194610434256e-02
-6.051868274968834338e-02,-6.051868274968834338e-02
-5.182881183911443312e-02,-5.182881183911443312e-02
-6.437306183603438980e-02,-6.437306183603438980e-02
-4.160869878284920165e-02,-4.160869878284920165e-02
-5.783352563667072677e-02,-5.783352563667072677e-02
-5.336432262825872158e-02,-5.336432262825872158e-02
-4.848426766435513791e-02,-4.848426766435513791e-02
-6.131451581569051512e-02,-6.131451581569051512e-02
-4.300417411694859582e-02,-4.300417411694859582e-02
-5.792574211813985435e-02,-5.792574211813985435e-02
-6.032468593384043842e-02,-6.032468593384043842e-02
-5.473092530961549268e-02,-5.473092530961549268e-02
-5.640956940615593496e-02,-5.640956940615593496e-02
-3.791744812901248068e-02,-3.791744812901248068e-02
-3.778608369942687562e-02,-3.778608369942687562e-02
-5.278720524205753051e-02,-5.278720524205753051e-02
-3.985358157978562132e-02,-3.985358157978562132e-02
-5.141992129131384842e-02,-5.141992129131384842e-02
-7.900513651298865514e-02,-7.900513651298865514e-02
-3.960249801014483623e-02,-3.960249801014483623e-02
-5.507702598149791934e-02,-5.507702598149791934e-02
-4.885723581379368408e-02,-4.885723581379368408e-02
-3.206075153815661494e-02,-3.206075153815661494e-02
-4.215751444315166130e-02,-4.215751444315166130e-02
-4.492916414155896654e-02,-4.492916414155896654e-02
-4.852692722997246910e-02,-4.852692722997246910e-02
-2.265453952919360692e-02,-2.265453952919360692e-02
-6.075584101667276526e-02,-6.075584101667276526e-02
-4.558815736234422822e-02,-4.558815736234422822e-02
-6.347859769678720898e-02,-6.347859769678720898e-02
-6.189577829486717087e-02,-6.189577829486717087e-02
-6.848717287726988068e-02,-6.848717287726988068e-02
-2.672291358281771861e-02,-2.672291358281771861e-02
-5.477062864764813133e-02,-5.477062864764813133e-02
-5.039769137804177290e-02,-5.039769137804177290e-02
-4.234636470308233980e-02,-4.234636470308233980e-02
-4.567663410423226933e-02,-4.567663410423226933e-02
-5.499718789040938804e-02,-5.499718789040938804e-02
-3.248494824858184915e-02,-3.248494824858184915e-02
-4.139891704642645331e-02,-4.139891704642645331e-02
-6.125270281232142455e-02,-6.125270281232142455e-02
-5.746673988508219089e-02,-5.746673988508219089e-02
-5.395967604773557746e-02,-5.395967604773557746e-02
-8.669890141868832889e-02,-8.669890141868832889e-02
-3.760690868436923628e-02,-3.760690868436923628e-02
-4.694885414156638181e-02,-4.694885414156638181e-02
-4.381048037745782081e-02,-4.381048037745782081e-02
-2.721258114823062180e-02,-2.721258114823062180e-02
-5.344400420929106693e-02,-5.344400420929106693e-02
-5.476162701226704177e-02,-5.476162701226704177e-02
-5.672680014261417825e-02,-5.672680014261417825e-02
-6.317365142441687398e-02,-6.317365142441687398e-02
-6.014247065898687544e-02,-6.014247065898687544e-02
-4.978543536675404668e-02,-4.978543536675404668e-02
-4.429892017053531361e-02,-4.429892017053531361e-02
-3.888276778819713120e-02,-3.888276778819713120e-02
-4.598745472310772353e-02,-4.598745472310772353e-02
-6.003622135409032723e-02,-6.003622135409032723e-02
-6.137147521023361002e-02,-6.137147521023361002e-02
-4.166753644909948484e-02,-4.166753644909948484e-02
-4.635827859812616247e-02,-4.635827859812616247e-02
-6.429853426854720277e-02,-6.429853426854720277e-02
-5.323995136695367641e-02,-5.323995136695367641e-02
-7.134713149041624347e-02,-7.134713149041624347e-02
-5.382197096771444006e-02,-5.382197096771444006e-02
-4.186102883653006201e-02,-4.186102883653006201e-02
-4.888999147814361568e-02,-4.888999147814361568e-02
-4.675569947479758098e-02,-4.675569947479758098e-02
-2.468019554142634672e-02,-2.468019554142634672e-02
-5.781542674007741911e-02,-5.781542674007741911e-02
-4.168679585460462883e-02,-4.168679585460462883e-02
-4.252233753771680891e-02,-4.252233753771680891e-02
-7.244668987080463141e-02,-7.244668987080463141e-02
-5.066644858458339840e-02,-5.066644858458339840e-02
-5.846396562516333745e-02,-5.846396562516333745e-02
-6.463820263064511129e-02,-6.463820263064511129e-02
-4.722487497631396025e-02,-4.722487497631396025e-02
-4.568022403924437702e-02,-4.568022403924437702e-02
-6.734915899165680453e-02,-6.734915899165680453e-02
-4.181977405407574788e-02,-4.181977405407574788e-02
-4.461095037393305457e-02,-4.461095037393305457e-02
-4.133423020242424362e-02,-4.133423020242424362e-02
-6.034051173018487729e-02,-6.034051173018487729e-02
-3.723147362098887941e-02,-3.723147362098887941e-02
-4.990189948310791435e-02,-4.990189948310791435e-02
-6.141787504263510056e-02,-6.141787504263510056e-02
-6.206083467737623371e-02,-6.206083467737623371e-02
-4.889794529274159307e-02,-4.889794529274159307e-02
-5.399431162720785826e-02,-5.399431162720785826e-02
-5.143713997005563976e-02,-5.143713997005563976e-02
-5.720157558991503799e-02,-5.720157558991503799e-02
-4.919590461914392920e-02,-4.919590461914392920e-02
-5.792306699535705594e-02,-5.792306699535705594e-02
-4.400364721886589059e-02,-4.400364721886589059e-02
-7.544532236669368452e-02,-7.544532236669368452e-02
-5.015278277935010520e-02,-5.015278277935010520e-02
-3.722063146649123855e-02,-3.722063146649123855e-02
-5.809613166600421930e-02,-5.809613166600421930e-02
-5.791053834225696334e-02,-5.791053834225696334e-02
-5.881379042729717455e-02,-5.881379042729717455e-02
-5.273749614748626108e-02,-5.273749614748626108e-02
-5.690807629938407497e-02,-5.690807629938407497e-02
-2.499804136111879668e-02,-2.499804136111879668e-02
-5.751237879120866398e-02,-5.751237879120866398e-02
-5.477839273440009149e-02,-5.477839273440009149e-02
-7.248444739541674842e-02,-7.248444739541674842e-02
-7.095937868065940735e-02,-7.095937868065940735e-02
-4.037749229995338945e-02,-4.037749229995338945e-02
-4.841795749317445718e-02,-4.841795749317445718e-02
-3.460596384649076984e-02,-3.460596384649076984e-02
-5.346980349245007702e-02,-5.346980349245007702e-02
-5.053879759954218315e-02,-5.053879759954218315e-02
-4.968650605549510685e-02,-4.968650605549510685e-02
-4.021982073549418280e-02,-4.021982073549418280e-02
-5.972027214451600813e-02,-5.972027214451600813e-02
-7.086159842128601782e-02,-7.086159842128601782e-02
-4.657505629858290502e-02,-4.657505629858290502e-02
-5.255116921275117953e-02,-5.255116921275117953e-02
-5.264891281172646986e-02,-5.264891281172646986e-02
-4.025526464606507537e-02,-4.025526464606507537e-02
-4.702690718423298971e-02,-4.702690718423298971e-02
-4.276922261042591378e-02,-4.276922261042591378e-02
-5.025801710411785528e-02,-5.025801710411785528e-02
-5.146433832820369869e-02,-5.146433832820369869e-02
-5.228802650324772955e-02,-5.228802650324772955e-02
-4.830848102427652557e-02,-4.830848102427652557e-02
-6.201562618479319888e-02,-6.201562618479319888e-02
-2.659816649264159366e-02,-2.659816649264159366e-02
-4.397198171074894607e-02,-4.397198171074894607e-02
-5.963863827482399071e-02,-5.963863827482399071e-02
-4.551873168516523682e-02,-4.551873168516523682e-02
-5.025620487193126901e-02,-5.025620487193126901e-02
-3.505126921408963786e-02,-3.505126921408963786e-02
-5.407130563221053399e-02,-5.407130563221053399e-02
-5.781610043864428283e-02,-5.781610043864428283e-02
-5.723664349390780726e-02,-5.723664349390780726e-02
-4.657612139145440866e-02,-4.657612139145440866e-02
-5.833811701492293278e-02,-5.833811701492293278e-02
-5.824558168496647009e-02,-5.824558168496647009e-02
-4.030824999414197446e-02,-4.030824999414197446e-02
