-7.644653320312500000e-02,-7.644653320312500000e-02
-7.217407226562500000e-02,-7.217407226562500000e-02
-6.610107421875000000e-02,-6.610107421875000000e-02
-5.886840820312500000e-02,-5.886840820312500000e-02
-5.310058593750000000e-02,-5.310058593750000000e-02
-4.721069335937500000e-02,-4.721069335937500000e-02
-4.086303710937500000e-02,-4.086303710937500000e-02
-3.726196289062500000e-02,-3.726196289062500000e-02
-3.219604492187500000e-02,-3.219604492187500000e-02
-2.484130859375000000e-02,-2.484130859375000000e-02
-1.974487304687500000e-02,-1.974487304687500000e-02
-1.470947265625000000e-02,-1.470947265625000000e-02
-9.277343750000000000e-03,-9.277343750000000000e-03
-3.234863281250000000e-03,-3.234863281250000000e-03
3.417968750000000000e-03,3.417968750000000000e-03
8.972167968750000000e-03,8.972167968750000000e-03
1.611328125000000000e-02,1.611328125000000000e-02
2.352905273437500000e-02,2.352905273437500000e-02
2.896118164062500000e-02,2.896118164062500000e-02
3.533935546875000000e-02,3.533935546875000000e-02
4.425048828125000000e-02,4.425048828125000000e-02
5.282592773437500000e-02,5.282592773437500000e-02
6.005859375000000000e-02,6.005859375000000000e-02
6.976318359375000000e-02,6.976318359375000000e-02
7.910156250000000000e-02,7.910156250000000000e-02
8.538818359375000000e-02,8.538818359375000000e-02
9.460449218750000000e-02,9.460449218750000000e-02
1.053161621093750000e-01,1.053161621093750000e-01
1.127624511718750000e-01,1.127624511718750000e-01
1.204223632812500000e-01,1.204223632812500000e-01
1.291809082031250000e-01,1.291809082031250000e-01
1.367492675781250000e-01,1.367492675781250000e-01
1.436767578125000000e-01,1.436767578125000000e-01
1.510620117187500000e-01,1.510620117187500000e-01
1.576843261718750000e-01,1.576843261718750000e-01
1.628723144531250000e-01,1.628723144531250000e-01
1.681213378906250000e-01,1.681213378906250000e-01
1.731567382812500000e-01,1.731567382812500000e-01
1.779785156250000000e-01,1.779785156250000000e-01
1.822509765625000000e-01,1.822509765625000000e-01
1.854553222656250000e-01,1.854553222656250000e-01
1.895446777343750000e-01,1.895446777343750000e-01
1.934204101562500000e-01,1.934204101562500000e-01
1.957092285156250000e-01,1.957092285156250000e-01
1.979980468750000000e-01,1.979980468750000000e-01
1.996765136718750000e-01,1.996765136718750000e-01
2.004699707031250000e-01,2.004699707031250000e-01
2.019348144531250000e-01,2.019348144531250000e-01
2.027893066406250000e-01,2.027893066406250000e-01
2.029113769531250000e-01,2.029113769531250000e-01
2.036437988281250000e-01,2.036437988281250000e-01
2.029724121093750000e-01,2.029724121093750000e-01
2.011108398437500000e-01,2.011108398437500000e-01
2.001647949218750000e-01,2.001647949218750000e-01
2.000732421875000000e-01,2.000732421875000000e-01
1.989440917968750000e-01,1.989440917968750000e-01
1.968383789062500000e-01,1.968383789062500000e-01
1.957397460937500000e-01,1.957397460937500000e-01
1.936950683593750000e-01,1.936950683593750000e-01
1.913452148437500000e-01,1.913452148437500000e-01
1.900939941406250000e-01,1.900939941406250000e-01
1.874694824218750000e-01,1.874694824218750000e-01
1.845397949218750000e-01,1.845397949218750000e-01
1.827087402343750000e-01,1.827087402343750000e-01
1.806945800781250000e-01,1.806945800781250000e-01
1.778259277343750000e-01,1.778259277343750000e-01
1.755676269531250000e-01,1.755676269531250000e-01
1.737365722656250000e-01,1.737365722656250000e-01
1.706542968750000000e-01,1.706542968750000000e-01
1.675109863281250000e-01,1.675109863281250000e-01
1.652526855468750000e-01,1.652526855468750000e-01
1.629028320312500000e-01,1.629028320312500000e-01
1.593627929687500000e-01,1.593627929687500000e-01
1.551513671875000000e-01,1.551513671875000000e-01
1.522521972656250000e-01,1.522521972656250000e-01
1.498718261718750000e-01,1.498718261718750000e-01
1.463317871093750000e-01,1.463317871093750000e-01
1.426696777343750000e-01,1.426696777343750000e-01
1.397399902343750000e-01,1.397399902343750000e-01
1.376037597656250000e-01,1.376037597656250000e-01
1.349182128906250000e-01,1.349182128906250000e-01
1.314086914062500000e-01,1.314086914062500000e-01
1.293640136718750000e-01,1.293640136718750000e-01
1.268310546875000000e-01,1.268310546875000000e-01
1.233520507812500000e-01,1.233520507812500000e-01
1.215820312500000000e-01,1.215820312500000000e-01
1.202697753906250000e-01,1.202697753906250000e-01
1.182861328125000000e-01,1.182861328125000000e-01
1.161193847656250000e-01,1.161193847656250000e-01
1.143798828125000000e-01,1.143798828125000000e-01
1.127624511718750000e-01,1.127624511718750000e-01
1.113281250000000000e-01,1.113281250000000000e-01
1.099548339843750000e-01,1.099548339843750000e-01
1.080932617187500000e-01,1.080932617187500000e-01
1.062316894531250000e-01,1.062316894531250000e-01
1.039428710937500000e-01,1.039428710937500000e-01
1.015014648437500000e-01,1.015014648437500000e-01
9.948730468750000000e-02,9.948730468750000000e-02
9.680175781250000000e-02,9.680175781250000000e-02
9.347534179687500000e-02,9.347534179687500000e-02
9.115600585937500000e-02,9.115600585937500000e-02
8.880615234375000000e-02,8.880615234375000000e-02
8.569335937500000000e-02,8.569335937500000000e-02
8.294677734375000000e-02,8.294677734375000000e-02
7.992553710937500000e-02,7.992553710937500000e-02
7.672119140625000000e-02,7.672119140625000000e-02
7.339477539062500000e-02,7.339477539062500000e-02
6.945800781250000000e-02,6.945800781250000000e-02
6.512451171875000000e-02,6.512451171875000000e-02
6.106567382812500000e-02,6.106567382812500000e-02
5.706787109375000000e-02,5.706787109375000000e-02
5.227661132812500000e-02,5.227661132812500000e-02
4.855346679687500000e-02,4.855346679687500000e-02
4.483032226562500000e-02,4.483032226562500000e-02
3.961181640625000000e-02,3.961181640625000000e-02
3.558349609375000000e-02,3.558349609375000000e-02
3.134155273437500000e-02,3.134155273437500000e-02
2.575683593750000000e-02,2.575683593750000000e-02
2.020263671875000000e-02,2.020263671875000000e-02
1.419067382812500000e-02,1.419067382812500000e-02
9.307861328125000000e-03,9.307861328125000000e-03
4.486083984375000000e-03,4.486083984375000000e-03
-1.953125000000000000e-03,-1.953125000000000000e-03
-6.164550781250000000e-03,-6.164550781250000000e-03
-1.007080078125000000e-02,-1.007080078125000000e-02
-1.562500000000000000e-02,-1.562500000000000000e-02
-1.898193359375000000e-02,-1.898193359375000000e-02
-2.224731445312500000e-02,-2.224731445312500000e-02
-2.630615234375000000e-02,-2.630615234375000000e-02
-2.893066406250000000e-02,-2.893066406250000000e-02
-3.146362304687500000e-02,-3.146362304687500000e-02
-3.448486328125000000e-02,-3.448486328125000000e-02
-3.726196289062500000e-02,-3.726196289062500000e-02
-3.955078125000000000e-02,-3.955078125000000000e-02
-4.180908203125000000e-02,-4.180908203125000000e-02
-4.421997070312500000e-02,-4.421997070312500000e-02
-4.678344726562500000e-02,-4.678344726562500000e-02
-4.901123046875000000e-02,-4.901123046875000000e-02
-5.041503906250000000e-02,-5.041503906250000000e-02
-5.187988281250000000e-02,-5.187988281250000000e-02
-5.374145507812500000e-02,-5.374145507812500000e-02
-5.587768554687500000e-02,-5.587768554687500000e-02
-5.838012695312500000e-02,-5.838012695312500000e-02
-6.076049804687500000e-02,-6.076049804687500000e-02
-6.246948242187500000e-02,-6.246948242187500000e-02
-6.481933593750000000e-02,-6.481933593750000000e-02
-6.723022460937500000e-02,-6.723022460937500000e-02
-6.811523437500000000e-02,-6.811523437500000000e-02
-6.951904296875000000e-02,-6.951904296875000000e-02
-7.159423828125000000e-02,-7.159423828125000000e-02
-7.308959960937500000e-02,-7.308959960937500000e-02
-7.449340820312500000e-02,-7.449340820312500000e-02
-7.504272460937500000e-02,-7.504272460937500000e-02
-7.492065429687500000e-02,-7.492065429687500000e-02
-7.525634765625000000e-02,-7.525634765625000000e-02
-7.626342773437500000e-02,-7.626342773437500000e-02
-7.714843750000000000e-02,-7.714843750000000000e-02
-7.687377929687500000e-02,-7.687377929687500000e-02
-7.763671875000000000e-02,-7.763671875000000000e-02
-7.934570312500000000e-02,-7.934570312500000000e-02
-7.827758789062500000e-02,-7.827758789062500000e-02
-7.720947265625000000e-02,-7.720947265625000000e-02
-7.839965820312500000e-02,-7.839965820312500000e-02
-7.925415039062500000e-02,-7.925415039062500000e-02
-8.016967773437500000e-02,-8.016967773437500000e-02
-8.065795898437500000e-02,-8.065795898437500000e-02
-7.949829101562500000e-02,-7.949829101562500000e-02
-8.007812500000000000e-02,-8.007812500000000000e-02
-8.224487304687500000e-02,-8.224487304687500000e-02
-8.160400390625000000e-02,-8.160400390625000000e-02
-8.157348632812500000e-02,-8.157348632812500000e-02
-8.438110351562500000e-02,-8.438110351562500000e-02
-8.520507812500000000e-02,-8.520507812500000000e-02
-8.581542968750000000e-02,-8.581542968750000000e-02
-8.883666992187500000e-02,-8.883666992187500000e-02
-9.100341796875000000e-02,-9.100341796875000000e-02
-9.167480468750000000e-02,-9.167480468750000000e-02
-9.375000000000000000e-02,-9.375000000000000000e-02
-9.747314453125000000e-02,-9.747314453125000000e-02
-9.963989257812500000e-02,-9.963989257812500000e-02
-1.011962890625000000e-01,-1.011962890625000000e-01
-1.052551269531250000e-01,-1.052551269531250000e-01
-1.100158691406250000e-01,-1.100158691406250000e-01
-1.132812500000000000e-01,-1.132812500000000000e-01
-1.162719726562500000e-01,-1.162719726562500000e-01
-1.206054687500000000e-01,-1.206054687500000000e-01
-1.263122558593750000e-01,-1.263122558593750000e-01
-1.303405761718750000e-01,-1.303405761718750000e-01
-1.332702636718750000e-01,-1.332702636718750000e-01
-1.384582519531250000e-01,-1.384582519531250000e-01
-1.422424316406250000e-01,-1.422424316406250000e-01
-1.438903808593750000e-01,-1.438903808593750000e-01
-1.467895507812500000e-01,-1.467895507812500000e-01
-1.489562988281250000e-01,-1.489562988281250000e-01
-1.499938964843750000e-01,-1.499938964843750000e-01
-1.521606445312500000e-01,-1.521606445312500000e-01
-1.543273925781250000e-01,-1.543273925781250000e-01
-1.546936035156250000e-01,-1.546936035156250000e-01
-1.540832519531250000e-01,-1.540832519531250000e-01
-1.535949707031250000e-01,-1.535949707031250000e-01
-1.539611816406250000e-01,-1.539611816406250000e-01
-1.541442871093750000e-01,-1.541442871093750000e-01
-1.530761718750000000e-01,-1.530761718750000000e-01
-1.523437500000000000e-01,-1.523437500000000000e-01
-1.513366699218750000e-01,-1.513366699218750000e-01
-1.502685546875000000e-01,-1.502685546875000000e-01
-1.500854492187500000e-01,-1.500854492187500000e-01
-1.499938964843750000e-01,-1.499938964843750000e-01
-1.506652832031250000e-01,-1.506652832031250000e-01
-1.516418457031250000e-01,-1.516418457031250000e-01
-1.519775390625000000e-01,-1.519775390625000000e-01
-1.508789062500000000e-01,-1.508789062500000000e-01
-1.492309570312500000e-01,-1.492309570312500000e-01
-1.505432128906250000e-01,-1.505432128906250000e-01
-1.514587402343750000e-01,-1.514587402343750000e-01
-1.495666503906250000e-01,-1.495666503906250000e-01
-1.492309570312500000e-01,-1.492309570312500000e-01
-1.490173339843750000e-01,-1.490173339843750000e-01
-1.474914550781250000e-01,-1.474914550781250000e-01
-1.463623046875000000e-01,-1.463623046875000000e-01
-1.452941894531250000e-01,-1.452941894531250000e-01
-1.444702148437500000e-01,-1.444702148437500000e-01
-1.432495117187500000e-01,-1.432495117187500000e-01
-1.420593261718750000e-01,-1.420593261718750000e-01
-1.413574218750000000e-01,-1.413574218750000000e-01
-1.401062011718750000e-01,-1.401062011718750000e-01
-1.381835937500000000e-01,-1.381835937500000000e-01
-1.372375488281250000e-01,-1.372375488281250000e-01
-1.371154785156250000e-01,-1.371154785156250000e-01
-1.342773437500000000e-01,-1.342773437500000000e-01
-1.322631835937500000e-01,-1.322631835937500000e-01
-1.324157714843750000e-01,-1.324157714843750000e-01
-1.298217773437500000e-01,-1.298217773437500000e-01
-1.276855468750000000e-01,-1.276855468750000000e-01
-1.278076171875000000e-01,-1.278076171875000000e-01
-1.272583007812500000e-01,-1.272583007812500000e-01
-1.250610351562500000e-01,-1.250610351562500000e-01
-1.210632324218750000e-01,-1.210632324218750000e-01
-1.179504394531250000e-01,-1.179504394531250000e-01
-1.158142089843750000e-01,-1.158142089843750000e-01
-1.116638183593750000e-01,-1.116638183593750000e-01
-1.070556640625000000e-01,-1.070556640625000000e-01
-1.032104492187500000e-01,-1.032104492187500000e-01
-9.762573242187500000e-02,-9.762573242187500000e-02
-9.118652343750000000e-02,-9.118652343750000000e-02
-8.682250976562500000e-02,-8.682250976562500000e-02
-8.209228515625000000e-02,-8.209228515625000000e-02
-7.498168945312500000e-02,-7.498168945312500000e-02
-6.869506835937500000e-02,-6.869506835937500000e-02
-6.372070312500000000e-02,-6.372070312500000000e-02
-5.831909179687500000e-02,-5.831909179687500000e-02
-5.285644531250000000e-02,-5.285644531250000000e-02
-4.766845703125000000e-02,-4.766845703125000000e-02
-4.220581054687500000e-02,-4.220581054687500000e-02
-3.518676757812500000e-02,-3.518676757812500000e-02
-2.890014648437500000e-02,-2.890014648437500000e-02
-2.523803710937500000e-02,-2.523803710937500000e-02
-2.059936523437500000e-02,-2.059936523437500000e-02
-1.324462890625000000e-02,-1.324462890625000000e-02
-6.713867187500000000e-03,-6.713867187500000000e-03
-2.380371093750000000e-03,-2.380371093750000000e-03
5.035400390625000000e-03,5.035400390625000000e-03
1.348876953125000000e-02,1.348876953125000000e-02
1.754760742187500000e-02,1.754760742187500000e-02
2.435302734375000000e-02,2.435302734375000000e-02
3.399658203125000000e-02,3.399658203125000000e-02
4.022216796875000000e-02,4.022216796875000000e-02
4.757690429687500000e-02,4.757690429687500000e-02
5.676269531250000000e-02,5.676269531250000000e-02
6.378173828125000000e-02,6.378173828125000000e-02
7.083129882812500000e-02,7.083129882812500000e-02
8.001708984375000000e-02,8.001708984375000000e-02
8.889770507812500000e-02,8.889770507812500000e-02
9.536743164062500000e-02,9.536743164062500000e-02
1.025085449218750000e-01,1.025085449218750000e-01
1.124267578125000000e-01,1.124267578125000000e-01
1.213378906250000000e-01,1.213378906250000000e-01
1.279602050781250000e-01,1.279602050781250000e-01
1.350097656250000000e-01,1.350097656250000000e-01
1.430664062500000000e-01,1.430664062500000000e-01
1.490173339843750000e-01,1.490173339843750000e-01
1.541442871093750000e-01,1.541442871093750000e-01
1.617736816406250000e-01,1.617736816406250000e-01
1.673278808593750000e-01,1.673278808593750000e-01
1.708374023437500000e-01,1.708374023437500000e-01
1.765136718750000000e-01,1.765136718750000000e-01
1.815185546875000000e-01,1.815185546875000000e-01
1.844787597656250000e-01,1.844787597656250000e-01
1.882019042968750000e-01,1.882019042968750000e-01
1.920166015625000000e-01,1.920166015625000000e-01
1.943969726562500000e-01,1.943969726562500000e-01
1.969604492187500000e-01,1.969604492187500000e-01
1.994323730468750000e-01,1.994323730468750000e-01
2.009277343750000000e-01,2.009277343750000000e-01
2.019348144531250000e-01,2.019348144531250000e-01
2.020568847656250000e-01,2.020568847656250000e-01
2.020874023437500000e-01,2.020874023437500000e-01
2.015380859375000000e-01,2.015380859375000000e-01
1.999511718750000000e-01,1.999511718750000000e-01
2.001342773437500000e-01,2.001342773437500000e-01
2.006835937500000000e-01,2.006835937500000000e-01
1.987609863281250000e-01,1.987609863281250000e-01
1.970825195312500000e-01,1.970825195312500000e-01
1.965332031250000000e-01,1.965332031250000000e-01
1.950988769531250000e-01,1.950988769531250000e-01
1.930847167968750000e-01,1.930847167968750000e-01
1.911926269531250000e-01,1.911926269531250000e-01
1.894836425781250000e-01,1.894836425781250000e-01
1.873168945312500000e-01,1.873168945312500000e-01
1.855773925781250000e-01,1.855773925781250000e-01
1.840209960937500000e-01,1.840209960937500000e-01
1.817932128906250000e-01,1.817932128906250000e-01
1.793518066406250000e-01,1.793518066406250000e-01
1.759643554687500000e-01,1.759643554687500000e-01
1.733703613281250000e-01,1.733703613281250000e-01
1.720581054687500000e-01,1.720581054687500000e-01
1.694335937500000000e-01,1.694335937500000000e-01
1.661987304687500000e-01,1.661987304687500000e-01
1.633300781250000000e-01,1.633300781250000000e-01
1.600341796875000000e-01,1.600341796875000000e-01
1.563720703125000000e-01,1.563720703125000000e-01
1.530456542968750000e-01,1.530456542968750000e-01
1.498413085937500000e-01,1.498413085937500000e-01
1.467895507812500000e-01,1.467895507812500000e-01
1.436157226562500000e-01,1.436157226562500000e-01
1.399841308593750000e-01,1.399841308593750000e-01
1.366271972656250000e-01,1.366271972656250000e-01
1.331787109375000000e-01,1.331787109375000000e-01
1.300964355468750000e-01,1.300964355468750000e-01
1.281127929687500000e-01,1.281127929687500000e-01
1.262512207031250000e-01,1.262512207031250000e-01
1.237487792968750000e-01,1.237487792968750000e-01
1.212158203125000000e-01,1.212158203125000000e-01
1.199645996093750000e-01,1.199645996093750000e-01
1.183776855468750000e-01,1.183776855468750000e-01
1.156921386718750000e-01,1.156921386718750000e-01
1.136779785156250000e-01,1.136779785156250000e-01
1.114807128906250000e-01,1.114807128906250000e-01
1.088562011718750000e-01,1.088562011718750000e-01
1.081542968750000000e-01,1.081542968750000000e-01
1.080017089843750000e-01,1.080017089843750000e-01
1.055603027343750000e-01,1.055603027343750000e-01
1.022644042968750000e-01,1.022644042968750000e-01
1.005859375000000000e-01,1.005859375000000000e-01
9.967041015625000000e-02,9.967041015625000000e-02
9.765625000000000000e-02,9.765625000000000000e-02
9.463500976562500000e-02,9.463500976562500000e-02
9.164428710937500000e-02,9.164428710937500000e-02
8.917236328125000000e-02,8.917236328125000000e-02
8.618164062500000000e-02,8.618164062500000000e-02
8.306884765625000000e-02,8.306884765625000000e-02
8.105468750000000000e-02,8.105468750000000000e-02
7.791137695312500000e-02,7.791137695312500000e-02
7.412719726562500000e-02,7.412719726562500000e-02
7.135009765625000000e-02,7.135009765625000000e-02
6.765747070312500000e-02,6.765747070312500000e-02
6.353759765625000000e-02,6.353759765625000000e-02
6.033325195312500000e-02,6.033325195312500000e-02
5.676269531250000000e-02,5.676269531250000000e-02
5.209350585937500000e-02,5.209350585937500000e-02
4.785156250000000000e-02,4.785156250000000000e-02
4.434204101562500000e-02,4.434204101562500000e-02
3.936767578125000000e-02,3.936767578125000000e-02
3.387451171875000000e-02,3.387451171875000000e-02
2.902221679687500000e-02,2.902221679687500000e-02
2.310180664062500000e-02,2.310180664062500000e-02
1.745605468750000000e-02,1.745605468750000000e-02
1.278686523437500000e-02,1.278686523437500000e-02
7.843017578125000000e-03,7.843017578125000000e-03
2.532958984375000000e-03,2.532958984375000000e-03
-3.265380859375000000e-03,-3.265380859375000000e-03
-8.178710937500000000e-03,-8.178710937500000000e-03
-1.135253906250000000e-02,-1.135253906250000000e-02
-1.431274414062500000e-02,-1.431274414062500000e-02
-1.879882812500000000e-02,-1.879882812500000000e-02
-2.297973632812500000e-02,-2.297973632812500000e-02
-2.514648437500000000e-02,-2.514648437500000000e-02
-2.807617187500000000e-02,-2.807617187500000000e-02
-3.076171875000000000e-02,-3.076171875000000000e-02
-3.253173828125000000e-02,-3.253173828125000000e-02
-3.582763671875000000e-02,-3.582763671875000000e-02
-3.897094726562500000e-02,-3.897094726562500000e-02
-4.031372070312500000e-02,-4.031372070312500000e-02
-4.187011718750000000e-02,-4.187011718750000000e-02
-4.467773437500000000e-02,-4.467773437500000000e-02
-4.626464843750000000e-02,-4.626464843750000000e-02
-4.794311523437500000e-02,-4.794311523437500000e-02
-5.093383789062500000e-02,-5.093383789062500000e-02
-5.285644531250000000e-02,-5.285644531250000000e-02
-5.468750000000000000e-02,-5.468750000000000000e-02
-5.664062500000000000e-02,-5.664062500000000000e-02
-5.914306640625000000e-02,-5.914306640625000000e-02
-6.222534179687500000e-02,-6.222534179687500000e-02
-6.353759765625000000e-02,-6.353759765625000000e-02
-6.472778320312500000e-02,-6.472778320312500000e-02
-6.668090820312500000e-02,-6.668090820312500000e-02
-6.835937500000000000e-02,-6.835937500000000000e-02
-7.058715820312500000e-02,-7.058715820312500000e-02
-7.278442382812500000e-02,-7.278442382812500000e-02
-7.284545898437500000e-02,-7.284545898437500000e-02
-7.205200195312500000e-02,-7.205200195312500000e-02
-7.296752929687500000e-02,-7.296752929687500000e-02
-7.437133789062500000e-02,-7.437133789062500000e-02
-7.540893554687500000e-02,-7.540893554687500000e-02
-7.620239257812500000e-02,-7.620239257812500000e-02
-7.507324218750000000e-02,-7.507324218750000000e-02
-7.479858398437500000e-02,-7.479858398437500000e-02
-7.662963867187500000e-02,-7.662963867187500000e-02
-7.656860351562500000e-02,-7.656860351562500000e-02
-7.666015625000000000e-02,-7.666015625000000000e-02
-7.760620117187500000e-02,-7.760620117187500000e-02
-7.772827148437500000e-02,-7.772827148437500000e-02
-7.864379882812500000e-02,-7.864379882812500000e-02
-7.897949218750000000e-02,-7.897949218750000000e-02
-7.916259765625000000e-02,-7.916259765625000000e-02
-8.020019531250000000e-02,-8.020019531250000000e-02
-8.053588867187500000e-02,-8.053588867187500000e-02
-8.078002929687500000e-02,-8.078002929687500000e-02
-8.163452148437500000e-02,-8.163452148437500000e-02
-8.367919921875000000e-02,-8.367919921875000000e-02
-8.541870117187500000e-02,-8.541870117187500000e-02
-8.609008789062500000e-02,-8.609008789062500000e-02
-8.743286132812500000e-02,-8.743286132812500000e-02
-8.947753906250000000e-02,-8.947753906250000000e-02
-9.167480468750000000e-02,-9.167480468750000000e-02
-9.405517578125000000e-02,-9.405517578125000000e-02
-9.729003906250000000e-02,-9.729003906250000000e-02
-1.005859375000000000e-01,-1.005859375000000000e-01
-1.032104492187500000e-01,-1.032104492187500000e-01
-1.075439453125000000e-01,-1.075439453125000000e-01
-1.126403808593750000e-01,-1.126403808593750000e-01
-1.161193847656250000e-01,-1.161193847656250000e-01
-1.201171875000000000e-01,-1.201171875000000000e-01
-1.243591308593750000e-01,-1.243591308593750000e-01
-1.287841796875000000e-01,-1.287841796875000000e-01
-1.338195800781250000e-01,-1.338195800781250000e-01
-1.378173828125000000e-01,-1.378173828125000000e-01
-1.416320800781250000e-01,-1.416320800781250000e-01
-1.449584960937500000e-01,-1.449584960937500000e-01
-1.473388671875000000e-01,-1.473388671875000000e-01
-1.502075195312500000e-01,-1.502075195312500000e-01
-1.530761718750000000e-01,-1.530761718750000000e-01
-1.537780761718750000e-01,-1.537780761718750000e-01
-1.538391113281250000e-01,-1.538391113281250000e-01
-1.554565429687500000e-01,-1.554565429687500000e-01
-1.557617187500000000e-01,-1.557617187500000000e-01
-1.558532714843750000e-01,-1.558532714843750000e-01
-1.567993164062500000e-01,-1.567993164062500000e-01
-1.555786132812500000e-01,-1.555786132812500000e-01
-1.543884277343750000e-01,-1.543884277343750000e-01
-1.547241210937500000e-01,-1.547241210937500000e-01
-1.549987792968750000e-01,-1.549987792968750000e-01
-1.545104980468750000e-01,-1.545104980468750000e-01
-1.544189453125000000e-01,-1.544189453125000000e-01
-1.546325683593750000e-01,-1.546325683593750000e-01
-1.533813476562500000e-01,-1.533813476562500000e-01
-1.539916992187500000e-01,-1.539916992187500000e-01
-1.567382812500000000e-01,-1.567382812500000000e-01
-1.566162109375000000e-01,-1.566162109375000000e-01
-1.559448242187500000e-01,-1.559448242187500000e-01
-1.564331054687500000e-01,-1.564331054687500000e-01
-1.558837890625000000e-01,-1.558837890625000000e-01
-1.553649902343750000e-01,-1.553649902343750000e-01
-1.548767089843750000e-01,-1.548767089843750000e-01
-1.544799804687500000e-01,-1.544799804687500000e-01
-1.539916992187500000e-01,-1.539916992187500000e-01
-1.521911621093750000e-01,-1.521911621093750000e-01
-1.504211425781250000e-01,-1.504211425781250000e-01
-1.492309570312500000e-01,-1.492309570312500000e-01
-1.481323242187500000e-01,-1.481323242187500000e-01
-1.472778320312500000e-01,-1.472778320312500000e-01
-1.466674804687500000e-01,-1.466674804687500000e-01
-1.441955566406250000e-01,-1.441955566406250000e-01
-1.413269042968750000e-01,-1.413269042968750000e-01
-1.419067382812500000e-01,-1.419067382812500000e-01
-1.414794921875000000e-01,-1.414794921875000000e-01
-1.376647949218750000e-01,-1.376647949218750000e-01
-1.363830566406250000e-01,-1.363830566406250000e-01
-1.364746093750000000e-01,-1.364746093750000000e-01
-1.334838867187500000e-01,-1.334838867187500000e-01
-1.322326660156250000e-01,-1.322326660156250000e-01
-1.333007812500000000e-01,-1.333007812500000000e-01
-1.301574707031250000e-01,-1.301574707031250000e-01
-1.256408691406250000e-01,-1.256408691406250000e-01
-1.246337890625000000e-01,-1.246337890625000000e-01
-1.237182617187500000e-01,-1.237182617187500000e-01
-1.204833984375000000e-01,-1.204833984375000000e-01
-1.163940429687500000e-01,-1.163940429687500000e-01
-1.122131347656250000e-01,-1.122131347656250000e-01
-1.077575683593750000e-01,-1.077575683593750000e-01
-1.025390625000000000e-01,-1.025390625000000000e-01
-9.774780273437500000e-02,-9.774780273437500000e-02
-9.271240234375000000e-02,-9.271240234375000000e-02
-8.508300781250000000e-02,-8.508300781250000000e-02
-7.769775390625000000e-02,-7.769775390625000000e-02
-7.202148437500000000e-02,-7.202148437500000000e-02
-6.588745117187500000e-02,-6.588745117187500000e-02
-6.002807617187500000e-02,-6.002807617187500000e-02
-5.505371093750000000e-02,-5.505371093750000000e-02
-4.898071289062500000e-02,-4.898071289062500000e-02
-4.183959960937500000e-02,-4.183959960937500000e-02
-3.680419921875000000e-02,-3.680419921875000000e-02
-3.219604492187500000e-02,-3.219604492187500000e-02
-2.575683593750000000e-02,-2.575683593750000000e-02
-1.947021484375000000e-02,-1.947021484375000000e-02
-1.318359375000000000e-02,-1.318359375000000000e-02
-7.049560546875000000e-03,-7.049560546875000000e-03
-2.532958984375000000e-03,-2.532958984375000000e-03
2.166748046875000000e-03,2.166748046875000000e-03
8.728027343750000000e-03,8.728027343750000000e-03
1.654052734375000000e-02,1.654052734375000000e-02
2.426147460937500000e-02,2.426147460937500000e-02
3.088378906250000000e-02,3.088378906250000000e-02
3.750610351562500000e-02,3.750610351562500000e-02
4.461669921875000000e-02,4.461669921875000000e-02
5.114746093750000000e-02,5.114746093750000000e-02
5.914306640625000000e-02,5.914306640625000000e-02
6.829833984375000000e-02,6.829833984375000000e-02
7.546997070312500000e-02,7.546997070312500000e-02
8.322143554687500000e-02,8.322143554687500000e-02
9.228515625000000000e-02,9.228515625000000000e-02
1.004943847656250000e-01,1.004943847656250000e-01
1.100769042968750000e-01,1.100769042968750000e-01
1.196289062500000000e-01,1.196289062500000000e-01
1.263427734375000000e-01,1.263427734375000000e-01
1.333618164062500000e-01,1.333618164062500000e-01
1.405944824218750000e-01,1.405944824218750000e-01
1.477355957031250000e-01,1.477355957031250000e-01
1.557312011718750000e-01,1.557312011718750000e-01
1.619567871093750000e-01,1.619567871093750000e-01
1.664733886718750000e-01,1.664733886718750000e-01
1.708984375000000000e-01,1.708984375000000000e-01
1.755981445312500000e-01,1.755981445312500000e-01
1.808166503906250000e-01,1.808166503906250000e-01
1.855163574218750000e-01,1.855163574218750000e-01
1.890258789062500000e-01,1.890258789062500000e-01
1.918945312500000000e-01,1.918945312500000000e-01
1.943054199218750000e-01,1.943054199218750000e-01
1.961975097656250000e-01,1.961975097656250000e-01
1.986694335937500000e-01,1.986694335937500000e-01
2.005615234375000000e-01,2.005615234375000000e-01
2.005310058593750000e-01,2.005310058593750000e-01
2.002563476562500000e-01,2.002563476562500000e-01
1.999511718750000000e-01,1.999511718750000000e-01
1.993713378906250000e-01,1.993713378906250000e-01
1.994934082031250000e-01,1.994934082031250000e-01
2.001647949218750000e-01,2.001647949218750000e-01
1.992492675781250000e-01,1.992492675781250000e-01
1.971130371093750000e-01,1.971130371093750000e-01
1.965332031250000000e-01,1.965332031250000000e-01
1.958312988281250000e-01,1.958312988281250000e-01
1.937561035156250000e-01,1.937561035156250000e-01
1.925048828125000000e-01,1.925048828125000000e-01
1.904907226562500000e-01,1.904907226562500000e-01
1.874694824218750000e-01,1.874694824218750000e-01
1.860046386718750000e-01,1.860046386718750000e-01
1.842041015625000000e-01,1.842041015625000000e-01
1.819763183593750000e-01,1.819763183593750000e-01
1.799621582031250000e-01,1.799621582031250000e-01
1.764526367187500000e-01,1.764526367187500000e-01
1.734008789062500000e-01,1.734008789062500000e-01
1.717529296875000000e-01,1.717529296875000000e-01
1.694335937500000000e-01,1.694335937500000000e-01
1.664733886718750000e-01,1.664733886718750000e-01
1.633605957031250000e-01,1.633605957031250000e-01
1.594238281250000000e-01,1.594238281250000000e-01
1.554870605468750000e-01,1.554870605468750000e-01
1.524963378906250000e-01,1.524963378906250000e-01
1.488647460937500000e-01,1.488647460937500000e-01
1.448974609375000000e-01,1.448974609375000000e-01
1.423034667968750000e-01,1.423034667968750000e-01
1.398315429687500000e-01,1.398315429687500000e-01
1.365356445312500000e-01,1.365356445312500000e-01
1.338806152343750000e-01,1.338806152343750000e-01
1.312255859375000000e-01,1.312255859375000000e-01
1.278381347656250000e-01,1.278381347656250000e-01
1.255493164062500000e-01,1.255493164062500000e-01
1.235656738281250000e-01,1.235656738281250000e-01
1.212768554687500000e-01,1.212768554687500000e-01
1.190490722656250000e-01,1.190490722656250000e-01
1.167907714843750000e-01,1.167907714843750000e-01
1.148681640625000000e-01,1.148681640625000000e-01
1.129455566406250000e-01,1.129455566406250000e-01
1.108398437500000000e-01,1.108398437500000000e-01
1.090087890625000000e-01,1.090087890625000000e-01
1.077575683593750000e-01,1.077575683593750000e-01
1.062622070312500000e-01,1.062622070312500000e-01
1.047363281250000000e-01,1.047363281250000000e-01
1.040954589843750000e-01,1.040954589843750000e-01
1.020812988281250000e-01,1.020812988281250000e-01
9.866333007812500000e-02,9.866333007812500000e-02
9.683227539062500000e-02,9.683227539062500000e-02
9.606933593750000000e-02,9.606933593750000000e-02
9.365844726562500000e-02,9.365844726562500000e-02
9.017944335937500000e-02,9.017944335937500000e-02
8.728027343750000000e-02,8.728027343750000000e-02
8.505249023437500000e-02,8.505249023437500000e-02
8.276367187500000000e-02,8.276367187500000000e-02
7.965087890625000000e-02,7.965087890625000000e-02
7.629394531250000000e-02,7.629394531250000000e-02
7.287597656250000000e-02,7.287597656250000000e-02
6.896972656250000000e-02,6.896972656250000000e-02
6.521606445312500000e-02,6.521606445312500000e-02
6.112670898437500000e-02,6.112670898437500000e-02
5.560302734375000000e-02,5.560302734375000000e-02
5.047607421875000000e-02,5.047607421875000000e-02
4.696655273437500000e-02,4.696655273437500000e-02
4.287719726562500000e-02,4.287719726562500000e-02
3.842163085937500000e-02,3.842163085937500000e-02
3.427124023437500000e-02,3.427124023437500000e-02
2.951049804687500000e-02,2.951049804687500000e-02
2.462768554687500000e-02,2.462768554687500000e-02
1.974487304687500000e-02,1.974487304687500000e-02
1.480102539062500000e-02,1.480102539062500000e-02
9.368896484375000000e-03,9.368896484375000000e-03
3.845214843750000000e-03,3.845214843750000000e-03
1.525878906250000000e-04,1.525878906250000000e-04
-3.417968750000000000e-03,-3.417968750000000000e-03
-8.148193359375000000e-03,-8.148193359375000000e-03
-1.208496093750000000e-02,-1.208496093750000000e-02
-1.541137695312500000e-02,-1.541137695312500000e-02
-1.828002929687500000e-02,-1.828002929687500000e-02
-2.096557617187500000e-02,-2.096557617187500000e-02
-2.368164062500000000e-02,-2.368164062500000000e-02
-2.554321289062500000e-02,-2.554321289062500000e-02
-2.764892578125000000e-02,-2.764892578125000000e-02
-3.045654296875000000e-02,-3.045654296875000000e-02
-3.332519531250000000e-02,-3.332519531250000000e-02
-3.564453125000000000e-02,-3.564453125000000000e-02
-3.732299804687500000e-02,-3.732299804687500000e-02
-4.006958007812500000e-02,-4.006958007812500000e-02
-4.269409179687500000e-02,-4.269409179687500000e-02
-4.458618164062500000e-02,-4.458618164062500000e-02
-4.776000976562500000e-02,-4.776000976562500000e-02
-5.010986328125000000e-02,-5.010986328125000000e-02
-5.163574218750000000e-02,-5.163574218750000000e-02
-5.505371093750000000e-02,-5.505371093750000000e-02
-5.761718750000000000e-02,-5.761718750000000000e-02
-5.923461914062500000e-02,-5.923461914062500000e-02
-6.246948242187500000e-02,-6.246948242187500000e-02
-6.488037109375000000e-02,-6.488037109375000000e-02
-6.744384765625000000e-02,-6.744384765625000000e-02
-7.031250000000000000e-02,-7.031250000000000000e-02
-7.116699218750000000e-02,-7.116699218750000000e-02
-7.235717773437500000e-02,-7.235717773437500000e-02
-7.360839843750000000e-02,-7.360839843750000000e-02
-7.421875000000000000e-02,-7.421875000000000000e-02
-7.556152343750000000e-02,-7.556152343750000000e-02
-7.617187500000000000e-02,-7.617187500000000000e-02
-7.580566406250000000e-02,-7.580566406250000000e-02
-7.662963867187500000e-02,-7.662963867187500000e-02
-7.727050781250000000e-02,-7.727050781250000000e-02
-7.574462890625000000e-02,-7.574462890625000000e-02
-7.550048828125000000e-02,-7.550048828125000000e-02
-7.662963867187500000e-02,-7.662963867187500000e-02
-7.620239257812500000e-02,-7.620239257812500000e-02
-7.556152343750000000e-02,-7.556152343750000000e-02
-7.559204101562500000e-02,-7.559204101562500000e-02
-7.632446289062500000e-02,-7.632446289062500000e-02
-7.687377929687500000e-02,-7.687377929687500000e-02
-7.586669921875000000e-02,-7.586669921875000000e-02
-7.540893554687500000e-02,-7.540893554687500000e-02
-7.614135742187500000e-02,-7.614135742187500000e-02
-7.623291015625000000e-02,-7.623291015625000000e-02
-7.696533203125000000e-02,-7.696533203125000000e-02
-7.830810546875000000e-02,-7.830810546875000000e-02
-7.846069335937500000e-02,-7.846069335937500000e-02
-7.919311523437500000e-02,-7.919311523437500000e-02
-8.151245117187500000e-02,-8.151245117187500000e-02
-8.358764648437500000e-02,-8.358764648437500000e-02
-8.557128906250000000e-02,-8.557128906250000000e-02
-8.871459960937500000e-02,-8.871459960937500000e-02
-9.146118164062500000e-02,-9.146118164062500000e-02
-9.423828125000000000e-02,-9.423828125000000000e-02
-9.811401367187500000e-02,-9.811401367187500000e-02
-1.015930175781250000e-01,-1.015930175781250000e-01
-1.052856445312500000e-01,-1.052856445312500000e-01
-1.091613769531250000e-01,-1.091613769531250000e-01
-1.133422851562500000e-01,-1.133422851562500000e-01
-1.185302734375000000e-01,-1.185302734375000000e-01
-1.227416992187500000e-01,-1.227416992187500000e-01
-1.272277832031250000e-01,-1.272277832031250000e-01
-1.324462890625000000e-01,-1.324462890625000000e-01
-1.355285644531250000e-01,-1.355285644531250000e-01
-1.390075683593750000e-01,-1.390075683593750000e-01
-1.432495117187500000e-01,-1.432495117187500000e-01
-1.459045410156250000e-01,-1.459045410156250000e-01
-1.495361328125000000e-01,-1.495361328125000000e-01
-1.522827148437500000e-01,-1.522827148437500000e-01
-1.523742675781250000e-01,-1.523742675781250000e-01
-1.526489257812500000e-01,-1.526489257812500000e-01
-1.530456542968750000e-01,-1.530456542968750000e-01
-1.535034179687500000e-01,-1.535034179687500000e-01
-1.537170410156250000e-01,-1.537170410156250000e-01
-1.530761718750000000e-01,-1.530761718750000000e-01
-1.528930664062500000e-01,-1.528930664062500000e-01
-1.532592773437500000e-01,-1.532592773437500000e-01
-1.523132324218750000e-01,-1.523132324218750000e-01
-1.512451171875000000e-01,-1.512451171875000000e-01
-1.512145996093750000e-01,-1.512145996093750000e-01
-1.503906250000000000e-01,-1.503906250000000000e-01
-1.498718261718750000e-01,-1.498718261718750000e-01
-1.505737304687500000e-01,-1.505737304687500000e-01
-1.512451171875000000e-01,-1.512451171875000000e-01
-1.521301269531250000e-01,-1.521301269531250000e-01
-1.528320312500000000e-01,-1.528320312500000000e-01
-1.524658203125000000e-01,-1.524658203125000000e-01
-1.512145996093750000e-01,-1.512145996093750000e-01
-1.510620117187500000e-01,-1.510620117187500000e-01
-1.518554687500000000e-01,-1.518554687500000000e-01
-1.515808105468750000e-01,-1.515808105468750000e-01
-1.510925292968750000e-01,-1.510925292968750000e-01
-1.511535644531250000e-01,-1.511535644531250000e-01
-1.506958007812500000e-01,-1.506958007812500000e-01
-1.492309570312500000e-01,-1.492309570312500000e-01
-1.482543945312500000e-01,-1.482543945312500000e-01
-1.475219726562500000e-01,-1.475219726562500000e-01
-1.462402343750000000e-01,-1.462402343750000000e-01
-1.452026367187500000e-01,-1.452026367187500000e-01
-1.446533203125000000e-01,-1.446533203125000000e-01
-1.439208984375000000e-01,-1.439208984375000000e-01
-1.424255371093750000e-01,-1.424255371093750000e-01
-1.406555175781250000e-01,-1.406555175781250000e-01
-1.392822265625000000e-01,-1.392822265625000000e-01
-1.379089355468750000e-01,-1.379089355468750000e-01
-1.369628906250000000e-01,-1.369628906250000000e-01
-1.360473632812500000e-01,-1.360473632812500000e-01
-1.342773437500000000e-01,-1.342773437500000000e-01
-1.328430175781250000e-01,-1.328430175781250000e-01
-1.311645507812500000e-01,-1.311645507812500000e-01
-1.284179687500000000e-01,-1.284179687500000000e-01
-1.260375976562500000e-01,-1.260375976562500000e-01
-1.236877441406250000e-01,-1.236877441406250000e-01
-1.199035644531250000e-01,-1.199035644531250000e-01
-1.153869628906250000e-01,-1.153869628906250000e-01
-1.116943359375000000e-01,-1.116943359375000000e-01
-1.072082519531250000e-01,-1.072082519531250000e-01
-1.017150878906250000e-01,-1.017150878906250000e-01
-9.683227539062500000e-02,-9.683227539062500000e-02
-8.969116210937500000e-02,-8.969116210937500000e-02
-8.193969726562500000e-02,-8.193969726562500000e-02
-7.693481445312500000e-02,-7.693481445312500000e-02
-7.110595703125000000e-02,-7.110595703125000000e-02
-6.356811523437500000e-02,-6.356811523437500000e-02
-5.685424804687500000e-02,-5.685424804687500000e-02
-5.136108398437500000e-02,-5.136108398437500000e-02
-4.562377929687500000e-02,-4.562377929687500000e-02
-3.866577148437500000e-02,-3.866577148437500000e-02
-3.210449218750000000e-02,-3.210449218750000000e-02
-2.719116210937500000e-02,-2.719116210937500000e-02
-2.081298828125000000e-02,-2.081298828125000000e-02
-1.336669921875000000e-02,-1.336669921875000000e-02
-7.934570312500000000e-03,-7.934570312500000000e-03
-2.105712890625000000e-03,-2.105712890625000000e-03
4.211425781250000000e-03,4.211425781250000000e-03
8.514404296875000000e-03,8.514404296875000000e-03
1.309204101562500000e-02,1.309204101562500000e-02
1.971435546875000000e-02,1.971435546875000000e-02
2.621459960937500000e-02,2.621459960937500000e-02
3.189086914062500000e-02,3.189086914062500000e-02
3.900146484375000000e-02,3.900146484375000000e-02
4.714965820312500000e-02,4.714965820312500000e-02
5.416870117187500000e-02,5.416870117187500000e-02
6.103515625000000000e-02,6.103515625000000000e-02
6.915283203125000000e-02,6.915283203125000000e-02
7.638549804687500000e-02,7.638549804687500000e-02
8.328247070312500000e-02,8.328247070312500000e-02
9.240722656250000000e-02,9.240722656250000000e-02
1.011962890625000000e-01,1.011962890625000000e-01
1.086425781250000000e-01,1.086425781250000000e-01
1.173095703125000000e-01,1.173095703125000000e-01
1.259155273437500000e-01,1.259155273437500000e-01
1.330261230468750000e-01,1.330261230468750000e-01
1.408081054687500000e-01,1.408081054687500000e-01
1.491699218750000000e-01,1.491699218750000000e-01
1.562805175781250000e-01,1.562805175781250000e-01
1.625366210937500000e-01,1.625366210937500000e-01
1.684265136718750000e-01,1.684265136718750000e-01
1.744384765625000000e-01,1.744384765625000000e-01
1.799011230468750000e-01,1.799011230468750000e-01
1.846008300781250000e-01,1.846008300781250000e-01
1.889038085937500000e-01,1.889038085937500000e-01
1.919250488281250000e-01,1.919250488281250000e-01
1.948242187500000000e-01,1.948242187500000000e-01
1.990661621093750000e-01,1.990661621093750000e-01
2.021789550781250000e-01,2.021789550781250000e-01
2.030639648437500000e-01,2.030639648437500000e-01
2.042846679687500000e-01,2.042846679687500000e-01
2.055664062500000000e-01,2.055664062500000000e-01
2.057800292968750000e-01,2.057800292968750000e-01
2.058105468750000000e-01,2.058105468750000000e-01
2.052001953125000000e-01,2.052001953125000000e-01
2.044067382812500000e-01,2.044067382812500000e-01
2.043151855468750000e-01,2.043151855468750000e-01
2.040405273437500000e-01,2.040405273437500000e-01
2.029418945312500000e-01,2.029418945312500000e-01
2.014465332031250000e-01,2.014465332031250000e-01
1.997985839843750000e-01,1.997985839843750000e-01
1.984252929687500000e-01,1.984252929687500000e-01
1.968383789062500000e-01,1.968383789062500000e-01
1.945800781250000000e-01,1.945800781250000000e-01
1.927185058593750000e-01,1.927185058593750000e-01
1.902465820312500000e-01,1.902465820312500000e-01
1.875000000000000000e-01,1.875000000000000000e-01
1.860351562500000000e-01,1.860351562500000000e-01
1.834106445312500000e-01,1.834106445312500000e-01
1.797790527343750000e-01,1.797790527343750000e-01
1.766052246093750000e-01,1.766052246093750000e-01
1.735839843750000000e-01,1.735839843750000000e-01
1.713867187500000000e-01,1.713867187500000000e-01
1.689453125000000000e-01,1.689453125000000000e-01
1.658935546875000000e-01,1.658935546875000000e-01
1.624145507812500000e-01,1.624145507812500000e-01
1.574707031250000000e-01,1.574707031250000000e-01
1.530456542968750000e-01,1.530456542968750000e-01
1.497802734375000000e-01,1.497802734375000000e-01
1.466064453125000000e-01,1.466064453125000000e-01
1.436157226562500000e-01,1.436157226562500000e-01
1.394348144531250000e-01,1.394348144531250000e-01
1.358337402343750000e-01,1.358337402343750000e-01
1.338500976562500000e-01,1.338500976562500000e-01
1.311035156250000000e-01,1.311035156250000000e-01
1.289367675781250000e-01,1.289367675781250000e-01
1.269531250000000000e-01,1.269531250000000000e-01
1.237487792968750000e-01,1.237487792968750000e-01
1.217041015625000000e-01,1.217041015625000000e-01
1.207885742187500000e-01,1.207885742187500000e-01
1.196594238281250000e-01,1.196594238281250000e-01
1.183776855468750000e-01,1.183776855468750000e-01
1.166687011718750000e-01,1.166687011718750000e-01
1.147460937500000000e-01,1.147460937500000000e-01
1.127929687500000000e-01,1.127929687500000000e-01
1.116027832031250000e-01,1.116027832031250000e-01
1.110229492187500000e-01,1.110229492187500000e-01
1.090393066406250000e-01,1.090393066406250000e-01
1.067810058593750000e-01,1.067810058593750000e-01
1.054687500000000000e-01,1.054687500000000000e-01
1.031494140625000000e-01,1.031494140625000000e-01
1.005249023437500000e-01,1.005249023437500000e-01
9.838867187500000000e-02,9.838867187500000000e-02
9.545898437500000000e-02,9.545898437500000000e-02
9.176635742187500000e-02,9.176635742187500000e-02
8.850097656250000000e-02,8.850097656250000000e-02
8.529663085937500000e-02,8.529663085937500000e-02
8.166503906250000000e-02,8.166503906250000000e-02
7.864379882812500000e-02,7.864379882812500000e-02
7.531738281250000000e-02,7.531738281250000000e-02
7.092285156250000000e-02,7.092285156250000000e-02
6.640625000000000000e-02,6.640625000000000000e-02
6.250000000000000000e-02,6.250000000000000000e-02
5.895996093750000000e-02,5.895996093750000000e-02
5.474853515625000000e-02,5.474853515625000000e-02
4.995727539062500000e-02,4.995727539062500000e-02
4.537963867187500000e-02,4.537963867187500000e-02
4.141235351562500000e-02,4.141235351562500000e-02
3.762817382812500000e-02,3.762817382812500000e-02
3.268432617187500000e-02,3.268432617187500000e-02
2.777099609375000000e-02,2.777099609375000000e-02
2.429199218750000000e-02,2.429199218750000000e-02
1.971435546875000000e-02,1.971435546875000000e-02
1.461791992187500000e-02,1.461791992187500000e-02
1.071166992187500000e-02,1.071166992187500000e-02
6.317138671875000000e-03,6.317138671875000000e-03
1.617431640625000000e-03,1.617431640625000000e-03
-2.471923828125000000e-03,-2.471923828125000000e-03
-6.042480468750000000e-03,-6.042480468750000000e-03
-9.124755859375000000e-03,-9.124755859375000000e-03
-1.190185546875000000e-02,-1.190185546875000000e-02
-1.501464843750000000e-02,-1.501464843750000000e-02
-1.898193359375000000e-02,-1.898193359375000000e-02
-2.230834960937500000e-02,-2.230834960937500000e-02
-2.404785156250000000e-02,-2.404785156250000000e-02
-2.581787109375000000e-02,-2.581787109375000000e-02
-2.819824218750000000e-02,-2.819824218750000000e-02
-3.033447265625000000e-02,-3.033447265625000000e-02
-3.338623046875000000e-02,-3.338623046875000000e-02
-3.631591796875000000e-02,-3.631591796875000000e-02
-3.793334960937500000e-02,-3.793334960937500000e-02
-4.074096679687500000e-02,-4.074096679687500000e-02
-4.446411132812500000e-02,-4.446411132812500000e-02
-4.843139648437500000e-02,-4.843139648437500000e-02
-5.175781250000000000e-02,-5.175781250000000000e-02
-5.358886718750000000e-02,-5.358886718750000000e-02
-5.642700195312500000e-02,-5.642700195312500000e-02
-5.996704101562500000e-02,-5.996704101562500000e-02
-6.283569335937500000e-02,-6.283569335937500000e-02
-6.634521484375000000e-02,-6.634521484375000000e-02
-6.906127929687500000e-02,-6.906127929687500000e-02
-7.058715820312500000e-02,-7.058715820312500000e-02
-7.290649414062500000e-02,-7.290649414062500000e-02
-7.489013671875000000e-02,-7.489013671875000000e-02
-7.653808593750000000e-02,-7.653808593750000000e-02
-7.791137695312500000e-02,-7.791137695312500000e-02
-7.797241210937500000e-02,-7.797241210937500000e-02
-7.849121093750000000e-02,-7.849121093750000000e-02
-7.864379882812500000e-02,-7.864379882812500000e-02
-7.794189453125000000e-02,-7.794189453125000000e-02
-7.751464843750000000e-02,-7.751464843750000000e-02
-7.672119140625000000e-02,-7.672119140625000000e-02
-7.687377929687500000e-02,-7.687377929687500000e-02
-7.666015625000000000e-02,-7.666015625000000000e-02
-7.531738281250000000e-02,-7.531738281250000000e-02
-7.464599609375000000e-02,-7.464599609375000000e-02
-7.318115234375000000e-02,-7.318115234375000000e-02
-7.235717773437500000e-02,-7.235717773437500000e-02
-7.388305664062500000e-02,-7.388305664062500000e-02
-7.415771484375000000e-02,-7.415771484375000000e-02
-7.345581054687500000e-02,-7.345581054687500000e-02
-7.351684570312500000e-02,-7.351684570312500000e-02
-7.308959960937500000e-02,-7.308959960937500000e-02
-7.250976562500000000e-02,-7.250976562500000000e-02
-7.299804687500000000e-02,-7.299804687500000000e-02
-7.434082031250000000e-02,-7.434082031250000000e-02
-7.516479492187500000e-02,-7.516479492187500000e-02
-7.656860351562500000e-02,-7.656860351562500000e-02
-7.910156250000000000e-02,-7.910156250000000000e-02
-8.087158203125000000e-02,-8.087158203125000000e-02
-8.340454101562500000e-02,-8.340454101562500000e-02
-8.740234375000000000e-02,-8.740234375000000000e-02
-9.066772460937500000e-02,-9.066772460937500000e-02
-9.362792968750000000e-02,-9.362792968750000000e-02
-9.753417968750000000e-02,-9.753417968750000000e-02
-1.022033691406250000e-01,-1.022033691406250000e-01
-1.066589355468750000e-01,-1.066589355468750000e-01
-1.109619140625000000e-01,-1.109619140625000000e-01
-1.156921386718750000e-01,-1.156921386718750000e-01
-1.203613281250000000e-01,-1.203613281250000000e-01
-1.247253417968750000e-01,-1.247253417968750000e-01
-1.288452148437500000e-01,-1.288452148437500000e-01
-1.329650878906250000e-01,-1.329650878906250000e-01
-1.380310058593750000e-01,-1.380310058593750000e-01
-1.425170898437500000e-01,-1.425170898437500000e-01
-1.453552246093750000e-01,-1.453552246093750000e-01
-1.487426757812500000e-01,-1.487426757812500000e-01
-1.518859863281250000e-01,-1.518859863281250000e-01
-1.540222167968750000e-01,-1.540222167968750000e-01
-1.551818847656250000e-01,-1.551818847656250000e-01
-1.546936035156250000e-01,-1.546936035156250000e-01
-1.549072265625000000e-01,-1.549072265625000000e-01
-1.553955078125000000e-01,-1.553955078125000000e-01
-1.545715332031250000e-01,-1.545715332031250000e-01
-1.544799804687500000e-01,-1.544799804687500000e-01
-1.539916992187500000e-01,-1.539916992187500000e-01
-1.521301269531250000e-01,-1.521301269531250000e-01
-1.515197753906250000e-01,-1.515197753906250000e-01
-1.520080566406250000e-01,-1.520080566406250000e-01
-1.515502929687500000e-01,-1.515502929687500000e-01
-1.501464843750000000e-01,-1.501464843750000000e-01
-1.494750976562500000e-01,-1.494750976562500000e-01
-1.495971679687500000e-01,-1.495971679687500000e-01
-1.495971679687500000e-01,-1.495971679687500000e-01
-1.504516601562500000e-01,-1.504516601562500000e-01
-1.515502929687500000e-01,-1.515502929687500000e-01
-1.520080566406250000e-01,-1.520080566406250000e-01
-1.518554687500000000e-01,-1.518554687500000000e-01
-1.520385742187500000e-01,-1.520385742187500000e-01
-1.542358398437500000e-01,-1.542358398437500000e-01
-1.553649902343750000e-01,-1.553649902343750000e-01
-1.550292968750000000e-01,-1.550292968750000000e-01
-1.555175781250000000e-01,-1.555175781250000000e-01
-1.548461914062500000e-01,-1.548461914062500000e-01
-1.538696289062500000e-01,-1.538696289062500000e-01
-1.536865234375000000e-01,-1.536865234375000000e-01
-1.530761718750000000e-01,-1.530761718750000000e-01
-1.521606445312500000e-01,-1.521606445312500000e-01
-1.510925292968750000e-01,-1.510925292968750000e-01
-1.504211425781250000e-01,-1.504211425781250000e-01
-1.500854492187500000e-01,-1.500854492187500000e-01
-1.495971679687500000e-01,-1.495971679687500000e-01
-1.481933593750000000e-01,-1.481933593750000000e-01
-1.455078125000000000e-01,-1.455078125000000000e-01
-1.436462402343750000e-01,-1.436462402343750000e-01
-1.424865722656250000e-01,-1.424865722656250000e-01
-1.409606933593750000e-01,-1.409606933593750000e-01
-1.386718750000000000e-01,-1.386718750000000000e-01
-1.342773437500000000e-01,-1.342773437500000000e-01
-1.320190429687500000e-01,-1.320190429687500000e-01
-1.321105957031250000e-01,-1.321105957031250000e-01
-1.285095214843750000e-01,-1.285095214843750000e-01
-1.242370605468750000e-01,-1.242370605468750000e-01
-1.210327148437500000e-01,-1.210327148437500000e-01
-1.162414550781250000e-01,-1.162414550781250000e-01
-1.117248535156250000e-01,-1.117248535156250000e-01
-1.075439453125000000e-01,-1.075439453125000000e-01
-1.018676757812500000e-01,-1.018676757812500000e-01
-9.561157226562500000e-02,-9.561157226562500000e-02
-8.941650390625000000e-02,-8.941650390625000000e-02
-8.233642578125000000e-02,-8.233642578125000000e-02
-7.476806640625000000e-02,-7.476806640625000000e-02
-6.838989257812500000e-02,-6.838989257812500000e-02
-6.259155273437500000e-02,-6.259155273437500000e-02
-5.575561523437500000e-02,-5.575561523437500000e-02
-4.904174804687500000e-02,-4.904174804687500000e-02
-4.269409179687500000e-02,-4.269409179687500000e-02
-3.570556640625000000e-02,-3.570556640625000000e-02
-2.969360351562500000e-02,-2.969360351562500000e-02
-2.587890625000000000e-02,-2.587890625000000000e-02
-2.124023437500000000e-02,-2.124023437500000000e-02
-1.495361328125000000e-02,-1.495361328125000000e-02
-1.000976562500000000e-02,-1.000976562500000000e-02
-5.371093750000000000e-03,-5.371093750000000000e-03
5.493164062500000000e-04,5.493164062500000000e-04
5.554199218750000000e-03,5.554199218750000000e-03
9.490966796875000000e-03,9.490966796875000000e-03
1.498413085937500000e-02,1.498413085937500000e-02
2.114868164062500000e-02,2.114868164062500000e-02
2.612304687500000000e-02,2.612304687500000000e-02
3.289794921875000000e-02,3.289794921875000000e-02
3.991699218750000000e-02,3.991699218750000000e-02
4.428100585937500000e-02,4.428100585937500000e-02
5.117797851562500000e-02,5.117797851562500000e-02
6.063842773437500000e-02,6.063842773437500000e-02
6.857299804687500000e-02,6.857299804687500000e-02
7.611083984375000000e-02,7.611083984375000000e-02
8.489990234375000000e-02,8.489990234375000000e-02
9.384155273437500000e-02,9.384155273437500000e-02
1.017761230468750000e-01,1.017761230468750000e-01
1.105651855468750000e-01,1.105651855468750000e-01
1.209716796875000000e-01,1.209716796875000000e-01
1.304931640625000000e-01,1.304931640625000000e-01
1.379394531250000000e-01,1.379394531250000000e-01
1.457214355468750000e-01,1.457214355468750000e-01
1.540832519531250000e-01,1.540832519531250000e-01
1.608276367187500000e-01,1.608276367187500000e-01
1.680297851562500000e-01,1.680297851562500000e-01
1.753234863281250000e-01,1.753234863281250000e-01
1.795654296875000000e-01,1.795654296875000000e-01
1.835021972656250000e-01,1.835021972656250000e-01
1.893615722656250000e-01,1.893615722656250000e-01
1.937866210937500000e-01,1.937866210937500000e-01
1.958618164062500000e-01,1.958618164062500000e-01
1.979064941406250000e-01,1.979064941406250000e-01
2.008361816406250000e-01,2.008361816406250000e-01
2.030639648437500000e-01,2.030639648437500000e-01
2.031555175781250000e-01,2.031555175781250000e-01
2.031860351562500000e-01,2.031860351562500000e-01
2.041320800781250000e-01,2.041320800781250000e-01
2.041015625000000000e-01,2.041015625000000000e-01
2.033996582031250000e-01,2.033996582031250000e-01
2.031555175781250000e-01,2.031555175781250000e-01
2.027893066406250000e-01,2.027893066406250000e-01
2.014770507812500000e-01,2.014770507812500000e-01
2.011718750000000000e-01,2.011718750000000000e-01
2.012939453125000000e-01,2.012939453125000000e-01
1.992492675781250000e-01,1.992492675781250000e-01
1.969299316406250000e-01,1.969299316406250000e-01
1.956787109375000000e-01,1.956787109375000000e-01
1.942138671875000000e-01,1.942138671875000000e-01
1.921997070312500000e-01,1.921997070312500000e-01
1.900024414062500000e-01,1.900024414062500000e-01
1.878662109375000000e-01,1.878662109375000000e-01
1.848449707031250000e-01,1.848449707031250000e-01
1.811218261718750000e-01,1.811218261718750000e-01
1.788940429687500000e-01,1.788940429687500000e-01
1.765136718750000000e-01,1.765136718750000000e-01
1.722717285156250000e-01,1.722717285156250000e-01
1.686096191406250000e-01,1.686096191406250000e-01
1.656799316406250000e-01,1.656799316406250000e-01
1.624755859375000000e-01,1.624755859375000000e-01
1.584167480468750000e-01,1.584167480468750000e-01
1.541137695312500000e-01,1.541137695312500000e-01
1.509704589843750000e-01,1.509704589843750000e-01
1.476440429687500000e-01,1.476440429687500000e-01
1.438293457031250000e-01,1.438293457031250000e-01
1.408996582031250000e-01,1.408996582031250000e-01
1.387634277343750000e-01,1.387634277343750000e-01
1.368713378906250000e-01,1.368713378906250000e-01
1.348571777343750000e-01,1.348571777343750000e-01
1.326599121093750000e-01,1.326599121093750000e-01
1.307678222656250000e-01,1.307678222656250000e-01
1.295471191406250000e-01,1.295471191406250000e-01
1.275939941406250000e-01,1.275939941406250000e-01
1.258239746093750000e-01,1.258239746093750000e-01
1.247253417968750000e-01,1.247253417968750000e-01
1.223144531250000000e-01,1.223144531250000000e-01
1.206359863281250000e-01,1.206359863281250000e-01
1.207885742187500000e-01,1.207885742187500000e-01
1.195983886718750000e-01,1.195983886718750000e-01
1.172790527343750000e-01,1.172790527343750000e-01
1.153564453125000000e-01,1.153564453125000000e-01
1.133422851562500000e-01,1.133422851562500000e-01
1.108398437500000000e-01,1.108398437500000000e-01
1.081237792968750000e-01,1.081237792968750000e-01
1.055603027343750000e-01,1.055603027343750000e-01
1.024475097656250000e-01,1.024475097656250000e-01
9.872436523437500000e-02,9.872436523437500000e-02
9.542846679687500000e-02,9.542846679687500000e-02
9.298706054687500000e-02,9.298706054687500000e-02
9.005737304687500000e-02,9.005737304687500000e-02
8.557128906250000000e-02,8.557128906250000000e-02
8.230590820312500000e-02,8.230590820312500000e-02
7.946777343750000000e-02,7.946777343750000000e-02
7.574462890625000000e-02,7.574462890625000000e-02
7.308959960937500000e-02,7.308959960937500000e-02
7.022094726562500000e-02,7.022094726562500000e-02
6.631469726562500000e-02,6.631469726562500000e-02
6.118774414062500000e-02,6.118774414062500000e-02
5.667114257812500000e-02,5.667114257812500000e-02
5.368041992187500000e-02,5.368041992187500000e-02
4.953002929687500000e-02,4.953002929687500000e-02
4.507446289062500000e-02,4.507446289062500000e-02
4.119873046875000000e-02,4.119873046875000000e-02
3.671264648437500000e-02,3.671264648437500000e-02
3.292846679687500000e-02,3.292846679687500000e-02
2.966308593750000000e-02,2.966308593750000000e-02
2.532958984375000000e-02,2.532958984375000000e-02
2.081298828125000000e-02,2.081298828125000000e-02
1.663208007812500000e-02,1.663208007812500000e-02
1.251220703125000000e-02,1.251220703125000000e-02
8.666992187500000000e-03,8.666992187500000000e-03
5.126953125000000000e-03,5.126953125000000000e-03
1.556396484375000000e-03,1.556396484375000000e-03
-2.105712890625000000e-03,-2.105712890625000000e-03
-4.791259765625000000e-03,-4.791259765625000000e-03
-7.110595703125000000e-03,-7.110595703125000000e-03
-1.000976562500000000e-02,-1.000976562500000000e-02
-1.211547851562500000e-02,-1.211547851562500000e-02
-1.470947265625000000e-02,-1.470947265625000000e-02
-1.782226562500000000e-02,-1.782226562500000000e-02
-2.041625976562500000e-02,-2.041625976562500000e-02
-2.340698242187500000e-02,-2.340698242187500000e-02
-2.551269531250000000e-02,-2.551269531250000000e-02
-2.807617187500000000e-02,-2.807617187500000000e-02
-3.277587890625000000e-02,-3.277587890625000000e-02
-3.555297851562500000e-02,-3.555297851562500000e-02
-3.787231445312500000e-02,-3.787231445312500000e-02
-4.248046875000000000e-02,-4.248046875000000000e-02
-4.614257812500000000e-02,-4.614257812500000000e-02
-5.001831054687500000e-02,-5.001831054687500000e-02
-5.462646484375000000e-02,-5.462646484375000000e-02
-5.822753906250000000e-02,-5.822753906250000000e-02
-6.152343750000000000e-02,-6.152343750000000000e-02
-6.420898437500000000e-02,-6.420898437500000000e-02
-6.723022460937500000e-02,-6.723022460937500000e-02
-7.052612304687500000e-02,-7.052612304687500000e-02
-7.208251953125000000e-02,-7.208251953125000000e-02
-7.290649414062500000e-02,-7.290649414062500000e-02
-7.366943359375000000e-02,-7.366943359375000000e-02
-7.302856445312500000e-02,-7.302856445312500000e-02
-7.263183593750000000e-02,-7.263183593750000000e-02
-7.421875000000000000e-02,-7.421875000000000000e-02
-7.446289062500000000e-02,-7.446289062500000000e-02
-7.250976562500000000e-02,-7.250976562500000000e-02
-7.110595703125000000e-02,-7.110595703125000000e-02
-7.055664062500000000e-02,-7.055664062500000000e-02
-6.915283203125000000e-02,-6.915283203125000000e-02
-6.744384765625000000e-02,-6.744384765625000000e-02
-6.643676757812500000e-02,-6.643676757812500000e-02
-6.463623046875000000e-02,-6.463623046875000000e-02
-6.356811523437500000e-02,-6.356811523437500000e-02
-6.384277343750000000e-02,-6.384277343750000000e-02
-6.372070312500000000e-02,-6.372070312500000000e-02
-6.417846679687500000e-02,-6.417846679687500000e-02
-6.481933593750000000e-02,-6.481933593750000000e-02
-6.494140625000000000e-02,-6.494140625000000000e-02
-6.564331054687500000e-02,-6.564331054687500000e-02
-6.637573242187500000e-02,-6.637573242187500000e-02
-6.716918945312500000e-02,-6.716918945312500000e-02
-6.872558593750000000e-02,-6.872558593750000000e-02
-6.991577148437500000e-02,-6.991577148437500000e-02
-7.165527343750000000e-02,-7.165527343750000000e-02
-7.382202148437500000e-02,-7.382202148437500000e-02
-7.492065429687500000e-02,-7.492065429687500000e-02
-7.711791992187500000e-02,-7.711791992187500000e-02
-8.123779296875000000e-02,-8.123779296875000000e-02
-8.557128906250000000e-02,-8.557128906250000000e-02
-8.895874023437500000e-02,-8.895874023437500000e-02
-9.213256835937500000e-02,-9.213256835937500000e-02
-9.671020507812500000e-02,-9.671020507812500000e-02
-1.016540527343750000e-01,-1.016540527343750000e-01
-1.055908203125000000e-01,-1.055908203125000000e-01
-1.097717285156250000e-01,-1.097717285156250000e-01
-1.146850585937500000e-01,-1.146850585937500000e-01
-1.191711425781250000e-01,-1.191711425781250000e-01
-1.238098144531250000e-01,-1.238098144531250000e-01
-1.293945312500000000e-01,-1.293945312500000000e-01
-1.342163085937500000e-01,-1.342163085937500000e-01
-1.372070312500000000e-01,-1.372070312500000000e-01
-1.404418945312500000e-01,-1.404418945312500000e-01
-1.447448730468750000e-01,-1.447448730468750000e-01
-1.477050781250000000e-01,-1.477050781250000000e-01
-1.492919921875000000e-01,-1.492919921875000000e-01
-1.505126953125000000e-01,-1.505126953125000000e-01
-1.512756347656250000e-01,-1.512756347656250000e-01
-1.511840820312500000e-01,-1.511840820312500000e-01
-1.509094238281250000e-01,-1.509094238281250000e-01
-1.513061523437500000e-01,-1.513061523437500000e-01
-1.506347656250000000e-01,-1.506347656250000000e-01
-1.489257812500000000e-01,-1.489257812500000000e-01
-1.475524902343750000e-01,-1.475524902343750000e-01
-1.468505859375000000e-01,-1.468505859375000000e-01
-1.463012695312500000e-01,-1.463012695312500000e-01
-1.454467773437500000e-01,-1.454467773437500000e-01
-1.454467773437500000e-01,-1.454467773437500000e-01
-1.452026367187500000e-01,-1.452026367187500000e-01
-1.444702148437500000e-01,-1.444702148437500000e-01
-1.453247070312500000e-01,-1.453247070312500000e-01
-1.471252441406250000e-01,-1.471252441406250000e-01
-1.492309570312500000e-01,-1.492309570312500000e-01
-1.511230468750000000e-01,-1.511230468750000000e-01
-1.522216796875000000e-01,-1.522216796875000000e-01
-1.542968750000000000e-01,-1.542968750000000000e-01
-1.567993164062500000e-01,-1.567993164062500000e-01
-1.581115722656250000e-01,-1.581115722656250000e-01
-1.591796875000000000e-01,-1.591796875000000000e-01
-1.599121093750000000e-01,-1.599121093750000000e-01
-1.600646972656250000e-01,-1.600646972656250000e-01
-1.603698730468750000e-01,-1.603698730468750000e-01
-1.605224609375000000e-01,-1.605224609375000000e-01
-1.601562500000000000e-01,-1.601562500000000000e-01
-1.596984863281250000e-01,-1.596984863281250000e-01
-1.586914062500000000e-01,-1.586914062500000000e-01
-1.565856933593750000e-01,-1.565856933593750000e-01
-1.546936035156250000e-01,-1.546936035156250000e-01
-1.533508300781250000e-01,-1.533508300781250000e-01
-1.517333984375000000e-01,-1.517333984375000000e-01
-1.491088867187500000e-01,-1.491088867187500000e-01
-1.465148925781250000e-01,-1.465148925781250000e-01
-1.452941894531250000e-01,-1.452941894531250000e-01
-1.436462402343750000e-01,-1.436462402343750000e-01
-1.411437988281250000e-01,-1.411437988281250000e-01
-1.388244628906250000e-01,-1.388244628906250000e-01
-1.354675292968750000e-01,-1.354675292968750000e-01
-1.324768066406250000e-01,-1.324768066406250000e-01
-1.308288574218750000e-01,-1.308288574218750000e-01
-1.285705566406250000e-01,-1.285705566406250000e-01
-1.255798339843750000e-01,-1.255798339843750000e-01
-1.220703125000000000e-01,-1.220703125000000000e-01
-1.177062988281250000e-01,-1.177062988281250000e-01
-1.134948730468750000e-01,-1.134948730468750000e-01
-1.084289550781250000e-01,-1.084289550781250000e-01
-1.030578613281250000e-01,-1.030578613281250000e-01
-9.722900390625000000e-02,-9.722900390625000000e-02
-8.963012695312500000e-02,-8.963012695312500000e-02
-8.258056640625000000e-02,-8.258056640625000000e-02
-7.662963867187500000e-02,-7.662963867187500000e-02
-6.994628906250000000e-02,-6.994628906250000000e-02
-6.253051757812500000e-02,-6.253051757812500000e-02
-5.578613281250000000e-02,-5.578613281250000000e-02
-5.014038085937500000e-02,-5.014038085937500000e-02
-4.342651367187500000e-02,-4.342651367187500000e-02
-3.665161132812500000e-02,-3.665161132812500000e-02
-3.256225585937500000e-02,-3.256225585937500000e-02
-2.880859375000000000e-02,-2.880859375000000000e-02
-2.362060546875000000e-02,-2.362060546875000000e-02
-1.852416992187500000e-02,-1.852416992187500000e-02
-1.330566406250000000e-02,-1.330566406250000000e-02
-8.758544921875000000e-03,-8.758544921875000000e-03
-5.401611328125000000e-03,-5.401611328125000000e-03
-1.312255859375000000e-03,-1.312255859375000000e-03
3.509521484375000000e-03,3.509521484375000000e-03
8.697509765625000000e-03,8.697509765625000000e-03
1.354980468750000000e-02,1.354980468750000000e-02
1.824951171875000000e-02,1.824951171875000000e-02
2.447509765625000000e-02,2.447509765625000000e-02
3.067016601562500000e-02,3.067016601562500000e-02
3.622436523437500000e-02,3.622436523437500000e-02
4.360961914062500000e-02,4.360961914062500000e-02
5.249023437500000000e-02,5.249023437500000000e-02
6.085205078125000000e-02,6.085205078125000000e-02
6.948852539062500000e-02,6.948852539062500000e-02
7.870483398437500000e-02,7.870483398437500000e-02
8.795166015625000000e-02,8.795166015625000000e-02
9.802246093750000000e-02,9.802246093750000000e-02
1.087341308593750000e-01,1.087341308593750000e-01
1.188049316406250000e-01,1.188049316406250000e-01
1.284484863281250000e-01,1.284484863281250000e-01
1.376342773437500000e-01,1.376342773437500000e-01
1.455078125000000000e-01,1.455078125000000000e-01
1.525878906250000000e-01,1.525878906250000000e-01
1.594238281250000000e-01,1.594238281250000000e-01
1.666564941406250000e-01,1.666564941406250000e-01
1.734924316406250000e-01,1.734924316406250000e-01
1.779785156250000000e-01,1.779785156250000000e-01
1.819763183593750000e-01,1.819763183593750000e-01
1.862487792968750000e-01,1.862487792968750000e-01
1.900329589843750000e-01,1.900329589843750000e-01
1.931457519531250000e-01,1.931457519531250000e-01
1.954650878906250000e-01,1.954650878906250000e-01
1.977539062500000000e-01,1.977539062500000000e-01
1.986694335937500000e-01,1.986694335937500000e-01
1.997985839843750000e-01,1.997985839843750000e-01
2.016601562500000000e-01,2.016601562500000000e-01
2.012023925781250000e-01,2.012023925781250000e-01
2.008972167968750000e-01,2.008972167968750000e-01
2.010803222656250000e-01,2.010803222656250000e-01
2.002563476562500000e-01,2.002563476562500000e-01
2.005920410156250000e-01,2.005920410156250000e-01
2.001953125000000000e-01,2.001953125000000000e-01
1.984558105468750000e-01,1.984558105468750000e-01
1.978454589843750000e-01,1.978454589843750000e-01
1.972045898437500000e-01,1.972045898437500000e-01
1.955871582031250000e-01,1.955871582031250000e-01
1.929931640625000000e-01,1.929931640625000000e-01
1.914978027343750000e-01,1.914978027343750000e-01
1.900634765625000000e-01,1.900634765625000000e-01
1.861572265625000000e-01,1.861572265625000000e-01
1.832275390625000000e-01,1.832275390625000000e-01
1.807861328125000000e-01,1.807861328125000000e-01
1.771240234375000000e-01,1.771240234375000000e-01
1.735229492187500000e-01,1.735229492187500000e-01
1.705627441406250000e-01,1.705627441406250000e-01
1.677856445312500000e-01,1.677856445312500000e-01
1.633300781250000000e-01,1.633300781250000000e-01
1.596679687500000000e-01,1.596679687500000000e-01
1.571960449218750000e-01,1.571960449218750000e-01
1.535339355468750000e-01,1.535339355468750000e-01
1.502685546875000000e-01,1.502685546875000000e-01
1.478271484375000000e-01,1.478271484375000000e-01
1.452636718750000000e-01,1.452636718750000000e-01
1.427917480468750000e-01,1.427917480468750000e-01
1.413269042968750000e-01,1.413269042968750000e-01
1.394042968750000000e-01,1.394042968750000000e-01
1.361389160156250000e-01,1.361389160156250000e-01
1.342163085937500000e-01,1.342163085937500000e-01
1.331481933593750000e-01,1.331481933593750000e-01
1.310424804687500000e-01,1.310424804687500000e-01
1.287841796875000000e-01,1.287841796875000000e-01
1.265869140625000000e-01,1.265869140625000000e-01
1.240844726562500000e-01,1.240844726562500000e-01
1.217651367187500000e-01,1.217651367187500000e-01
1.195373535156250000e-01,1.195373535156250000e-01
1.177978515625000000e-01,1.177978515625000000e-01
1.159973144531250000e-01,1.159973144531250000e-01
1.134643554687500000e-01,1.134643554687500000e-01
1.113281250000000000e-01,1.113281250000000000e-01
1.087951660156250000e-01,1.087951660156250000e-01
1.053771972656250000e-01,1.053771972656250000e-01
1.028442382812500000e-01,1.028442382812500000e-01
1.013488769531250000e-01,1.013488769531250000e-01
9.890747070312500000e-02,9.890747070312500000e-02
9.591674804687500000e-02,9.591674804687500000e-02
9.426879882812500000e-02,9.426879882812500000e-02
9.228515625000000000e-02,9.228515625000000000e-02
8.886718750000000000e-02,8.886718750000000000e-02
8.551025390625000000e-02,8.551025390625000000e-02
8.337402343750000000e-02,8.337402343750000000e-02
8.078002929687500000e-02,8.078002929687500000e-02
7.736206054687500000e-02,7.736206054687500000e-02
7.559204101562500000e-02,7.559204101562500000e-02
7.324218750000000000e-02,7.324218750000000000e-02
6.893920898437500000e-02,6.893920898437500000e-02
6.539916992187500000e-02,6.539916992187500000e-02
6.225585937500000000e-02,6.225585937500000000e-02
5.783081054687500000e-02,5.783081054687500000e-02
5.401611328125000000e-02,5.401611328125000000e-02
5.096435546875000000e-02,5.096435546875000000e-02
4.672241210937500000e-02,4.672241210937500000e-02
4.263305664062500000e-02,4.263305664062500000e-02
3.887939453125000000e-02,3.887939453125000000e-02
3.509521484375000000e-02,3.509521484375000000e-02
3.195190429687500000e-02,3.195190429687500000e-02
2.850341796875000000e-02,2.850341796875000000e-02
2.514648437500000000e-02,2.514648437500000000e-02
2.151489257812500000e-02,2.151489257812500000e-02
1.751708984375000000e-02,1.751708984375000000e-02
1.486206054687500000e-02,1.486206054687500000e-02
1.235961914062500000e-02,1.235961914062500000e-02
8.636474609375000000e-03,8.636474609375000000e-03
4.730224609375000000e-03,4.730224609375000000e-03
2.166748046875000000e-03,2.166748046875000000e-03
3.662109375000000000e-04,3.662109375000000000e-04
-3.417968750000000000e-03,-3.417968750000000000e-03
-7.720947265625000000e-03,-7.720947265625000000e-03
-1.028442382812500000e-02,-1.028442382812500000e-02
-1.351928710937500000e-02,-1.351928710937500000e-02
-1.760864257812500000e-02,-1.760864257812500000e-02
-2.099609375000000000e-02,-2.099609375000000000e-02
-2.423095703125000000e-02,-2.423095703125000000e-02
-2.868652343750000000e-02,-2.868652343750000000e-02
-3.356933593750000000e-02,-3.356933593750000000e-02
-3.744506835937500000e-02,-3.744506835937500000e-02
-4.177856445312500000e-02,-4.177856445312500000e-02
-4.669189453125000000e-02,-4.669189453125000000e-02
-5.050659179687500000e-02,-5.050659179687500000e-02
-5.392456054687500000e-02,-5.392456054687500000e-02
-5.743408203125000000e-02,-5.743408203125000000e-02
-6.021118164062500000e-02,-6.021118164062500000e-02
-6.268310546875000000e-02,-6.268310546875000000e-02
-6.478881835937500000e-02,-6.478881835937500000e-02
-6.655883789062500000e-02,-6.655883789062500000e-02
-6.826782226562500000e-02,-6.826782226562500000e-02
-6.896972656250000000e-02,-6.896972656250000000e-02
-6.890869140625000000e-02,-6.890869140625000000e-02
-6.893920898437500000e-02,-6.893920898437500000e-02
-6.912231445312500000e-02,-6.912231445312500000e-02
-6.884765625000000000e-02,-6.884765625000000000e-02
-6.829833984375000000e-02,-6.829833984375000000e-02
-6.787109375000000000e-02,-6.787109375000000000e-02
-6.716918945312500000e-02,-6.716918945312500000e-02
-6.665039062500000000e-02,-6.665039062500000000e-02
-6.555175781250000000e-02,-6.555175781250000000e-02
-6.427001953125000000e-02,-6.427001953125000000e-02
-6.396484375000000000e-02,-6.396484375000000000e-02
-6.399536132812500000e-02,-6.399536132812500000e-02
-6.460571289062500000e-02,-6.460571289062500000e-02
-6.463623046875000000e-02,-6.463623046875000000e-02
-6.387329101562500000e-02,-6.387329101562500000e-02
-6.399536132812500000e-02,-6.399536132812500000e-02
-6.530761718750000000e-02,-6.530761718750000000e-02
-6.713867187500000000e-02,-6.713867187500000000e-02
-6.771850585937500000e-02,-6.771850585937500000e-02
-6.829833984375000000e-02,-6.829833984375000000e-02
-7.077026367187500000e-02,-7.077026367187500000e-02
-7.235717773437500000e-02,-7.235717773437500000e-02
-7.183837890625000000e-02,-7.183837890625000000e-02
-7.205200195312500000e-02,-7.205200195312500000e-02
-7.394409179687500000e-02,-7.394409179687500000e-02
-7.614135742187500000e-02,-7.614135742187500000e-02
-7.870483398437500000e-02,-7.870483398437500000e-02
-8.160400390625000000e-02,-8.160400390625000000e-02
-8.496093750000000000e-02,-8.496093750000000000e-02
-8.825683593750000000e-02,-8.825683593750000000e-02
-9.130859375000000000e-02,-9.130859375000000000e-02
-9.542846679687500000e-02,-9.542846679687500000e-02
-9.985351562500000000e-02,-9.985351562500000000e-02
-1.040344238281250000e-01,-1.040344238281250000e-01
-1.089782714843750000e-01,-1.089782714843750000e-01
-1.133728027343750000e-01,-1.133728027343750000e-01
-1.177978515625000000e-01,-1.177978515625000000e-01
-1.227111816406250000e-01,-1.227111816406250000e-01
-1.263122558593750000e-01,-1.263122558593750000e-01
-1.300964355468750000e-01,-1.300964355468750000e-01
-1.340637207031250000e-01,-1.340637207031250000e-01
-1.371154785156250000e-01,-1.371154785156250000e-01
-1.402893066406250000e-01,-1.402893066406250000e-01
-1.434326171875000000e-01,-1.434326171875000000e-01
-1.459350585937500000e-01,-1.459350585937500000e-01
-1.466979980468750000e-01,-1.466979980468750000e-01
-1.465148925781250000e-01,-1.465148925781250000e-01
-1.462402343750000000e-01,-1.462402343750000000e-01
-1.458129882812500000e-01,-1.458129882812500000e-01
-1.459350585937500000e-01,-1.459350585937500000e-01
-1.453857421875000000e-01,-1.453857421875000000e-01
-1.440734863281250000e-01,-1.440734863281250000e-01
-1.425170898437500000e-01,-1.425170898437500000e-01
-1.406860351562500000e-01,-1.406860351562500000e-01
-1.406555175781250000e-01,-1.406555175781250000e-01
-1.408996582031250000e-01,-1.408996582031250000e-01
-1.403808593750000000e-01,-1.403808593750000000e-01
-1.412048339843750000e-01,-1.412048339843750000e-01
-1.415405273437500000e-01,-1.415405273437500000e-01
-1.417541503906250000e-01,-1.417541503906250000e-01
-1.443786621093750000e-01,-1.443786621093750000e-01
-1.477050781250000000e-01,-1.477050781250000000e-01
-1.507568359375000000e-01,-1.507568359375000000e-01
-1.525573730468750000e-01,-1.525573730468750000e-01
-1.539306640625000000e-01,-1.539306640625000000e-01
-1.566162109375000000e-01,-1.566162109375000000e-01
-1.587829589843750000e-01,-1.587829589843750000e-01
-1.603698730468750000e-01,-1.603698730468750000e-01
-1.615905761718750000e-01,-1.615905761718750000e-01
-1.618652343750000000e-01,-1.618652343750000000e-01
-1.624755859375000000e-01,-1.624755859375000000e-01
-1.634826660156250000e-01,-1.634826660156250000e-01
-1.638183593750000000e-01,-1.638183593750000000e-01
-1.628417968750000000e-01,-1.628417968750000000e-01
-1.607360839843750000e-01,-1.607360839843750000e-01
-1.585388183593750000e-01,-1.585388183593750000e-01
-1.571655273437500000e-01,-1.571655273437500000e-01
-1.560058593750000000e-01,-1.560058593750000000e-01
-1.546020507812500000e-01,-1.546020507812500000e-01
-1.526184082031250000e-01,-1.526184082031250000e-01
-1.497802734375000000e-01,-1.497802734375000000e-01
-1.478576660156250000e-01,-1.478576660156250000e-01
-1.462707519531250000e-01,-1.462707519531250000e-01
-1.430358886718750000e-01,-1.430358886718750000e-01
-1.406250000000000000e-01,-1.406250000000000000e-01
-1.386413574218750000e-01,-1.386413574218750000e-01
-1.348571777343750000e-01,-1.348571777343750000e-01
-1.328125000000000000e-01,-1.328125000000000000e-01
-1.318664550781250000e-01,-1.318664550781250000e-01
-1.281433105468750000e-01,-1.281433105468750000e-01
-1.244812011718750000e-01,-1.244812011718750000e-01
-1.212463378906250000e-01,-1.212463378906250000e-01
-1.165771484375000000e-01,-1.165771484375000000e-01
-1.116333007812500000e-01,-1.116333007812500000e-01
-1.069641113281250000e-01,-1.069641113281250000e-01
-1.019592285156250000e-01,-1.019592285156250000e-01
-9.555053710937500000e-02,-9.555053710937500000e-02
-8.801269531250000000e-02,-8.801269531250000000e-02
-8.059692382812500000e-02,-8.059692382812500000e-02
-7.345581054687500000e-02,-7.345581054687500000e-02
-6.652832031250000000e-02,-6.652832031250000000e-02
-6.066894531250000000e-02,-6.066894531250000000e-02
-5.484008789062500000e-02,-5.484008789062500000e-02
-4.772949218750000000e-02,-4.772949218750000000e-02
-4.177856445312500000e-02,-4.177856445312500000e-02
-3.833007812500000000e-02,-3.833007812500000000e-02
-3.424072265625000000e-02,-3.424072265625000000e-02
-2.844238281250000000e-02,-2.844238281250000000e-02
-2.462768554687500000e-02,-2.462768554687500000e-02
-2.154541015625000000e-02,-2.154541015625000000e-02
-1.568603515625000000e-02,-1.568603515625000000e-02
-1.190185546875000000e-02,-1.190185546875000000e-02
-1.025390625000000000e-02,-1.025390625000000000e-02
-4.486083984375000000e-03,-4.486083984375000000e-03
1.312255859375000000e-03,1.312255859375000000e-03
4.425048828125000000e-03,4.425048828125000000e-03
9.185791015625000000e-03,9.185791015625000000e-03
1.519775390625000000e-02,1.519775390625000000e-02
2.145385742187500000e-02,2.145385742187500000e-02
2.758789062500000000e-02,2.758789062500000000e-02
3.494262695312500000e-02,3.494262695312500000e-02
4.364013671875000000e-02,4.364013671875000000e-02
5.087280273437500000e-02,5.087280273437500000e-02
5.920410156250000000e-02,5.920410156250000000e-02
6.881713867187500000e-02,6.881713867187500000e-02
7.809448242187500000e-02,7.809448242187500000e-02
8.895874023437500000e-02,8.895874023437500000e-02
1.005249023437500000e-01,1.005249023437500000e-01
1.103515625000000000e-01,1.103515625000000000e-01
1.182556152343750000e-01,1.182556152343750000e-01
1.278381347656250000e-01,1.278381347656250000e-01
1.380004882812500000e-01,1.380004882812500000e-01
1.448669433593750000e-01,1.448669433593750000e-01
1.518249511718750000e-01,1.518249511718750000e-01
1.596984863281250000e-01,1.596984863281250000e-01
1.657409667968750000e-01,1.657409667968750000e-01
1.713867187500000000e-01,1.713867187500000000e-01
1.772460937500000000e-01,1.772460937500000000e-01
1.816711425781250000e-01,1.816711425781250000e-01
1.849670410156250000e-01,1.849670410156250000e-01
1.880187988281250000e-01,1.880187988281250000e-01
1.914672851562500000e-01,1.914672851562500000e-01
1.946411132812500000e-01,1.946411132812500000e-01
1.969604492187500000e-01,1.969604492187500000e-01
1.990661621093750000e-01,1.990661621093750000e-01
1.991271972656250000e-01,1.991271972656250000e-01
1.980590820312500000e-01,1.980590820312500000e-01
1.994934082031250000e-01,1.994934082031250000e-01
2.009582519531250000e-01,2.009582519531250000e-01
2.002868652343750000e-01,2.002868652343750000e-01
1.999206542968750000e-01,1.999206542968750000e-01
2.001037597656250000e-01,2.001037597656250000e-01
1.993713378906250000e-01,1.993713378906250000e-01
1.976318359375000000e-01,1.976318359375000000e-01
1.958007812500000000e-01,1.958007812500000000e-01
1.948547363281250000e-01,1.948547363281250000e-01
1.929321289062500000e-01,1.929321289062500000e-01
1.896972656250000000e-01,1.896972656250000000e-01
1.874694824218750000e-01,1.874694824218750000e-01
1.849365234375000000e-01,1.849365234375000000e-01
1.815490722656250000e-01,1.815490722656250000e-01
1.782226562500000000e-01,1.782226562500000000e-01
1.749572753906250000e-01,1.749572753906250000e-01
1.713256835937500000e-01,1.713256835937500000e-01
1.678771972656250000e-01,1.678771972656250000e-01
1.657714843750000000e-01,1.657714843750000000e-01
1.625671386718750000e-01,1.625671386718750000e-01
1.581420898437500000e-01,1.581420898437500000e-01
1.549682617187500000e-01,1.549682617187500000e-01
1.516113281250000000e-01,1.516113281250000000e-01
1.488037109375000000e-01,1.488037109375000000e-01
1.468200683593750000e-01,1.468200683593750000e-01
1.435546875000000000e-01,1.435546875000000000e-01
1.415100097656250000e-01,1.415100097656250000e-01
1.405639648437500000e-01,1.405639648437500000e-01
1.387939453125000000e-01,1.387939453125000000e-01
1.370239257812500000e-01,1.370239257812500000e-01
1.343994140625000000e-01,1.343994140625000000e-01
1.329040527343750000e-01,1.329040527343750000e-01
1.323242187500000000e-01,1.323242187500000000e-01
1.301269531250000000e-01,1.301269531250000000e-01
1.287536621093750000e-01,1.287536621093750000e-01
1.283264160156250000e-01,1.283264160156250000e-01
1.262512207031250000e-01,1.262512207031250000e-01
1.237792968750000000e-01,1.237792968750000000e-01
1.228942871093750000e-01,1.228942871093750000e-01
1.214904785156250000e-01,1.214904785156250000e-01
1.188964843750000000e-01,1.188964843750000000e-01
1.169738769531250000e-01,1.169738769531250000e-01
1.153259277343750000e-01,1.153259277343750000e-01
1.128845214843750000e-01,1.128845214843750000e-01
1.098632812500000000e-01,1.098632812500000000e-01
1.071777343750000000e-01,1.071777343750000000e-01
1.053771972656250000e-01,1.053771972656250000e-01
1.035766601562500000e-01,1.035766601562500000e-01
1.011962890625000000e-01,1.011962890625000000e-01
9.936523437500000000e-02,9.936523437500000000e-02
9.652709960937500000e-02,9.652709960937500000e-02
9.268188476562500000e-02,9.268188476562500000e-02
9.057617187500000000e-02,9.057617187500000000e-02
8.752441406250000000e-02,8.752441406250000000e-02
8.328247070312500000e-02,8.328247070312500000e-02
8.087158203125000000e-02,8.087158203125000000e-02
7.846069335937500000e-02,7.846069335937500000e-02
7.492065429687500000e-02,7.492065429687500000e-02
7.107543945312500000e-02,7.107543945312500000e-02
6.808471679687500000e-02,6.808471679687500000e-02
6.588745117187500000e-02,6.588745117187500000e-02
6.259155273437500000e-02,6.259155273437500000e-02
5.895996093750000000e-02,5.895996093750000000e-02
5.636596679687500000e-02,5.636596679687500000e-02
5.316162109375000000e-02,5.316162109375000000e-02
4.925537109375000000e-02,4.925537109375000000e-02
4.586791992187500000e-02,4.586791992187500000e-02
4.220581054687500000e-02,4.220581054687500000e-02
3.872680664062500000e-02,3.872680664062500000e-02
3.598022460937500000e-02,3.598022460937500000e-02
3.237915039062500000e-02,3.237915039062500000e-02
2.902221679687500000e-02,2.902221679687500000e-02
2.664184570312500000e-02,2.664184570312500000e-02
2.334594726562500000e-02,2.334594726562500000e-02
2.005004882812500000e-02,2.005004882812500000e-02
1.660156250000000000e-02,1.660156250000000000e-02
1.263427734375000000e-02,1.263427734375000000e-02
1.055908203125000000e-02,1.055908203125000000e-02
7.720947265625000000e-03,7.720947265625000000e-03
3.112792968750000000e-03,3.112792968750000000e-03
-7.324218750000000000e-04,-7.324218750000000000e-04
-5.035400390625000000e-03,-5.035400390625000000e-03
-9.887695312500000000e-03,-9.887695312500000000e-03
-1.428222656250000000e-02,-1.428222656250000000e-02
-1.797485351562500000e-02,-1.797485351562500000e-02
-2.218627929687500000e-02,-2.218627929687500000e-02
-2.761840820312500000e-02,-2.761840820312500000e-02
-3.201293945312500000e-02,-3.201293945312500000e-02
-3.607177734375000000e-02,-3.607177734375000000e-02
-4.083251953125000000e-02,-4.083251953125000000e-02
-4.528808593750000000e-02,-4.528808593750000000e-02
-4.895019531250000000e-02,-4.895019531250000000e-02
-5.172729492187500000e-02,-5.172729492187500000e-02
-5.407714843750000000e-02,-5.407714843750000000e-02
-5.606079101562500000e-02,-5.606079101562500000e-02
-5.804443359375000000e-02,-5.804443359375000000e-02
-6.051635742187500000e-02,-6.051635742187500000e-02
-6.210327148437500000e-02,-6.210327148437500000e-02
-6.250000000000000000e-02,-6.250000000000000000e-02
-6.280517578125000000e-02,-6.280517578125000000e-02
-6.243896484375000000e-02,-6.243896484375000000e-02
-6.234741210937500000e-02,-6.234741210937500000e-02
-6.307983398437500000e-02,-6.307983398437500000e-02
-6.317138671875000000e-02,-6.317138671875000000e-02
-6.295776367187500000e-02,-6.295776367187500000e-02
-6.195068359375000000e-02,-6.195068359375000000e-02
-6.024169921875000000e-02,-6.024169921875000000e-02
-5.963134765625000000e-02,-5.963134765625000000e-02
-5.865478515625000000e-02,-5.865478515625000000e-02
-5.694580078125000000e-02,-5.694580078125000000e-02
-5.700683593750000000e-02,-5.700683593750000000e-02
-5.725097656250000000e-02,-5.725097656250000000e-02
-5.657958984375000000e-02,-5.657958984375000000e-02
-5.691528320312500000e-02,-5.691528320312500000e-02
-5.783081054687500000e-02,-5.783081054687500000e-02
-5.822753906250000000e-02,-5.822753906250000000e-02
-5.844116210937500000e-02,-5.844116210937500000e-02
-5.987548828125000000e-02,-5.987548828125000000e-02
-6.185913085937500000e-02,-6.185913085937500000e-02
-6.277465820312500000e-02,-6.277465820312500000e-02
-6.338500976562500000e-02,-6.338500976562500000e-02
-6.457519531250000000e-02,-6.457519531250000000e-02
-6.668090820312500000e-02,-6.668090820312500000e-02
-6.829833984375000000e-02,-6.829833984375000000e-02
-6.958007812500000000e-02,-6.958007812500000000e-02
-7.318115234375000000e-02,-7.318115234375000000e-02
-7.742309570312500000e-02,-7.742309570312500000e-02
-7.962036132812500000e-02,-7.962036132812500000e-02
-8.251953125000000000e-02,-8.251953125000000000e-02
-8.761596679687500000e-02,-8.761596679687500000e-02
-9.225463867187500000e-02,-9.225463867187500000e-02
-9.677124023437500000e-02,-9.677124023437500000e-02
-1.025085449218750000e-01,-1.025085449218750000e-01
-1.080322265625000000e-01,-1.080322265625000000e-01
-1.127624511718750000e-01,-1.127624511718750000e-01
-1.174926757812500000e-01,-1.174926757812500000e-01
-1.224365234375000000e-01,-1.224365234375000000e-01
-1.262817382812500000e-01,-1.262817382812500000e-01
-1.296386718750000000e-01,-1.296386718750000000e-01
-1.339416503906250000e-01,-1.339416503906250000e-01
-1.378784179687500000e-01,-1.378784179687500000e-01
-1.407775878906250000e-01,-1.407775878906250000e-01
-1.429138183593750000e-01,-1.429138183593750000e-01
-1.445007324218750000e-01,-1.445007324218750000e-01
-1.454772949218750000e-01,-1.454772949218750000e-01
-1.454467773437500000e-01,-1.454467773437500000e-01
-1.448669433593750000e-01,-1.448669433593750000e-01
-1.441955566406250000e-01,-1.441955566406250000e-01
-1.436157226562500000e-01,-1.436157226562500000e-01
-1.434631347656250000e-01,-1.434631347656250000e-01
-1.435852050781250000e-01,-1.435852050781250000e-01
-1.433410644531250000e-01,-1.433410644531250000e-01
-1.423645019531250000e-01,-1.423645019531250000e-01
-1.416625976562500000e-01,-1.416625976562500000e-01
-1.419372558593750000e-01,-1.419372558593750000e-01
-1.422729492187500000e-01,-1.422729492187500000e-01
-1.432189941406250000e-01,-1.432189941406250000e-01
-1.449890136718750000e-01,-1.449890136718750000e-01
-1.463623046875000000e-01,-1.463623046875000000e-01
-1.479492187500000000e-01,-1.479492187500000000e-01
-1.499023437500000000e-01,-1.499023437500000000e-01
-1.517639160156250000e-01,-1.517639160156250000e-01
-1.546020507812500000e-01,-1.546020507812500000e-01
-1.578063964843750000e-01,-1.578063964843750000e-01
-1.601562500000000000e-01,-1.601562500000000000e-01
-1.624145507812500000e-01,-1.624145507812500000e-01
-1.646423339843750000e-01,-1.646423339843750000e-01
-1.662292480468750000e-01,-1.662292480468750000e-01
-1.668701171875000000e-01,-1.668701171875000000e-01
-1.664428710937500000e-01,-1.664428710937500000e-01
-1.663208007812500000e-01,-1.663208007812500000e-01
-1.663208007812500000e-01,-1.663208007812500000e-01
-1.656188964843750000e-01,-1.656188964843750000e-01
-1.644592285156250000e-01,-1.644592285156250000e-01
-1.628723144531250000e-01,-1.628723144531250000e-01
-1.605834960937500000e-01,-1.605834960937500000e-01
-1.584472656250000000e-01,-1.584472656250000000e-01
-1.579895019531250000e-01,-1.579895019531250000e-01
-1.569824218750000000e-01,-1.569824218750000000e-01
-1.542358398437500000e-01,-1.542358398437500000e-01
-1.527404785156250000e-01,-1.527404785156250000e-01
-1.515197753906250000e-01,-1.515197753906250000e-01
-1.479797363281250000e-01,-1.479797363281250000e-01
-1.452941894531250000e-01,-1.452941894531250000e-01
-1.437988281250000000e-01,-1.437988281250000000e-01
-1.401062011718750000e-01,-1.401062011718750000e-01
-1.363220214843750000e-01,-1.363220214843750000e-01
-1.342163085937500000e-01,-1.342163085937500000e-01
-1.316833496093750000e-01,-1.316833496093750000e-01
-1.276855468750000000e-01,-1.276855468750000000e-01
