1.923175334098359279e-02,1.923175334098359279e-02
-1.017951791565027797e+00,-1.017951791565027797e+00
9.503007209945957268e-01,9.503007209945957268e-01
-5.155434064722586029e-02,-5.155434064722586029e-02
1.233626144672451463e+00,1.233626144672451463e+00
-5.632040103707744993e-01,-5.632040103707744993e-01
1.208148317171997999e+00,1.208148317171997999e+00
-4.394443561921299590e-01,-4.394443561921299590e-01
-4.542603951285442143e-01,-4.542603951285442143e-01
4.017882794706116867e-01,4.017882794706116867e-01
-1.330425981671157665e+00,-1.330425981671157665e+00
-1.159918239618501712e+00,-1.159918239618501712e+00
-1.168499651033016451e-01,-1.168499651033016451e-01
2.031425530829528425e-01,2.031425530829528425e-01
3.533104036487798583e-01,3.533104036487798583e-01
-1.304469754900414724e+00,-1.304469754900414724e+00
-6.672129487864355557e-01,-6.672129487864355557e-01
-7.235155238630329444e-02,-7.235155238630329444e-02
1.072168781900272538e+00,1.072168781900272538e+00
2.203976087546619944e-01,2.203976087546619944e-01
-7.113015634894567785e-02,-7.113015634894567785e-02
-5.795515331261666958e-01,-5.795515331261666958e-01
-2.106924826126571393e+00,-2.106924826126571393e+00
-9.074949861403874829e-01,-9.074949861403874829e-01
3.732584490964473645e+00,3.732584490964473645e+00
7.507859806376214751e-01,7.507859806376214751e-01
1.079259897433000770e+00,1.079259897433000770e+00
1.951729931143917351e+00,1.951729931143917351e+00
9.588289577313742207e-01,9.588289577313742207e-01
-1.395910755423459326e+00,-1.395910755423459326e+00
-1.558853163136062481e+00,-1.558853163136062481e+00
4.353423743601363416e-01,4.353423743601363416e-01
-1.043157496411254992e-01,-1.043157496411254992e-01
-8.947429228887016084e-02,-8.947429228887016084e-02
-1.452274348294983142e+00,-1.452274348294983142e+00
-1.599333958975446945e+00,-1.599333958975446945e+00
-9.716447049409521197e-01,-9.716447049409521197e-01
-3.444535527672171193e-01,-3.444535527672171193e-01
-1.303505270323799703e+00,-1.303505270323799703e+00
3.098029937565068836e-01,3.098029937565068836e-01
-2.637921728521627873e+00,-2.637921728521627873e+00
-1.545077035327564907e+00,-1.545077035327564907e+00
-1.009020046579959251e+00,-1.009020046579959251e+00
2.925348136443768343e-01,2.925348136443768343e-01
-2.635814624990421962e+00,-2.635814624990421962e+00
9.780382755193335331e-01,9.780382755193335331e-01
-9.295532864886785207e-01,-9.295532864886785207e-01
9.992365373445938337e-01,9.992365373445938337e-01
-3.380179106032754621e-02,-3.380179106032754621e-02
9.954438951197424057e-01,9.954438951197424057e-01
5.187116346523111821e-01,5.187116346523111821e-01
-1.747975448198143766e+00,-1.747975448198143766e+00
-5.230699725964682578e-01,-5.230699725964682578e-01
-8.876116095829839070e-01,-8.876116095829839070e-01
-4.679113198421705477e-01,-4.679113198421705477e-01
-4.681179499392140730e-01,-4.681179499392140730e-01
-1.096248808710764688e-02,-1.096248808710764688e-02
-2.270152582371216976e+00,-2.270152582371216976e+00
-1.146406866589848583e+00,-1.146406866589848583e+00
-5.983706518121578721e-02,-5.983706518121578721e-02
1.963416182187781356e+00,1.963416182187781356e+00
-1.672000432790889057e+00,-1.672000432790889057e+00
5.756921467427325023e-01,5.756921467427325023e-01
-6.769032762751597820e-02,-6.769032762751597820e-02
-7.790389562864388218e-01,-7.790389562864388218e-01
-9.065789525487502054e-01,-9.065789525487502054e-01
-2.257464368504007446e+00,-2.257464368504007446e+00
2.256649194588427609e-01,2.256649194588427609e-01
-8.957377145092743076e-02,-8.957377145092743076e-02
1.022833677766482596e-01,1.022833677766482596e-01
1.236476373972618115e+00,1.236476373972618115e+00
-4.148744676294391365e-01,-4.148744676294391365e-01
-9.864202885466251125e-01,-9.864202885466251125e-01
-9.024217090161438248e-01,-9.024217090161438248e-01
1.629411211016081051e-01,1.629411211016081051e-01
-2.248009941157032898e+00,-2.248009941157032898e+00
4.708685931843869521e-01,4.708685931843869521e-01
2.030826774741717466e-01,2.030826774741717466e-01
-4.104725828766536688e-01,-4.104725828766536688e-01
-1.391007282809152201e+00,-1.391007282809152201e+00
1.645163850775966941e-01,1.645163850775966941e-01
1.010051424330115077e+00,1.010051424330115077e+00
2.864719936299911396e+00,2.864719936299911396e+00
-2.185508193630757212e+00,-2.185508193630757212e+00
-1.112851841125788166e-01,-1.112851841125788166e-01
2.535675644701491094e-01,2.535675644701491094e-01
-1.083140595080069879e+00,-1.083140595080069879e+00
9.439184487038512206e-01,9.439184487038512206e-01
-2.082557704435898049e+00,-2.082557704435898049e+00
6.835221344913360308e-01,6.835221344913360308e-01
4.223729136741834478e-01,4.223729136741834478e-01
1.073547206954039268e+00,1.073547206954039268e+00
2.642844106806307991e-02,2.642844106806307991e-02
-1.746760350816894958e+00,-1.746760350816894958e+00
-4.035580016623200317e-01,-4.035580016623200317e-01
9.984114156077237290e-01,9.984114156077237290e-01
1.365340522525106737e+00,1.365340522525106737e+00
2.449547288152561730e+00,2.449547288152561730e+00
4.909515255549882773e-01,4.909515255549882773e-01
3.841624568880391832e-02,3.841624568880391832e-02
-9.510810346823077577e-01,-9.510810346823077577e-01
2.380691863715637679e-01,2.380691863715637679e-01
-1.100157420055143165e+00,-1.100157420055143165e+00
-1.834627896577444739e+00,-1.834627896577444739e+00
6.158019632065040438e-01,6.158019632065040438e-01
-4.671472254260959911e-01,-4.671472254260959911e-01
7.308191515250205272e-01,7.308191515250205272e-01
-1.629912735929150314e+00,-1.629912735929150314e+00
-8.222511743174518717e-01,-8.222511743174518717e-01
8.118756473350056124e-01,8.118756473350056124e-01
-2.669062790634306737e-01,-2.669062790634306737e-01
-4.088742633971798046e-03,-4.088742633971798046e-03
1.002845779403093385e+00,1.002845779403093385e+00
1.969975062672043586e-01,1.969975062672043586e-01
-8.478819702908534373e-01,-8.478819702908534373e-01
-4.067166050867414007e-01,-4.067166050867414007e-01
-1.028014282057179152e+00,-1.028014282057179152e+00
1.451767903050765529e+00,1.451767903050765529e+00
1.299587762691783555e+00,1.299587762691783555e+00
-1.755200284737690852e+00,-1.755200284737690852e+00
-1.211273945452898682e+00,-1.211273945452898682e+00
-1.266631492455889685e+00,-1.266631492455889685e+00
-7.153249961731732443e-01,-7.153249961731732443e-01
2.563423518278732383e-01,2.563423518278732383e-01
8.331814013533931362e-01,8.331814013533931362e-01
6.270590456603554186e-01,6.270590456603554186e-01
5.257847527345897998e-01,5.257847527345897998e-01
-1.166174600941039863e+00,-1.166174600941039863e+00
8.149015439352371715e-01,8.149015439352371715e-01
-1.720260514254000839e+00,-1.720260514254000839e+00
-4.936316519117709967e-01,-4.936316519117709967e-01
-2.513554222320992237e-01,-2.513554222320992237e-01
2.123268827406549208e-02,2.123268827406549208e-02
-3.543970720110320993e-01,-3.543970720110320993e-01
-6.701336466687108917e-01,-6.701336466687108917e-01
-2.990158481645608934e-01,-2.990158481645608934e-01
-6.093928126843494164e-01,-6.093928126843494164e-01
1.105644156180831228e+00,1.105644156180831228e+00
-4.071920557300801602e-01,-4.071920557300801602e-01
-1.010305581043996703e+00,-1.010305581043996703e+00
1.017998686744102432e+00,1.017998686744102432e+00
1.995410814480187978e-01,1.995410814480187978e-01
-1.306182783315736007e+00,-1.306182783315736007e+00
-1.477594287340821211e+00,-1.477594287340821211e+00
-1.743242927715727308e+00,-1.743242927715727308e+00
-5.335812551509355739e-01,-5.335812551509355739e-01
-1.043759189690491640e+00,-1.043759189690491640e+00
-1.486550687678443450e-01,-1.486550687678443450e-01
-4.801286193535958535e-01,-4.801286193535958535e-01
8.189144906255307887e-02,8.189144906255307887e-02
1.661530986655971875e-01,1.661530986655971875e-01
4.399804009887170464e-01,4.399804009887170464e-01
1.100204969158194768e+00,1.100204969158194768e+00
-1.452142632592709148e+00,-1.452142632592709148e+00
-1.238273310784658410e+00,-1.238273310784658410e+00
5.258121673883430214e-01,5.258121673883430214e-01
1.266999184136948564e+00,1.266999184136948564e+00
-9.202798025025333839e-01,-9.202798025025333839e-01
-1.070616995849566766e-01,-1.070616995849566766e-01
-1.295235987932229493e+00,-1.295235987932229493e+00
-3.997383339542800451e-01,-3.997383339542800451e-01
1.885735401381325671e+00,1.885735401381325671e+00
2.372705611219583233e-01,2.372705611219583233e-01
-1.414288513369388767e+00,-1.414288513369388767e+00
6.415949491177865838e-01,6.415949491177865838e-01
-4.766427371881872821e-01,-4.766427371881872821e-01
1.406081372803538398e+00,1.406081372803538398e+00
-5.704123107433939355e-01,-5.704123107433939355e-01
-6.372828158957495326e-01,-6.372828158957495326e-01
4.814916091974388301e-01,4.814916091974388301e-01
-9.723390253148024298e-01,-9.723390253148024298e-01
-4.267200646928931418e-02,-4.267200646928931418e-02
2.261198631446814655e-01,2.261198631446814655e-01
-2.225259791443106039e+00,-2.225259791443106039e+00
2.308782628395380510e-01,2.308782628395380510e-01
-1.598672048671455070e-01,-1.598672048671455070e-01
2.745541587053837995e-01,2.745541587053837995e-01
-1.962394110917686341e+00,-1.962394110917686341e+00
1.221813149707708490e+00,1.221813149707708490e+00
4.817080539251267779e-01,4.817080539251267779e-01
5.578196820445702198e-01,5.578196820445702198e-01
5.653140793796738173e-01,5.653140793796738173e-01
-1.457620965241422928e-01,-1.457620965241422928e-01
-9.490569774131796255e-02,-9.490569774131796255e-02
1.012663269136828026e+00,1.012663269136828026e+00
-1.329561972394006197e+00,-1.329561972394006197e+00
8.447416564996859112e-01,8.447416564996859112e-01
-6.425984125034562844e-01,-6.425984125034562844e-01
3.395331878633616185e-01,3.395331878633616185e-01
-1.784117400025675426e+00,-1.784117400025675426e+00
-2.227013198637718683e-01,-2.227013198637718683e-01
-6.847669304120915790e-01,-6.847669304120915790e-01
8.047047856335725058e-01,8.047047856335725058e-01
2.351321766788093459e+00,2.351321766788093459e+00
-8.264276234702996327e-01,-8.264276234702996327e-01
-1.415369413193826031e-01,-1.415369413193826031e-01
1.421144051952766274e-01,1.421144051952766274e-01
-7.835597324205978431e-01,-7.835597324205978431e-01
-6.741876593048498068e-01,-6.741876593048498068e-01
-1.143078175061343238e+00,-1.143078175061343238e+00
-9.212145968915043115e-01,-9.212145968915043115e-01
-9.574205671843745158e-01,-9.574205671843745158e-01
-7.027531451009443320e-01,-7.027531451009443320e-01
-1.292861787699910003e+00,-1.292861787699910003e+00
-1.845185781168570571e+00,-1.845185781168570571e+00
1.206300355695836712e+00,1.206300355695836712e+00
-1.302214710484511206e+00,-1.302214710484511206e+00
6.507235363106660120e-02,6.507235363106660120e-02
8.298446570253743548e-01,8.298446570253743548e-01
-7.216701876138466032e-01,-7.216701876138466032e-01
7.557647022965316985e-01,7.557647022965316985e-01
1.174666796411153014e+00,1.174666796411153014e+00
-2.509468081832535447e-01,-2.509468081832535447e-01
1.396854829975658685e+00,1.396854829975658685e+00
1.104182371799031115e+00,1.104182371799031115e+00
-1.896790913375193233e+00,-1.896790913375193233e+00
-2.103471219529591707e+00,-2.103471219529591707e+00
1.932147320810583269e-01,1.932147320810583269e-01
1.182599458086581734e-01,1.182599458086581734e-01
-8.257359596090642073e-01,-8.257359596090642073e-01
1.100385626593223698e+00,1.100385626593223698e+00
-2.177392152324249541e-01,-2.177392152324249541e-01
-1.641962886056196558e+00,-1.641962886056196558e+00
-5.965538676847736976e-01,-5.965538676847736976e-01
7.796843592212774343e-01,7.796843592212774343e-01
-1.984223244991035195e-01,-1.984223244991035195e-01
-1.411619813791685107e+00,-1.411619813791685107e+00
-8.687482074474416338e-01,-8.687482074474416338e-01
3.613907199332456188e-01,3.613907199332456188e-01
1.123574547578717553e+00,1.123574547578717553e+00
1.330811885118353910e+00,1.330811885118353910e+00
8.281120728247036711e-01,8.281120728247036711e-01
4.813560135924650485e-01,4.813560135924650485e-01
-2.705030131079326772e-01,-2.705030131079326772e-01
-6.051242269428475096e-01,-6.051242269428475096e-01
6.363928146315109835e-01,6.363928146315109835e-01
6.461766574640178673e-01,6.461766574640178673e-01
-9.014161428680329546e-01,-9.014161428680329546e-01
3.483091577407457229e-01,3.483091577407457229e-01
7.280445689353298722e-02,7.280445689353298722e-02
-7.113739502162128581e-01,-7.113739502162128581e-01
4.389645547232456924e-01,4.389645547232456924e-01
-1.258387872673019103e-01,-1.258387872673019103e-01
4.884599622687029741e-01,4.884599622687029741e-01
2.123630196684567206e-02,2.123630196684567206e-02
-1.754047750754502255e+00,-1.754047750754502255e+00
-1.245415002926565151e+00,-1.245415002926565151e+00
-1.078575805622790540e+00,-1.078575805622790540e+00
-4.236587641689308348e-01,-4.236587641689308348e-01
-3.642306996581314849e-01,-3.642306996581314849e-01
-3.391353511278116795e-01,-3.391353511278116795e-01
5.356155479771610439e-01,5.356155479771610439e-01
1.514965442113036964e+00,1.514965442113036964e+00
-1.316359863073502723e+00,-1.316359863073502723e+00
-4.905987334699141167e-02,-4.905987334699141167e-02
-3.346859108118331871e-01,-3.346859108118331871e-01
-3.190904820495649719e-01,-3.190904820495649719e-01
-3.668119396881931449e-01,-3.668119396881931449e-01
-1.266058182927775055e+00,-1.266058182927775055e+00
-4.122251638173171084e-01,-4.122251638173171084e-01
-1.677944014330154721e+00,-1.677944014330154721e+00
-1.073717450205848412e+00,-1.073717450205848412e+00
3.973474244010191669e-01,3.973474244010191669e-01
9.702124634899236266e-01,9.702124634899236266e-01
-5.245526826615181104e-01,-5.245526826615181104e-01
-2.297183286797311874e-01,-2.297183286797311874e-01
7.475399403113758279e-01,7.475399403113758279e-01
1.710040581036398333e+00,1.710040581036398333e+00
-1.310081700196655263e-01,-1.310081700196655263e-01
-1.762400600053057209e+00,-1.762400600053057209e+00
6.575328700268604498e-01,6.575328700268604498e-01
1.798698113935103260e+00,1.798698113935103260e+00
-2.268794392634749357e+00,-2.268794392634749357e+00
1.950175093684754168e+00,1.950175093684754168e+00
1.181999333790045847e+00,1.181999333790045847e+00
-1.372613890152658556e+00,-1.372613890152658556e+00
8.359160610550446791e-01,8.359160610550446791e-01
-3.397503831325933144e-01,-3.397503831325933144e-01
-2.652383614884274987e-01,-2.652383614884274987e-01
4.428759181440211634e-01,4.428759181440211634e-01
-1.508499924628525779e-02,-1.508499924628525779e-02
1.467589832205135059e+00,1.467589832205135059e+00
1.214687815249162472e+00,1.214687815249162472e+00
1.188543857377677426e+00,1.188543857377677426e+00
5.114651857731165041e-01,5.114651857731165041e-01
-1.508821444840195314e+00,-1.508821444840195314e+00
1.847467658363745269e+00,1.847467658363745269e+00
-8.143855975293879945e-01,-8.143855975293879945e-01
-2.669736738884759930e+00,-2.669736738884759930e+00
2.981865953419861714e+00,2.981865953419861714e+00
-4.911132075272531816e-01,-4.911132075272531816e-01
-8.236323237727343205e-01,-8.236323237727343205e-01
-3.282515686438658986e-01,-3.282515686438658986e-01
1.638852164334838157e+00,1.638852164334838157e+00
-1.405154322612884421e+00,-1.405154322612884421e+00
6.300229679583064790e-01,6.300229679583064790e-01
-5.499003548421983467e-01,-5.499003548421983467e-01
-6.778967150441039813e-02,-6.778967150441039813e-02
-2.341895820293799613e+00,-2.341895820293799613e+00
-1.723268336565313696e-01,-1.723268336565313696e-01
-2.151598222233797930e+00,-2.151598222233797930e+00
-3.148385446848027402e-02,-3.148385446848027402e-02
-2.360157541513905333e-01,-2.360157541513905333e-01
1.694392702769393355e-01,1.694392702769393355e-01
-5.885263615125422287e-01,-5.885263615125422287e-01
-4.348201049684020658e-01,-4.348201049684020658e-01
1.335972830331719763e-01,1.335972830331719763e-01
-1.302114395062560215e+00,-1.302114395062560215e+00
-7.106550259480521881e-01,-7.106550259480521881e-01
-2.274650988715909872e+00,-2.274650988715909872e+00
9.384381241462828038e-01,9.384381241462828038e-01
-1.595554594916061220e+00,-1.595554594916061220e+00
3.473558978496734118e-01,3.473558978496734118e-01
-8.005866881474403840e-01,-8.005866881474403840e-01
8.385735200688665403e-01,8.385735200688665403e-01
4.446929900747945141e-02,4.446929900747945141e-02
-1.189500418542162596e-01,-1.189500418542162596e-01
-5.784911942829806808e-02,-5.784911942829806808e-02
9.638212793793698996e-02,9.638212793793698996e-02
-1.928349601043641837e-01,-1.928349601043641837e-01
-1.545215473212613988e+00,-1.545215473212613988e+00
1.579764928287451742e+00,1.579764928287451742e+00
-1.890219823789990983e+00,-1.890219823789990983e+00
1.631929118592604144e+00,1.631929118592604144e+00
5.501017818409056348e-01,5.501017818409056348e-01
1.147285348112798031e+00,1.147285348112798031e+00
2.201523805013532731e-01,2.201523805013532731e-01
2.321053143829397980e-01,2.321053143829397980e-01
2.238373962286134500e+00,2.238373962286134500e+00
3.821874328453502279e-01,3.821874328453502279e-01
9.844634377123979707e-01,9.844634377123979707e-01
-3.035291088782656743e-01,-3.035291088782656743e-01
-7.212065631044062286e-01,-7.212065631044062286e-01
2.232050473473218277e-01,2.232050473473218277e-01
1.077886608386510403e+00,1.077886608386510403e+00
-2.930360734675718781e-02,-2.930360734675718781e-02
-3.871995581184534130e-02,-3.871995581184534130e-02
7.438109474713600067e-01,7.438109474713600067e-01
5.230408817337840466e-01,5.230408817337840466e-01
-4.765943992990054334e-02,-4.765943992990054334e-02
6.172014015824045519e-01,6.172014015824045519e-01
1.763977329954416806e+00,1.763977329954416806e+00
5.114299209810682090e-01,5.114299209810682090e-01
1.174366134173632670e+00,1.174366134173632670e+00
1.184510421814546133e+00,1.184510421814546133e+00
-8.898607068582581325e-01,-8.898607068582581325e-01
4.487619272251493485e-01,4.487619272251493485e-01
8.190620613523683091e-02,8.190620613523683091e-02
-1.903429091861581490e+00,-1.903429091861581490e+00
2.179906825800421999e-01,2.179906825800421999e-01
-4.561709645854036821e-01,-4.561709645854036821e-01
-7.086992373330024408e-01,-7.086992373330024408e-01
1.434647787976300215e+00,1.434647787976300215e+00
9.168593914711813397e-01,9.168593914711813397e-01
-1.825189445801724819e+00,-1.825189445801724819e+00
-6.396678845287366855e-01,-6.396678845287366855e-01
-6.746154772343426753e-01,-6.746154772343426753e-01
1.683319229883880608e-01,1.683319229883880608e-01
1.434984023149600496e+00,1.434984023149600496e+00
1.061375935816507576e-01,1.061375935816507576e-01
-4.881705375792362300e-01,-4.881705375792362300e-01
-1.169951452562235650e+00,-1.169951452562235650e+00
-4.873735523155999783e-01,-4.873735523155999783e-01
-4.958748957276329361e-01,-4.958748957276329361e-01
2.438056969632102611e+00,2.438056969632102611e+00
-2.740165457585441722e-02,-2.740165457585441722e-02
-9.395562808961426260e-01,-9.395562808961426260e-01
-1.999961499591855763e-01,-1.999961499591855763e-01
-1.538808963238568417e+00,-1.538808963238568417e+00
2.129545597477960905e-02,2.129545597477960905e-02
-5.047009324677086406e-01,-5.047009324677086406e-01
6.061611963993963625e-01,6.061611963993963625e-01
2.607567782663518852e+00,2.607567782663518852e+00
8.710560480316706933e-01,8.710560480316706933e-01
-9.230200306045531766e-01,-9.230200306045531766e-01
4.188541828890341434e-01,4.188541828890341434e-01
-8.165967455204881098e-01,-8.165967455204881098e-01
-5.035229173276900561e-01,-5.035229173276900561e-01
3.951249453364478748e-01,3.951249453364478748e-01
-1.656991897298848215e+00,-1.656991897298848215e+00
5.471894619358903533e-01,5.471894619358903533e-01
-5.720232331741087473e-01,-5.720232331741087473e-01
1.777338113559489674e+00,1.777338113559489674e+00
8.673483128244138807e-02,8.673483128244138807e-02
8.351097063989264546e-01,8.351097063989264546e-01
-3.968369918531036711e-02,-3.968369918531036711e-02
3.962253808260353116e-01,3.962253808260353116e-01
-3.228908072794101636e-01,-3.228908072794101636e-01
2.274232971965611139e+00,2.274232971965611139e+00
5.925063641349933574e-01,5.925063641349933574e-01
-1.579127553104999748e+00,-1.579127553104999748e+00
1.302742467708018603e+00,1.302742467708018603e+00
-1.095348103934261852e+00,-1.095348103934261852e+00
4.368884032336640133e-01,4.368884032336640133e-01
-1.540168661720481835e-01,-1.540168661720481835e-01
-6.876241587771134700e-01,-6.876241587771134700e-01
1.181999587809254848e-01,1.181999587809254848e-01
-1.111442258280512574e+00,-1.111442258280512574e+00
-1.555179106584759774e+00,-1.555179106584759774e+00
-9.002216086741755552e-01,-9.002216086741755552e-01
3.157088999346687741e-01,3.157088999346687741e-01
8.884418851437886344e-01,8.884418851437886344e-01
-1.676423629443427599e-01,-1.676423629443427599e-01
1.420976430376992505e+00,1.420976430376992505e+00
-2.086028658675017855e+00,-2.086028658675017855e+00
-3.998275464297283421e-01,-3.998275464297283421e-01
-1.371444417595576448e+00,-1.371444417595576448e+00
-1.486815891793956901e+00,-1.486815891793956901e+00
-5.831332245517271140e-01,-5.831332245517271140e-01
-2.668387178652223968e-01,-2.668387178652223968e-01
1.393608037524282084e+00,1.393608037524282084e+00
-1.106041832153639159e-01,-1.106041832153639159e-01
1.382948637442691586e+00,1.382948637442691586e+00
-1.412376009843256508e+00,-1.412376009843256508e+00
-1.788077661034441324e+00,-1.788077661034441324e+00
1.104781247457285343e+00,1.104781247457285343e+00
2.158170946443754845e-01,2.158170946443754845e-01
-8.071524907001250693e-01,-8.071524907001250693e-01
-3.568149969377462094e-01,-3.568149969377462094e-01
-3.692600830728665628e-01,-3.692600830728665628e-01
1.742141818321798707e+00,1.742141818321798707e+00
-1.070684921151060731e+00,-1.070684921151060731e+00
6.074707147237017324e-01,6.074707147237017324e-01
-5.019352263418463966e-01,-5.019352263418463966e-01
3.467220546354961019e-01,3.467220546354961019e-01
-1.308331090717389289e+00,-1.308331090717389289e+00
4.132212861681976990e-01,4.132212861681976990e-01
-1.389971651143999454e+00,-1.389971651143999454e+00
5.917952750112123184e-01,5.917952750112123184e-01
-2.328411800668960918e+00,-2.328411800668960918e+00
-1.239481922114141543e+00,-1.239481922114141543e+00
-1.042283454400671605e+00,-1.042283454400671605e+00
4.925598130255987028e-01,4.925598130255987028e-01
-3.725006069806331976e-01,-3.725006069806331976e-01
6.087251872177430467e-01,6.087251872177430467e-01
-1.195548754872643449e-01,-1.195548754872643449e-01
-8.193741637200324668e-01,-8.193741637200324668e-01
-1.761406743921758999e-02,-1.761406743921758999e-02
9.942485197860745361e-01,9.942485197860745361e-01
-1.022806735333148698e+00,-1.022806735333148698e+00
-6.620838517800137213e-01,-6.620838517800137213e-01
-1.105474706133108054e+00,-1.105474706133108054e+00
-1.592584223439064361e+00,-1.592584223439064361e+00
9.607867836036946274e-01,9.607867836036946274e-01
5.597668110867132230e-01,5.597668110867132230e-01
7.024709354478897438e-01,7.024709354478897438e-01
8.347050912528577449e-01,8.347050912528577449e-01
-1.962445318135221939e+00,-1.962445318135221939e+00
-1.242650614418532085e+00,-1.242650614418532085e+00
-2.845913184647068661e-01,-2.845913184647068661e-01
7.556942167368670971e-01,7.556942167368670971e-01
3.971839776295776892e-01,3.971839776295776892e-01
8.539804268186679259e-02,8.539804268186679259e-02
7.202944798669908000e-02,7.202944798669908000e-02
-1.113266365953444303e+00,-1.113266365953444303e+00
2.110134156720536169e-01,2.110134156720536169e-01
-7.743285524812120180e-01,-7.743285524812120180e-01
3.568174485157871167e-02,3.568174485157871167e-02
2.891727980324571012e-02,2.891727980324571012e-02
2.504415946456388098e-01,2.504415946456388098e-01
-1.642627114853881243e-02,-1.642627114853881243e-02
-2.921485837966499854e+00,-2.921485837966499854e+00
4.405887757309137065e-01,4.405887757309137065e-01
-8.040871400480862352e-01,-8.040871400480862352e-01
1.158374442085000400e+00,1.158374442085000400e+00
-8.659820721992168568e-01,-8.659820721992168568e-01
-9.885920166568018530e-02,-9.885920166568018530e-02
-8.179083986572417697e-02,-8.179083986572417697e-02
-6.097969357474594121e-01,-6.097969357474594121e-01
-1.828722546166795748e+00,-1.828722546166795748e+00
-7.750542278221536074e-01,-7.750542278221536074e-01
-2.682211032532417772e-01,-2.682211032532417772e-01
-5.111161890436022315e-02,-5.111161890436022315e-02
3.933675633452977105e-01,3.933675633452977105e-01
1.060498892088650447e-01,1.060498892088650447e-01
-2.135750264705299273e+00,-2.135750264705299273e+00
-1.900936204111363992e+00,-1.900936204111363992e+00
-2.874447263680313669e-01,-2.874447263680313669e-01
5.815013567819435902e-01,5.815013567819435902e-01
2.836801191937961542e-01,2.836801191937961542e-01
9.417976670760596081e-01,9.417976670760596081e-01
1.163259996176865929e+00,1.163259996176865929e+00
-4.824438465252609692e-02,-4.824438465252609692e-02
-1.877576718460379546e+00,-1.877576718460379546e+00
4.068194504573457992e-01,4.068194504573457992e-01
-8.375991683764641427e-02,-8.375991683764641427e-02
-1.876719111378061022e+00,-1.876719111378061022e+00
6.985683132187729960e-01,6.985683132187729960e-01
-2.173329423036636232e+00,-2.173329423036636232e+00
5.137662877578423881e-01,5.137662877578423881e-01
1.704232365242573266e+00,1.704232365242573266e+00
-2.589585144416650664e-01,-2.589585144416650664e-01
8.329167475536048970e-01,8.329167475536048970e-01
-9.737835150296522135e-01,-9.737835150296522135e-01
1.220085653295859274e-01,1.220085653295859274e-01
-9.040511624592291184e-01,-9.040511624592291184e-01
7.627787488801883731e-01,7.627787488801883731e-01
1.321823274515757096e-01,1.321823274515757096e-01
-8.567399024942567998e-02,-8.567399024942567998e-02
2.117689103115718285e-01,2.117689103115718285e-01
-6.747305984061475748e-01,-6.747305984061475748e-01
6.055573981688128216e-01,6.055573981688128216e-01
-2.343974044188645856e-02,-2.343974044188645856e-02
5.615589740327893153e-01,5.615589740327893153e-01
-7.646323532152825564e-01,-7.646323532152825564e-01
1.082263790842823648e+00,1.082263790842823648e+00
-1.113114312093494540e+00,-1.113114312093494540e+00
-7.724142850202569965e-02,-7.724142850202569965e-02
3.681094060065670526e-02,3.681094060065670526e-02
-9.049983496577415076e-01,-9.049983496577415076e-01
-1.901909691405260894e+00,-1.901909691405260894e+00
7.715422476517695693e-02,7.715422476517695693e-02
1.145460573063990406e+00,1.145460573063990406e+00
-1.627852569356073698e+00,-1.627852569356073698e+00
-8.362707397606781168e-01,-8.362707397606781168e-01
-6.161314866009781621e-01,-6.161314866009781621e-01
4.790128319648665478e-01,4.790128319648665478e-01
6.528492534455082597e-02,6.528492534455082597e-02
2.457066466144151029e-01,2.457066466144151029e-01
8.322196412597984150e-01,8.322196412597984150e-01
7.196461217982195180e-01,7.196461217982195180e-01
-1.721898697101864606e-02,-1.721898697101864606e-02
6.664383830016762378e-01,6.664383830016762378e-01
-1.808767017997158222e-01,-1.808767017997158222e-01
-4.778063526421261198e-01,-4.778063526421261198e-01
-7.687381851670466171e-01,-7.687381851670466171e-01
-9.655838602528394876e-01,-9.655838602528394876e-01
1.594995732379214992e+00,1.594995732379214992e+00
-3.909893321735963267e-01,-3.909893321735963267e-01
1.924809696384224278e-01,1.924809696384224278e-01
-1.239060563142468263e+00,-1.239060563142468263e+00
1.360507043938718796e+00,1.360507043938718796e+00
-1.797556271994308563e+00,-1.797556271994308563e+00
-6.321573746774356017e-02,-6.321573746774356017e-02
-4.511948038522989313e-01,-4.511948038522989313e-01
1.073631894730384673e+00,1.073631894730384673e+00
-1.568959446417673487e+00,-1.568959446417673487e+00
-2.796595493744823413e-01,-2.796595493744823413e-01
-1.399234546025655002e-01,-1.399234546025655002e-01
-5.705627921773908096e-01,-5.705627921773908096e-01
-1.890729121969131343e+00,-1.890729121969131343e+00
2.351026156648861054e-02,2.351026156648861054e-02
7.173587666284977349e-01,7.173587666284977349e-01
-4.380196129820105311e-01,-4.380196129820105311e-01
-9.939269512567575626e-01,-9.939269512567575626e-01
1.171371038271055820e+00,1.171371038271055820e+00
-4.558598573338704663e-01,-4.558598573338704663e-01
-1.116320952559199942e+00,-1.116320952559199942e+00
-1.027104086899223834e+00,-1.027104086899223834e+00
2.691275695529277368e+00,2.691275695529277368e+00
1.178391370767047031e+00,1.178391370767047031e+00
1.915088383502181468e-01,1.915088383502181468e-01
-1.063486688006825887e+00,-1.063486688006825887e+00
1.508736704908636983e-01,1.508736704908636983e-01
-2.928792085073261275e-01,-2.928792085073261275e-01
-2.665290065975374212e+00,-2.665290065975374212e+00
-1.091633514950107964e+00,-1.091633514950107964e+00
-1.178755713494277435e+00,-1.178755713494277435e+00
1.909666292327041881e-01,1.909666292327041881e-01
-2.388648709659699776e+00,-2.388648709659699776e+00
-6.662612235073117617e-01,-6.662612235073117617e-01
1.431820344679462176e+00,1.431820344679462176e+00
-1.404826950797663843e+00,-1.404826950797663843e+00
4.776613733307499832e-01,4.776613733307499832e-01
-2.113609725533660555e+00,-2.113609725533660555e+00
8.908768106177560320e-01,8.908768106177560320e-01
3.693375716418290100e-01,3.693375716418290100e-01
1.192358385672903198e+00,1.192358385672903198e+00
2.095855995859683407e+00,2.095855995859683407e+00
-7.369923108596831973e-01,-7.369923108596831973e-01
-7.067397228800003095e-01,-7.067397228800003095e-01
-8.721283929306866689e-01,-8.721283929306866689e-01
-1.860767064490003841e+00,-1.860767064490003841e+00
2.386641298463603178e+00,2.386641298463603178e+00
4.937774453287742116e-01,4.937774453287742116e-01
-8.434050423027817933e-01,-8.434050423027817933e-01
-5.609883509641799826e-02,-5.609883509641799826e-02
5.319714210085539907e-01,5.319714210085539907e-01
1.382179929105441296e+00,1.382179929105441296e+00
-1.554697859764186951e-01,-1.554697859764186951e-01
-2.706009700329645717e+00,-2.706009700329645717e+00
-1.354660764360912761e+00,-1.354660764360912761e+00
1.432964360756245226e+00,1.432964360756245226e+00
-6.953873499836754624e-01,-6.953873499836754624e-01
1.139309535662637929e+00,1.139309535662637929e+00
5.821607629373988235e-01,5.821607629373988235e-01
4.772088192207251112e-01,4.772088192207251112e-01
-6.150897062935087867e-01,-6.150897062935087867e-01
-1.568457002354007868e+00,-1.568457002354007868e+00
1.419538182502670665e-01,1.419538182502670665e-01
-2.666846619240061944e-01,-2.666846619240061944e-01
1.458612084301222911e-01,1.458612084301222911e-01
1.617907887063697148e+00,1.617907887063697148e+00
-8.331264292948054040e-01,-8.331264292948054040e-01
-8.381664605256143874e-01,-8.381664605256143874e-01
-7.198807578577142152e-01,-7.198807578577142152e-01
-7.381112944842336265e-01,-7.381112944842336265e-01
-3.777736783368734752e-02,-3.777736783368734752e-02
-1.931560916055927724e-01,-1.931560916055927724e-01
-5.264507602657532148e-01,-5.264507602657532148e-01
-6.742972969585072640e-01,-6.742972969585072640e-01
-7.474141729098410236e-01,-7.474141729098410236e-01
-4.217860963388112006e-01,-4.217860963388112006e-01
1.236666514635038183e+00,1.236666514635038183e+00
6.392427914842239156e-01,6.392427914842239156e-01
-2.616065531254526122e-01,-2.616065531254526122e-01
-3.970583015378770231e-02,-3.970583015378770231e-02
2.394021273028674179e-01,2.394021273028674179e-01
4.374308783950660029e-01,4.374308783950660029e-01
-9.251449517239982434e-01,-9.251449517239982434e-01
-1.299764544283328549e+00,-1.299764544283328549e+00
-4.402303793687794564e-01,-4.402303793687794564e-01
6.796296080936908846e-02,6.796296080936908846e-02
1.340862491239167564e+00,1.340862491239167564e+00
8.519117160000750921e-01,8.519117160000750921e-01
1.508420258956963300e+00,1.508420258956963300e+00
2.624487462919476322e+00,2.624487462919476322e+00
1.533168687245367590e-02,1.533168687245367590e-02
9.510228378265257465e-01,9.510228378265257465e-01
3.657790086998379264e-01,3.657790086998379264e-01
1.144434949594548279e+00,1.144434949594548279e+00
-1.315321569153920400e+00,-1.315321569153920400e+00
1.243695840041687095e+00,1.243695840041687095e+00
3.998815755100605385e-01,3.998815755100605385e-01
1.815049665731200967e-01,1.815049665731200967e-01
-3.547942724553762583e-01,-3.547942724553762583e-01
-6.644542976686451663e-01,-6.644542976686451663e-01
-1.450517006609279846e+00,-1.450517006609279846e+00
2.859327484247994322e-01,2.859327484247994322e-01
-3.584263265779869534e-01,-3.584263265779869534e-01
-1.006141317722433426e+00,-1.006141317722433426e+00
-7.654450191233578282e-01,-7.654450191233578282e-01
1.822852511086352267e+00,1.822852511086352267e+00
2.293292337376839463e+00,2.293292337376839463e+00
-5.270162773432762737e-02,-5.270162773432762737e-02
1.545367165988587477e+00,1.545367165988587477e+00
-1.261680755876885551e-01,-1.261680755876885551e-01
5.558124168730099735e-02,5.558124168730099735e-02
1.136655385374440996e-01,1.136655385374440996e-01
-1.043062070759064985e+00,-1.043062070759064985e+00
-8.363654169648756520e-01,-8.363654169648756520e-01
-6.197073535248533993e-01,-6.197073535248533993e-01
-1.233434797190908316e+00,-1.233434797190908316e+00
-1.057266756329567459e+00,-1.057266756329567459e+00
-2.106644992217833412e+00,-2.106644992217833412e+00
-1.825866384851790869e-01,-1.825866384851790869e-01
6.018020470400826660e-01,6.018020470400826660e-01
6.953645975215976271e-01,6.953645975215976271e-01
3.237811503082277387e-02,3.237811503082277387e-02
7.703429768829458402e-01,7.703429768829458402e-01
2.840421950450279787e-01,2.840421950450279787e-01
-1.723902840929049773e+00,-1.723902840929049773e+00
6.343270606402581224e-01,6.343270606402581224e-01
-2.078486783135558458e+00,-2.078486783135558458e+00
-1.196142273002224199e+00,-1.196142273002224199e+00
7.989082666761878615e-01,7.989082666761878615e-01
-6.125588983387173503e-01,-6.125588983387173503e-01
-1.814558089625209480e-01,-1.814558089625209480e-01
6.187389521026174233e-01,6.187389521026174233e-01
-4.928060577965239220e-01,-4.928060577965239220e-01
1.135463320316081881e-01,1.135463320316081881e-01
-9.301087764153488369e-01,-9.301087764153488369e-01
-1.809933436972614162e-01,-1.809933436972614162e-01
-5.277496378405508448e-01,-5.277496378405508448e-01
-4.631229227066137599e-01,-4.631229227066137599e-01
1.399949471478729168e-01,1.399949471478729168e-01
1.806191862494575862e+00,1.806191862494575862e+00
-2.389421667123291515e-01,-2.389421667123291515e-01
-1.447094492207703809e+00,-1.447094492207703809e+00
-4.136966431543336320e-01,-4.136966431543336320e-01
-3.037355512771374721e-01,-3.037355512771374721e-01
8.068125353521080623e-01,8.068125353521080623e-01
-9.978300401331271496e-01,-9.978300401331271496e-01
8.342969945113732910e-01,8.342969945113732910e-01
-1.739988831554650783e-02,-1.739988831554650783e-02
-1.383028893933632708e-01,-1.383028893933632708e-01
8.226744217616523969e-01,8.226744217616523969e-01
1.221164138827069312e+00,1.221164138827069312e+00
1.843096450371937589e+00,1.843096450371937589e+00
5.485766143179954257e-01,5.485766143179954257e-01
-1.757025530037565231e+00,-1.757025530037565231e+00
6.217819751118893734e-01,6.217819751118893734e-01
4.956358923286466323e-01,4.956358923286466323e-01
1.986493080067753603e+00,1.986493080067753603e+00
9.148618026897166189e-01,9.148618026897166189e-01
-9.011458201296185244e-02,-9.011458201296185244e-02
-6.085428445751097648e-01,-6.085428445751097648e-01
-7.550107037830422474e-02,-7.550107037830422474e-02
5.522314899249536335e-01,5.522314899249536335e-01
-1.094503279136367135e+00,-1.094503279136367135e+00
-1.925692049895241453e+00,-1.925692049895241453e+00
-9.567442485239401329e-01,-9.567442485239401329e-01
-1.320246008114010827e+00,-1.320246008114010827e+00
1.738348093289320828e-01,1.738348093289320828e-01
-1.928993641946536997e+00,-1.928993641946536997e+00
-2.064833642536876290e-01,-2.064833642536876290e-01
4.586676741528706858e-01,4.586676741528706858e-01
-6.830862890429458822e-01,-6.830862890429458822e-01
7.502465495713482868e-01,7.502465495713482868e-01
1.766508600636990778e+00,1.766508600636990778e+00
-1.421549366236801726e+00,-1.421549366236801726e+00
-2.813231260099824826e+00,-2.813231260099824826e+00
-1.558658340416222976e-01,-1.558658340416222976e-01
4.423506330868944847e-01,4.423506330868944847e-01
2.919285665144116804e-01,2.919285665144116804e-01
-1.626329161559364911e+00,-1.626329161559364911e+00
1.412350563569794604e+00,1.412350563569794604e+00
-9.774957375575438201e-02,-9.774957375575438201e-02
1.837454070253213556e-01,1.837454070253213556e-01
1.720514449510122112e+00,1.720514449510122112e+00
4.010834740871061510e-01,4.010834740871061510e-01
6.944444204175759250e-01,6.944444204175759250e-01
-1.676234880303223651e+00,-1.676234880303223651e+00
1.813140907645600652e-01,1.813140907645600652e-01
-1.937894045986329417e+00,-1.937894045986329417e+00
6.012334483789582018e-01,6.012334483789582018e-01
-5.296350366452142744e-01,-5.296350366452142744e-01
-5.697792384305198077e-01,-5.697792384305198077e-01
1.400022721914748303e+00,1.400022721914748303e+00
2.918211783832160844e-01,2.918211783832160844e-01
-6.459192030665908413e-02,-6.459192030665908413e-02
2.010692254178079175e-01,2.010692254178079175e-01
-2.251779605320060273e+00,-2.251779605320060273e+00
1.341109431709554212e+00,1.341109431709554212e+00
-1.316342669872572202e-01,-1.316342669872572202e-01
-9.907318012332582136e-01,-9.907318012332582136e-01
-2.167944656664864134e+00,-2.167944656664864134e+00
-1.102620126522973365e+00,-1.102620126522973365e+00
-1.904348621353181059e+00,-1.904348621353181059e+00
-6.092773182955806277e-01,-6.092773182955806277e-01
1.458019547005910743e+00,1.458019547005910743e+00
-1.074474434733362349e-01,-1.074474434733362349e-01
2.402557720281422171e-01,2.402557720281422171e-01
-3.293524953544664791e-01,-3.293524953544664791e-01
-1.985582801231310812e+00,-1.985582801231310812e+00
-4.061213136936181467e-02,-4.061213136936181467e-02
-3.019717767369105577e-01,-3.019717767369105577e-01
-6.043382654216662708e-02,-6.043382654216662708e-02
1.737127702074925395e+00,1.737127702074925395e+00
1.758460810180536849e-01,1.758460810180536849e-01
1.440940837098924510e+00,1.440940837098924510e+00
-2.631234734222541727e-01,-2.631234734222541727e-01
3.099462086999740240e-01,3.099462086999740240e-01
1.225517277798322535e+00,1.225517277798322535e+00
1.156282806338646552e+00,1.156282806338646552e+00
3.911028429279678753e-01,3.911028429279678753e-01
-1.581163071163443234e+00,-1.581163071163443234e+00
-2.730674990905497812e-01,-2.730674990905497812e-01
1.304641545813944870e+00,1.304641545813944870e+00
5.370513223527835223e-01,5.370513223527835223e-01
-8.262974663362314676e-01,-8.262974663362314676e-01
-1.433876620660277101e+00,-1.433876620660277101e+00
1.635210963809618612e+00,1.635210963809618612e+00
-1.487548205788349120e+00,-1.487548205788349120e+00
-1.152335675179162466e+00,-1.152335675179162466e+00
-1.233112778978362467e-02,-1.233112778978362467e-02
-3.414333247987639819e-01,-3.414333247987639819e-01
-8.791067460389802024e-01,-8.791067460389802024e-01
1.304805079569311133e+00,1.304805079569311133e+00
-1.056988748883391227e-01,-1.056988748883391227e-01
4.159590166307110537e-01,4.159590166307110537e-01
-1.279481513176501162e+00,-1.279481513176501162e+00
-2.321322376399486576e+00,-2.321322376399486576e+00
-1.441240188093614316e-01,-1.441240188093614316e-01
-1.201578757944576026e+00,-1.201578757944576026e+00
9.370966405395544374e-01,9.370966405395544374e-01
-3.045255442516887623e-01,-3.045255442516887623e-01
1.867894153785560896e+00,1.867894153785560896e+00
9.976214075212771482e-01,9.976214075212771482e-01
1.687438864405437222e-01,1.687438864405437222e-01
1.192160221508728579e+00,1.192160221508728579e+00
8.409834318484346039e-01,8.409834318484346039e-01
-1.168976589540059230e+00,-1.168976589540059230e+00
-5.886352323929427977e-01,-5.886352323929427977e-01
-1.790358514719983418e+00,-1.790358514719983418e+00
4.226467523678545946e-01,4.226467523678545946e-01
-1.023189709225814203e+00,-1.023189709225814203e+00
-9.929967461358847336e-01,-9.929967461358847336e-01
-1.180072191704666817e+00,-1.180072191704666817e+00
-4.824437433584366497e-01,-4.824437433584366497e-01
5.464280510034750238e-01,5.464280510034750238e-01
-1.259552548543637407e+00,-1.259552548543637407e+00
9.645415209037764281e-01,9.645415209037764281e-01
7.257539282626317423e-01,7.257539282626317423e-01
-2.031874812313370082e+00,-2.031874812313370082e+00
-1.074308027733360538e+00,-1.074308027733360538e+00
-5.273201260420744274e-02,-5.273201260420744274e-02
8.602797770622266915e-01,8.602797770622266915e-01
-7.806075290976994818e-01,-7.806075290976994818e-01
1.543202566293094158e+00,1.543202566293094158e+00
-1.548448628900003787e-01,-1.548448628900003787e-01
-1.113653048889401420e-01,-1.113653048889401420e-01
-6.165462809420179102e-01,-6.165462809420179102e-01
-1.240073061923647524e+00,-1.240073061923647524e+00
-8.626494176071552999e-01,-8.626494176071552999e-01
-1.453030098011915960e+00,-1.453030098011915960e+00
1.034174562365630434e+00,1.034174562365630434e+00
3.311877611021035728e-01,3.311877611021035728e-01
-3.062976156184018528e+00,-3.062976156184018528e+00
-6.262526105565938694e-01,-6.262526105565938694e-01
-5.775368683342021470e-01,-5.775368683342021470e-01
1.352234512765996266e+00,1.352234512765996266e+00
9.912586616685254981e-01,9.912586616685254981e-01
-8.745926546368686105e-02,-8.745926546368686105e-02
2.661562151146888988e-01,2.661562151146888988e-01
2.324082252874140608e-02,2.324082252874140608e-02
-1.651905150494169527e+00,-1.651905150494169527e+00
-9.720934868472967949e-01,-9.720934868472967949e-01
4.828768675572314706e-02,4.828768675572314706e-02
-1.373355562413508535e+00,-1.373355562413508535e+00
-2.104240575631188825e+00,-2.104240575631188825e+00
-3.188807385962315610e-01,-3.188807385962315610e-01
-1.118918999245090085e+00,-1.118918999245090085e+00
-9.030173046051470642e-01,-9.030173046051470642e-01
-5.552594100696122137e-01,-5.552594100696122137e-01
2.765643489237432084e-01,2.765643489237432084e-01
8.052457706361981771e-02,8.052457706361981771e-02
7.956013991110230110e-01,7.956013991110230110e-01
-4.377280882593120870e-01,-4.377280882593120870e-01
1.565019648478640502e+00,1.565019648478640502e+00
2.507163844652623430e-01,2.507163844652623430e-01
-3.247646730728929176e-01,-3.247646730728929176e-01
-8.834369986370962380e-01,-8.834369986370962380e-01
1.463240164579402425e-01,1.463240164579402425e-01
-1.024760701593069090e+00,-1.024760701593069090e+00
6.036036846387329291e-01,6.036036846387329291e-01
-1.393069466806295953e+00,-1.393069466806295953e+00
-5.589213615220545162e-01,-5.589213615220545162e-01
-1.133351515742686111e+00,-1.133351515742686111e+00
7.072349610014269095e-01,7.072349610014269095e-01
-1.384853495307287963e+00,-1.384853495307287963e+00
-1.593843059330209089e+00,-1.593843059330209089e+00
-2.298417562835169958e-01,-2.298417562835169958e-01
-1.395346375475722267e+00,-1.395346375475722267e+00
1.300754114685598317e-02,1.300754114685598317e-02
3.990513685574692548e-02,3.990513685574692548e-02
3.172110011570075661e-01,3.172110011570075661e-01
-2.939459027682427283e+00,-2.939459027682427283e+00
-6.952960021841956273e-01,-6.952960021841956273e-01
1.167324392306989811e+00,1.167324392306989811e+00
-9.575501609182459628e-01,-9.575501609182459628e-01
1.702286786789505069e+00,1.702286786789505069e+00
9.168331290471165573e-02,9.168331290471165573e-02
-7.745547359728096604e-01,-7.745547359728096604e-01
7.981701332104798041e-01,7.981701332104798041e-01
-1.610543154031610191e+00,-1.610543154031610191e+00
-1.134159408403159208e+00,-1.134159408403159208e+00
-3.656853305954405053e-01,-3.656853305954405053e-01
5.009512450438124986e-01,5.009512450438124986e-01
1.393674397940738219e+00,1.393674397940738219e+00
-4.560393164133415000e-01,-4.560393164133415000e-01
-4.199076611875895426e-01,-4.199076611875895426e-01
-5.624438824943949200e-01,-5.624438824943949200e-01
-2.069714691862911127e-01,-2.069714691862911127e-01
5.029609037327507082e-01,5.029609037327507082e-01
-1.679852680730245518e-03,-1.679852680730245518e-03
2.353115402974483850e-01,2.353115402974483850e-01
-6.474352009131152386e-01,-6.474352009131152386e-01
-2.062545094038974458e-01,-2.062545094038974458e-01
1.001174740644114936e+00,1.001174740644114936e+00
-1.635794983952097326e+00,-1.635794983952097326e+00
-1.309192843528362182e+00,-1.309192843528362182e+00
-1.172000963304532739e+00,-1.172000963304532739e+00
-8.027526771689863505e-01,-8.027526771689863505e-01
-4.839832191878702949e-01,-4.839832191878702949e-01
-3.920987072776788152e-01,-3.920987072776788152e-01
4.008773929790783730e-01,4.008773929790783730e-01
-1.063336471341490785e+00,-1.063336471341490785e+00
-3.212413618235360202e-01,-3.212413618235360202e-01
-1.203252170116603903e+00,-1.203252170116603903e+00
7.422730035808634552e-01,7.422730035808634552e-01
2.193634742115767366e+00,2.193634742115767366e+00
4.999419829609084154e-01,4.999419829609084154e-01
-1.537311510970028827e+00,-1.537311510970028827e+00
-2.176564249125080286e-01,-2.176564249125080286e-01
-1.732175432415339777e+00,-1.732175432415339777e+00
-5.895295068406686267e-01,-5.895295068406686267e-01
-6.582247749623031385e-01,-6.582247749623031385e-01
-8.055514439125666115e-01,-8.055514439125666115e-01
-5.409752741603968129e-01,-5.409752741603968129e-01
2.010563864872275675e-01,2.010563864872275675e-01
-5.219340098671425565e-01,-5.219340098671425565e-01
3.310367484811450045e-01,3.310367484811450045e-01
5.918244783412843768e-01,5.918244783412843768e-01
6.744191013023390635e-01,6.744191013023390635e-01
1.064308648538919488e+00,1.064308648538919488e+00
3.139058235583789269e-01,3.139058235583789269e-01
-5.325562077405415762e-01,-5.325562077405415762e-01
-1.677024969230011875e+00,-1.677024969230011875e+00
1.801120491144808877e+00,1.801120491144808877e+00
-6.443560843224065415e-01,-6.443560843224065415e-01
8.132307451034097578e-01,8.132307451034097578e-01
-1.367306744801452645e+00,-1.367306744801452645e+00
-3.115157977559273109e-02,-3.115157977559273109e-02
-1.988544311048355273e-01,-1.988544311048355273e-01
-1.643908685811878989e-03,-1.643908685811878989e-03
-7.214315799093146131e-02,-7.214315799093146131e-02
4.851764844230915807e-01,4.851764844230915807e-01
-7.813518693955197048e-01,-7.813518693955197048e-01
1.373533548575463226e-02,1.373533548575463226e-02
7.601293474650953064e-01,7.601293474650953064e-01
9.967124545830632343e-01,9.967124545830632343e-01
-1.647515277159614211e+00,-1.647515277159614211e+00
-1.194471171609876814e+00,-1.194471171609876814e+00
1.299947458545892776e+00,1.299947458545892776e+00
1.870616223518435373e+00,1.870616223518435373e+00
-7.682091251554830080e-01,-7.682091251554830080e-01
1.552129761555097742e-01,1.552129761555097742e-01
3.780502145274503567e-01,3.780502145274503567e-01
7.087517702838752598e-02,7.087517702838752598e-02
1.209413565060688978e+00,1.209413565060688978e+00
1.680798134549031264e+00,1.680798134549031264e+00
4.167496326438432375e-01,4.167496326438432375e-01
2.099318217038124157e-01,2.099318217038124157e-01
-6.562520221414206434e-01,-6.562520221414206434e-01
-6.726335881452023546e-01,-6.726335881452023546e-01
4.615677294866232794e-01,4.615677294866232794e-01
-1.113662801403574987e+00,-1.113662801403574987e+00
-1.000281597684027357e+00,-1.000281597684027357e+00
1.996168372980976269e+00,1.996168372980976269e+00
-3.059675601861614691e+00,-3.059675601861614691e+00
1.718436517599488678e-01,1.718436517599488678e-01
-6.749788276111554630e-01,-6.749788276111554630e-01
1.382271915195183887e+00,1.382271915195183887e+00
1.605751389566649756e-01,1.605751389566649756e-01
6.195455941614252948e-01,6.195455941614252948e-01
-8.659207972284287402e-01,-8.659207972284287402e-01
-1.003062307935422837e+00,-1.003062307935422837e+00
9.242002846404938632e-01,9.242002846404938632e-01
-2.085002171616681388e-01,-2.085002171616681388e-01
-2.054173754946445829e+00,-2.054173754946445829e+00
-1.417567481332949075e+00,-1.417567481332949075e+00
5.540727507943671304e-02,5.540727507943671304e-02
8.185497860026159644e-01,8.185497860026159644e-01
6.617834840441166877e-01,6.617834840441166877e-01
5.367642433105733746e-01,5.367642433105733746e-01
1.478423296100037088e-01,1.478423296100037088e-01
2.241472567389581450e+00,2.241472567389581450e+00
8.365819050051659378e-01,8.365819050051659378e-01
1.082782569932063677e+00,1.082782569932063677e+00
-1.516387456180157356e+00,-1.516387456180157356e+00
3.435897856281238671e-01,3.435897856281238671e-01
1.523994091667827622e+00,1.523994091667827622e+00
3.806145745279324033e-01,3.806145745279324033e-01
2.902454276652020049e-01,2.902454276652020049e-01
4.403144666724201350e-01,4.403144666724201350e-01
2.844183861615763309e+00,2.844183861615763309e+00
3.372902063541737827e-01,3.372902063541737827e-01
-8.848919586451537977e-01,-8.848919586451537977e-01
5.625700172773092644e-01,5.625700172773092644e-01
-1.028894324525127635e+00,-1.028894324525127635e+00
6.506287474174998753e-01,6.506287474174998753e-01
-1.719817445987237736e+00,-1.719817445987237736e+00
-6.101137023803520076e-01,-6.101137023803520076e-01
-2.610091456959588996e-01,-2.610091456959588996e-01
-1.313536569930339848e+00,-1.313536569930339848e+00
7.307355054334156996e-01,7.307355054334156996e-01
-1.706263324847787199e+00,-1.706263324847787199e+00
-1.071640773559501048e+00,-1.071640773559501048e+00
-1.229787712647614661e+00,-1.229787712647614661e+00
3.305832853520038306e+00,3.305832853520038306e+00
-9.890642778432848781e-01,-9.890642778432848781e-01
-3.455073455889312584e-02,-3.455073455889312584e-02
-2.557871929936803013e-01,-2.557871929936803013e-01
1.177628453655514829e+00,1.177628453655514829e+00
-1.227017097497962617e+00,-1.227017097497962617e+00
9.440346149591843927e-01,9.440346149591843927e-01
1.283069203938667080e-01,1.283069203938667080e-01
-4.249149762201122338e-02,-4.249149762201122338e-02
-3.358346831914593267e+00,-3.358346831914593267e+00
-3.482039555644810824e-01,-3.482039555644810824e-01
9.066203800476412278e-01,9.066203800476412278e-01
-8.698520709985054777e-01,-8.698520709985054777e-01
-3.720542345307753518e-02,-3.720542345307753518e-02
-1.537432208235976150e+00,-1.537432208235976150e+00
-5.906560014570501060e-01,-5.906560014570501060e-01
-1.025229980971579247e+00,-1.025229980971579247e+00
2.827432797391462582e-01,2.827432797391462582e-01
-2.035280836584095532e+00,-2.035280836584095532e+00
-4.304898017289149337e-02,-4.304898017289149337e-02
-9.369186286249751028e-01,-9.369186286249751028e-01
-4.707101946029026429e-01,-4.707101946029026429e-01
-1.559051277140757641e+00,-1.559051277140757641e+00
3.537653164526578520e-01,3.537653164526578520e-01
1.682097206263631906e+00,1.682097206263631906e+00
-3.704574759555981922e-01,-3.704574759555981922e-01
1.369738267514757135e+00,1.369738267514757135e+00
-2.109854625167613129e-01,-2.109854625167613129e-01
-2.545869018721852450e-01,-2.545869018721852450e-01
-7.293054346080479755e-01,-7.293054346080479755e-01
1.515664240916269501e+00,1.515664240916269501e+00
3.371093880261061271e-01,3.371093880261061271e-01
7.888273434460959521e-01,7.888273434460959521e-01
-1.060158970565911130e+00,-1.060158970565911130e+00
-8.935273733432878007e-01,-8.935273733432878007e-01
4.247561583335957569e-01,4.247561583335957569e-01
-4.430299272805949817e-01,-4.430299272805949817e-01
-1.220564325846477338e+00,-1.220564325846477338e+00
6.554999947652961900e-02,6.554999947652961900e-02
1.584989079205984641e+00,1.584989079205984641e+00
1.448496456292118317e+00,1.448496456292118317e+00
-7.501905456896430513e-01,-7.501905456896430513e-01
-4.253358601718786325e-01,-4.253358601718786325e-01
8.023147121360243439e-01,8.023147121360243439e-01
-9.123385553210072718e-01,-9.123385553210072718e-01
1.437550457116128610e+00,1.437550457116128610e+00
-3.921072158290075382e-01,-3.921072158290075382e-01
-3.080751704918688327e-01,-3.080751704918688327e-01
1.287255017135882085e+00,1.287255017135882085e+00
-1.170003088893581955e+00,-1.170003088893581955e+00
-1.784608253209999384e+00,-1.784608253209999384e+00
5.778353596769966183e-01,5.778353596769966183e-01
1.447800686802855230e+00,1.447800686802855230e+00
-7.323183925357342750e-01,-7.323183925357342750e-01
7.965466661120240710e-02,7.965466661120240710e-02
1.122945022864603404e+00,1.122945022864603404e+00
-1.977136672263372530e+00,-1.977136672263372530e+00
1.095570056793081282e+00,1.095570056793081282e+00
4.164606317857568740e-01,4.164606317857568740e-01
2.871281901673371495e-01,2.871281901673371495e-01
1.712270735506723207e-01,1.712270735506723207e-01
-5.260126371144280277e-01,-5.260126371144280277e-01
-2.497245988790286475e+00,-2.497245988790286475e+00
-2.112147618056957055e-01,-2.112147618056957055e-01
-2.858177549230060954e-01,-2.858177549230060954e-01
-8.020422259916527574e-01,-8.020422259916527574e-01
-3.882273649547571814e-01,-3.882273649547571814e-01
-1.262743156698502567e+00,-1.262743156698502567e+00
8.769513914545037370e-01,8.769513914545037370e-01
-2.040867272307953950e+00,-2.040867272307953950e+00
-6.836615623850715862e-01,-6.836615623850715862e-01
6.478648415086544210e-01,6.478648415086544210e-01
8.041747092263190622e-01,8.041747092263190622e-01
-1.265688154292937906e+00,-1.265688154292937906e+00
4.762534113138960912e-01,4.762534113138960912e-01
2.324507456201996280e-01,2.324507456201996280e-01
-1.989150057904384705e-02,-1.989150057904384705e-02
-9.310930833443636923e-01,-9.310930833443636923e-01
8.293766964963544819e-01,8.293766964963544819e-01
1.261735432378642496e+00,1.261735432378642496e+00
-6.397437528230310866e-01,-6.397437528230310866e-01
7.874927836133700509e-01,7.874927836133700509e-01
1.124892891134804174e+00,1.124892891134804174e+00
4.383801162034075549e-01,4.383801162034075549e-01
1.732047843414429522e+00,1.732047843414429522e+00
-7.060777897763235167e-01,-7.060777897763235167e-01
-1.059625359218672180e+00,-1.059625359218672180e+00
-6.148802452754424941e-01,-6.148802452754424941e-01
-3.766823560897690770e-01,-3.766823560897690770e-01
-5.913260874982130266e-01,-5.913260874982130266e-01
-6.443347369726971641e-01,-6.443347369726971641e-01
-8.972747369891139746e-01,-8.972747369891139746e-01
1.070387261537373957e+00,1.070387261537373957e+00
1.147967865756369665e+00,1.147967865756369665e+00
-5.288131872005709111e-01,-5.288131872005709111e-01
7.720765020669839718e-02,7.720765020669839718e-02
1.726281681619298569e-01,1.726281681619298569e-01
1.391389936098628377e+00,1.391389936098628377e+00
-7.965928299022274617e-01,-7.965928299022274617e-01
5.596910458809943867e-01,5.596910458809943867e-01
-1.397854401726912332e+00,-1.397854401726912332e+00
-7.416304660589579933e-01,-7.416304660589579933e-01
-3.551028353782901825e-01,-3.551028353782901825e-01
5.249788774332438956e-01,5.249788774332438956e-01
3.921881644787602594e-01,3.921881644787602594e-01
1.706414607395643435e+00,1.706414607395643435e+00
-1.703893890538373368e+00,-1.703893890538373368e+00
-3.926087586595901069e-01,-3.926087586595901069e-01
5.430976434686604071e-01,5.430976434686604071e-01
-1.271601312425215902e+00,-1.271601312425215902e+00
5.509869869656950359e-01,5.509869869656950359e-01
7.101804542008202104e-01,7.101804542008202104e-01
6.844498284943456579e-02,6.844498284943456579e-02
2.899447882332493731e-01,2.899447882332493731e-01
-5.717813266745810363e-01,-5.717813266745810363e-01
7.243297760356640080e-02,7.243297760356640080e-02
1.249111310591764834e+00,1.249111310591764834e+00
-5.956629421578329975e-02,-5.956629421578329975e-02
6.735489601587979491e-02,6.735489601587979491e-02
-1.178128028278447648e+00,-1.178128028278447648e+00
-9.572953643735614415e-01,-9.572953643735614415e-01
-7.446051464982006429e-02,-7.446051464982006429e-02
-1.874003325982025681e+00,-1.874003325982025681e+00
1.130086074169751154e+00,1.130086074169751154e+00
-8.991138759880795694e-02,-8.991138759880795694e-02
5.392805138704288154e-03,5.392805138704288154e-03
1.405243755401924810e-01,1.405243755401924810e-01
1.869845213692116204e-01,1.869845213692116204e-01
-7.402055597965293554e-01,-7.402055597965293554e-01
1.831857056691528651e+00,1.831857056691528651e+00
1.165940022146147781e+00,1.165940022146147781e+00
3.273826596799844779e-02,3.273826596799844779e-02
-4.993970718884420679e-01,-4.993970718884420679e-01
-1.203325580189658961e+00,-1.203325580189658961e+00
2.274151941662251986e+00,2.274151941662251986e+00
-1.113636742430170301e+00,-1.113636742430170301e+00
7.705160698075805836e-01,7.705160698075805836e-01
-1.232847777228063713e+00,-1.232847777228063713e+00
-1.353536651839965632e+00,-1.353536651839965632e+00
-9.533328681927868420e-01,-9.533328681927868420e-01
-1.555909240984295172e+00,-1.555909240984295172e+00
1.175924003809613039e+00,1.175924003809613039e+00
1.894886239972605746e-01,1.894886239972605746e-01
-7.405228255167290996e-01,-7.405228255167290996e-01
9.529908491220902000e-01,9.529908491220902000e-01
-1.572142944460547476e+00,-1.572142944460547476e+00
4.793417305151919661e-01,4.793417305151919661e-01
-7.000792613446484847e-01,-7.000792613446484847e-01
1.204202257578872171e-01,1.204202257578872171e-01
5.237344327021008494e-01,5.237344327021008494e-01
9.702852658672829200e-01,9.702852658672829200e-01
-6.951453184998497292e-01,-6.951453184998497292e-01
5.748575439002463483e-01,5.748575439002463483e-01
1.252992211764140329e+00,1.252992211764140329e+00
2.230852909043332666e-01,2.230852909043332666e-01
-1.468284050181363209e+00,-1.468284050181363209e+00
4.603750554419312468e-01,4.603750554419312468e-01
-9.071120922906942274e-01,-9.071120922906942274e-01
1.745470839282493358e+00,1.745470839282493358e+00
-1.446587566692695059e+00,-1.446587566692695059e+00
-4.783853390571417563e-01,-4.783853390571417563e-01
2.081284473820825376e+00,2.081284473820825376e+00
-2.082035777785374631e+00,-2.082035777785374631e+00
6.527526761363682262e-01,6.527526761363682262e-01
-1.811077614261034530e+00,-1.811077614261034530e+00
-3.996324462698497282e-02,-3.996324462698497282e-02
-1.245198388433542913e+00,-1.245198388433542913e+00
6.696320157986188626e-01,6.696320157986188626e-01
1.383703425315384594e-01,1.383703425315384594e-01
-4.336916430743030793e-01,-4.336916430743030793e-01
-2.045142269580992878e-01,-2.045142269580992878e-01
-6.156044728072563865e-01,-6.156044728072563865e-01
7.418410912834596527e-01,7.418410912834596527e-01
7.178299824776570581e-01,7.178299824776570581e-01
5.563800052376427496e-01,5.563800052376427496e-01
-1.994691098869341150e+00,-1.994691098869341150e+00
-1.477553639731484569e+00,-1.477553639731484569e+00
1.235311297054035862e+00,1.235311297054035862e+00
1.419814392361943511e+00,1.419814392361943511e+00
4.920366076066547967e-01,4.920366076066547967e-01
8.410656823534607973e-01,8.410656823534607973e-01
-6.676837196559527454e-01,-6.676837196559527454e-01
2.089972780775214645e+00,2.089972780775214645e+00
-3.116361528379597012e-01,-3.116361528379597012e-01
8.547344129088509934e-01,8.547344129088509934e-01
1.873364253875236418e+00,1.873364253875236418e+00
1.761584787448710943e+00,1.761584787448710943e+00
-7.464854903680691045e-01,-7.464854903680691045e-01
-1.172005275976722161e-01,-1.172005275976722161e-01
-2.282619623832831124e+00,-2.282619623832831124e+00
-5.414275357098005115e-01,-5.414275357098005115e-01
3.057862535801134651e+00,3.057862535801134651e+00
4.363515458947540004e-01,4.363515458947540004e-01
1.895343075637633268e+00,1.895343075637633268e+00
5.879099284917093104e-01,5.879099284917093104e-01
-3.118496551905423964e+00,-3.118496551905423964e+00
-1.080468647264085202e+00,-1.080468647264085202e+00
8.944803772119531704e-01,8.944803772119531704e-01
-1.885992407311472219e+00,-1.885992407311472219e+00
-1.837835299514314347e+00,-1.837835299514314347e+00
7.629759137571746619e-01,7.629759137571746619e-01
-1.964646010982425084e+00,-1.964646010982425084e+00
-1.747752465698877211e+00,-1.747752465698877211e+00
-5.131864393543252856e-01,-5.131864393543252856e-01
-7.063478356375568756e-01,-7.063478356375568756e-01
7.895415140567899615e-01,7.895415140567899615e-01
1.344739111707976775e+00,1.344739111707976775e+00
1.504936005546220201e+00,1.504936005546220201e+00
-9.277286242615437883e-01,-9.277286242615437883e-01
8.708533363068685640e-01,8.708533363068685640e-01
-1.243651016013343491e-01,-1.243651016013343491e-01
1.738964005489436415e+00,1.738964005489436415e+00
2.513139656413089229e-01,2.513139656413089229e-01
-1.655300243298191809e+00,-1.655300243298191809e+00
-3.691290668675821784e-01,-3.691290668675821784e-01
-1.956592918114967994e-01,-1.956592918114967994e-01
6.220663884377032327e-01,6.220663884377032327e-01
1.533832762340455513e+00,1.533832762340455513e+00
1.410934690122024771e+00,1.410934690122024771e+00
-4.477149509785658954e-01,-4.477149509785658954e-01
-2.366838493661249654e-01,-2.366838493661249654e-01
2.839944315493260207e-01,2.839944315493260207e-01
-6.981843283465755112e-01,-6.981843283465755112e-01
-1.163167157515956340e+00,-1.163167157515956340e+00
-1.597466063754328369e-01,-1.597466063754328369e-01
-1.094071396454792788e+00,-1.094071396454792788e+00
6.844617828289952799e-01,6.844617828289952799e-01
1.306648414444288697e+00,1.306648414444288697e+00
-9.358718894517820130e-02,-9.358718894517820130e-02
-8.252073866528101265e-01,-8.252073866528101265e-01
3.528951065982357527e-01,3.528951065982357527e-01
1.370889754623833223e+00,1.370889754623833223e+00
-3.756917817695937245e-03,-3.756917817695937245e-03
5.467803520537541928e-01,5.467803520537541928e-01
-3.727921407982179858e-01,-3.727921407982179858e-01
-1.628896510406226295e+00,-1.628896510406226295e+00
7.563994954971386964e-01,7.563994954971386964e-01
2.864189416952597211e-01,2.864189416952597211e-01
-1.659305228531457788e+00,-1.659305228531457788e+00
1.237867829973901879e+00,1.237867829973901879e+00
7.940484097299261856e-01,7.940484097299261856e-01
-6.801755227367534129e-01,-6.801755227367534129e-01
-3.711351981452626347e-02,-3.711351981452626347e-02
1.322799146015635197e-01,1.322799146015635197e-01
-7.813195752912952541e-01,-7.813195752912952541e-01
6.236052705509943506e-01,6.236052705509943506e-01
8.403712548214435918e-01,8.403712548214435918e-01
-1.532547637485789149e+00,-1.532547637485789149e+00
2.510165028216597261e+00,2.510165028216597261e+00
-1.283083905593669360e+00,-1.283083905593669360e+00
-1.619231847910265865e+00,-1.619231847910265865e+00
-1.050628342439538843e+00,-1.050628342439538843e+00
-3.864906997470287653e-01,-3.864906997470287653e-01
5.138277227207619369e-01,5.138277227207619369e-01
-4.618373387166504473e-01,-4.618373387166504473e-01
1.691941902748137494e-01,1.691941902748137494e-01
-5.595063590798092790e-01,-5.595063590798092790e-01
3.787587232487001909e-01,3.787587232487001909e-01
1.399462124545370667e+00,1.399462124545370667e+00
-2.254542664377484629e-02,-2.254542664377484629e-02
-5.499461339755155054e-01,-5.499461339755155054e-01
9.803256025628549475e-01,9.803256025628549475e-01
-2.254732282652846642e+00,-2.254732282652846642e+00
8.989202194993135553e-01,8.989202194993135553e-01
-1.169633584690836337e+00,-1.169633584690836337e+00
-5.824525193544294321e-01,-5.824525193544294321e-01
-3.050377749083088563e-02,-3.050377749083088563e-02
-1.354170211292546888e+00,-1.354170211292546888e+00
-1.084966640253623993e+00,-1.084966640253623993e+00
1.741598702082649996e+00,1.741598702082649996e+00
-5.750437503255372285e-01,-5.750437503255372285e-01
-1.153867597754399288e+00,-1.153867597754399288e+00
-5.598364102796664632e-01,-5.598364102796664632e-01
-7.413634401867686963e-01,-7.413634401867686963e-01
-2.368380306697976667e-01,-2.368380306697976667e-01
-1.970462773198065953e+00,-1.970462773198065953e+00
-1.367420012309282784e-01,-1.367420012309282784e-01
6.748024447989808827e-02,6.748024447989808827e-02
-2.967740039678228303e-01,-2.967740039678228303e-01
-2.119737820152140628e+00,-2.119737820152140628e+00
-1.876742816098628808e-01,-1.876742816098628808e-01
-4.694998763733154723e-01,-4.694998763733154723e-01
1.607601867400240137e-01,1.607601867400240137e-01
5.046767838465990863e-01,5.046767838465990863e-01
-7.807514500197849650e-01,-7.807514500197849650e-01
1.922430774994155489e-01,1.922430774994155489e-01
1.246344338252105111e+00,1.246344338252105111e+00
6.661156820419412705e-01,6.661156820419412705e-01
-1.343726291471910583e+00,-1.343726291471910583e+00
-6.630794897148196698e-01,-6.630794897148196698e-01
5.231740565215781125e-01,5.231740565215781125e-01
-1.881443491344578223e-02,-1.881443491344578223e-02
7.333358879421726373e-01,7.333358879421726373e-01
-1.766473747886556644e+00,-1.766473747886556644e+00
2.269402149972827853e-01,2.269402149972827853e-01
1.010963305960140168e+00,1.010963305960140168e+00
-1.076262978945403015e+00,-1.076262978945403015e+00
-1.006324069400039711e+00,-1.006324069400039711e+00
-6.732669692232939873e-01,-6.732669692232939873e-01
-3.288610487712731456e-01,-3.288610487712731456e-01
2.460937945188542697e-01,2.460937945188542697e-01
-7.057694172913442365e-01,-7.057694172913442365e-01
-1.318092055786710404e+00,-1.318092055786710404e+00
1.882013562260009598e+00,1.882013562260009598e+00
6.340763675194025506e-01,6.340763675194025506e-01
4.472450493662699644e-01,4.472450493662699644e-01
7.957715530366209489e-01,7.957715530366209489e-01
1.067201155972200777e+00,1.067201155972200777e+00
1.153325493407890701e+00,1.153325493407890701e+00
-7.118398776723743326e-01,-7.118398776723743326e-01
1.129906834052618603e-01,1.129906834052618603e-01
-2.134987954128718890e+00,-2.134987954128718890e+00
1.483564409757687219e+00,1.483564409757687219e+00
4.202570145169136628e-01,4.202570145169136628e-01
-1.136200487171187712e+00,-1.136200487171187712e+00
7.757050052136476026e-01,7.757050052136476026e-01
1.196843843344419733e+00,1.196843843344419733e+00
1.409058866447604252e+00,1.409058866447604252e+00
9.187411845636248575e-01,9.187411845636248575e-01
8.929731121508375224e-01,8.929731121508375224e-01
3.663009176430602754e-01,3.663009176430602754e-01
2.678884798790300281e-01,2.678884798790300281e-01
-4.908439541037903919e-01,-4.908439541037903919e-01
-9.064360872253868218e-01,-9.064360872253868218e-01
1.701612986333056465e+00,1.701612986333056465e+00
8.439750999223101235e-01,8.439750999223101235e-01
-1.537172192663801340e+00,-1.537172192663801340e+00
-1.523298409536072207e+00,-1.523298409536072207e+00
1.352147441126804850e+00,1.352147441126804850e+00
-5.795151144683658995e-01,-5.795151144683658995e-01
-4.903329462358438917e-01,-4.903329462358438917e-01
6.850932197503587506e-01,6.850932197503587506e-01
-1.197339474337120180e-01,-1.197339474337120180e-01
-4.032777151454888798e-01,-4.032777151454888798e-01
-6.674369515843259215e-01,-6.674369515843259215e-01
4.998578196298695819e-01,4.998578196298695819e-01
-4.967562994895233230e-01,-4.967562994895233230e-01
-1.695947660061352114e-01,-1.695947660061352114e-01
-1.438289080542789256e+00,-1.438289080542789256e+00
-1.304267376945723811e+00,-1.304267376945723811e+00
-1.512538164573506982e+00,-1.512538164573506982e+00
-7.995663425053823881e-01,-7.995663425053823881e-01
-2.853196595781553491e+00,-2.853196595781553491e+00
1.209671071248257679e+00,1.209671071248257679e+00
7.668757231755231052e-01,7.668757231755231052e-01
-3.804251527210028572e-01,-3.804251527210028572e-01
4.181939400599385959e-01,4.181939400599385959e-01
-6.876658788024607727e-01,-6.876658788024607727e-01
-7.593385766908512802e-02,-7.593385766908512802e-02
1.395472374678527139e+00,1.395472374678527139e+00
1.015259639970842898e+00,1.015259639970842898e+00
2.429019280069403264e-01,2.429019280069403264e-01
-6.952598095317199522e-01,-6.952598095317199522e-01
1.251937485489351132e-01,1.251937485489351132e-01
1.665845017376866410e+00,1.665845017376866410e+00
-1.781374409431575323e+00,-1.781374409431575323e+00
-1.732316195450231966e+00,-1.732316195450231966e+00
-1.355076200661575525e+00,-1.355076200661575525e+00
1.440559810741113278e-01,1.440559810741113278e-01
4.253716983148834174e-01,4.253716983148834174e-01
-1.441735961038037139e+00,-1.441735961038037139e+00
-1.049773522257027913e+00,-1.049773522257027913e+00
-4.713437278704213917e-01,-4.713437278704213917e-01
1.178190593401110764e+00,1.178190593401110764e+00
2.473198634730571666e+00,2.473198634730571666e+00
8.742890022543127193e-01,8.742890022543127193e-01
-4.009036982851154618e-01,-4.009036982851154618e-01
1.205812715804718049e+00,1.205812715804718049e+00
1.491539434801741337e-01,1.491539434801741337e-01
-1.250499880471982683e+00,-1.250499880471982683e+00
-3.473920542627673136e-01,-3.473920542627673136e-01
-5.453296299510166367e-01,-5.453296299510166367e-01
-6.823741125685529596e-01,-6.823741125685529596e-01
-1.587652738114758710e-01,-1.587652738114758710e-01
9.276667336825630272e-01,9.276667336825630272e-01
1.082725941927237812e-01,1.082725941927237812e-01
7.077519264124703113e-01,7.077519264124703113e-01
-1.463117180034800846e+00,-1.463117180034800846e+00
-6.165654555758143252e-01,-6.165654555758143252e-01
4.853631859549355498e-01,4.853631859549355498e-01
5.892164085640594351e-02,5.892164085640594351e-02
1.495184864124233792e-01,1.495184864124233792e-01
-8.288078731720016634e-01,-8.288078731720016634e-01
6.202136370164927914e-01,6.202136370164927914e-01
1.492446653473185947e+00,1.492446653473185947e+00
2.212075516381564466e-01,2.212075516381564466e-01
7.947301545635340192e-01,7.947301545635340192e-01
-4.530289523064270907e-01,-4.530289523064270907e-01
-5.841933746044628561e-01,-5.841933746044628561e-01
1.670533582208005186e+00,1.670533582208005186e+00
-8.213584449121708042e-01,-8.213584449121708042e-01
1.461461238980633071e-01,1.461461238980633071e-01
-1.313020177369796482e+00,-1.313020177369796482e+00
6.885150370729022917e-01,6.885150370729022917e-01
-6.222045874983168634e-01,-6.222045874983168634e-01
4.171370136926277894e-01,4.171370136926277894e-01
-2.572855457914413613e-01,-2.572855457914413613e-01
3.643629438329088477e-01,3.643629438329088477e-01
-6.994342403142428388e-01,-6.994342403142428388e-01
1.513315418991345584e+00,1.513315418991345584e+00
9.291484146810135014e-01,9.291484146810135014e-01
-3.176344180430223374e-01,-3.176344180430223374e-01
1.531516718097214902e+00,1.531516718097214902e+00
-4.502170480624638760e-01,-4.502170480624638760e-01
-3.040501526733234705e-01,-3.040501526733234705e-01
2.036147208412988074e-01,2.036147208412988074e-01
1.502932785665903381e+00,1.502932785665903381e+00
-4.511523088241008450e-01,-4.511523088241008450e-01
-1.138054665249930708e-01,-1.138054665249930708e-01
4.472819497604105243e-02,4.472819497604105243e-02
-1.256588125644061638e+00,-1.256588125644061638e+00
-1.575794568977106347e-01,-1.575794568977106347e-01
2.387872796742003256e-01,2.387872796742003256e-01
-5.161129154739940716e-01,-5.161129154739940716e-01
4.581846271469303677e-01,4.581846271469303677e-01
1.128562591229693712e+00,1.128562591229693712e+00
-9.871285281016863866e-01,-9.871285281016863866e-01
-1.198871935441085945e+00,-1.198871935441085945e+00
-1.075348132508440191e+00,-1.075348132508440191e+00
-1.510124600357436675e+00,-1.510124600357436675e+00
-6.417565932472665269e-01,-6.417565932472665269e-01
-3.902867308632842480e-01,-3.902867308632842480e-01
1.296290679211409724e+00,1.296290679211409724e+00
8.720007001411185232e-01,8.720007001411185232e-01
-1.408108413940331483e+00,-1.408108413940331483e+00
1.838122565315210899e+00,1.838122565315210899e+00
2.458917693351226896e-01,2.458917693351226896e-01
-3.974669550614397528e-01,-3.974669550614397528e-01
4.363315972017916544e-01,4.363315972017916544e-01
6.007056198884943576e-01,6.007056198884943576e-01
-5.090003540848110353e-01,-5.090003540848110353e-01
-8.361721305719140851e-01,-8.361721305719140851e-01
8.338181663877808347e-01,8.338181663877808347e-01
8.243581462955629213e-01,8.243581462955629213e-01
-1.598895487289782480e+00,-1.598895487289782480e+00
-4.602537265118998855e-01,-4.602537265118998855e-01
3.406178609292495607e-02,3.406178609292495607e-02
1.200006144622458581e+00,1.200006144622458581e+00
-5.531946248904827668e-01,-5.531946248904827668e-01
-5.145602389529024823e-02,-5.145602389529024823e-02
-7.934530565749011721e-01,-7.934530565749011721e-01
1.124945460243667039e+00,1.124945460243667039e+00
-2.144847217145636753e-01,-2.144847217145636753e-01
-1.458597596963674636e+00,-1.458597596963674636e+00
3.809153455022074031e-01,3.809153455022074031e-01
6.819654762075033627e-01,6.819654762075033627e-01
-1.276885831682905481e+00,-1.276885831682905481e+00
-2.061169310591119519e+00,-2.061169310591119519e+00
1.533793611368263310e+00,1.533793611368263310e+00
-3.462114568541774240e-02,-3.462114568541774240e-02
8.414029798554717443e-01,8.414029798554717443e-01
2.021004502988541507e-01,2.021004502988541507e-01
1.868593811969135432e+00,1.868593811969135432e+00
1.390197262757359553e+00,1.390197262757359553e+00
-4.910795634306097668e-02,-4.910795634306097668e-02
-8.492000913422956820e-01,-8.492000913422956820e-01
-8.731048613551035675e-01,-8.731048613551035675e-01
2.568042817561829061e+00,2.568042817561829061e+00
-4.991172723135076650e-01,-4.991172723135076650e-01
1.021436740620983663e+00,1.021436740620983663e+00
-1.499338511270315699e+00,-1.499338511270315699e+00
1.503121348951868663e+00,1.503121348951868663e+00
-7.621863587205350843e-01,-7.621863587205350843e-01
2.393127689426728377e-01,2.393127689426728377e-01
4.698677069250035698e-01,4.698677069250035698e-01
-1.345285239472566285e+00,-1.345285239472566285e+00
-9.562002846025136060e-01,-9.562002846025136060e-01
-1.228240675920916347e-01,-1.228240675920916347e-01
5.482129158575690386e-01,5.482129158575690386e-01
-7.568312589637897769e-01,-7.568312589637897769e-01
-3.450277620869862671e-02,-3.450277620869862671e-02
-3.358966602259061407e-02,-3.358966602259061407e-02
1.345820378027200226e+00,1.345820378027200226e+00
-7.911746358785466393e-01,-7.911746358785466393e-01
7.115669459378732853e-01,7.115669459378732853e-01
3.078008191724536102e-01,3.078008191724536102e-01
-9.649507506518364974e-02,-9.649507506518364974e-02
1.856751716922998785e+00,1.856751716922998785e+00
1.133791133232114889e-01,1.133791133232114889e-01
-1.860711398118044979e+00,-1.860711398118044979e+00
8.544793761853952674e-01,8.544793761853952674e-01
1.181833738168708570e-01,1.181833738168708570e-01
-1.962600907447114296e-01,-1.962600907447114296e-01
1.325873732233225244e+00,1.325873732233225244e+00
3.661279216172421136e-01,3.661279216172421136e-01
-3.810050566786042925e-01,-3.810050566786042925e-01
1.208485294723066872e+00,1.208485294723066872e+00
4.773523664254706311e-01,4.773523664254706311e-01
9.357893289620011767e-02,9.357893289620011767e-02
1.475997781356482630e+00,1.475997781356482630e+00
5.110449394220866193e-01,5.110449394220866193e-01
5.904112681836790610e-01,5.904112681836790610e-01
-8.069864125919159470e-01,-8.069864125919159470e-01
1.664337604712082364e+00,1.664337604712082364e+00
1.500169553755949847e+00,1.500169553755949847e+00
-7.855875184748433160e-01,-7.855875184748433160e-01
-5.444579370604595708e-02,-5.444579370604595708e-02
-1.639601722585275034e+00,-1.639601722585275034e+00
-2.027276721134646298e+00,-2.027276721134646298e+00
-1.874185175547212978e+00,-1.874185175547212978e+00
1.171368823137082793e-01,1.171368823137082793e-01
-5.007559126750588119e-02,-5.007559126750588119e-02
2.332201158540810615e-01,2.332201158540810615e-01
-3.503911868619740133e-01,-3.503911868619740133e-01
-2.163800311089384698e-01,-2.163800311089384698e-01
-2.894393635194439929e-01,-2.894393635194439929e-01
-1.319263535698323109e+00,-1.319263535698323109e+00
3.173673553551412674e-01,3.173673553551412674e-01
-3.990424455092340672e-01,-3.990424455092340672e-01
2.569889721796512760e-01,2.569889721796512760e-01
7.667673677827653300e-01,7.667673677827653300e-01
-1.039644611376466354e+00,-1.039644611376466354e+00
-1.098148562103616444e+00,-1.098148562103616444e+00
2.534990579700562852e-01,2.534990579700562852e-01
-2.599814033702410043e+00,-2.599814033702410043e+00
3.344489564347221666e-01,3.344489564347221666e-01
2.929345312600695195e-01,2.929345312600695195e-01
-3.596580876230965895e+00,-3.596580876230965895e+00
-9.389618234141525743e-01,-9.389618234141525743e-01
-5.985572910479359798e-01,-5.985572910479359798e-01
-1.529181854878793878e+00,-1.529181854878793878e+00
3.652945512412150153e-01,3.652945512412150153e-01
1.129595342027402527e+00,1.129595342027402527e+00
4.585713978604094576e-01,4.585713978604094576e-01
1.971933240049661418e-01,1.971933240049661418e-01
-2.928819208769742888e-01,-2.928819208769742888e-01
3.816313027486899490e-01,3.816313027486899490e-01
-3.339498970168609526e-01,-3.339498970168609526e-01
-1.617727271406019796e+00,-1.617727271406019796e+00
-8.984259324288754733e-01,-8.984259324288754733e-01
-8.212845537254098716e-03,-8.212845537254098716e-03
1.857935184166688236e+00,1.857935184166688236e+00
2.635718868435758533e-01,2.635718868435758533e-01
-2.158525991801160782e+00,-2.158525991801160782e+00
7.630523580711837672e-01,7.630523580711837672e-01
1.351995151173637000e+00,1.351995151173637000e+00
-2.143881663679225280e+00,-2.143881663679225280e+00
-1.301621763254836806e+00,-1.301621763254836806e+00
1.335564049412436838e-01,1.335564049412436838e-01
-1.490884087624204657e-01,-1.490884087624204657e-01
1.438601116278663383e+00,1.438601116278663383e+00
-3.881151047405814181e-01,-3.881151047405814181e-01
-1.797006155024139240e-01,-1.797006155024139240e-01
5.348629699866765952e-01,5.348629699866765952e-01
-7.352610776100115819e-01,-7.352610776100115819e-01
-6.634686019266227142e-01,-6.634686019266227142e-01
6.886120622247975109e-02,6.886120622247975109e-02
-7.439742315187333199e-01,-7.439742315187333199e-01
-2.146957450787610744e-01,-2.146957450787610744e-01
4.795637137208383360e-01,4.795637137208383360e-01
1.226787419746165675e+00,1.226787419746165675e+00
-1.385599454933077013e+00,-1.385599454933077013e+00
1.277016008666524982e+00,1.277016008666524982e+00
-9.612403981607862136e-01,-9.612403981607862136e-01
1.242276815133948054e+00,1.242276815133948054e+00
-2.681020518426322496e+00,-2.681020518426322496e+00
6.552165415028301521e-01,6.552165415028301521e-01
-1.795174954607141604e-01,-1.795174954607141604e-01
1.889886089205470854e-01,1.889886089205470854e-01
5.865022797975187885e-01,5.865022797975187885e-01
2.448666543133857232e-01,2.448666543133857232e-01
-1.606171425750222426e-01,-1.606171425750222426e-01
2.195521772866763754e+00,2.195521772866763754e+00
-5.057989295936035079e-01,-5.057989295936035079e-01
1.004525728178930599e+00,1.004525728178930599e+00
-3.669553543125921191e+00,-3.669553543125921191e+00
1.080956114138063695e+00,1.080956114138063695e+00
-3.649125432233046862e-02,-3.649125432233046862e-02
-6.381647432470565207e-01,-6.381647432470565207e-01
2.369127653378724219e+00,2.369127653378724219e+00
2.792865533298069525e-01,2.792865533298069525e-01
-3.737153946815375272e-01,-3.737153946815375272e-01
1.221828984221658088e+00,1.221828984221658088e+00
-2.092772201821975209e+00,-2.092772201821975209e+00
-3.020019012265371394e-01,-3.020019012265371394e-01
-1.308619334538118628e-01,-1.308619334538118628e-01
9.987020110795137295e-01,9.987020110795137295e-01
8.907263713768424074e-01,8.907263713768424074e-01
-1.078576567296901656e+00,-1.078576567296901656e+00
7.791121483568321793e-01,7.791121483568321793e-01
-3.186668102221752452e-01,-3.186668102221752452e-01
-2.597793265266786222e-01,-2.597793265266786222e-01
-1.261504931553900644e+00,-1.261504931553900644e+00
-8.846164250004904250e-01,-8.846164250004904250e-01
1.550683248995664121e+00,1.550683248995664121e+00
-6.386305943612897718e-01,-6.386305943612897718e-01
-1.549935764046782349e+00,-1.549935764046782349e+00
-1.560872613409375109e+00,-1.560872613409375109e+00
1.024072784704788353e+00,1.024072784704788353e+00
3.435568719708690377e-01,3.435568719708690377e-01
-6.917907266606937444e-01,-6.917907266606937444e-01
7.707868916212202715e-01,7.707868916212202715e-01
3.205339726024570846e-01,3.205339726024570846e-01
1.467311048106110238e-01,1.467311048106110238e-01
-1.217927429745973011e-01,-1.217927429745973011e-01
-1.385576590728947899e+00,-1.385576590728947899e+00
1.494924838668903133e+00,1.494924838668903133e+00
4.715565285551774899e-01,4.715565285551774899e-01
1.430261343630521154e-01,1.430261343630521154e-01
-6.664241289379190247e-01,-6.664241289379190247e-01
1.164448976940019698e+00,1.164448976940019698e+00
2.655253395204217881e-01,2.655253395204217881e-01
-1.231714131590063932e+00,-1.231714131590063932e+00
-6.384969658603775189e-01,-6.384969658603775189e-01
1.412168403167284536e+00,1.412168403167284536e+00
-1.126285226037464060e+00,-1.126285226037464060e+00
-3.794391017384838305e-01,-3.794391017384838305e-01
4.531346833034479715e-01,4.531346833034479715e-01
1.039805534444522950e+00,1.039805534444522950e+00
-1.238652936934021787e+00,-1.238652936934021787e+00
-2.435816954722526129e-01,-2.435816954722526129e-01
1.101161840925830138e+00,1.101161840925830138e+00
8.218629709720958187e-01,8.218629709720958187e-01
-2.253762224022562322e+00,-2.253762224022562322e+00
-7.613743749576257214e-01,-7.613743749576257214e-01
-1.300518466943401341e+00,-1.300518466943401341e+00
9.383339544487360184e-01,9.383339544487360184e-01
-8.739314053511025859e-01,-8.739314053511025859e-01
-3.151668056274182783e-01,-3.151668056274182783e-01
-1.884441864501289254e+00,-1.884441864501289254e+00
1.215234110306482318e+00,1.215234110306482318e+00
-4.203226634618202340e-01,-4.203226634618202340e-01
-4.262749879042859735e-02,-4.262749879042859735e-02
-5.345282530384006803e-01,-5.345282530384006803e-01
4.175566604273910354e-01,4.175566604273910354e-01
4.081894269462609248e-01,4.081894269462609248e-01
1.115224678992905449e+00,1.115224678992905449e+00
2.535920043423486314e-01,2.535920043423486314e-01
9.756152332314722564e-01,9.756152332314722564e-01
3.584017243493514138e-01,3.584017243493514138e-01
-4.846367810530182174e-01,-4.846367810530182174e-01
1.437717478174859398e+00,1.437717478174859398e+00
6.646945611779010443e-01,6.646945611779010443e-01
-2.050329298382436161e-01,-2.050329298382436161e-01
-1.201091852943984684e+00,-1.201091852943984684e+00
-2.561577715276255329e-01,-2.561577715276255329e-01
1.693137865688000288e+00,1.693137865688000288e+00
-2.858471071078084180e-01,-2.858471071078084180e-01
3.196876143783968227e-01,3.196876143783968227e-01
1.764821072553199865e-01,1.764821072553199865e-01
-2.543719973288517622e+00,-2.543719973288517622e+00
4.769185142241478825e-01,4.769185142241478825e-01
-1.089801386124991778e+00,-1.089801386124991778e+00
-1.051128679899471230e+00,-1.051128679899471230e+00
-4.228902551238373220e-01,-4.228902551238373220e-01
-6.712222831238479070e-01,-6.712222831238479070e-01
7.282419422679885512e-01,7.282419422679885512e-01
4.316257949577081421e-01,4.316257949577081421e-01
5.457340940901879156e-01,5.457340940901879156e-01
4.899783454526573934e-03,4.899783454526573934e-03
1.639934398636766932e+00,1.639934398636766932e+00
1.625001192552415930e+00,1.625001192552415930e+00
3.446346982648764712e-01,3.446346982648764712e-01
-2.819878767846828005e+00,-2.819878767846828005e+00
-1.484240356730308630e+00,-1.484240356730308630e+00
2.023619664022895392e+00,2.023619664022895392e+00
1.382183036913711360e+00,1.382183036913711360e+00
-3.249356778120727762e-01,-3.249356778120727762e-01
-3.020991319922530227e-01,-3.020991319922530227e-01
2.726926579953646845e-01,2.726926579953646845e-01
-2.909054465002104406e-01,-2.909054465002104406e-01
8.632388486310873521e-01,8.632388486310873521e-01
-1.958541545084123037e+00,-1.958541545084123037e+00
-1.329172667929018337e-01,-1.329172667929018337e-01
2.317673064443201980e-01,2.317673064443201980e-01
-1.756958529883950959e+00,-1.756958529883950959e+00
-4.898876964533113165e-01,-4.898876964533113165e-01
-1.656709599849737202e+00,-1.656709599849737202e+00
2.483850515410833015e+00,2.483850515410833015e+00
-8.901113080391294119e-01,-8.901113080391294119e-01
1.855504124047623993e+00,1.855504124047623993e+00
6.686751216961158706e-01,6.686751216961158706e-01
-2.298776741827543435e-02,-2.298776741827543435e-02
-1.091634109437436218e+00,-1.091634109437436218e+00
-2.867587789325068970e-01,-2.867587789325068970e-01
-2.363749063805175687e+00,-2.363749063805175687e+00
8.738438448536436365e-01,8.738438448536436365e-01
-8.257537499472240583e-01,-8.257537499472240583e-01
-8.636763404187299820e-01,-8.636763404187299820e-01
1.350399974685461690e-01,1.350399974685461690e-01
-1.144115197099553338e+00,-1.144115197099553338e+00
-1.356841550034890709e-01,-1.356841550034890709e-01
-1.038363867880101488e+00,-1.038363867880101488e+00
7.258268663281608468e-02,7.258268663281608468e-02
-1.335100718915318785e+00,-1.335100718915318785e+00
-1.570779201259483449e+00,-1.570779201259483449e+00
-3.277782869318691672e-01,-3.277782869318691672e-01
1.283303698506509605e+00,1.283303698506509605e+00
-1.465091397866959966e+00,-1.465091397866959966e+00
-1.678410767332766396e-01,-1.678410767332766396e-01
-1.233927136912726041e+00,-1.233927136912726041e+00
-1.960827343988298610e+00,-1.960827343988298610e+00
-4.716324263361955094e-01,-4.716324263361955094e-01
-4.904491761064951882e-01,-4.904491761064951882e-01
2.773351782827391809e-01,2.773351782827391809e-01
-4.844117692578860934e-01,-4.844117692578860934e-01
7.766889314154300505e-01,7.766889314154300505e-01
-5.797281689416851069e-01,-5.797281689416851069e-01
-1.288299105869495031e+00,-1.288299105869495031e+00
-2.214132176054023002e-02,-2.214132176054023002e-02
-7.347721099022082036e-01,-7.347721099022082036e-01
-1.139485888676297742e+00,-1.139485888676297742e+00
1.095062862244855495e-01,1.095062862244855495e-01
-1.048638017654091481e+00,-1.048638017654091481e+00
-1.355917277950404287e+00,-1.355917277950404287e+00
-4.056626598373931358e-01,-4.056626598373931358e-01
-4.965687565807641590e-02,-4.965687565807641590e-02
-1.048856209468877587e+00,-1.048856209468877587e+00
-5.498607559151801327e-01,-5.498607559151801327e-01
2.353618845951685135e+00,2.353618845951685135e+00
-5.749999490577213379e-01,-5.749999490577213379e-01
-6.099343224768984939e-01,-6.099343224768984939e-01
-4.797054705808254660e-01,-4.797054705808254660e-01
-1.343583684808520529e+00,-1.343583684808520529e+00
-4.449301040286692821e-01,-4.449301040286692821e-01
3.539505079011079358e-01,3.539505079011079358e-01
7.595547725008781892e-02,7.595547725008781892e-02
-5.468725106299071603e-01,-5.468725106299071603e-01
2.669753054023531469e+00,2.669753054023531469e+00
-7.266439125620300921e-01,-7.266439125620300921e-01
1.579524612203657419e-01,1.579524612203657419e-01
2.975130896874403352e-01,2.975130896874403352e-01
-4.017470441131398839e-01,-4.017470441131398839e-01
-1.116446366242325627e+00,-1.116446366242325627e+00
-8.844093916794655286e-01,-8.844093916794655286e-01
2.452031230025829012e-01,2.452031230025829012e-01
-4.994606779587074663e-01,-4.994606779587074663e-01
7.205320033373745492e-01,7.205320033373745492e-01
8.614257341807234347e-01,8.614257341807234347e-01
7.968756342099726497e-01,7.968756342099726497e-01
5.284459698129152505e-01,5.284459698129152505e-01
2.954722174057655693e-02,2.954722174057655693e-02
-1.239474268307643179e+00,-1.239474268307643179e+00
1.818352647671330757e+00,1.818352647671330757e+00
-1.190229986505830340e+00,-1.190229986505830340e+00
-8.595064972961152794e-02,-8.595064972961152794e-02
5.096987237556056538e-01,5.096987237556056538e-01
8.957545613549445784e-01,8.957545613549445784e-01
8.443989490329425474e-01,8.443989490329425474e-01
-4.163953913372243631e-01,-4.163953913372243631e-01
5.425664935089606900e-01,5.425664935089606900e-01
-1.200463803575634092e+00,-1.200463803575634092e+00
9.417233394742257069e-01,9.417233394742257069e-01
-1.296683639861822002e+00,-1.296683639861822002e+00
-2.148675582021064567e-02,-2.148675582021064567e-02
2.070558897397933862e-03,2.070558897397933862e-03
-4.536622138700776574e-01,-4.536622138700776574e-01
5.567634921687012461e-01,5.567634921687012461e-01
-1.602650110144364870e+00,-1.602650110144364870e+00
1.060541660213062176e+00,1.060541660213062176e+00
-7.602693045883639200e-02,-7.602693045883639200e-02
-1.273117865876149946e-01,-1.273117865876149946e-01
-6.494335166071392162e-01,-6.494335166071392162e-01
-4.320761529316723970e-01,-4.320761529316723970e-01
-4.901057461776022750e-01,-4.901057461776022750e-01
-1.153841385302194766e-01,-1.153841385302194766e-01
-5.311591674562005094e-01,-5.311591674562005094e-01
2.144540255379693505e+00,2.144540255379693505e+00
1.374088036740120922e+00,1.374088036740120922e+00
-1.822753064082448304e+00,-1.822753064082448304e+00
